ID,Rating
1,4.53398
2,4.20019
3,3.54428
4,4.45154
5,4.18744
6,3.55262
7,4.35111
8,3.66687
9,4.07166
10,4.0683
11,3.48956
12,3.87458
13,3.2036
14,3.6911
15,3.35498
16,2.97907
17,4.38393
18,3.35168
19,3.96581
20,3.23413
21,3.88122
22,3.86363
23,3.21235
24,3.57325
25,5.0
26,3.39203
27,2.34128
28,3.57284
29,3.17934
30,3.23066
31,3.6199
32,2.96545
33,4.78638
34,3.12072
35,2.5019
36,1.0
37,3.18398
38,3.47561
39,3.23159
40,3.43858
41,3.28584
42,3.54893
43,3.73885
44,4.43677
45,1.71568
46,3.73815
47,3.98581
48,3.41333
49,3.92773
50,4.12648
51,3.98509
52,3.71126
53,4.748
54,2.29317
55,4.21553
56,4.04905
57,2.81255
58,3.9126
59,3.87615
60,3.02622
61,3.63856
62,3.31676
63,3.87911
64,3.88039
65,3.58049
66,2.38362
67,3.30737
68,4.63777
69,4.76093
70,2.3491
71,4.01043
72,3.64824
73,3.46877
74,4.258
75,4.20128
76,3.53384
77,3.23634
78,3.71595
79,3.87086
80,3.82488
81,4.81614
82,3.43982
83,3.64516
84,4.01005
85,4.1945
86,4.7882
87,3.55802
88,4.49364
89,3.65897
90,4.67106
91,4.19923
92,4.32731
93,4.14137
94,3.99221
95,4.50981
96,3.59856
97,4.43501
98,3.01593
99,3.63275
100,3.60935
101,4.33382
102,3.57537
103,3.7708
104,4.39856
105,3.84669
106,4.3644
107,4.73794
108,4.0195
109,3.86362
110,3.43256
111,4.37922
112,4.00377
113,3.89904
114,3.38325
115,3.19309
116,4.84736
117,3.98612
118,3.19831
119,4.07219
120,3.92954
121,2.27165
122,3.80961
123,3.51042
124,2.98461
125,2.78995
126,4.02959
127,3.6748
128,2.80133
129,4.0536
130,2.97343
131,4.36439
132,2.22237
133,3.70979
134,4.07489
135,3.12328
136,3.60666
137,2.35822
138,3.59673
139,3.34792
140,3.35949
141,3.32368
142,2.40517
143,3.91302
144,2.93174
145,3.19579
146,3.06657
147,2.68773
148,3.80239
149,3.82438
150,3.06111
151,3.40132
152,3.4356
153,2.97102
154,3.24946
155,2.02496
156,2.55164
157,2.57294
158,4.111
159,4.51319
160,2.31652
161,3.92284
162,3.58792
163,3.43398
164,3.16725
165,3.6886
166,3.58869
167,3.28338
168,3.05224
169,2.99732
170,3.4204
171,2.27049
172,4.00668
173,3.10647
174,4.10163
175,4.01924
176,4.37344
177,4.03176
178,4.94178
179,4.43115
180,3.78144
181,3.72304
182,3.77978
183,4.50686
184,3.3833
185,4.65811
186,3.94604
187,4.77666
188,4.73718
189,4.61848
190,2.83607
191,4.13613
192,3.79226
193,4.14614
194,4.18543
195,2.80321
196,3.49616
197,2.33368
198,1.72001
199,4.5375
200,2.37697
201,4.42124
202,2.86238
203,4.2696
204,4.14747
205,3.55172
206,4.33618
207,1.57046
208,3.3818
209,3.75834
210,4.53306
211,4.35695
212,1.52769
213,2.36857
214,3.0907
215,4.35777
216,4.51386
217,2.26389
218,5.0
219,3.76615
220,3.28731
221,4.30042
222,3.32479
223,3.33185
224,2.1975
225,3.4349
226,3.93553
227,3.70478
228,3.61311
229,3.90845
230,4.11517
231,2.15126
232,4.15831
233,3.81677
234,3.26969
235,3.03962
236,2.76729
237,3.45963
238,3.91632
239,3.34486
240,3.1657
241,3.93932
242,3.56913
243,2.3143
244,4.21792
245,3.6025
246,3.2395
247,2.44234
248,3.65971
249,3.99338
250,4.19451
251,4.01256
252,4.48771
253,2.52009
254,2.30119
255,2.86542
256,2.20119
257,3.03396
258,3.61005
259,3.36169
260,3.19352
261,4.15643
262,1.98195
263,4.03344
264,1.96549
265,3.42943
266,3.95027
267,3.27429
268,3.23374
269,3.42319
270,3.89349
271,1.97329
272,2.1491
273,2.33207
274,2.68008
275,2.7914
276,2.06851
277,2.61793
278,2.87156
279,3.39475
280,3.22555
281,4.29476
282,2.43188
283,3.69534
284,3.19038
285,3.00545
286,3.63254
287,3.00319
288,3.3994
289,3.36282
290,2.89169
291,3.10634
292,3.60237
293,2.96228
294,2.56122
295,2.80122
296,3.61587
297,3.03195
298,3.57378
299,3.01924
300,2.91331
301,3.85632
302,3.72925
303,2.81372
304,3.82765
305,3.10833
306,3.85475
307,3.07267
308,4.21392
309,3.77305
310,3.5483
311,3.97338
312,3.25534
313,3.56362
314,1.36907
315,4.19083
316,4.23723
317,4.47285
318,4.22823
319,3.30984
320,4.50222
321,4.95905
322,3.40115
323,3.85387
324,3.33057
325,4.10816
326,4.08415
327,2.88624
328,4.08292
329,2.86889
330,4.87728
331,4.33304
332,3.9918
333,3.7469
334,4.65599
335,3.99268
336,2.62698
337,3.11705
338,2.23587
339,3.29302
340,3.02508
341,2.47524
342,3.24204
343,1.47817
344,2.87713
345,2.96975
346,2.4366
347,3.3758
348,3.17883
349,3.31196
350,3.04969
351,2.90359
352,2.9357
353,2.70144
354,3.46477
355,2.34716
356,3.63736
357,3.03788
358,2.76409
359,3.22494
360,3.48948
361,3.8086
362,2.92731
363,2.23158
364,3.93716
365,2.42278
366,3.46686
367,2.81678
368,2.24014
369,2.86284
370,3.45539
371,1.81242
372,2.35699
373,3.3234
374,3.03668
375,4.18265
376,2.84215
377,3.36091
378,2.20869
379,4.82643
380,5.0
381,3.24479
382,1.30993
383,4.49759
384,3.28783
385,4.05961
386,3.72783
387,3.14135
388,3.46441
389,3.30041
390,4.18884
391,4.37084
392,4.0228
393,4.24625
394,3.97432
395,3.37397
396,3.55412
397,3.48007
398,3.64619
399,3.49192
400,2.91217
401,3.15913
402,4.06406
403,4.06238
404,4.00382
405,3.0337
406,2.98348
407,2.8174
408,3.70917
409,2.6513
410,3.33952
411,4.38088
412,4.29908
413,2.70223
414,4.0081
415,3.1046
416,3.89984
417,3.64311
418,3.91758
419,3.4474
420,3.05862
421,4.31879
422,3.7774
423,3.67316
424,2.78797
425,3.49266
426,2.75583
427,3.43197
428,4.17789
429,4.12251
430,2.34345
431,4.24864
432,3.89163
433,3.91471
434,3.42192
435,3.54412
436,3.4545
437,3.82424
438,3.89694
439,3.44558
440,3.92291
441,3.90318
442,3.50521
443,3.96678
444,3.2115
445,4.48144
446,3.76694
447,3.74875
448,2.7009
449,3.8487
450,3.20222
451,3.53423
452,4.04018
453,3.84278
454,3.30839
455,4.33817
456,3.77411
457,2.73422
458,3.36372
459,3.93177
460,3.0652
461,3.66408
462,3.80559
463,3.81303
464,3.89891
465,3.60927
466,3.30251
467,4.07253
468,4.16247
469,4.39636
470,4.48843
471,3.27802
472,3.93655
473,4.13258
474,4.57799
475,3.38855
476,3.73796
477,2.78296
478,4.27944
479,2.00759
480,4.3981
481,3.71742
482,3.74241
483,1.65737
484,3.4868
485,3.27047
486,3.12284
487,4.12418
488,4.07329
489,4.11561
490,3.85836
491,3.49513
492,3.5947
493,2.36773
494,3.59756
495,3.78531
496,2.50495
497,4.30303
498,4.47989
499,4.04848
500,2.54803
501,3.75254
502,3.67213
503,4.27059
504,3.95378
505,4.1209
506,3.80523
507,4.83358
508,4.42765
509,4.31809
510,4.00739
511,3.50286
512,3.13381
513,4.48796
514,4.34526
515,4.54716
516,3.12468
517,3.87404
518,4.3247
519,4.30404
520,4.54091
521,4.57401
522,4.02297
523,3.6662
524,4.72618
525,3.96308
526,4.76093
527,4.28689
528,4.50982
529,4.15088
530,4.01579
531,4.56679
532,4.73527
533,4.90991
534,3.97751
535,4.46158
536,3.68177
537,2.42035
538,3.8645
539,2.69837
540,3.17823
541,3.532
542,4.67763
543,3.97512
544,3.32974
545,3.0267
546,3.51209
547,4.76422
548,2.95283
549,3.51033
550,3.75488
551,2.90264
552,4.02466
553,4.33502
554,2.8143
555,4.07247
556,3.34913
557,4.43452
558,2.78402
559,4.24725
560,3.10868
561,4.16344
562,1.76485
563,4.40758
564,3.4108
565,4.36124
566,3.2724
567,3.27154
568,4.72431
569,3.51068
570,4.40274
571,3.21229
572,3.80121
573,3.93321
574,3.63391
575,4.3109
576,3.12707
577,3.77876
578,4.8504
579,4.36097
580,3.84472
581,4.02318
582,4.04302
583,3.7651
584,3.67789
585,3.31581
586,1.79904
587,3.51348
588,3.95463
589,3.18713
590,3.5876
591,4.42342
592,3.89622
593,4.09067
594,3.68744
595,4.81032
596,4.11179
597,4.34986
598,2.74406
599,3.88043
600,4.69287
601,4.16214
602,4.13207
603,3.9454
604,3.40583
605,4.19304
606,3.89342
607,1.8755
608,4.91812
609,4.09276
610,4.74542
611,3.45169
612,3.3006
613,2.98539
614,3.72431
615,3.45215
616,2.32846
617,1.76901
618,1.86904
619,3.40849
620,2.80875
621,2.90448
622,2.14188
623,3.61231
624,2.88522
625,3.08785
626,3.28701
627,2.87129
628,3.48178
629,2.32006
630,2.82362
631,2.15198
632,3.46296
633,2.77
634,2.34389
635,3.5359
636,2.06417
637,2.78651
638,2.88767
639,3.55578
640,3.01284
641,3.39103
642,3.35826
643,3.6063
644,3.07229
645,1.0
646,4.73193
647,5.0
648,3.99638
649,5.0
650,4.15545
651,3.89114
652,2.37012
653,3.19125
654,3.96812
655,3.66811
656,1.71424
657,2.81442
658,3.60241
659,2.68799
660,3.5775
661,3.17442
662,3.23846
663,2.97034
664,3.77202
665,3.31889
666,2.88699
667,1.92539
668,3.32536
669,2.32547
670,3.74637
671,2.95694
672,2.01623
673,3.2352
674,2.33783
675,3.37716
676,3.5988
677,2.73645
678,2.44201
679,2.77094
680,2.52467
681,1.84659
682,2.2181
683,3.27023
684,3.06239
685,3.35091
686,4.39597
687,3.12647
688,1.65012
689,2.8326
690,3.30649
691,2.47212
692,3.50952
693,2.85148
694,2.42588
695,2.78019
696,4.15798
697,3.7987
698,3.19191
699,4.18136
700,1.84208
701,3.57843
702,3.05433
703,3.81004
704,3.64477
705,3.55822
706,3.83612
707,2.94145
708,4.29215
709,2.93125
710,2.6892
711,3.64773
712,3.50599
713,3.12784
714,4.20032
715,3.16691
716,4.12984
717,2.87225
718,3.91434
719,3.46077
720,3.24187
721,4.35759
722,2.60959
723,1.98896
724,1.58202
725,4.26522
726,1.93452
727,3.66242
728,3.19102
729,3.48602
730,3.63879
731,3.70299
732,3.76936
733,3.77817
734,2.87837
735,4.04807
736,2.91446
737,2.98565
738,3.97421
739,4.1068
740,3.80397
741,4.4961
742,4.40211
743,5.0
744,4.4172
745,4.44435
746,4.52385
747,4.2948
748,4.42414
749,5.0
750,4.64072
751,5.0
752,3.49833
753,4.21646
754,4.56473
755,4.03974
756,4.02528
757,4.41253
758,3.96108
759,3.74442
760,4.40931
761,4.01368
762,4.32726
763,4.25943
764,4.24662
765,4.36697
766,4.75768
767,4.94973
768,4.66318
769,3.25812
770,3.6318
771,4.30444
772,3.40044
773,4.07028
774,4.28768
775,4.21976
776,4.55852
777,4.99014
778,2.84457
779,4.96829
780,4.89916
781,4.81211
782,3.66048
783,4.19821
784,4.77779
785,4.84298
786,4.44264
787,4.23551
788,4.38672
789,4.55293
790,4.70913
791,3.46291
792,3.87679
793,4.41702
794,4.40447
795,4.35325
796,4.56551
797,3.5002
798,3.10943
799,4.58621
800,4.40177
801,4.57672
802,4.42159
803,3.825
804,5.0
805,3.63934
806,4.20041
807,4.08868
808,3.89483
809,4.12265
810,3.89527
811,4.02429
812,3.62078
813,3.83955
814,3.85132
815,4.12342
816,4.91514
817,3.94036
818,3.44519
819,3.86091
820,2.38104
821,3.95634
822,4.66225
823,1.0
824,3.94741
825,3.8625
826,2.9633
827,3.52152
828,4.47661
829,4.14944
830,4.89108
831,4.36617
832,4.25309
833,4.87513
834,5.0
835,2.52837
836,4.48548
837,4.00918
838,2.71072
839,3.83404
840,3.90815
841,4.07523
842,4.47924
843,4.2374
844,4.79554
845,3.13454
846,4.25547
847,4.64023
848,3.36006
849,4.31265
850,4.44181
851,2.75057
852,3.20067
853,3.03576
854,4.0589
855,4.27749
856,4.38786
857,3.94373
858,5.0
859,2.96771
860,4.27922
861,3.92764
862,3.77706
863,2.66177
864,5.0
865,5.0
866,4.64126
867,5.0
868,3.03216
869,3.67359
870,3.91269
871,3.3219
872,1.45821
873,3.63812
874,4.06246
875,3.77958
876,3.21621
877,3.63787
878,3.09016
879,3.30515
880,4.37737
881,1.74706
882,2.86305
883,3.4718
884,3.83472
885,3.81819
886,3.77862
887,3.39726
888,3.39014
889,3.33355
890,3.71799
891,3.52631
892,2.58259
893,2.97124
894,2.45366
895,1.14936
896,2.70443
897,2.68661
898,3.04704
899,1.47936
900,3.20672
901,2.81902
902,3.81202
903,2.84345
904,3.63893
905,3.58252
906,3.04821
907,3.68914
908,4.04049
909,3.20001
910,3.27888
911,4.4139
912,3.33318
913,4.41371
914,3.16651
915,4.25463
916,2.66409
917,3.21486
918,2.98196
919,3.62833
920,4.20792
921,3.17213
922,3.2031
923,3.39379
924,4.0154
925,2.55429
926,2.57991
927,2.93002
928,3.81573
929,2.81806
930,2.72316
931,3.21497
932,3.68452
933,3.80821
934,3.44762
935,4.27109
936,3.35799
937,2.79579
938,3.92266
939,4.23435
940,2.44524
941,2.44975
942,3.19409
943,2.87259
944,4.55805
945,3.91206
946,3.60431
947,3.73475
948,3.80316
949,4.10827
950,3.82569
951,3.42593
952,4.18115
953,3.9931
954,2.39116
955,3.10607
956,4.0328
957,4.03884
958,3.09617
959,2.42243
960,2.35571
961,4.3415
962,4.49961
963,3.15948
964,3.80173
965,4.2802
966,4.06841
967,4.55898
968,3.40084
969,4.01807
970,3.35512
971,4.83628
972,3.7258
973,3.38405
974,4.31647
975,4.24106
976,4.62679
977,1.8207
978,4.3331
979,2.60715
980,4.40157
981,4.15011
982,4.19705
983,4.32855
984,4.04834
985,4.73967
986,4.00419
987,3.15842
988,2.22853
989,4.99332
990,3.99645
991,2.95305
992,4.34087
993,3.373
994,4.4736
995,4.43861
996,4.46612
997,4.45395
998,2.68031
999,1.77617
1000,4.66779
1001,3.70072
1002,4.76971
1003,4.53347
1004,4.61108
1005,3.64649
1006,3.47088
1007,3.41428
1008,1.84584
1009,4.97036
1010,4.85762
1011,3.22361
1012,2.13107
1013,2.41486
1014,4.65204
1015,4.09323
1016,2.27907
1017,2.95148
1018,4.11916
1019,4.07274
1020,2.77726
1021,4.02357
1022,3.79251
1023,3.28979
1024,2.1154
1025,2.54416
1026,2.94096
1027,3.71817
1028,3.90081
1029,3.03087
1030,4.11831
1031,4.13925
1032,3.05144
1033,3.51027
1034,3.44284
1035,4.42855
1036,4.16604
1037,4.63542
1038,4.55385
1039,4.02223
1040,3.95501
1041,3.7916
1042,4.55822
1043,4.12945
1044,4.488
1045,3.9487
1046,3.0097
1047,4.66554
1048,2.8211
1049,5.0
1050,4.68043
1051,4.66241
1052,4.3182
1053,4.17623
1054,4.40878
1055,3.01963
1056,4.04021
1057,3.37859
1058,4.45489
1059,4.31908
1060,4.47281
1061,3.4504
1062,3.80848
1063,4.72982
1064,4.54435
1065,4.41425
1066,3.22601
1067,4.33352
1068,2.6281
1069,3.60765
1070,2.53484
1071,1.4119
1072,3.9033
1073,3.42786
1074,3.22852
1075,3.70924
1076,3.36689
1077,3.48145
1078,3.32743
1079,3.88255
1080,3.7536
1081,3.91934
1082,2.56128
1083,4.01467
1084,3.34468
1085,4.21945
1086,3.96231
1087,3.58712
1088,3.04632
1089,2.65863
1090,4.62207
1091,4.0175
1092,4.40036
1093,4.39445
1094,4.4301
1095,5.0
1096,4.44449
1097,4.69608
1098,3.89483
1099,2.05975
1100,5.0
1101,4.20166
1102,3.39413
1103,4.39376
1104,4.39236
1105,4.14986
1106,2.61213
1107,3.82728
1108,3.57045
1109,3.1651
1110,4.0533
1111,3.92894
1112,3.54502
1113,4.15666
1114,3.80733
1115,2.6196
1116,4.18601
1117,3.0758
1118,4.19643
1119,3.63854
1120,4.64924
1121,1.89419
1122,4.14483
1123,3.00876
1124,2.79095
1125,4.53502
1126,3.79099
1127,2.7246
1128,3.76738
1129,4.09752
1130,3.99497
1131,4.75093
1132,2.81564
1133,2.25038
1134,4.70027
1135,4.99597
1136,3.08988
1137,2.12307
1138,1.79512
1139,2.14135
1140,3.19133
1141,2.57391
1142,4.78774
1143,2.84597
1144,3.14039
1145,4.7107
1146,4.83299
1147,3.99846
1148,2.03252
1149,4.56994
1150,2.32324
1151,3.69706
1152,4.19949
1153,3.2303
1154,3.3659
1155,3.10075
1156,3.56608
1157,3.43634
1158,3.80933
1159,3.98807
1160,3.36932
1161,3.99038
1162,3.79488
1163,4.07633
1164,4.04511
1165,3.52956
1166,3.04991
1167,3.81274
1168,3.80739
1169,2.77145
1170,3.11314
1171,3.77963
1172,3.64581
1173,5.0
1174,4.74982
1175,5.0
1176,4.74925
1177,3.97096
1178,1.0
1179,2.19917
1180,3.27993
1181,3.67217
1182,4.70344
1183,3.77865
1184,2.37381
1185,1.8891
1186,2.97464
1187,1.84147
1188,2.07114
1189,3.35479
1190,1.41549
1191,3.76658
1192,3.61524
1193,3.89043
1194,2.58917
1195,3.00893
1196,2.85149
1197,3.14094
1198,1.62544
1199,2.48853
1200,2.34965
1201,1.58554
1202,3.88889
1203,3.88017
1204,4.28491
1205,2.20881
1206,1.84728
1207,2.73409
1208,3.47832
1209,2.20691
1210,4.34627
1211,3.46764
1212,2.60386
1213,3.18171
1214,3.0168
1215,1.0523
1216,2.74617
1217,1.73905
1218,2.00852
1219,3.44086
1220,3.97179
1221,3.72863
1222,1.92283
1223,1.89389
1224,1.70217
1225,2.79143
1226,4.03763
1227,1.74016
1228,2.20467
1229,3.4796
1230,2.41654
1231,1.78939
1232,2.36758
1233,1.90802
1234,3.76011
1235,3.20616
1236,3.26716
1237,1.93673
1238,3.67273
1239,3.80047
1240,3.72702
1241,3.50734
1242,1.9401
1243,3.93369
1244,3.60327
1245,4.13832
1246,3.40396
1247,3.8811
1248,3.42116
1249,3.05483
1250,2.96747
1251,3.86603
1252,3.31216
1253,3.34539
1254,3.27401
1255,4.0581
1256,4.16437
1257,3.26189
1258,3.00321
1259,4.14011
1260,2.8962
1261,3.33329
1262,4.10414
1263,3.90816
1264,3.37997
1265,5.0
1266,4.48238
1267,4.22426
1268,4.52934
1269,5.0
1270,3.70075
1271,4.43128
1272,4.87355
1273,4.46594
1274,4.11441
1275,4.39409
1276,4.8326
1277,4.10963
1278,2.65357
1279,3.89239
1280,3.89698
1281,2.26897
1282,2.89932
1283,3.1142
1284,2.18135
1285,3.89906
1286,3.98168
1287,4.4084
1288,1.99859
1289,3.72526
1290,4.06916
1291,3.75423
1292,2.91891
1293,1.30358
1294,3.02509
1295,3.07961
1296,3.20943
1297,2.73644
1298,4.26952
1299,5.0
1300,4.64526
1301,3.98827
1302,4.88905
1303,5.0
1304,4.8128
1305,3.41711
1306,4.44571
1307,4.34989
1308,4.85072
1309,2.21789
1310,3.38071
1311,3.97978
1312,3.41339
1313,2.56371
1314,2.63842
1315,2.19998
1316,1.9097
1317,2.38115
1318,2.03364
1319,4.15497
1320,2.91538
1321,1.95002
1322,3.63671
1323,3.5863
1324,4.7648
1325,3.81335
1326,3.54089
1327,3.62096
1328,3.60218
1329,4.64511
1330,4.22159
1331,4.33316
1332,4.24588
1333,4.04964
1334,3.41512
1335,4.22948
1336,3.97168
1337,2.14959
1338,4.2378
1339,4.75686
1340,3.70413
1341,4.32019
1342,4.9295
1343,4.89879
1344,3.47153
1345,4.35125
1346,4.79399
1347,3.64906
1348,3.47932
1349,3.34873
1350,4.46065
1351,4.24339
1352,3.57073
1353,2.81191
1354,3.01232
1355,3.41774
1356,4.22521
1357,4.10559
1358,3.59762
1359,4.58126
1360,4.05865
1361,3.85355
1362,2.1511
1363,3.193
1364,3.49955
1365,4.50626
1366,3.33593
1367,3.33904
1368,3.68022
1369,4.34005
1370,4.46286
1371,4.1596
1372,4.05947
1373,4.13577
1374,3.85606
1375,3.22765
1376,3.85446
1377,3.95518
1378,3.71245
1379,3.20859
1380,2.92838
1381,4.07062
1382,4.20805
1383,4.09139
1384,3.74821
1385,3.92451
1386,4.4582
1387,2.66411
1388,3.43937
1389,3.59476
1390,4.92533
1391,4.77921
1392,4.3183
1393,4.68908
1394,3.11543
1395,4.49642
1396,3.76183
1397,1.52474
1398,4.43929
1399,5.0
1400,3.85207
1401,2.34305
1402,4.48545
1403,4.21313
1404,3.62783
1405,3.93698
1406,2.86652
1407,2.05423
1408,3.21095
1409,3.1761
1410,2.77218
1411,2.31381
1412,3.52768
1413,3.36445
1414,4.47167
1415,5.0
1416,4.36285
1417,3.38757
1418,3.50016
1419,3.32806
1420,3.7969
1421,4.13466
1422,2.52391
1423,3.86968
1424,3.40727
1425,2.51902
1426,2.67384
1427,3.66515
1428,3.00099
1429,4.03308
1430,3.00302
1431,2.85334
1432,2.51738
1433,4.59988
1434,3.92037
1435,3.03312
1436,3.60209
1437,3.84159
1438,3.4777
1439,2.69953
1440,3.43541
1441,3.31935
1442,3.09797
1443,3.09233
1444,4.09595
1445,3.26246
1446,3.59966
1447,3.30348
1448,4.1161
1449,3.6333
1450,3.74815
1451,2.85884
1452,3.2296
1453,2.97201
1454,2.36262
1455,3.73286
1456,4.04177
1457,2.35639
1458,3.53214
1459,3.92993
1460,2.77382
1461,3.6305
1462,3.01758
1463,3.27734
1464,1.81183
1465,3.58758
1466,2.9779
1467,2.30739
1468,2.93835
1469,4.66758
1470,2.91577
1471,4.02624
1472,2.57405
1473,4.24683
1474,4.11249
1475,3.08698
1476,3.52686
1477,4.77487
1478,4.06367
1479,3.74418
1480,3.96902
1481,3.69839
1482,3.56414
1483,3.82049
1484,3.67695
1485,3.1079
1486,2.79545
1487,3.14334
1488,3.67901
1489,3.82235
1490,3.85045
1491,3.86932
1492,3.55612
1493,4.02959
1494,4.55679
1495,4.00922
1496,2.75588
1497,3.54056
1498,3.693
1499,3.27737
1500,2.49202
1501,3.83338
1502,3.65563
1503,3.82752
1504,3.60582
1505,4.01299
1506,4.00299
1507,2.76008
1508,3.39121
1509,3.47763
1510,3.5029
1511,1.0
1512,3.8173
1513,3.42679
1514,3.64224
1515,3.90711
1516,4.54794
1517,4.51367
1518,2.74665
1519,3.9603
1520,5.0
1521,2.95979
1522,3.52514
1523,3.18735
1524,2.33599
1525,3.6251
1526,2.13811
1527,2.15921
1528,2.96317
1529,2.69471
1530,2.55202
1531,3.99278
1532,4.19203
1533,3.32059
1534,3.53188
1535,2.9217
1536,3.22299
1537,3.70426
1538,3.71632
1539,3.94815
1540,3.88027
1541,3.76577
1542,3.93515
1543,2.48455
1544,3.35902
1545,3.28738
1546,3.70522
1547,2.69282
1548,3.35056
1549,3.30406
1550,3.30359
1551,3.61471
1552,3.87363
1553,3.28637
1554,3.50868
1555,3.43157
1556,3.41203
1557,3.12075
1558,3.01001
1559,3.52325
1560,3.68776
1561,3.28925
1562,3.19881
1563,2.56011
1564,2.68946
1565,3.53823
1566,3.17392
1567,3.64217
1568,3.20295
1569,3.85034
1570,1.56568
1571,3.80772
1572,2.55479
1573,2.62798
1574,3.34767
1575,2.258
1576,3.46469
1577,3.50452
1578,3.51875
1579,4.05267
1580,3.95224
1581,4.10541
1582,2.98616
1583,3.45155
1584,3.28822
1585,3.91595
1586,3.97958
1587,4.11249
1588,4.15911
1589,3.469
1590,3.40095
1591,4.95236
1592,3.16988
1593,2.56935
1594,2.82394
1595,3.64352
1596,4.25702
1597,4.65036
1598,3.61626
1599,4.75947
1600,4.57511
1601,4.50259
1602,4.26464
1603,3.81377
1604,4.69371
1605,3.48544
1606,4.14621
1607,4.50759
1608,2.98781
1609,4.74522
1610,3.54693
1611,3.4048
1612,3.78518
1613,4.09712
1614,4.91683
1615,3.54441
1616,4.06527
1617,3.96546
1618,4.50766
1619,4.69954
1620,4.75352
1621,3.89988
1622,3.89429
1623,3.97802
1624,2.68048
1625,2.94555
1626,4.61477
1627,2.25005
1628,4.47861
1629,4.55057
1630,2.81368
1631,4.69272
1632,3.73302
1633,2.7411
1634,4.26704
1635,3.3493
1636,4.29881
1637,3.64634
1638,4.49989
1639,4.2147
1640,4.53699
1641,4.68745
1642,4.22808
1643,3.88717
1644,4.63241
1645,4.34565
1646,5.0
1647,3.26382
1648,3.0228
1649,2.7619
1650,4.57944
1651,4.86799
1652,3.90138
1653,3.33176
1654,3.80342
1655,3.89659
1656,3.48142
1657,3.5744
1658,3.19219
1659,3.83767
1660,4.05524
1661,3.57109
1662,2.80164
1663,2.10054
1664,2.64139
1665,3.83062
1666,3.88366
1667,4.05465
1668,3.32231
1669,3.6119
1670,4.09265
1671,3.17526
1672,2.97116
1673,2.90755
1674,3.33875
1675,3.68817
1676,3.88547
1677,3.92632
1678,3.44267
1679,3.96479
1680,3.27385
1681,4.73247
1682,4.99776
1683,4.54136
1684,2.28027
1685,3.8137
1686,3.37501
1687,4.32801
1688,4.47592
1689,4.18045
1690,4.04829
1691,3.71791
1692,2.69832
1693,4.84176
1694,4.27494
1695,3.49343
1696,3.80035
1697,3.63719
1698,5.0
1699,3.99303
1700,4.2106
1701,3.82578
1702,2.27885
1703,3.13338
1704,4.72434
1705,2.31009
1706,5.0
1707,3.63264
1708,3.79795
1709,3.57729
1710,4.75816
1711,3.10445
1712,2.27433
1713,3.73231
1714,4.04434
1715,1.50616
1716,3.42319
1717,2.43667
1718,2.03619
1719,2.67199
1720,1.32097
1721,1.19527
1722,1.69555
1723,2.84052
1724,1.34927
1725,3.83387
1726,3.95236
1727,2.14932
1728,3.0256
1729,3.7928
1730,4.81618
1731,3.87759
1732,2.07417
1733,4.04041
1734,1.83306
1735,1.81706
1736,3.80828
1737,3.28816
1738,2.89821
1739,2.75691
1740,3.0732
1741,1.0
1742,2.22548
1743,2.47845
1744,2.99304
1745,2.88566
1746,3.39817
1747,1.9122
1748,3.93367
1749,3.37475
1750,2.91193
1751,3.20205
1752,2.55099
1753,3.04346
1754,2.77202
1755,3.86178
1756,3.04017
1757,3.75717
1758,3.07315
1759,4.1695
1760,4.32285
1761,4.75782
1762,2.02339
1763,2.58819
1764,2.69982
1765,1.63984
1766,3.83575
1767,2.402
1768,2.68854
1769,2.87818
1770,3.54941
1771,3.56956
1772,4.44349
1773,3.11387
1774,3.62753
1775,3.90856
1776,4.01734
1777,3.51996
1778,3.56378
1779,4.0245
1780,2.67502
1781,3.38002
1782,3.32712
1783,3.2813
1784,2.87839
1785,3.89625
1786,3.54385
1787,3.83058
1788,2.12728
1789,3.83216
1790,5.0
1791,3.51946
1792,4.63225
1793,4.87156
1794,4.52736
1795,4.3831
1796,4.55851
1797,3.87818
1798,3.9406
1799,4.13304
1800,4.53553
1801,3.43403
1802,4.39849
1803,3.97585
1804,3.9262
1805,3.93806
1806,2.58521
1807,2.8885
1808,3.58253
1809,3.26402
1810,4.43646
1811,4.69803
1812,3.57578
1813,3.1084
1814,4.27271
1815,3.26492
1816,4.57011
1817,3.76182
1818,3.2415
1819,3.82933
1820,2.41664
1821,3.09497
1822,3.95438
1823,4.08423
1824,3.67687
1825,3.40258
1826,3.83987
1827,4.19946
1828,3.7413
1829,3.65889
1830,3.29444
1831,4.24006
1832,3.66613
1833,3.97537
1834,4.67804
1835,3.25635
1836,3.19038
1837,4.12448
1838,2.81978
1839,2.97141
1840,4.44587
1841,2.95312
1842,3.13339
1843,4.47735
1844,2.84843
1845,2.55866
1846,3.22673
1847,1.05394
1848,3.70199
1849,4.03961
1850,4.06961
1851,3.45967
1852,3.72005
1853,3.9377
1854,3.44396
1855,4.19555
1856,3.14651
1857,4.3813
1858,3.77698
1859,3.08906
1860,4.09793
1861,4.50295
1862,4.22429
1863,4.46505
1864,3.94842
1865,4.44492
1866,3.36563
1867,3.96671
1868,3.57997
1869,3.8223
1870,4.28107
1871,3.68145
1872,3.70406
1873,2.85544
1874,3.99669
1875,3.47703
1876,4.00493
1877,3.55503
1878,4.07474
1879,4.30299
1880,3.9145
1881,4.10933
1882,3.4098
1883,4.05049
1884,3.21048
1885,4.24876
1886,3.28278
1887,4.04335
1888,3.92514
1889,4.1014
1890,3.62622
1891,4.11352
1892,2.68451
1893,4.35291
1894,1.88108
1895,3.2401
1896,2.93075
1897,3.41582
1898,3.11008
1899,2.55406
1900,3.22558
1901,3.66539
1902,2.99651
1903,2.81922
1904,2.07441
1905,3.83374
1906,4.54339
1907,3.1054
1908,3.44905
1909,3.86023
1910,4.07434
1911,4.10917
1912,4.00287
1913,4.57505
1914,4.42602
1915,3.13325
1916,3.52062
1917,3.43958
1918,4.00622
1919,4.03764
1920,3.24911
1921,3.48255
1922,3.21542
1923,4.13701
1924,4.21373
1925,4.32943
1926,3.52091
1927,3.54565
1928,4.09672
1929,4.01763
1930,4.2026
1931,3.3213
1932,4.24532
1933,4.31186
1934,3.90147
1935,3.76856
1936,3.46771
1937,3.72384
1938,3.24236
1939,4.47426
1940,3.24879
1941,4.65706
1942,3.04003
1943,3.61748
1944,3.15937
1945,4.38991
1946,4.2647
1947,3.51566
1948,3.75935
1949,2.86516
1950,3.47369
1951,3.9429
1952,4.08111
1953,3.48158
1954,3.64433
1955,4.23183
1956,4.14103
1957,4.06223
1958,3.66557
1959,3.49314
1960,4.82255
1961,4.06792
1962,4.03055
1963,3.68685
1964,4.41677
1965,3.44217
1966,3.14055
1967,3.84545
1968,4.2203
1969,4.61884
1970,3.05932
1971,3.58128
1972,3.6207
1973,3.65844
1974,4.32809
1975,4.19582
1976,4.41629
1977,4.6312
1978,2.51597
1979,4.87433
1980,4.68132
1981,4.06799
1982,5.0
1983,3.2979
1984,4.41718
1985,4.09928
1986,3.24215
1987,2.99117
1988,3.19806
1989,3.47011
1990,4.0066
1991,3.84754
1992,2.84859
1993,3.68963
1994,4.03697
1995,3.91756
1996,4.05986
1997,2.74524
1998,3.35071
1999,2.98362
2000,3.1525
2001,3.63472
2002,2.5681
2003,3.31433
2004,2.80799
2005,3.40125
2006,2.9708
2007,3.97656
2008,4.86576
2009,3.69838
2010,4.54248
2011,4.50363
2012,3.42288
2013,3.48387
2014,3.82257
2015,4.36093
2016,4.42273
2017,4.85193
2018,4.1513
2019,4.60138
2020,3.55512
2021,1.98726
2022,4.86755
2023,4.78002
2024,3.65707
2025,4.63866
2026,3.74895
2027,4.48836
2028,3.99435
2029,3.95684
2030,4.28118
2031,4.41657
2032,4.65156
2033,4.29024
2034,3.92828
2035,3.69906
2036,3.99884
2037,4.38083
2038,3.59814
2039,3.51767
2040,4.34459
2041,4.31238
2042,3.82182
2043,3.27054
2044,4.45453
2045,4.11732
2046,3.67044
2047,4.48929
2048,4.08376
2049,3.87136
2050,3.6884
2051,4.56476
2052,4.22376
2053,3.84931
2054,3.17704
2055,4.28759
2056,3.13076
2057,3.71326
2058,3.70859
2059,3.86373
2060,4.30926
2061,3.97522
2062,3.68403
2063,4.14248
2064,4.09929
2065,3.34176
2066,4.16402
2067,4.51556
2068,3.79545
2069,3.90887
2070,4.0344
2071,2.29712
2072,3.72449
2073,3.45238
2074,4.1872
2075,3.94104
2076,2.69475
2077,3.31047
2078,4.13536
2079,3.62721
2080,3.81003
2081,4.18499
2082,3.64015
2083,3.35917
2084,3.98226
2085,3.25174
2086,4.13573
2087,4.19884
2088,4.34387
2089,3.28489
2090,2.5367
2091,4.61241
2092,4.35114
2093,2.84883
2094,4.6124
2095,3.63561
2096,3.71582
2097,3.42656
2098,4.08311
2099,3.48188
2100,3.05197
2101,3.47385
2102,5.0
2103,3.96137
2104,3.00012
2105,2.47861
2106,2.48253
2107,3.02565
2108,2.51807
2109,2.36249
2110,1.78166
2111,5.0
2112,3.14864
2113,2.45238
2114,1.13364
2115,3.1542
2116,3.17222
2117,4.05474
2118,2.30805
2119,4.04371
2120,3.66552
2121,4.17574
2122,4.65553
2123,4.30011
2124,4.15842
2125,3.57616
2126,4.02942
2127,4.15657
2128,4.30369
2129,4.78677
2130,3.94052
2131,4.28294
2132,4.25246
2133,5.0
2134,3.97773
2135,4.5604
2136,2.97001
2137,3.46424
2138,3.87997
2139,3.68163
2140,3.40785
2141,3.61715
2142,2.75013
2143,3.39558
2144,3.10147
2145,3.30844
2146,3.54633
2147,3.77462
2148,4.50316
2149,3.9111
2150,3.79142
2151,2.69314
2152,3.64131
2153,3.72597
2154,4.08176
2155,3.09811
2156,3.46005
2157,3.39089
2158,4.08197
2159,3.89546
2160,2.96423
2161,3.49272
2162,3.5512
2163,3.55765
2164,4.1542
2165,2.47603
2166,3.58103
2167,3.45661
2168,3.98659
2169,3.85519
2170,3.64448
2171,4.48433
2172,4.00211
2173,3.47952
2174,3.95132
2175,4.25828
2176,2.33675
2177,3.50438
2178,4.18028
2179,4.12379
2180,4.37026
2181,4.07962
2182,2.93607
2183,3.2214
2184,3.7938
2185,4.32759
2186,4.40037
2187,4.30826
2188,4.38739
2189,4.09991
2190,4.55605
2191,4.72779
2192,4.77432
2193,4.03352
2194,4.09337
2195,4.2093
2196,4.97319
2197,4.90108
2198,4.48326
2199,4.50747
2200,4.80422
2201,4.66781
2202,4.32311
2203,4.64255
2204,4.71914
2205,4.73237
2206,4.37885
2207,4.34083
2208,4.15304
2209,5.0
2210,4.63555
2211,4.43716
2212,4.85215
2213,4.69527
2214,4.57445
2215,4.67164
2216,4.91653
2217,4.10534
2218,4.69418
2219,3.86315
2220,3.81335
2221,4.30688
2222,4.9088
2223,4.77382
2224,4.2438
2225,3.84959
2226,1.89296
2227,2.67053
2228,3.02385
2229,2.55811
2230,1.91712
2231,1.67905
2232,1.73008
2233,3.06905
2234,2.81521
2235,2.45865
2236,2.27729
2237,2.26126
2238,1.74199
2239,1.24405
2240,1.97784
2241,2.56904
2242,1.5738
2243,1.33779
2244,1.90441
2245,2.26113
2246,1.53773
2247,2.4504
2248,1.49185
2249,2.03354
2250,2.13869
2251,1.94497
2252,1.56363
2253,2.5813
2254,2.90554
2255,2.6414
2256,2.47273
2257,1.86862
2258,2.25176
2259,1.82295
2260,2.41205
2261,2.40165
2262,2.01478
2263,1.41112
2264,1.99012
2265,2.38305
2266,1.55457
2267,2.02217
2268,1.68477
2269,1.30418
2270,3.1311
2271,1.71374
2272,2.93609
2273,1.63346
2274,1.3389
2275,1.0
2276,2.51061
2277,4.19428
2278,3.97162
2279,4.31142
2280,4.83079
2281,3.83626
2282,4.13817
2283,3.95399
2284,2.9636
2285,3.59076
2286,3.91368
2287,3.78936
2288,4.30688
2289,4.29193
2290,2.66666
2291,3.90707
2292,3.04419
2293,4.4175
2294,2.82502
2295,3.74845
2296,4.13903
2297,3.55011
2298,4.38179
2299,2.963
2300,4.46053
2301,4.22101
2302,2.89869
2303,3.73155
2304,3.57538
2305,4.14487
2306,3.95066
2307,3.6522
2308,3.30651
2309,2.96006
2310,3.88583
2311,3.45206
2312,2.27448
2313,4.00334
2314,4.06064
2315,3.8274
2316,3.91175
2317,3.06064
2318,2.79517
2319,4.38137
2320,3.31275
2321,3.72969
2322,4.03039
2323,4.04086
2324,4.47776
2325,3.30734
2326,4.04344
2327,3.301
2328,3.53201
2329,4.23954
2330,4.04956
2331,3.42644
2332,2.31036
2333,2.46289
2334,1.8316
2335,2.10461
2336,2.94927
2337,3.06778
2338,4.01456
2339,4.17048
2340,3.65887
2341,3.67936
2342,3.73994
2343,3.31636
2344,2.87715
2345,3.4551
2346,4.94318
2347,3.35383
2348,3.64683
2349,3.29807
2350,2.97239
2351,3.81312
2352,4.25164
2353,2.62039
2354,3.74239
2355,2.78461
2356,4.1191
2357,4.02277
2358,3.8108
2359,3.46805
2360,3.46259
2361,3.78909
2362,3.57349
2363,2.77111
2364,4.3204
2365,3.0967
2366,3.68177
2367,3.93259
2368,4.31664
2369,3.58974
2370,3.20625
2371,2.96397
2372,2.24851
2373,3.4028
2374,3.91267
2375,2.44766
2376,4.21146
2377,3.54434
2378,3.07408
2379,4.61328
2380,3.683
2381,3.2121
2382,3.18992
2383,3.97172
2384,4.42688
2385,3.77944
2386,4.35145
2387,2.95289
2388,3.66517
2389,4.41572
2390,3.8034
2391,3.33581
2392,3.43587
2393,3.23789
2394,3.38596
2395,2.9441
2396,4.2783
2397,4.39798
2398,2.98618
2399,4.22048
2400,1.74613
2401,3.92038
2402,4.44168
2403,3.81081
2404,2.06182
2405,3.00593
2406,2.73626
2407,4.02304
2408,3.74232
2409,2.34352
2410,3.47119
2411,4.55203
2412,4.15568
2413,4.3881
2414,4.85999
2415,3.97631
2416,2.79613
2417,3.46073
2418,3.70858
2419,2.97533
2420,4.22594
2421,4.07427
2422,4.54694
2423,3.7463
2424,4.47273
2425,4.13408
2426,4.55781
2427,3.95161
2428,2.60485
2429,3.64514
2430,4.00299
2431,2.8632
2432,2.67152
2433,3.52598
2434,4.10308
2435,4.35402
2436,2.67836
2437,4.01984
2438,3.56421
2439,4.23606
2440,4.23656
2441,3.86374
2442,5.0
2443,2.42558
2444,4.16429
2445,3.9536
2446,3.53629
2447,3.44347
2448,3.90245
2449,3.1266
2450,4.48847
2451,4.71725
2452,4.63904
2453,4.2263
2454,4.38472
2455,4.27099
2456,4.96441
2457,4.78159
2458,4.61492
2459,2.90388
2460,4.22707
2461,4.2774
2462,4.73949
2463,3.25929
2464,4.14666
2465,4.51916
2466,4.03149
2467,3.95416
2468,3.3772
2469,3.88813
2470,3.7573
2471,3.95912
2472,4.13643
2473,4.45516
2474,3.39117
2475,4.0951
2476,3.6423
2477,4.8054
2478,4.14319
2479,4.17587
2480,3.28409
2481,4.38231
2482,4.12462
2483,3.45351
2484,3.84406
2485,2.94825
2486,2.83909
2487,3.92861
2488,3.5563
2489,4.02304
2490,4.59419
2491,3.87637
2492,3.54213
2493,4.29764
2494,4.65172
2495,4.35278
2496,4.58862
2497,3.64824
2498,4.54609
2499,4.06758
2500,3.97505
2501,3.63556
2502,4.22406
2503,4.46195
2504,3.13302
2505,3.85436
2506,3.48995
2507,2.47496
2508,4.08234
2509,4.30243
2510,3.50549
2511,2.29314
2512,4.20422
2513,4.13655
2514,4.83528
2515,3.81157
2516,3.89961
2517,4.43178
2518,3.56193
2519,3.61749
2520,4.18958
2521,3.13313
2522,4.41379
2523,4.75417
2524,3.42567
2525,4.57029
2526,3.92755
2527,4.12923
2528,4.0249
2529,4.05195
2530,3.55197
2531,3.45386
2532,1.23161
2533,1.15992
2534,1.30463
2535,2.84691
2536,2.55393
2537,2.99859
2538,3.67702
2539,2.80974
2540,2.96689
2541,3.3675
2542,4.01078
2543,3.13235
2544,3.18776
2545,3.38022
2546,3.21326
2547,4.4861
2548,4.98427
2549,2.22834
2550,2.36198
2551,3.47694
2552,3.67209
2553,2.95819
2554,3.62599
2555,4.27549
2556,2.95287
2557,1.49712
2558,1.79357
2559,3.05338
2560,1.93915
2561,4.0115
2562,3.98684
2563,2.82392
2564,1.65512
2565,4.26699
2566,3.56368
2567,4.72883
2568,2.76921
2569,3.44994
2570,3.38451
2571,5.0
2572,4.7881
2573,4.53415
2574,3.7262
2575,4.71527
2576,4.13458
2577,3.67772
2578,3.16468
2579,2.84677
2580,2.74729
2581,4.02541
2582,2.80566
2583,3.85018
2584,4.02315
2585,4.56995
2586,3.51278
2587,5.0
2588,4.9445
2589,4.96141
2590,4.697
2591,4.44171
2592,4.66253
2593,4.47334
2594,3.08203
2595,3.27822
2596,5.0
2597,4.47759
2598,4.07807
2599,4.50321
2600,4.49754
2601,2.58143
2602,4.35181
2603,3.25167
2604,3.5836
2605,4.39088
2606,3.74384
2607,4.26374
2608,3.64373
2609,4.74296
2610,4.3084
2611,3.97232
2612,3.38478
2613,3.846
2614,4.44872
2615,4.00782
2616,4.42483
2617,5.0
2618,4.75723
2619,4.41895
2620,3.725
2621,3.89031
2622,3.42243
2623,4.8011
2624,3.9534
2625,4.53146
2626,4.59225
2627,4.37992
2628,4.57608
2629,4.23219
2630,3.78274
2631,3.68415
2632,4.28184
2633,4.4778
2634,4.04889
2635,3.90418
2636,4.21464
2637,3.61465
2638,4.46485
2639,4.33338
2640,4.54675
2641,4.52233
2642,3.75131
2643,4.20742
2644,3.82735
2645,3.69004
2646,3.57228
2647,4.30608
2648,4.65462
2649,3.96501
2650,3.31205
2651,4.13342
2652,4.62001
2653,4.69583
2654,4.23468
2655,4.50562
2656,4.11827
2657,3.74616
2658,3.06823
2659,4.31396
2660,4.26892
2661,4.05973
2662,3.1137
2663,3.10167
2664,3.01115
2665,1.91804
2666,2.50773
2667,2.20174
2668,3.12732
2669,1.91447
2670,2.45799
2671,4.95295
2672,4.76912
2673,4.91814
2674,3.69719
2675,3.9038
2676,4.38858
2677,3.78547
2678,3.53165
2679,3.9378
2680,2.972
2681,4.17636
2682,3.88295
2683,4.08278
2684,3.72846
2685,4.44972
2686,2.29214
2687,2.84844
2688,3.38934
2689,3.29339
2690,3.09752
2691,3.18677
2692,2.10396
2693,2.61002
2694,3.00609
2695,2.13519
2696,2.63786
2697,1.45997
2698,3.99543
2699,3.04571
2700,3.25385
2701,3.29091
2702,3.41969
2703,2.91864
2704,2.72477
2705,3.83716
2706,2.43839
2707,2.36234
2708,1.0
2709,2.64638
2710,3.2847
2711,2.66282
2712,2.92465
2713,3.00273
2714,1.59784
2715,2.06076
2716,3.97241
2717,4.0557
2718,2.90199
2719,2.12415
2720,3.4015
2721,3.76695
2722,4.39586
2723,1.0
2724,2.31259
2725,3.76852
2726,2.01188
2727,2.20975
2728,3.3228
2729,3.6706
2730,3.13822
2731,2.14532
2732,1.86377
2733,2.69005
2734,1.0
2735,3.83943
2736,4.87733
2737,4.85816
2738,3.66192
2739,1.0
2740,2.33041
2741,1.61417
2742,4.39839
2743,4.18438
2744,3.76628
2745,3.74013
2746,3.90001
2747,3.17614
2748,3.0662
2749,4.14218
2750,3.86252
2751,3.81944
2752,2.89364
2753,3.71207
2754,2.71052
2755,3.68083
2756,3.92711
2757,3.93616
2758,3.68964
2759,3.61467
2760,3.89501
2761,3.80109
2762,3.90411
2763,4.14376
2764,3.95886
2765,4.01332
2766,2.85784
2767,3.76655
2768,4.1437
2769,3.39238
2770,3.44829
2771,3.87118
2772,4.43762
2773,3.49188
2774,3.9299
2775,3.51927
2776,4.07439
2777,4.34842
2778,4.01852
2779,3.6874
2780,4.2533
2781,4.65592
2782,3.20171
2783,4.4313
2784,2.72258
2785,3.61485
2786,3.96263
2787,4.55069
2788,4.0007
2789,4.68043
2790,3.98923
2791,1.0
2792,3.72977
2793,4.63369
2794,3.73352
2795,3.88505
2796,3.51656
2797,4.58616
2798,3.67642
2799,4.45564
2800,4.5307
2801,2.89181
2802,4.00438
2803,4.01759
2804,4.48908
2805,3.80294
2806,3.78077
2807,3.56046
2808,4.73714
2809,3.67751
2810,4.45885
2811,4.28339
2812,3.67217
2813,4.31642
2814,2.69905
2815,4.21126
2816,3.92756
2817,4.1324
2818,2.5208
2819,2.47223
2820,4.84918
2821,4.02747
2822,3.41554
2823,4.1607
2824,3.35216
2825,3.79747
2826,3.58444
2827,4.04154
2828,3.72908
2829,3.91665
2830,4.30439
2831,4.16583
2832,2.22385
2833,3.79018
2834,3.75852
2835,4.43168
2836,3.23153
2837,5.0
2838,4.53775
2839,1.89081
2840,3.836
2841,3.33869
2842,4.80409
2843,4.68391
2844,3.80504
2845,4.26042
2846,4.4842
2847,4.55689
2848,2.90988
2849,4.63776
2850,3.65218
2851,4.59267
2852,4.2841
2853,3.83287
2854,4.47042
2855,4.43442
2856,4.80759
2857,3.45576
2858,4.54946
2859,4.02301
2860,2.85543
2861,4.55535
2862,3.3884
2863,4.69193
2864,2.42796
2865,3.96478
2866,3.9794
2867,3.89625
2868,3.85652
2869,3.41947
2870,3.0543
2871,3.23885
2872,3.89436
2873,3.04809
2874,2.81186
2875,2.66798
2876,3.59636
2877,3.17316
2878,3.33428
2879,4.46168
2880,4.15787
2881,4.0332
2882,3.8567
2883,4.51698
2884,2.82354
2885,3.28272
2886,3.09431
2887,3.36346
2888,3.52922
2889,4.81763
2890,3.81361
2891,4.00264
2892,3.3193
2893,3.02804
2894,4.7314
2895,3.8506
2896,3.67948
2897,4.35879
2898,3.4133
2899,3.59362
2900,3.2013
2901,4.27144
2902,4.34677
2903,3.21306
2904,3.39569
2905,3.4676
2906,2.94447
2907,3.70874
2908,2.95074
2909,3.40842
2910,1.99112
2911,3.21987
2912,3.2466
2913,3.62597
2914,3.49265
2915,2.71416
2916,3.06448
2917,3.14159
2918,3.43317
2919,2.64927
2920,3.46599
2921,3.69503
2922,3.89777
2923,2.7763
2924,3.25299
2925,3.62335
2926,3.43698
2927,3.34459
2928,3.21796
2929,3.26203
2930,3.08556
2931,3.84519
2932,3.32441
2933,4.0912
2934,3.82475
2935,2.63697
2936,2.25508
2937,4.19091
2938,3.53647
2939,3.56848
2940,2.41483
2941,2.35864
2942,4.10873
2943,4.53434
2944,4.32478
2945,4.41125
2946,3.94243
2947,4.68608
2948,4.44111
2949,3.78746
2950,3.58654
2951,3.75495
2952,3.04767
2953,3.32325
2954,3.09363
2955,3.61577
2956,4.5253
2957,2.65495
2958,3.80646
2959,3.24109
2960,2.34823
2961,2.63286
2962,3.4872
2963,1.98155
2964,3.32873
2965,4.16095
2966,3.23474
2967,3.56624
2968,3.43311
2969,3.3242
2970,3.67012
2971,3.3054
2972,2.50098
2973,3.58631
2974,2.06712
2975,3.40419
2976,4.1719
2977,3.54467
2978,2.41386
2979,3.36492
2980,3.45935
2981,4.00658
2982,4.03756
2983,2.2425
2984,3.41026
2985,3.47255
2986,2.804
2987,3.51936
2988,2.97
2989,1.5469
2990,2.56005
2991,3.41591
2992,2.94018
2993,5.0
2994,2.87139
2995,2.35269
2996,3.37088
2997,2.34588
2998,3.83568
2999,3.14852
3000,2.89981
3001,4.91964
3002,2.2842
3003,3.61632
3004,2.87464
3005,2.94227
3006,1.98297
3007,4.07479
3008,3.23184
3009,1.96124
3010,3.14814
3011,4.08428
3012,3.84218
3013,3.77922
3014,3.19395
3015,3.65348
3016,2.54915
3017,3.76048
3018,2.00872
3019,1.98635
3020,2.08217
3021,2.07589
3022,2.96029
3023,1.42361
3024,2.07164
3025,1.48889
3026,2.53972
3027,2.6432
3028,2.00886
3029,2.35257
3030,2.17676
3031,1.71075
3032,1.47691
3033,4.36301
3034,4.03402
3035,3.18406
3036,3.94609
3037,3.07246
3038,3.38868
3039,2.20715
3040,3.51216
3041,4.21495
3042,3.70265
3043,3.34748
3044,4.1744
3045,3.40546
3046,4.26981
3047,2.3821
3048,4.07488
3049,4.82046
3050,4.10169
3051,2.81317
3052,3.97714
3053,2.23453
3054,4.02448
3055,1.55644
3056,3.30536
3057,3.61586
3058,2.31889
3059,3.37654
3060,2.68228
3061,3.08515
3062,3.15423
3063,4.9051
3064,2.7784
3065,2.86879
3066,2.78701
3067,3.6373
3068,3.9813
3069,3.1721
3070,3.76221
3071,4.29788
3072,3.80347
3073,2.21168
3074,4.6662
3075,4.14497
3076,3.3331
3077,3.42504
3078,4.58808
3079,4.43933
3080,4.33618
3081,3.64138
3082,4.2401
3083,3.61737
3084,3.69211
3085,1.78124
3086,4.43184
3087,4.08223
3088,4.9706
3089,4.58765
3090,4.32799
3091,3.23403
3092,3.04832
3093,3.78644
3094,3.28088
3095,3.91589
3096,4.05387
3097,4.45154
3098,2.90227
3099,4.2982
3100,3.22434
3101,3.5753
3102,3.28765
3103,3.42248
3104,2.56086
3105,3.81297
3106,3.65817
3107,2.69082
3108,3.16944
3109,4.24686
3110,4.24693
3111,3.19936
3112,4.28838
3113,3.4729
3114,2.19976
3115,2.91976
3116,3.40855
3117,3.20895
3118,4.53983
3119,5.0
3120,4.92412
3121,3.93076
3122,2.96376
3123,4.92077
3124,3.90616
3125,3.49121
3126,4.47005
3127,1.91766
3128,4.70056
3129,3.72364
3130,4.37489
3131,3.71178
3132,2.96356
3133,3.9247
3134,2.01901
3135,4.27094
3136,3.59319
3137,3.68971
3138,3.23652
3139,4.11839
3140,3.8589
3141,4.02338
3142,3.90873
3143,2.70527
3144,4.00475
3145,3.40268
3146,3.03163
3147,4.31108
3148,3.57713
3149,2.85261
3150,3.66292
3151,4.03592
3152,2.37602
3153,3.22416
3154,2.02183
3155,2.28702
3156,2.0263
3157,2.21152
3158,3.58429
3159,3.46177
3160,2.29303
3161,3.42056
3162,4.12447
3163,4.75522
3164,3.67689
3165,3.75186
3166,3.30911
3167,2.79176
3168,2.93254
3169,3.04022
3170,3.92665
3171,3.18271
3172,4.16118
3173,3.63113
3174,3.64414
3175,3.57949
3176,2.65761
3177,3.8949
3178,3.31675
3179,2.22271
3180,2.98938
3181,3.45967
3182,2.77394
3183,3.3728
3184,3.43858
3185,3.22048
3186,2.98024
3187,2.91408
3188,3.11147
3189,3.465
3190,3.53572
3191,3.7198
3192,3.20716
3193,2.73502
3194,3.64726
3195,2.98236
3196,3.26928
3197,3.23612
3198,4.01924
3199,1.97954
3200,3.411
3201,3.19277
3202,3.35903
3203,2.79027
3204,3.36394
3205,3.40824
3206,2.54967
3207,3.40819
3208,3.32491
3209,3.89548
3210,3.53156
3211,2.48633
3212,3.04274
3213,3.40907
3214,3.30271
3215,3.27002
3216,3.11937
3217,2.32454
3218,3.56716
3219,1.81913
3220,3.29851
3221,3.9277
3222,3.54677
3223,2.39942
3224,3.68738
3225,3.2281
3226,3.89994
3227,3.16652
3228,3.30269
3229,3.06406
3230,3.81677
3231,3.6181
3232,3.72975
3233,2.34529
3234,2.92784
3235,2.97777
3236,3.12394
3237,3.19446
3238,3.47609
3239,3.84082
3240,2.81897
3241,3.12758
3242,2.87291
3243,2.56334
3244,2.38302
3245,4.21481
3246,2.37321
3247,2.17689
3248,4.87418
3249,3.65734
3250,2.85607
3251,3.03097
3252,2.6487
3253,3.63534
3254,3.44302
3255,3.82774
3256,3.2591
3257,3.09705
3258,4.15126
3259,3.37067
3260,5.0
3261,3.83272
3262,3.46953
3263,4.0558
3264,3.89997
3265,4.08555
3266,2.25954
3267,4.62915
3268,3.95018
3269,3.63997
3270,1.96031
3271,4.31083
3272,4.95534
3273,4.18911
3274,3.35255
3275,4.32115
3276,4.05417
3277,4.5397
3278,4.24316
3279,3.42634
3280,4.2272
3281,4.27937
3282,3.47268
3283,4.5379
3284,3.80073
3285,3.25927
3286,3.89679
3287,3.32648
3288,2.48463
3289,4.14488
3290,3.1702
3291,3.76074
3292,2.87981
3293,2.79021
3294,3.73288
3295,3.0656
3296,3.43916
3297,2.50775
3298,3.7399
3299,4.1015
3300,3.63326
3301,2.0178
3302,4.63416
3303,4.21757
3304,4.02
3305,4.07388
3306,4.94087
3307,3.3744
3308,3.05821
3309,3.53149
3310,3.35067
3311,3.49164
3312,3.98828
3313,3.10332
3314,2.88711
3315,3.40899
3316,3.13617
3317,2.24968
3318,3.42006
3319,4.3765
3320,3.85351
3321,3.55793
3322,3.48484
3323,3.56146
3324,4.14739
3325,4.05106
3326,4.2515
3327,3.73414
3328,3.9762
3329,3.10632
3330,3.87432
3331,2.59542
3332,3.52369
3333,3.88228
3334,3.5361
3335,3.71291
3336,4.48932
3337,1.74964
3338,3.45066
3339,3.48855
3340,4.39719
3341,3.88674
3342,3.74336
3343,3.77737
3344,2.87999
3345,2.10443
3346,2.58119
3347,4.48345
3348,4.14406
3349,3.68321
3350,3.47476
3351,3.01466
3352,3.04717
3353,3.72306
3354,4.07132
3355,4.15149
3356,3.65511
3357,4.17746
3358,3.82362
3359,4.12233
3360,2.836
3361,4.06247
3362,3.70449
3363,1.57648
3364,3.82296
3365,3.82507
3366,2.39666
3367,3.88665
3368,1.75908
3369,4.45443
3370,4.72135
3371,4.92411
3372,4.14292
3373,3.20607
3374,3.48634
3375,3.96986
3376,1.0
3377,3.21769
3378,3.36731
3379,4.12603
3380,3.33331
3381,4.27916
3382,3.8347
3383,4.51866
3384,2.81487
3385,2.59172
3386,3.41888
3387,3.8581
3388,2.17745
3389,2.08965
3390,3.58774
3391,4.2628
3392,3.51448
3393,1.59872
3394,3.166
3395,3.46419
3396,2.50237
3397,3.62492
3398,4.59335
3399,3.53443
3400,2.69592
3401,4.29933
3402,3.58514
3403,3.1391
3404,4.39773
3405,4.54776
3406,3.76239
3407,4.12846
3408,4.60572
3409,3.63113
3410,4.53047
3411,5.0
3412,3.32649
3413,4.14101
3414,3.75813
3415,3.77799
3416,3.52391
3417,4.39799
3418,4.17263
3419,4.09132
3420,4.69862
3421,4.41676
3422,4.25455
3423,4.5636
3424,4.58567
3425,4.63503
3426,3.35143
3427,4.13697
3428,4.04019
3429,1.83018
3430,4.33861
3431,4.85119
3432,4.2064
3433,3.54867
3434,4.20979
3435,2.72669
3436,3.90253
3437,3.38817
3438,3.17654
3439,3.97638
3440,4.27394
3441,3.83164
3442,5.0
3443,3.60454
3444,4.51775
3445,4.59028
3446,2.46851
3447,4.85838
3448,4.25335
3449,3.3817
3450,2.59369
3451,4.46795
3452,4.3336
3453,4.56379
3454,4.23688
3455,4.70873
3456,4.51036
3457,4.0516
3458,3.38526
3459,4.61101
3460,4.72879
3461,3.8248
3462,2.00946
3463,4.5607
3464,3.89171
3465,3.86042
3466,3.42736
3467,4.38856
3468,4.7574
3469,3.9748
3470,4.04191
3471,4.85181
3472,4.21835
3473,3.8923
3474,4.27114
3475,4.15601
3476,4.50507
3477,4.00149
3478,4.41382
3479,3.79161
3480,2.98214
3481,3.76766
3482,4.71355
3483,3.90156
3484,3.45399
3485,4.95437
3486,4.37606
3487,4.15307
3488,4.72662
3489,4.61398
3490,4.80296
3491,3.74203
3492,2.90277
3493,4.28048
3494,3.97676
3495,4.40894
3496,4.37262
3497,3.85978
3498,3.97039
3499,3.95348
3500,3.03167
3501,3.83193
3502,2.47346
3503,3.64763
3504,2.1429
3505,2.42477
3506,3.98797
3507,2.55498
3508,2.81756
3509,3.92815
3510,3.30578
3511,4.40526
3512,2.33
3513,4.52981
3514,3.81196
3515,3.00925
3516,3.81947
3517,3.24849
3518,4.25459
3519,3.57285
3520,3.21965
3521,4.2654
3522,3.21905
3523,4.17142
3524,3.39712
3525,3.8135
3526,4.22009
3527,3.36609
3528,3.89242
3529,3.91829
3530,3.43791
3531,4.09105
3532,4.06504
3533,4.29716
3534,3.5921
3535,4.07497
3536,3.31233
3537,3.5178
3538,2.99759
3539,3.16665
3540,3.78222
3541,3.63954
3542,3.65415
3543,3.0447
3544,3.71334
3545,3.93307
3546,4.14911
3547,3.86316
3548,4.87734
3549,5.0
3550,4.13616
3551,3.72332
3552,3.76942
3553,3.38941
3554,3.61783
3555,2.94973
3556,2.99302
3557,3.34165
3558,3.52065
3559,3.36307
3560,3.04828
3561,2.97056
3562,3.89123
3563,3.38507
3564,4.14592
3565,2.64731
3566,3.67643
3567,2.19441
3568,4.32671
3569,4.54362
3570,4.0124
3571,2.44976
3572,3.49334
3573,2.5019
3574,2.19725
3575,3.85932
3576,2.48921
3577,4.00027
3578,3.06989
3579,3.95192
3580,4.00227
3581,2.87159
3582,3.84804
3583,3.36756
3584,2.62141
3585,3.35178
3586,3.57183
3587,3.63896
3588,3.56966
3589,3.35394
3590,2.69005
3591,4.19375
3592,2.88364
3593,2.59823
3594,3.59373
3595,2.70662
3596,2.69979
3597,3.89322
3598,3.74644
3599,4.06881
3600,3.93119
3601,4.19422
3602,3.41342
3603,4.32683
3604,4.29319
3605,3.12569
3606,3.77376
3607,4.31107
3608,4.09262
3609,1.75133
3610,2.05198
3611,2.69001
3612,2.44971
3613,2.25166
3614,3.23807
3615,3.44839
3616,2.30649
3617,3.14497
3618,2.76136
3619,1.52186
3620,2.65342
3621,2.92573
3622,3.6149
3623,2.72884
3624,4.15714
3625,1.64203
3626,4.03986
3627,3.28595
3628,2.91798
3629,3.15483
3630,3.46374
3631,3.75656
3632,2.11841
3633,3.23938
3634,3.87768
3635,3.40085
3636,2.03039
3637,2.17536
3638,1.7883
3639,3.50587
3640,2.09293
3641,2.35385
3642,3.69862
3643,3.37695
3644,2.00855
3645,2.63643
3646,1.76192
3647,3.10435
3648,1.51801
3649,2.53983
3650,1.59711
3651,2.81196
3652,2.95377
3653,2.49762
3654,2.26641
3655,2.53357
3656,4.12592
3657,2.63646
3658,3.1477
3659,2.144
3660,2.0801
3661,2.61894
3662,2.22888
3663,1.53007
3664,2.37609
3665,2.90849
3666,3.43831
3667,3.4132
3668,1.87038
3669,3.07293
3670,2.86045
3671,3.44506
3672,2.11861
3673,3.93592
3674,2.08347
3675,3.2858
3676,4.13326
3677,2.49609
3678,3.33405
3679,2.91261
3680,1.61961
3681,3.3835
3682,3.28333
3683,2.04537
3684,2.94251
3685,4.68911
3686,3.80019
3687,2.81104
3688,4.02002
3689,4.40307
3690,4.20277
3691,4.07101
3692,3.61421
3693,4.20708
3694,3.67368
3695,3.96613
3696,4.08228
3697,4.49622
3698,2.81615
3699,3.53565
3700,4.01698
3701,4.55136
3702,4.78432
3703,3.06901
3704,3.52013
3705,4.17488
3706,1.87479
3707,3.01508
3708,3.86959
3709,2.9988
3710,3.76264
3711,3.22237
3712,2.99331
3713,3.75426
3714,3.45911
3715,4.55452
3716,3.57564
3717,3.81821
3718,4.79224
3719,3.82652
3720,3.11554
3721,4.39088
3722,3.48887
3723,4.1417
3724,4.08379
3725,3.76739
3726,3.72518
3727,3.32854
3728,3.84182
3729,4.32943
3730,4.09748
3731,4.19409
3732,4.32546
3733,4.23673
3734,4.75588
3735,4.29783
3736,3.98486
3737,4.29579
3738,4.13369
3739,3.51816
3740,3.47588
3741,3.37224
3742,4.12439
3743,4.13449
3744,4.03449
3745,4.16185
3746,3.76323
3747,4.39333
3748,3.43972
3749,4.02442
3750,4.32413
3751,4.14234
3752,3.92988
3753,4.62537
3754,2.86878
3755,3.95146
3756,4.35879
3757,5.0
3758,5.0
3759,4.16675
3760,2.93512
3761,2.34431
3762,3.57627
3763,3.91454
3764,4.89906
3765,5.0
3766,4.6213
3767,3.47042
3768,4.73041
3769,3.84056
3770,3.75274
3771,3.5201
3772,4.19178
3773,3.29011
3774,3.77751
3775,3.27988
3776,3.71142
3777,3.66575
3778,3.02423
3779,3.83733
3780,4.19186
3781,4.89968
3782,3.43689
3783,4.05651
3784,3.48266
3785,4.50407
3786,3.81167
3787,3.97719
3788,3.89185
3789,3.84996
3790,4.47801
3791,3.74454
3792,4.14494
3793,4.24978
3794,3.59098
3795,3.76125
3796,3.317
3797,4.12729
3798,3.58192
3799,3.46013
3800,3.68492
3801,4.0361
3802,2.92313
3803,3.09406
3804,3.74014
3805,1.0
3806,3.62738
3807,2.03317
3808,3.45914
3809,3.66301
3810,3.46012
3811,4.17923
3812,3.29709
3813,2.64198
3814,4.00505
3815,4.22541
3816,1.71306
3817,4.06928
3818,3.229
3819,2.21712
3820,1.42126
3821,3.75788
3822,3.54799
3823,4.54137
3824,4.25335
3825,3.72977
3826,2.89544
3827,3.59079
3828,4.15492
3829,4.04478
3830,4.24934
3831,4.15845
3832,3.02999
3833,1.66422
3834,3.10723
3835,4.31236
3836,3.10743
3837,3.37422
3838,2.42057
3839,3.19683
3840,3.93226
3841,4.81869
3842,3.70923
3843,4.13597
3844,3.49587
3845,3.46565
3846,4.40585
3847,4.32622
3848,3.91486
3849,3.86965
3850,3.8777
3851,2.77005
3852,2.12534
3853,3.29789
3854,1.75673
3855,3.6196
3856,2.91969
3857,3.75114
3858,2.58922
3859,3.47691
3860,3.59788
3861,4.19016
3862,4.33627
3863,3.1122
3864,3.10824
3865,3.48919
3866,4.01363
3867,3.09964
3868,3.39989
3869,2.5465
3870,3.16358
3871,3.16659
3872,3.28086
3873,3.5805
3874,3.19852
3875,2.50185
3876,2.24614
3877,3.86784
3878,3.6736
3879,3.06397
3880,3.4312
3881,2.90017
3882,2.84257
3883,4.16759
3884,1.27251
3885,2.1975
3886,2.12969
3887,2.26079
3888,2.443
3889,3.45017
3890,2.47121
3891,3.74965
3892,2.37123
3893,2.19515
3894,2.36712
3895,2.46463
3896,2.70503
3897,3.51079
3898,3.07712
3899,3.36342
3900,2.40914
3901,3.19453
3902,1.46229
3903,2.16004
3904,3.53231
3905,2.50996
3906,3.19077
3907,3.5477
3908,3.15288
3909,2.63307
3910,2.18656
3911,3.32356
3912,3.94666
3913,2.51875
3914,1.24074
3915,4.12148
3916,4.40214
3917,4.72134
3918,2.58265
3919,4.42842
3920,4.31294
3921,4.3226
3922,5.0
3923,4.04022
3924,3.40934
3925,4.65741
3926,4.66117
3927,5.0
3928,5.0
3929,3.37123
3930,3.72998
3931,3.44071
3932,2.9616
3933,3.03379
3934,2.25214
3935,3.3648
3936,3.6021
3937,3.61789
3938,3.5536
3939,3.20262
3940,4.18108
3941,3.38886
3942,2.85494
3943,4.58653
3944,3.80755
3945,3.9303
3946,3.0816
3947,2.18269
3948,3.78346
3949,3.47835
3950,3.22732
3951,2.32628
3952,4.02528
3953,3.54334
3954,3.99292
3955,2.66218
3956,2.72799
3957,4.89146
3958,3.32709
3959,4.73106
3960,3.76552
3961,4.45285
3962,3.19408
3963,4.54142
3964,1.88784
3965,4.35392
3966,4.21501
3967,2.17895
3968,3.92029
3969,3.04721
3970,5.0
3971,3.83516
3972,3.17538
3973,5.0
3974,4.89977
3975,4.9074
3976,4.53393
3977,4.82949
3978,3.64939
3979,4.74083
3980,4.22478
3981,4.13893
3982,3.56346
3983,4.26115
3984,3.40253
3985,4.51746
3986,4.18028
3987,4.09357
3988,2.79992
3989,2.68664
3990,3.65269
3991,5.0
3992,2.97445
3993,2.87194
3994,3.33327
3995,3.57039
3996,3.38794
3997,3.38128
3998,3.03962
3999,3.73191
4000,4.31743
4001,3.75348
4002,4.38981
4003,4.95738
4004,4.33308
4005,4.48879
4006,4.78628
4007,4.28902
4008,4.3868
4009,3.40655
4010,3.70444
4011,4.28913
4012,4.98219
4013,2.84224
4014,4.5018
4015,3.42064
4016,4.44908
4017,3.65373
4018,4.39863
4019,4.66061
4020,4.59671
4021,3.50615
4022,2.20418
4023,4.62892
4024,2.51871
4025,2.73246
4026,4.02897
4027,3.1243
4028,2.60085
4029,3.18941
4030,3.756
4031,2.70204
4032,4.41123
4033,3.2961
4034,3.07978
4035,3.00049
4036,3.46659
4037,3.04792
4038,3.89059
4039,1.98317
4040,3.1326
4041,2.3884
4042,3.84
4043,2.61476
4044,3.39934
4045,2.44689
4046,3.09906
4047,3.20639
4048,3.42625
4049,2.94218
4050,3.80272
4051,2.20349
4052,4.33978
4053,2.33635
4054,4.16447
4055,4.21924
4056,4.87987
4057,4.92072
4058,4.52861
4059,2.54821
4060,4.0072
4061,4.19713
4062,3.99199
4063,2.65976
4064,3.41281
4065,4.35396
4066,3.6638
4067,3.84059
4068,3.64461
4069,3.99228
4070,3.51281
4071,4.08469
4072,3.78437
4073,2.69481
4074,4.07568
4075,3.30588
4076,3.18148
4077,3.36959
4078,2.72574
4079,2.33662
4080,3.64234
4081,3.97202
4082,4.68704
4083,4.83341
4084,4.73746
4085,4.38935
4086,4.46265
4087,4.29491
4088,4.63639
4089,2.2386
4090,3.78559
4091,5.0
4092,4.28211
4093,4.9697
4094,4.51323
4095,4.74538
4096,3.19954
4097,3.25675
4098,4.79856
4099,3.93633
4100,4.25189
4101,4.66969
4102,3.79516
4103,3.71992
4104,3.93871
4105,4.84439
4106,3.9156
4107,3.70577
4108,4.11547
4109,3.7535
4110,4.66295
4111,3.97604
4112,4.16261
4113,3.20036
4114,3.48386
4115,3.73367
4116,3.98467
4117,4.63747
4118,4.47958
4119,4.27706
4120,4.30718
4121,3.83797
4122,4.76491
4123,4.16505
4124,3.38378
4125,4.44842
4126,2.9825
4127,3.84435
4128,3.97586
4129,3.61557
4130,3.65302
4131,1.5641
4132,2.57937
4133,2.55134
4134,2.38601
4135,4.24463
4136,4.75624
4137,3.76971
4138,5.0
4139,4.17543
4140,4.11052
4141,3.65117
4142,3.36973
4143,2.65686
4144,3.32967
4145,3.72406
4146,3.77275
4147,2.87651
4148,3.39702
4149,4.48812
4150,3.62624
4151,2.56288
4152,3.29097
4153,3.504
4154,4.67627
4155,3.57778
4156,5.0
4157,1.86949
4158,2.39169
4159,2.15622
4160,3.37714
4161,2.41448
4162,1.98803
4163,2.68697
4164,3.81453
4165,3.08335
4166,3.81518
4167,3.33754
4168,3.03474
4169,4.09972
4170,2.94312
4171,3.5567
4172,1.00623
4173,2.52918
4174,2.6205
4175,2.16475
4176,2.59817
4177,2.5923
4178,2.4523
4179,1.82136
4180,2.7387
4181,1.46394
4182,1.82995
4183,4.88456
4184,1.78929
4185,2.81938
4186,2.65484
4187,1.40094
4188,3.73053
4189,3.37203
4190,1.07174
4191,1.21843
4192,4.74822
4193,2.94521
4194,3.57885
4195,3.48634
4196,4.6825
4197,5.0
4198,3.45058
4199,3.80564
4200,2.6399
4201,4.19171
4202,1.94762
4203,2.62294
4204,4.40986
4205,4.4968
4206,4.64471
4207,3.26966
4208,4.93975
4209,4.43599
4210,3.63381
4211,4.58625
4212,3.72287
4213,4.11199
4214,3.26405
4215,4.59563
4216,4.46089
4217,3.53329
4218,3.7227
4219,4.06505
4220,3.64013
4221,4.5824
4222,4.15355
4223,2.39919
4224,3.88976
4225,4.27937
4226,3.48968
4227,2.65772
4228,3.55571
4229,4.15498
4230,3.97956
4231,3.87104
4232,4.38372
4233,3.88896
4234,5.0
4235,5.0
4236,4.97411
4237,4.25085
4238,4.52154
4239,4.39373
4240,3.66289
4241,3.06762
4242,3.90589
4243,3.82711
4244,4.48828
4245,2.07026
4246,2.59078
4247,4.56073
4248,3.69388
4249,4.35494
4250,4.11619
4251,4.79518
4252,4.06696
4253,3.32904
4254,4.20092
4255,5.0
4256,4.04427
4257,4.16531
4258,4.0821
4259,3.2873
4260,4.29348
4261,2.55793
4262,3.74934
4263,1.58255
4264,4.10355
4265,2.77864
4266,4.66399
4267,4.33815
4268,1.52767
4269,4.43519
4270,3.43174
4271,3.14471
4272,3.46594
4273,4.43479
4274,2.97933
4275,3.77689
4276,4.11779
4277,4.53677
4278,1.80091
4279,4.31966
4280,2.47116
4281,3.8898
4282,3.82001
4283,3.70851
4284,3.74425
4285,3.14124
4286,3.15576
4287,1.61218
4288,3.29176
4289,1.07203
4290,3.76669
4291,3.23452
4292,3.33268
4293,3.30718
4294,3.6279
4295,3.27803
4296,3.40204
4297,2.48811
4298,3.40695
4299,3.88366
4300,3.01421
4301,5.0
4302,4.81209
4303,3.34782
4304,1.72222
4305,1.7781
4306,4.69596
4307,4.16244
4308,2.64397
4309,4.7111
4310,5.0
4311,4.85418
4312,3.98084
4313,4.9985
4314,2.28566
4315,4.52831
4316,3.81372
4317,4.64803
4318,5.0
4319,2.48454
4320,4.52459
4321,2.32428
4322,4.40555
4323,3.23294
4324,5.0
4325,4.75944
4326,4.1795
4327,2.68598
4328,3.0029
4329,2.08483
4330,4.77515
4331,2.81247
4332,3.82334
4333,2.77638
4334,2.76504
4335,4.81554
4336,4.90074
4337,3.96502
4338,3.56791
4339,1.9367
4340,4.87746
4341,3.7217
4342,4.52755
4343,3.54139
4344,4.01581
4345,3.95627
4346,4.52255
4347,4.57893
4348,3.31511
4349,4.74907
4350,4.70094
4351,5.0
4352,5.0
4353,4.10569
4354,3.98678
4355,4.34575
4356,2.87046
4357,5.0
4358,4.28368
4359,3.61068
4360,3.35799
4361,4.0486
4362,3.16677
4363,5.0
4364,4.01405
4365,3.12659
4366,4.28009
4367,3.80213
4368,3.32048
4369,4.23734
4370,3.93662
4371,4.16495
4372,3.39906
4373,4.15457
4374,3.61496
4375,3.75441
4376,3.33105
4377,4.39433
4378,5.0
4379,3.83352
4380,4.93909
4381,4.24305
4382,1.57446
4383,2.73444
4384,4.71325
4385,3.43415
4386,2.12539
4387,3.93993
4388,4.68764
4389,3.12328
4390,3.65541
4391,5.0
4392,3.21547
4393,2.23813
4394,3.08466
4395,4.12657
4396,2.44809
4397,3.31066
4398,4.14488
4399,3.82466
4400,4.79357
4401,2.37526
4402,4.11588
4403,4.1762
4404,5.0
4405,5.0
4406,3.25004
4407,5.0
4408,4.10182
4409,3.53988
4410,3.894
4411,1.33535
4412,4.23837
4413,2.61127
4414,2.64923
4415,4.54577
4416,2.20301
4417,4.45986
4418,3.21095
4419,4.47926
4420,1.29151
4421,4.04741
4422,2.30615
4423,3.58349
4424,1.70845
4425,3.09877
4426,1.63161
4427,4.19683
4428,4.22999
4429,2.95479
4430,3.62863
4431,4.09617
4432,2.07646
4433,2.46877
4434,1.7585
4435,4.27779
4436,2.11716
4437,3.66798
4438,1.97797
4439,2.40492
4440,3.16367
4441,3.54846
4442,2.19645
4443,1.0
4444,2.27816
4445,1.7576
4446,3.43163
4447,3.43683
4448,3.02492
4449,3.88062
4450,1.74419
4451,1.64967
4452,4.60145
4453,3.49607
4454,2.34362
4455,3.04764
4456,1.84472
4457,3.01779
4458,2.31243
4459,1.59131
4460,1.14181
4461,1.22996
4462,4.5769
4463,2.45132
4464,1.66437
4465,3.22922
4466,2.65082
4467,3.18231
4468,1.45475
4469,2.21456
4470,2.53701
4471,3.90634
4472,3.30152
4473,2.46995
4474,2.38882
4475,2.971
4476,1.29592
4477,3.93158
4478,2.06241
4479,2.67462
4480,1.23077
4481,4.7306
4482,3.67312
4483,4.43713
4484,1.81479
4485,3.66387
4486,3.01352
4487,2.55295
4488,1.0
4489,1.77862
4490,4.77677
4491,3.9282
4492,3.33395
4493,4.12585
4494,2.79617
4495,3.42746
4496,2.69128
4497,3.71141
4498,3.21577
4499,4.74052
4500,1.83216
4501,3.53067
4502,4.5789
4503,3.83698
4504,5.0
4505,4.64838
4506,3.69141
4507,3.89155
4508,3.32823
4509,3.82604
4510,3.71014
4511,3.33864
4512,2.06914
4513,1.39085
4514,2.92256
4515,2.07228
4516,3.42756
4517,2.33566
4518,2.62318
4519,3.62591
4520,4.46948
4521,3.08504
4522,2.07606
4523,1.67824
4524,1.35014
4525,1.47294
4526,2.90147
4527,4.16167
4528,3.09264
4529,4.19228
4530,3.53848
4531,3.34063
4532,3.60544
4533,4.24785
4534,4.22531
4535,4.04359
4536,4.51242
4537,3.07147
4538,4.00466
4539,4.22018
4540,3.47007
4541,3.60053
4542,4.32516
4543,3.93625
4544,4.14681
4545,4.46314
4546,4.29268
4547,4.65016
4548,4.71964
4549,4.40654
4550,4.35087
4551,4.01074
4552,5.0
4553,4.85139
4554,3.3174
4555,5.0
4556,4.27484
4557,3.96859
4558,4.6163
4559,4.94058
4560,4.90769
4561,5.0
4562,4.23403
4563,4.54788
4564,5.0
4565,4.99747
4566,3.7337
4567,3.26214
4568,3.74689
4569,3.81926
4570,4.27796
4571,4.20217
4572,3.19854
4573,3.52578
4574,2.42327
4575,3.74111
4576,4.03984
4577,4.12996
4578,3.62537
4579,2.87585
4580,4.18006
4581,3.13234
4582,3.00062
4583,3.30177
4584,3.87961
4585,3.92625
4586,1.74934
4587,3.89218
4588,3.55778
4589,3.77203
4590,3.69029
4591,3.97919
4592,4.00863
4593,3.49586
4594,3.89523
4595,3.28512
4596,3.92943
4597,3.81994
4598,3.93486
4599,3.07478
4600,3.85513
4601,3.76744
4602,3.97654
4603,2.78566
4604,2.73285
4605,3.95643
4606,3.85881
4607,3.54116
4608,3.4466
4609,4.21869
4610,3.99311
4611,4.34996
4612,2.64772
4613,3.73303
4614,3.05685
4615,2.88146
4616,3.9489
4617,3.46268
4618,3.38683
4619,3.36818
4620,3.96391
4621,3.84547
4622,3.60711
4623,4.49224
4624,3.587
4625,4.07603
4626,4.18638
4627,3.79244
4628,3.6454
4629,4.27499
4630,3.63377
4631,4.55244
4632,4.45981
4633,4.2407
4634,2.2717
4635,2.04675
4636,3.38191
4637,4.465
4638,2.38434
4639,4.8286
4640,3.48653
4641,3.26455
4642,4.17559
4643,3.73726
4644,3.7489
4645,3.65526
4646,2.62786
4647,3.56452
4648,3.68395
4649,1.96237
4650,4.03119
4651,2.67631
4652,3.96493
4653,3.57914
4654,2.08132
4655,3.12404
4656,4.11125
4657,3.99202
4658,3.55819
4659,3.62895
4660,3.76891
4661,2.05534
4662,3.41001
4663,3.81353
4664,4.56834
4665,2.12815
4666,2.89764
4667,3.34311
4668,3.9258
4669,4.51866
4670,3.47982
4671,3.48588
4672,3.67673
4673,3.2032
4674,2.57835
4675,3.26667
4676,3.20588
4677,4.14599
4678,2.50973
4679,3.98379
4680,4.38701
4681,2.56258
4682,3.41648
4683,3.83126
4684,3.84763
4685,4.09365
4686,4.38919
4687,4.0065
4688,4.05762
4689,3.90721
4690,3.85244
4691,3.5922
4692,3.53186
4693,3.2341
4694,3.50666
4695,4.54238
4696,4.1522
4697,4.2647
4698,3.66354
4699,4.08943
4700,4.53999
4701,4.64178
4702,3.98964
4703,4.19885
4704,4.40429
4705,3.95865
4706,4.15878
4707,3.85224
4708,4.65893
4709,3.54621
4710,4.26331
4711,3.26399
4712,2.89898
4713,2.41729
4714,4.24968
4715,2.82305
4716,4.25422
4717,3.87383
4718,1.91399
4719,3.81235
4720,3.89435
4721,3.47808
4722,4.46843
4723,2.87467
4724,2.2439
4725,4.35542
4726,2.88709
4727,1.78553
4728,3.21974
4729,3.09395
4730,2.91963
4731,4.33531
4732,2.59296
4733,2.31436
4734,3.22407
4735,2.92431
4736,2.5144
4737,1.70637
4738,2.91486
4739,2.26919
4740,1.39171
4741,3.83057
4742,4.27512
4743,3.97132
4744,1.69615
4745,1.8988
4746,3.86204
4747,3.8622
4748,3.92056
4749,3.02068
4750,3.97301
4751,2.92913
4752,2.74497
4753,2.87085
4754,2.42068
4755,3.67117
4756,3.65786
4757,2.6853
4758,4.07108
4759,1.30998
4760,2.17935
4761,2.06012
4762,3.054
4763,3.51545
4764,3.40641
4765,2.17783
4766,3.30804
4767,4.05272
4768,3.81006
4769,3.13608
4770,3.96647
4771,4.58097
4772,3.81954
4773,3.37953
4774,3.39239
4775,3.14672
4776,3.09228
4777,3.44545
4778,4.28166
4779,3.77567
4780,4.1437
4781,2.82585
4782,4.32154
4783,3.41806
4784,5.0
4785,3.92329
4786,4.37133
4787,3.88175
4788,2.56238
4789,3.1823
4790,4.33527
4791,2.72276
4792,2.21153
4793,3.69589
4794,2.12844
4795,1.8123
4796,3.58077
4797,3.18614
4798,2.67045
4799,2.55082
4800,3.57402
4801,4.26676
4802,4.74535
4803,4.16736
4804,2.36536
4805,2.48301
4806,3.46941
4807,3.39875
4808,5.0
4809,3.6126
4810,4.22111
4811,4.5838
4812,3.2739
4813,4.67746
4814,4.29789
4815,2.26874
4816,4.35666
4817,3.98129
4818,3.8743
4819,4.0417
4820,3.48766
4821,4.89603
4822,4.56188
4823,3.27927
4824,3.65556
4825,3.03978
4826,3.87039
4827,2.12452
4828,4.1245
4829,3.07028
4830,4.93932
4831,3.11416
4832,4.587
4833,3.84833
4834,4.84728
4835,3.46746
4836,3.74971
4837,4.17595
4838,4.26865
4839,3.37718
4840,3.72567
4841,3.93124
4842,3.64357
4843,3.16767
4844,2.83804
4845,3.52702
4846,2.72661
4847,3.52129
4848,3.31045
4849,3.58062
4850,3.26823
4851,3.16698
4852,3.6795
4853,3.45319
4854,3.4356
4855,2.80761
4856,3.51302
4857,3.42315
4858,2.47995
4859,3.41186
4860,3.36872
4861,2.97149
4862,3.90996
4863,2.69586
4864,4.10553
4865,3.82925
4866,3.84592
4867,3.01228
4868,3.38282
4869,2.88918
4870,3.35802
4871,3.18268
4872,4.26033
4873,4.19435
4874,4.74883
4875,3.78222
4876,3.93026
4877,3.92234
4878,4.17992
4879,3.54736
4880,3.65823
4881,3.38309
4882,3.45666
4883,4.14063
4884,4.40789
4885,3.46938
4886,1.44889
4887,3.23812
4888,3.54693
4889,2.89245
4890,4.11942
4891,3.62611
4892,4.34715
4893,3.48212
4894,2.82688
4895,3.53354
4896,1.64618
4897,1.75059
4898,2.33191
4899,2.74846
4900,2.59992
4901,3.4067
4902,3.16521
4903,3.37328
4904,3.3778
4905,4.25008
4906,2.67233
4907,3.14464
4908,3.73854
4909,3.07288
4910,2.94943
4911,1.37379
4912,1.83866
4913,3.10548
4914,1.78719
4915,3.12699
4916,2.47913
4917,2.95356
4918,3.29728
4919,2.88174
4920,3.1012
4921,2.34455
4922,1.81569
4923,3.14796
4924,3.41149
4925,2.9695
4926,1.34133
4927,2.1329
4928,3.40501
4929,2.15284
4930,2.88841
4931,2.42964
4932,3.51959
4933,2.25888
4934,3.43252
4935,3.26889
4936,2.71486
4937,2.37603
4938,2.50648
4939,3.18545
4940,3.19703
4941,2.10924
4942,2.82916
4943,3.71018
4944,2.48198
4945,2.87271
4946,2.27244
4947,2.62263
4948,2.85798
4949,3.6402
4950,3.03841
4951,2.65538
4952,2.4902
4953,2.75874
4954,3.55247
4955,3.09324
4956,2.08759
4957,3.55019
4958,2.88315
4959,2.04051
4960,2.2606
4961,2.54252
4962,2.37729
4963,1.7306
4964,2.16581
4965,1.16805
4966,2.77164
4967,3.25826
4968,2.36559
4969,2.4276
4970,2.89183
4971,1.36866
4972,1.93455
4973,2.03724
4974,2.56739
4975,3.41127
4976,3.24751
4977,2.69249
4978,1.90463
4979,5.0
4980,4.6061
4981,3.9462
4982,4.31887
4983,3.75051
4984,3.43703
4985,4.92423
4986,3.18765
4987,4.30998
4988,3.41399
4989,4.7393
4990,3.4801
4991,4.48557
4992,4.36511
4993,2.96145
4994,3.84649
4995,4.68316
4996,4.45091
4997,2.61539
4998,4.41824
4999,4.3544
5000,2.83112
5001,4.31037
5002,3.29722
5003,3.91488
5004,4.34327
5005,2.58217
5006,3.90327
5007,3.83436
5008,4.15025
5009,3.13832
5010,2.39857
5011,3.70579
5012,4.74008
5013,4.64058
5014,3.39547
5015,3.96846
5016,3.35289
5017,4.30881
5018,4.17574
5019,3.39008
5020,3.82304
5021,3.30826
5022,3.85649
5023,3.43487
5024,4.30492
5025,2.95185
5026,4.47095
5027,2.63596
5028,4.53172
5029,3.4422
5030,4.0653
5031,3.98398
5032,2.29952
5033,1.00241
5034,3.70598
5035,4.39312
5036,3.73912
5037,2.24821
5038,2.5904
5039,3.69826
5040,2.19695
5041,4.29194
5042,2.96269
5043,3.44077
5044,3.24599
5045,5.0
5046,4.73834
5047,4.63407
5048,3.59565
5049,4.78228
5050,4.76773
5051,3.23224
5052,3.28398
5053,2.99784
5054,2.66634
5055,2.96724
5056,3.1766
5057,3.46849
5058,3.12271
5059,3.71578
5060,3.50091
5061,3.6179
5062,3.91556
5063,3.5414
5064,3.75312
5065,2.55248
5066,3.45717
5067,4.57268
5068,3.51948
5069,2.74625
5070,3.37572
5071,4.46453
5072,3.97731
5073,2.50154
5074,4.46256
5075,4.51678
5076,4.80359
5077,3.34039
5078,4.54484
5079,3.65695
5080,2.93107
5081,2.33246
5082,2.71828
5083,3.20079
5084,3.98886
5085,2.44813
5086,3.85634
5087,1.0
5088,1.61078
5089,1.88214
5090,1.56262
5091,1.0
5092,2.38389
5093,3.69862
5094,2.88208
5095,4.46488
5096,5.0
5097,4.52996
5098,4.35614
5099,4.36193
5100,3.84636
5101,4.6548
5102,4.04941
5103,4.61445
5104,3.93044
5105,3.88705
5106,3.58073
5107,3.53675
5108,3.94965
5109,3.55398
5110,3.6334
5111,2.93944
5112,3.90851
5113,2.68724
5114,3.83591
5115,3.91614
5116,2.01066
5117,3.46412
5118,3.7368
5119,3.18498
5120,4.19259
5121,3.50914
5122,2.2991
5123,2.58282
5124,4.95534
5125,3.92953
5126,3.69613
5127,2.53975
5128,4.00708
5129,3.08553
5130,4.16663
5131,3.37764
5132,2.20101
5133,3.34798
5134,2.30315
5135,4.44172
5136,3.04301
5137,3.54248
5138,3.36201
5139,1.51204
5140,3.79156
5141,3.38494
5142,2.89666
5143,3.12971
5144,4.33115
5145,2.65222
5146,4.07377
5147,4.09972
5148,3.64794
5149,3.74347
5150,3.3305
5151,3.62453
5152,4.73424
5153,3.57127
5154,3.53103
5155,4.57996
5156,3.62179
5157,1.8924
5158,3.94582
5159,3.95292
5160,3.60962
5161,4.1215
5162,4.7456
5163,4.27501
5164,3.90478
5165,4.72017
5166,3.00592
5167,3.2849
5168,2.93392
5169,3.86599
5170,3.91625
5171,4.13486
5172,4.40641
5173,3.23559
5174,4.27563
5175,3.36522
5176,3.42097
5177,4.29271
5178,3.98883
5179,3.54729
5180,3.71894
5181,3.07767
5182,2.09283
5183,3.87544
5184,3.54072
5185,4.24772
5186,3.23731
5187,4.06682
5188,1.93049
5189,3.38422
5190,3.20901
5191,3.73234
5192,2.40922
5193,3.23231
5194,5.0
5195,4.51351
5196,4.25081
5197,3.68567
5198,3.48492
5199,4.20694
5200,4.64639
5201,4.61262
5202,4.22673
5203,4.32959
5204,3.95059
5205,4.43989
5206,4.21908
5207,4.14974
5208,3.6319
5209,4.7691
5210,3.61508
5211,4.06769
5212,3.61665
5213,4.96122
5214,4.10579
5215,4.24537
5216,4.11573
5217,4.0936
5218,3.52376
5219,3.54608
5220,4.42814
5221,4.42173
5222,3.42374
5223,4.44244
5224,4.38154
5225,4.1128
5226,3.29754
5227,4.47245
5228,4.27676
5229,3.59637
5230,1.0077
5231,1.0
5232,4.18832
5233,3.49058
5234,1.3656
5235,3.19421
5236,2.87508
5237,3.40746
5238,2.32194
5239,5.0
5240,4.58168
5241,4.04458
5242,4.46089
5243,4.23972
5244,3.35557
5245,3.98206
5246,4.47941
5247,4.85799
5248,4.24267
5249,4.50484
5250,4.26638
5251,4.5286
5252,4.15128
5253,4.41319
5254,4.00654
5255,4.41544
5256,4.0575
5257,4.00406
5258,4.12129
5259,3.63657
5260,4.12992
5261,4.6742
5262,3.99282
5263,4.45704
5264,4.09203
5265,4.61923
5266,4.76671
5267,4.08664
5268,4.38672
5269,4.07684
5270,5.0
5271,4.07638
5272,2.86075
5273,4.71019
5274,4.02587
5275,4.1232
5276,4.23826
5277,4.76984
5278,4.18606
5279,4.65599
5280,4.27709
5281,4.35522
5282,3.82596
5283,4.00046
5284,3.84458
5285,3.16738
5286,3.85726
5287,3.74092
5288,2.90965
5289,3.2554
5290,4.25923
5291,3.96969
5292,3.36111
5293,2.9396
5294,4.13908
5295,3.52954
5296,4.11452
5297,1.98296
5298,2.18642
5299,2.69761
5300,4.1961
5301,2.8307
5302,3.26239
5303,3.44861
5304,5.0
5305,2.51784
5306,2.40778
5307,1.65735
5308,4.13484
5309,4.38735
5310,4.35898
5311,2.66647
5312,3.03594
5313,2.32943
5314,3.12662
5315,3.87601
5316,3.23545
5317,4.03474
5318,3.6214
5319,3.82834
5320,3.98611
5321,3.00484
5322,3.57232
5323,3.22528
5324,4.98968
5325,4.5807
5326,5.0
5327,3.06882
5328,4.95765
5329,4.0322
5330,4.96437
5331,4.22008
5332,3.15716
5333,3.25355
5334,3.74983
5335,3.29814
5336,4.21013
5337,4.28791
5338,4.82608
5339,3.3402
5340,4.26233
5341,3.51415
5342,4.46179
5343,3.22537
5344,4.49192
5345,2.22336
5346,3.72002
5347,4.48872
5348,3.37228
5349,3.2536
5350,2.88243
5351,2.56466
5352,3.80256
5353,3.18155
5354,3.50862
5355,3.02746
5356,2.7547
5357,3.6933
5358,2.74907
5359,2.26966
5360,4.06553
5361,2.99889
5362,3.99435
5363,2.42728
5364,3.34052
5365,3.75505
5366,2.17088
5367,2.58943
5368,2.79527
5369,3.24315
5370,3.02569
5371,2.66393
5372,3.06272
5373,3.627
5374,3.78474
5375,2.94507
5376,3.3065
5377,3.59741
5378,3.19324
5379,3.39057
5380,4.29948
5381,2.85861
5382,3.89021
5383,3.81783
5384,3.56307
5385,3.11672
5386,3.21827
5387,2.34569
5388,3.15611
5389,3.48568
5390,3.21631
5391,3.68767
5392,3.6844
5393,3.52866
5394,3.84455
5395,4.02779
5396,4.25834
5397,2.77927
5398,4.66636
5399,2.87603
5400,3.66996
5401,4.25904
5402,3.36575
5403,4.26344
5404,2.90792
5405,4.04406
5406,4.0105
5407,3.62164
5408,2.95043
5409,4.63257
5410,3.4329
5411,3.05615
5412,4.45605
5413,3.81918
5414,3.10095
5415,3.99784
5416,3.81112
5417,4.47892
5418,3.84129
5419,3.81693
5420,4.54013
5421,4.03096
5422,3.73515
5423,4.64033
5424,2.33223
5425,4.38457
5426,3.6193
5427,3.19972
5428,3.60929
5429,3.21403
5430,3.80214
5431,4.41233
5432,3.5749
5433,3.79734
5434,3.70266
5435,4.11558
5436,3.58191
5437,3.31427
5438,2.01418
5439,2.97558
5440,3.6404
5441,3.035
5442,3.5236
5443,3.59963
5444,3.86128
5445,3.56725
5446,3.5334
5447,2.88785
5448,3.17687
5449,2.94672
5450,2.26219
5451,2.78758
5452,4.18806
5453,3.78127
5454,3.08781
5455,2.6256
5456,3.57572
5457,3.95713
5458,3.76165
5459,2.65533
5460,3.68368
5461,3.11631
5462,3.63121
5463,4.20045
5464,3.62404
5465,4.10603
5466,3.8931
5467,3.51243
5468,2.92294
5469,4.08036
5470,4.18995
5471,2.45322
5472,1.90836
5473,3.67787
5474,3.19807
5475,4.78688
5476,4.08145
5477,3.8758
5478,4.436
5479,4.31165
5480,3.15107
5481,3.79848
5482,3.83586
5483,3.19896
5484,3.28133
5485,3.72282
5486,3.20146
5487,3.8764
5488,4.53541
5489,3.4807
5490,4.14772
5491,4.07355
5492,4.09864
5493,3.97518
5494,3.40396
5495,3.48832
5496,3.87831
5497,3.10063
5498,3.34593
5499,3.52984
5500,3.47128
5501,3.92713
5502,1.19045
5503,3.44819
5504,3.89668
5505,3.34543
5506,3.50161
5507,3.64243
5508,3.15157
5509,2.76537
5510,1.99464
5511,3.65848
5512,3.0579
5513,2.98388
5514,3.07306
5515,2.78971
5516,4.17225
5517,2.83633
5518,3.97932
5519,4.99128
5520,4.04726
5521,4.55941
5522,4.24315
5523,4.37107
5524,4.16565
5525,4.5652
5526,3.19493
5527,4.87251
5528,4.15222
5529,4.49187
5530,4.23265
5531,3.3018
5532,4.3592
5533,3.98091
5534,3.50421
5535,4.57379
5536,4.14229
5537,4.20015
5538,4.2996
5539,4.23592
5540,4.81721
5541,4.9157
5542,4.20157
5543,4.74682
5544,4.47454
5545,1.60841
5546,4.11224
5547,4.27809
5548,4.43247
5549,3.72699
5550,3.30878
5551,4.24992
5552,2.85988
5553,3.57182
5554,2.81662
5555,3.18517
5556,4.58025
5557,4.24286
5558,4.12461
5559,4.61047
5560,4.07164
5561,4.24054
5562,4.2567
5563,3.81797
5564,2.87857
5565,4.63444
5566,3.54083
5567,4.18499
5568,3.27219
5569,3.84488
5570,5.0
5571,3.5891
5572,2.99643
5573,5.0
5574,3.32802
5575,3.85119
5576,2.0903
5577,4.11768
5578,3.56551
5579,3.23268
5580,2.88733
5581,4.10457
5582,2.33536
5583,3.47028
5584,3.50004
5585,3.9168
5586,3.5897
5587,5.0
5588,3.37561
5589,5.0
5590,4.45098
5591,2.85971
5592,4.13175
5593,3.49095
5594,3.61216
5595,2.15074
5596,3.65858
5597,3.8374
5598,3.07379
5599,4.55438
5600,3.87858
5601,4.88211
5602,4.33011
5603,4.43527
5604,4.72675
5605,4.70773
5606,4.32023
5607,5.0
5608,3.58395
5609,4.74006
5610,4.08527
5611,5.0
5612,4.90311
5613,4.66193
5614,4.2652
5615,4.71263
5616,3.81735
5617,3.9464
5618,3.99612
5619,4.45626
5620,3.90854
5621,4.22115
5622,4.61564
5623,4.91708
5624,4.04697
5625,4.02872
5626,3.76913
5627,4.60287
5628,4.31902
5629,4.87649
5630,5.0
5631,3.93714
5632,4.16568
5633,4.64262
5634,4.376
5635,3.5859
5636,4.33918
5637,4.31469
5638,5.0
5639,3.88873
5640,3.90851
5641,3.78975
5642,3.92654
5643,3.81875
5644,4.76573
5645,4.07823
5646,3.37145
5647,3.99747
5648,2.79045
5649,4.91614
5650,3.60036
5651,4.53933
5652,3.25845
5653,3.98277
5654,3.7554
5655,3.57225
5656,3.28789
5657,4.03416
5658,3.00446
5659,4.40651
5660,3.84888
5661,2.29872
5662,4.28632
5663,4.69929
5664,3.67575
5665,2.72418
5666,3.76015
5667,4.04506
5668,3.18905
5669,3.7796
5670,3.28598
5671,4.57179
5672,2.75879
5673,2.54314
5674,4.57929
5675,4.15372
5676,3.39593
5677,3.51934
5678,4.28968
5679,3.7034
5680,4.75678
5681,3.8971
5682,3.39906
5683,3.05454
5684,4.46078
5685,3.4728
5686,3.84608
5687,3.82179
5688,2.98513
5689,3.39805
5690,2.21435
5691,4.3565
5692,4.92271
5693,3.88876
5694,3.66544
5695,3.88108
5696,2.02854
5697,3.67886
5698,4.16906
5699,4.08793
5700,3.66782
5701,3.32943
5702,4.81973
5703,3.21633
5704,3.48104
5705,2.72433
5706,2.48945
5707,1.35013
5708,3.86057
5709,4.38976
5710,2.18579
5711,1.13428
5712,3.96875
5713,3.13839
5714,2.40009
5715,4.38298
5716,3.14916
5717,4.10915
5718,4.04905
5719,4.2803
5720,3.36664
5721,1.53551
5722,3.27678
5723,2.8598
5724,4.30308
5725,2.57821
5726,5.0
5727,4.12532
5728,3.13263
5729,3.49213
5730,4.79996
5731,3.46538
5732,4.07396
5733,3.60492
5734,3.1506
5735,3.78717
5736,3.52165
5737,3.50966
5738,4.07457
5739,3.64368
5740,4.85026
5741,3.76584
5742,3.53495
5743,3.75442
5744,1.5991
5745,4.25999
5746,4.65954
5747,3.15042
5748,3.47983
5749,3.99927
5750,3.11737
5751,4.23311
5752,4.48444
5753,3.73061
5754,3.3187
5755,4.12141
5756,4.33379
5757,3.92399
5758,4.1362
5759,3.79452
5760,4.41624
5761,2.89822
5762,4.48206
5763,4.1835
5764,2.47102
5765,3.07622
5766,2.96236
5767,2.57903
5768,2.4612
5769,4.91364
5770,3.99152
5771,3.45497
5772,3.61846
5773,4.29992
5774,4.56995
5775,3.5631
5776,3.22346
5777,4.00488
5778,4.69882
5779,1.55819
5780,3.17404
5781,1.54017
5782,4.34471
5783,2.86957
5784,5.0
5785,3.59503
5786,2.61345
5787,4.61671
5788,4.04782
5789,4.20432
5790,3.07778
5791,2.12511
5792,3.89388
5793,3.76231
5794,3.29877
5795,1.70611
5796,3.97459
5797,3.43755
5798,2.79852
5799,1.76723
5800,2.64869
5801,1.90048
5802,2.49359
5803,2.5542
5804,1.59601
5805,4.1797
5806,3.32562
5807,3.52327
5808,3.57758
5809,4.29768
5810,2.6738
5811,2.98472
5812,3.84786
5813,4.23437
5814,3.69464
5815,2.99812
5816,3.72779
5817,2.90712
5818,2.92687
5819,2.522
5820,3.31933
5821,4.20884
5822,4.54149
5823,4.20906
5824,4.21008
5825,3.73192
5826,4.20331
5827,4.37853
5828,3.79673
5829,3.3621
5830,2.31654
5831,2.77359
5832,3.97377
5833,4.03728
5834,3.77985
5835,4.14958
5836,3.9958
5837,3.3899
5838,2.21264
5839,3.63435
5840,3.60319
5841,4.53185
5842,3.47431
5843,4.39433
5844,4.55988
5845,2.95254
5846,4.01457
5847,1.59656
5848,4.40228
5849,4.34751
5850,3.18662
5851,3.42436
5852,3.63204
5853,3.24102
5854,3.59074
5855,4.38105
5856,2.67426
5857,3.47136
5858,1.89093
5859,3.95495
5860,4.23337
5861,4.29066
5862,3.0782
5863,2.76026
5864,4.34527
5865,4.53584
5866,3.98004
5867,4.02161
5868,2.73218
5869,2.63186
5870,4.8354
5871,3.48043
5872,4.57653
5873,4.22463
5874,4.60357
5875,3.11843
5876,3.55744
5877,3.60142
5878,4.62197
5879,3.74572
5880,3.88444
5881,5.0
5882,5.0
5883,4.85128
5884,3.12199
5885,4.01473
5886,4.70963
5887,2.02429
5888,2.62102
5889,3.72879
5890,3.54573
5891,3.31771
5892,3.6335
5893,4.37
5894,3.59414
5895,3.78271
5896,3.79683
5897,3.45186
5898,2.72989
5899,4.43522
5900,2.81758
5901,2.89102
5902,3.22361
5903,3.85195
5904,3.5956
5905,3.78024
5906,3.51138
5907,3.69369
5908,3.89065
5909,3.09753
5910,2.87963
5911,2.47533
5912,2.62078
5913,3.11205
5914,1.93632
5915,4.2738
5916,4.25511
5917,4.01907
5918,3.67248
5919,3.74313
5920,4.07049
5921,4.34345
5922,3.05218
5923,4.0214
5924,4.24724
5925,3.01635
5926,3.7876
5927,4.25847
5928,2.80095
5929,4.40624
5930,3.82241
5931,4.23071
5932,4.38076
5933,4.36459
5934,3.92805
5935,3.7429
5936,3.60631
5937,3.02948
5938,3.32147
5939,3.24637
5940,3.95185
5941,4.48495
5942,4.2547
5943,4.4885
5944,3.54087
5945,4.23457
5946,4.55705
5947,3.02765
5948,3.45709
5949,3.37433
5950,4.66243
5951,4.85354
5952,4.3926
5953,4.50047
5954,4.29293
5955,3.51952
5956,4.34974
5957,4.14849
5958,3.89699
5959,4.54395
5960,4.27514
5961,3.84353
5962,4.0896
5963,3.57791
5964,3.15111
5965,3.61394
5966,4.208
5967,3.27722
5968,3.25932
5969,2.6857
5970,3.61667
5971,3.85501
5972,2.69307
5973,3.95832
5974,3.70355
5975,2.8354
5976,3.28336
5977,3.46708
5978,3.39452
5979,4.08557
5980,3.57767
5981,1.31399
5982,3.64345
5983,1.75552
5984,3.52052
5985,4.3385
5986,3.84514
5987,4.92688
5988,4.8251
5989,4.82654
5990,3.71494
5991,4.54966
5992,4.65119
5993,4.52096
5994,4.5772
5995,3.94493
5996,4.56251
5997,4.18601
5998,2.55522
5999,3.80395
6000,4.04092
6001,4.19127
6002,3.99366
6003,3.7777
6004,4.31947
6005,3.82923
6006,3.45158
6007,4.26073
6008,4.09685
6009,3.69126
6010,2.97199
6011,4.21567
6012,3.18837
6013,4.37475
6014,3.742
6015,3.91719
6016,4.49024
6017,4.59823
6018,4.28414
6019,4.06516
6020,3.44872
6021,4.35244
6022,3.77959
6023,4.09442
6024,3.65659
6025,4.37396
6026,3.30329
6027,4.73113
6028,3.69055
6029,4.05333
6030,4.36145
6031,4.08626
6032,4.49697
6033,3.85903
6034,4.03549
6035,3.69603
6036,4.26025
6037,3.61514
6038,4.10476
6039,4.42221
6040,3.05395
6041,3.38876
6042,4.52087
6043,3.58899
6044,1.96039
6045,3.12377
6046,2.23309
6047,3.7996
6048,2.63596
6049,2.58627
6050,3.98811
6051,3.41435
6052,2.79074
6053,3.70571
6054,3.82498
6055,3.87694
6056,3.46245
6057,3.15283
6058,2.38437
6059,3.15852
6060,4.55335
6061,3.4997
6062,2.66512
6063,3.24825
6064,2.82632
6065,3.34807
6066,3.83902
6067,3.03854
6068,3.20118
6069,2.5844
6070,3.22254
6071,4.05491
6072,1.46319
6073,3.22489
6074,2.67761
6075,3.17176
6076,3.18517
6077,2.60692
6078,3.24394
6079,3.85108
6080,3.23591
6081,3.3463
6082,3.01471
6083,1.69028
6084,2.57276
6085,3.76553
6086,3.04344
6087,3.20385
6088,3.08573
6089,3.00989
6090,3.18478
6091,3.36787
6092,3.57509
6093,3.27151
6094,3.62808
6095,3.09283
6096,2.9063
6097,3.65385
6098,3.59031
6099,3.42515
6100,3.49018
6101,3.34836
6102,3.19068
6103,3.6536
6104,4.20627
6105,4.57012
6106,4.34408
6107,4.59958
6108,4.68817
6109,4.15017
6110,4.93965
6111,4.82879
6112,5.0
6113,4.76984
6114,5.0
6115,4.87152
6116,4.67751
6117,4.82615
6118,4.5837
6119,4.07908
6120,5.0
6121,4.61293
6122,4.35119
6123,4.05405
6124,4.12169
6125,4.32207
6126,4.98024
6127,4.06354
6128,4.56552
6129,4.91624
6130,4.63278
6131,4.66934
6132,4.59222
6133,4.59571
6134,4.7847
6135,4.59584
6136,4.30788
6137,3.79993
6138,4.51376
6139,4.59564
6140,4.74805
6141,4.70194
6142,4.62978
6143,4.92008
6144,4.46551
6145,4.61737
6146,3.56329
6147,4.36912
6148,4.11487
6149,4.79977
6150,4.71961
6151,5.0
6152,4.50041
6153,4.67007
6154,4.79042
6155,4.54645
6156,4.49794
6157,5.0
6158,4.01488
6159,5.0
6160,4.01911
6161,3.77848
6162,3.17923
6163,3.36875
6164,2.37311
6165,3.32243
6166,3.7297
6167,3.5745
6168,4.2706
6169,3.93512
6170,4.04111
6171,3.83557
6172,3.98102
6173,4.49923
6174,3.72668
6175,3.41553
6176,3.65082
6177,3.79398
6178,4.4597
6179,3.65231
6180,2.39455
6181,3.48095
6182,4.22794
6183,3.53708
6184,3.82531
6185,4.01053
6186,3.48941
6187,4.07716
6188,4.3682
6189,4.09668
6190,4.13851
6191,3.22632
6192,4.35088
6193,4.14561
6194,4.21361
6195,3.93092
6196,2.47538
6197,3.77303
6198,4.44868
6199,3.71779
6200,4.09836
6201,3.28909
6202,4.5235
6203,3.91815
6204,3.01088
6205,2.76165
6206,3.17957
6207,4.24638
6208,4.34393
6209,4.32415
6210,2.12328
6211,2.64457
6212,2.40192
6213,3.14798
6214,4.33999
6215,4.35229
6216,3.99453
6217,3.94303
6218,4.29679
6219,4.1541
6220,3.14591
6221,3.98268
6222,4.82385
6223,4.01859
6224,3.65875
6225,4.48202
6226,3.6394
6227,2.12768
6228,2.92978
6229,2.12023
6230,3.15139
6231,1.93568
6232,2.48132
6233,1.67517
6234,4.03099
6235,2.85636
6236,2.96164
6237,1.45357
6238,3.97649
6239,4.41208
6240,2.65919
6241,4.15333
6242,4.53759
6243,4.5327
6244,3.08927
6245,3.47158
6246,4.07783
6247,4.35608
6248,4.1033
6249,4.6612
6250,4.40725
6251,4.00686
6252,1.99546
6253,3.29479
6254,4.24056
6255,3.40927
6256,2.2767
6257,3.15769
6258,4.51189
6259,4.31079
6260,3.51823
6261,3.9266
6262,4.26513
6263,3.68347
6264,2.8692
6265,3.72355
6266,3.86685
6267,3.47674
6268,3.52161
6269,4.03016
6270,2.75694
6271,2.74832
6272,4.7951
6273,4.15323
6274,3.77954
6275,4.34905
6276,4.52976
6277,2.53278
6278,3.59258
6279,3.25425
6280,4.12633
6281,2.13529
6282,2.83994
6283,4.39987
6284,3.02424
6285,3.87187
6286,4.52396
6287,3.647
6288,4.75758
6289,4.23527
6290,2.63331
6291,4.14531
6292,4.12514
6293,3.2233
6294,4.06031
6295,3.43813
6296,3.64745
6297,3.05885
6298,3.2881
6299,3.64697
6300,3.9545
6301,3.64684
6302,4.71932
6303,4.58162
6304,4.49014
6305,4.17416
6306,3.10194
6307,3.87668
6308,2.54936
6309,3.13748
6310,3.90157
6311,4.1976
6312,3.43962
6313,3.9126
6314,1.80636
6315,4.06966
6316,2.55729
6317,3.48631
6318,4.1967
6319,3.68769
6320,3.56749
6321,3.82829
6322,3.34372
6323,4.02341
6324,4.1471
6325,3.03002
6326,4.13605
6327,3.46201
6328,4.28556
6329,4.13629
6330,4.47486
6331,4.36477
6332,3.71546
6333,3.93214
6334,3.87304
6335,4.20836
6336,3.20802
6337,4.28319
6338,2.1443
6339,3.49389
6340,3.5753
6341,2.33949
6342,2.70837
6343,3.0365
6344,4.05551
6345,3.11093
6346,4.51293
6347,3.02178
6348,4.59266
6349,3.8518
6350,2.24631
6351,3.22668
6352,4.30358
6353,2.56589
6354,4.18542
6355,4.21404
6356,2.60133
6357,3.64012
6358,3.96226
6359,2.93398
6360,3.94868
6361,4.12213
6362,3.41952
6363,3.96477
6364,3.83098
6365,3.31762
6366,4.1512
6367,3.98673
6368,3.92447
6369,3.46103
6370,3.06897
6371,3.75745
6372,3.31962
6373,3.36532
6374,3.47636
6375,3.58667
6376,3.4497
6377,3.60929
6378,3.30836
6379,3.84152
6380,3.72688
6381,4.70967
6382,2.96283
6383,3.17086
6384,3.28403
6385,3.28521
6386,2.52734
6387,2.64253
6388,3.78124
6389,4.25815
6390,5.0
6391,3.80305
6392,3.55961
6393,4.27653
6394,3.6567
6395,3.10169
6396,2.85715
6397,3.99995
6398,4.63316
6399,4.42794
6400,4.34838
6401,4.60148
6402,4.38268
6403,2.80948
6404,3.47498
6405,3.08137
6406,4.28477
6407,4.89183
6408,3.17808
6409,4.58943
6410,2.35485
6411,3.18743
6412,3.48992
6413,4.43492
6414,4.21894
6415,3.84146
6416,3.15174
6417,2.37376
6418,3.886
6419,2.86609
6420,4.08469
6421,3.40618
6422,1.96353
6423,3.60417
6424,3.1984
6425,3.82259
6426,4.05724
6427,4.11429
6428,3.0854
6429,3.6071
6430,4.51958
6431,2.1875
6432,2.84117
6433,3.18548
6434,4.21406
6435,4.5591
6436,3.76857
6437,4.02986
6438,3.55888
6439,3.02887
6440,2.69657
6441,4.38838
6442,4.43501
6443,3.46899
6444,3.17348
6445,3.12553
6446,4.14201
6447,4.15664
6448,4.86832
6449,3.77849
6450,4.53333
6451,4.2214
6452,3.08121
6453,3.8176
6454,4.50204
6455,3.9311
6456,4.52111
6457,2.66323
6458,2.53184
6459,4.31437
6460,2.98866
6461,2.83833
6462,3.16692
6463,4.28402
6464,3.56186
6465,2.79472
6466,2.65536
6467,2.91212
6468,4.02197
6469,2.53928
6470,4.22254
6471,4.18088
6472,4.09233
6473,3.84405
6474,4.09392
6475,4.5976
6476,2.70537
6477,3.07013
6478,4.74257
6479,4.46899
6480,4.73343
6481,4.83489
6482,2.58712
6483,3.18298
6484,3.84779
6485,4.38946
6486,3.41988
6487,2.29889
6488,4.56223
6489,3.99851
6490,3.07936
6491,4.91965
6492,3.92965
6493,4.55186
6494,3.81609
6495,5.0
6496,2.97849
6497,4.4317
6498,3.26629
6499,3.77783
6500,2.73709
6501,5.0
6502,4.66892
6503,4.56012
6504,4.50703
6505,4.72291
6506,3.71813
6507,4.61562
6508,4.64767
6509,2.635
6510,3.71638
6511,3.71943
6512,4.94392
6513,3.29131
6514,2.40801
6515,4.18749
6516,3.6564
6517,2.95652
6518,2.19164
6519,3.6599
6520,3.03054
6521,2.48853
6522,3.00965
6523,3.72014
6524,5.0
6525,3.80852
6526,3.4252
6527,3.74406
6528,3.88932
6529,3.32843
6530,3.35515
6531,5.0
6532,4.03878
6533,4.66599
6534,4.32258
6535,3.42517
6536,4.15703
6537,1.62317
6538,3.56059
6539,3.89679
6540,3.08101
6541,2.13395
6542,4.2033
6543,2.51229
6544,3.02183
6545,2.17367
6546,3.51944
6547,3.904
6548,4.14731
6549,2.93462
6550,3.94187
6551,3.91383
6552,3.11396
6553,3.93262
6554,2.65738
6555,2.26737
6556,3.25797
6557,3.46613
6558,4.59598
6559,3.5025
6560,3.14083
6561,3.66479
6562,4.14833
6563,5.0
6564,3.78415
6565,4.40983
6566,3.78081
6567,3.69787
6568,3.42843
6569,3.95748
6570,3.94468
6571,3.1108
6572,2.4509
6573,4.32678
6574,4.50909
6575,4.57989
6576,4.88577
6577,3.91326
6578,3.13185
6579,3.57849
6580,3.10827
6581,2.68403
6582,2.28632
6583,3.37541
6584,4.12392
6585,3.98194
6586,4.29574
6587,4.16818
6588,4.6624
6589,3.2304
6590,4.67353
6591,3.54386
6592,2.83827
6593,4.58248
6594,2.3678
6595,3.66468
6596,3.08119
6597,2.29686
6598,3.99271
6599,3.30997
6600,4.20152
6601,4.3357
6602,3.34051
6603,4.02392
6604,3.80224
6605,4.28395
6606,2.97527
6607,3.92748
6608,3.50831
6609,3.60577
6610,4.01225
6611,2.87663
6612,4.05978
6613,3.83998
6614,4.75878
6615,3.08362
6616,3.08677
6617,4.64024
6618,3.41576
6619,3.94577
6620,4.73863
6621,5.0
6622,3.56252
6623,4.96486
6624,4.07182
6625,4.59824
6626,2.88442
6627,3.50235
6628,2.872
6629,3.71628
6630,3.54899
6631,3.6972
6632,3.88021
6633,4.89504
6634,3.54216
6635,4.16597
6636,4.15807
6637,3.83061
6638,4.01518
6639,3.58512
6640,3.96247
6641,3.4196
6642,3.84742
6643,2.74822
6644,2.33666
6645,1.50278
6646,4.46609
6647,3.52347
6648,3.02754
6649,2.77221
6650,2.60385
6651,3.0442
6652,3.36991
6653,2.54589
6654,2.83015
6655,2.68256
6656,3.20788
6657,3.77301
6658,2.77261
6659,3.79975
6660,2.38946
6661,2.37695
6662,4.11171
6663,2.31212
6664,3.36679
6665,3.77174
6666,4.18619
6667,4.05699
6668,4.39501
6669,3.84003
6670,3.86147
6671,5.0
6672,4.68669
6673,5.0
6674,4.30795
6675,4.31849
6676,4.9757
6677,4.57231
6678,4.94135
6679,4.94402
6680,4.04858
6681,2.28405
6682,3.23804
6683,2.33305
6684,3.58538
6685,5.0
6686,3.45791
6687,4.42127
6688,2.90524
6689,3.66529
6690,3.72419
6691,4.2886
6692,4.96456
6693,4.15787
6694,4.37711
6695,4.39427
6696,4.25234
6697,4.42551
6698,4.72579
6699,4.24778
6700,4.82967
6701,4.09217
6702,4.70657
6703,4.62047
6704,4.06324
6705,4.73027
6706,4.27704
6707,4.55758
6708,4.58536
6709,4.80884
6710,4.07544
6711,4.799
6712,4.77729
6713,4.96264
6714,4.9318
6715,3.61384
6716,3.82099
6717,5.0
6718,5.0
6719,4.75752
6720,4.86913
6721,5.0
6722,5.0
6723,4.98665
6724,4.1724
6725,4.71575
6726,5.0
6727,3.80883
6728,3.32153
6729,4.57926
6730,4.62834
6731,3.34333
6732,4.2561
6733,3.44598
6734,3.09703
6735,3.55549
6736,3.58431
6737,4.24152
6738,3.31209
6739,4.08804
6740,2.63981
6741,3.72814
6742,4.18894
6743,3.50059
6744,3.89364
6745,3.02306
6746,4.27087
6747,3.29047
6748,4.07337
6749,2.3516
6750,3.39127
6751,4.30998
6752,4.12558
6753,4.18158
6754,2.44426
6755,3.54775
6756,3.69451
6757,3.97064
6758,4.34388
6759,4.73254
6760,3.2687
6761,4.85846
6762,4.30602
6763,4.73803
6764,4.78515
6765,4.37304
6766,4.51548
6767,3.21141
6768,4.71602
6769,2.83593
6770,1.7867
6771,3.63906
6772,2.0364
6773,4.92295
6774,3.27487
6775,2.33436
6776,1.33285
6777,3.22401
6778,2.63928
6779,3.2968
6780,2.89756
6781,1.62343
6782,2.24598
6783,3.87371
6784,4.6173
6785,3.23742
6786,2.69159
6787,2.48088
6788,1.90119
6789,3.31621
6790,4.81038
6791,3.3059
6792,5.0
6793,4.14633
6794,3.84862
6795,3.90747
6796,2.66929
6797,4.50848
6798,3.46253
6799,3.87878
6800,2.53381
6801,2.73449
6802,2.61913
6803,3.45887
6804,3.61977
6805,4.54635
6806,3.47707
6807,3.4853
6808,2.71595
6809,3.52374
6810,4.06148
6811,4.09623
6812,4.21757
6813,3.64077
6814,3.91994
6815,4.38617
6816,3.63344
6817,2.31415
6818,5.0
6819,3.54336
6820,2.79042
6821,3.48596
6822,3.6348
6823,2.77358
6824,3.98654
6825,4.43975
6826,4.14969
6827,2.7806
6828,3.90128
6829,4.25248
6830,3.87168
6831,4.86957
6832,4.55965
6833,4.50358
6834,4.6364
6835,4.52385
6836,3.25735
6837,2.7735
6838,3.0686
6839,4.19328
6840,4.42425
6841,3.88722
6842,2.52616
6843,3.43955
6844,3.59492
6845,3.73367
6846,3.63814
6847,3.26683
6848,3.12695
6849,3.90035
6850,3.60509
6851,4.1363
6852,3.2205
6853,4.52582
6854,1.93096
6855,4.14011
6856,3.88853
6857,3.13274
6858,2.9199
6859,3.98591
6860,3.29364
6861,2.95023
6862,2.94614
6863,3.71416
6864,1.45333
6865,3.44739
6866,2.34
6867,3.86639
6868,2.69549
6869,2.18195
6870,3.89522
6871,3.1224
6872,2.698
6873,4.31832
6874,3.65922
6875,3.60058
6876,2.61492
6877,2.94344
6878,3.55331
6879,2.54762
6880,3.73904
6881,3.44165
6882,3.57979
6883,2.83094
6884,4.04221
6885,3.04283
6886,4.0364
6887,3.70322
6888,2.85492
6889,1.41397
6890,1.52441
6891,3.68689
6892,2.51044
6893,4.29606
6894,3.54819
6895,3.60815
6896,3.38143
6897,4.07536
6898,3.26918
6899,4.06343
6900,3.91225
6901,3.47656
6902,2.80447
6903,3.30612
6904,3.68786
6905,3.58995
6906,3.09797
6907,2.65682
6908,3.88384
6909,3.90416
6910,4.22842
6911,3.75539
6912,3.56092
6913,2.89294
6914,4.01809
6915,4.01003
6916,2.73073
6917,3.44606
6918,2.20617
6919,3.60391
6920,4.00544
6921,1.609
6922,2.97742
6923,3.18732
6924,2.67309
6925,2.6874
6926,2.33735
6927,3.42439
6928,3.68821
6929,4.65241
6930,3.7171
6931,4.02147
6932,1.6935
6933,4.11495
6934,4.42572
6935,4.51507
6936,3.3172
6937,2.31847
6938,5.0
6939,4.09151
6940,3.63326
6941,3.55889
6942,4.37162
6943,4.3711
6944,4.45339
6945,4.13018
6946,4.52125
6947,4.707
6948,4.54363
6949,4.16748
6950,3.97961
6951,4.51672
6952,3.83876
6953,4.24105
6954,4.77406
6955,4.12622
6956,3.60059
6957,3.93375
6958,4.0438
6959,4.29901
6960,4.45528
6961,3.9016
6962,3.47252
6963,4.11849
6964,4.00119
6965,2.6289
6966,3.78114
6967,4.40122
6968,3.48664
6969,3.36163
6970,4.8652
6971,4.32784
6972,1.68238
6973,4.1513
6974,3.45374
6975,2.68178
6976,4.58589
6977,3.76299
6978,3.58095
6979,3.98079
6980,2.87034
6981,4.65129
6982,2.8199
6983,4.47749
6984,4.03367
6985,3.21124
6986,3.35986
6987,3.78128
6988,2.92932
6989,3.89131
6990,3.69153
6991,4.51539
6992,3.71855
6993,4.90259
6994,3.28063
6995,3.58389
6996,3.4902
6997,4.401
6998,5.0
6999,1.35876
7000,4.41694
7001,4.38895
7002,4.60213
7003,3.1371
7004,3.96948
7005,2.35177
7006,4.21954
7007,3.65884
7008,3.42657
7009,3.55731
7010,3.41324
7011,2.96693
7012,2.34591
7013,3.19613
7014,4.28391
7015,3.11175
7016,3.46865
7017,4.1674
7018,3.62991
7019,3.22613
7020,3.55995
7021,4.24486
7022,2.11176
7023,3.37004
7024,4.80323
7025,3.62086
7026,2.53453
7027,2.94386
7028,4.21134
7029,2.55455
7030,3.46033
7031,3.15738
7032,4.60363
7033,4.79721
7034,3.87261
7035,3.28398
7036,3.06144
7037,4.13922
7038,4.25054
7039,3.00518
7040,3.3694
7041,2.66776
7042,4.9937
7043,4.16682
7044,3.90862
7045,3.0234
7046,4.2614
7047,3.97958
7048,2.36171
7049,3.94633
7050,3.84694
7051,3.62662
7052,3.66848
7053,3.25664
7054,4.42484
7055,3.99593
7056,4.52191
7057,3.70724
7058,4.54822
7059,3.59459
7060,2.82951
7061,3.8376
7062,4.80284
7063,4.57246
7064,3.93911
7065,4.32312
7066,3.48472
7067,3.73775
7068,3.54722
7069,4.76304
7070,4.84277
7071,3.10405
7072,4.34592
7073,4.1842
7074,4.54595
7075,4.00274
7076,3.08786
7077,4.37606
7078,3.41395
7079,5.0
7080,3.46403
7081,3.71573
7082,2.99732
7083,4.16895
7084,3.24814
7085,3.99988
7086,3.80816
7087,3.56174
7088,3.30376
7089,3.78446
7090,2.95935
7091,3.96664
7092,3.95951
7093,4.05885
7094,3.87397
7095,3.87838
7096,3.98613
7097,3.79754
7098,2.55753
7099,3.94251
7100,4.23582
7101,3.78775
7102,3.17756
7103,3.82606
7104,3.23252
7105,3.22659
7106,3.78963
7107,3.44798
7108,3.8294
7109,3.50637
7110,2.91121
7111,3.6349
7112,3.78698
7113,3.55238
7114,3.18657
7115,3.37514
7116,2.08231
7117,4.00219
7118,4.28258
7119,3.73916
7120,3.91203
7121,3.21417
7122,3.03797
7123,4.02179
7124,3.10094
7125,2.1016
7126,4.03918
7127,3.48146
7128,4.02393
7129,3.73838
7130,3.98423
7131,3.81429
7132,4.36014
7133,3.99771
7134,4.18006
7135,4.2763
7136,3.44358
7137,3.50679
7138,4.23006
7139,2.76447
7140,2.64914
7141,3.61909
7142,2.71343
7143,3.20183
7144,1.71869
7145,4.04718
7146,2.64308
7147,3.74482
7148,4.12861
7149,3.96832
7150,3.76848
7151,3.52836
7152,4.40627
7153,3.62838
7154,3.93551
7155,2.5809
7156,4.17924
7157,2.90251
7158,2.57874
7159,2.48059
7160,2.72452
7161,3.40797
7162,4.22084
7163,3.72208
7164,3.30202
7165,4.174
7166,2.94622
7167,2.72371
7168,2.83652
7169,3.15864
7170,3.85486
7171,3.70362
7172,4.17635
7173,3.76016
7174,4.21904
7175,3.6335
7176,2.70596
7177,3.23807
7178,4.30108
7179,3.43945
7180,3.75177
7181,2.87531
7182,3.71123
7183,2.83301
7184,3.88935
7185,2.27958
7186,2.02995
7187,2.80896
7188,3.09549
7189,2.66943
7190,2.28723
7191,4.15683
7192,3.34281
7193,1.22031
7194,2.05228
7195,2.70109
7196,3.4364
7197,3.39054
7198,3.102
7199,4.02504
7200,4.37196
7201,3.07375
7202,3.51396
7203,3.13743
7204,3.2767
7205,3.0467
7206,3.71718
7207,4.5499
7208,3.82904
7209,3.44585
7210,3.0137
7211,4.51712
7212,4.0126
7213,4.11963
7214,3.12617
7215,1.64562
7216,2.85824
7217,2.96464
7218,3.57645
7219,2.37871
7220,3.19238
7221,2.89084
7222,3.96081
7223,3.61012
7224,2.63949
7225,3.33019
7226,2.43405
7227,2.79839
7228,3.85399
7229,3.34358
7230,2.39764
7231,3.36933
7232,2.32614
7233,2.76489
7234,2.94916
7235,3.12147
7236,4.12586
7237,2.88936
7238,2.5952
7239,1.92296
7240,3.912
7241,1.71828
7242,3.19493
7243,3.44906
7244,4.44473
7245,3.93846
7246,2.77809
7247,3.61319
7248,4.11409
7249,3.15477
7250,2.96932
7251,3.88544
7252,3.42265
7253,3.8858
7254,3.99475
7255,4.69123
7256,4.23734
7257,4.41093
7258,3.50668
7259,3.68912
7260,3.25236
7261,3.81917
7262,2.50795
7263,3.85635
7264,2.63486
7265,3.17875
7266,3.06477
7267,2.88477
7268,3.97884
7269,2.43002
7270,3.20171
7271,3.01444
7272,3.56343
7273,2.86649
7274,3.67091
7275,4.31953
7276,3.43214
7277,4.38844
7278,4.00876
7279,4.2037
7280,3.47296
7281,3.31106
7282,3.21866
7283,4.49411
7284,3.38838
7285,2.78532
7286,3.34161
7287,4.07898
7288,2.46627
7289,3.75547
7290,4.47938
7291,4.06043
7292,3.5249
7293,3.68385
7294,4.29396
7295,3.55992
7296,3.68057
7297,3.61253
7298,3.74582
7299,3.74618
7300,3.78155
7301,4.203
7302,3.76316
7303,4.75899
7304,4.42113
7305,3.93438
7306,4.66045
7307,3.55731
7308,4.05051
7309,4.99722
7310,3.43436
7311,4.88588
7312,4.99457
7313,4.44214
7314,4.66712
7315,3.77336
7316,5.0
7317,3.88298
7318,5.0
7319,4.58209
7320,5.0
7321,4.4007
7322,4.25339
7323,3.99958
7324,2.01137
7325,3.12996
7326,4.72241
7327,4.1954
7328,4.19942
7329,3.55406
7330,4.31217
7331,4.83402
7332,3.55804
7333,4.69162
7334,4.08769
7335,4.39287
7336,4.25011
7337,5.0
7338,2.82943
7339,3.11042
7340,3.33868
7341,3.87942
7342,4.32309
7343,4.21563
7344,3.41471
7345,3.95782
7346,4.23602
7347,4.44631
7348,3.34826
7349,4.00612
7350,3.05506
7351,3.61654
7352,3.69876
7353,3.43549
7354,2.98603
7355,2.54687
7356,4.21598
7357,3.03351
7358,3.60021
7359,4.36901
7360,4.47758
7361,4.18547
7362,3.70205
7363,4.41734
7364,3.9383
7365,3.64225
7366,3.76082
7367,3.65992
7368,4.17761
7369,4.16098
7370,4.04747
7371,4.27155
7372,4.34498
7373,4.30479
7374,4.16822
7375,4.83756
7376,4.36788
7377,4.38835
7378,2.71443
7379,3.51795
7380,3.14596
7381,3.26196
7382,5.0
7383,2.1555
7384,3.66321
7385,3.2213
7386,3.68182
7387,3.32777
7388,4.95622
7389,3.27446
7390,3.13259
7391,2.47954
7392,2.04741
7393,1.8401
7394,4.54229
7395,4.42086
7396,3.30652
7397,4.53555
7398,3.60619
7399,4.80733
7400,4.47971
7401,4.9117
7402,3.4153
7403,4.50949
7404,4.36799
7405,4.51528
7406,4.1554
7407,4.14525
7408,2.65246
7409,3.95461
7410,4.34969
7411,4.94092
7412,4.35899
7413,4.33609
7414,3.71449
7415,3.15427
7416,4.59432
7417,4.87918
7418,4.54172
7419,4.24591
7420,3.99635
7421,2.30316
7422,3.59947
7423,3.20611
7424,3.30203
7425,3.41445
7426,2.51767
7427,2.46496
7428,3.7728
7429,2.39277
7430,3.95073
7431,4.28219
7432,4.20844
7433,3.93761
7434,4.39593
7435,3.70852
7436,2.22152
7437,3.17976
7438,3.4143
7439,2.77904
7440,3.53702
7441,4.50746
7442,2.59891
7443,3.20398
7444,1.86077
7445,2.86459
7446,4.32072
7447,2.92562
7448,3.36944
7449,3.97652
7450,2.51462
7451,4.39288
7452,2.31245
7453,3.30721
7454,3.99506
7455,3.18221
7456,3.74654
7457,4.17079
7458,2.92119
7459,4.28812
7460,3.98708
7461,3.95931
7462,3.44979
7463,3.23549
7464,2.76228
7465,2.53098
7466,3.98894
7467,4.26316
7468,3.83824
7469,2.84972
7470,4.1606
7471,4.00554
7472,3.2458
7473,3.73908
7474,3.00363
7475,3.3753
7476,2.66326
7477,2.72564
7478,3.50245
7479,2.89619
7480,2.9926
7481,3.98931
7482,3.69558
7483,2.64387
7484,3.19022
7485,3.14216
7486,4.23232
7487,3.51258
7488,3.60402
7489,3.99599
7490,3.81292
7491,3.98029
7492,3.67971
7493,3.72219
7494,2.86294
7495,3.63898
7496,4.33314
7497,2.82349
7498,3.019
7499,3.25686
7500,2.94938
7501,3.22371
7502,3.44089
7503,3.14252
7504,3.60095
7505,3.45344
7506,3.16715
7507,2.52803
7508,3.78339
7509,3.24773
7510,3.17609
7511,3.57233
7512,2.9437
7513,3.89293
7514,3.56884
7515,3.59899
7516,2.9097
7517,4.19842
7518,4.05119
7519,3.65669
7520,3.8738
7521,3.27537
7522,4.58053
7523,4.28667
7524,2.52125
7525,3.11613
7526,3.62063
7527,4.65804
7528,4.89216
7529,4.15024
7530,5.0
7531,3.8048
7532,4.6853
7533,4.75719
7534,4.05474
7535,4.81437
7536,3.46594
7537,3.91124
7538,1.21633
7539,3.2583
7540,3.95135
7541,4.32424
7542,3.45305
7543,4.06148
7544,1.86517
7545,2.7828
7546,3.20216
7547,2.64706
7548,3.18904
7549,2.63706
7550,3.75429
7551,2.91801
7552,3.49676
7553,4.18017
7554,5.0
7555,3.42645
7556,3.58791
7557,3.97232
7558,4.58579
7559,4.87025
7560,3.78091
7561,5.0
7562,3.61261
7563,3.642
7564,3.8074
7565,3.46825
7566,4.003
7567,3.9235
7568,3.10905
7569,4.2892
7570,3.84201
7571,4.7237
7572,3.42071
7573,3.03585
7574,3.28069
7575,3.41752
7576,4.23766
7577,3.93617
7578,2.42148
7579,3.84209
7580,4.03955
7581,3.91157
7582,3.24292
7583,2.90998
7584,3.79563
7585,3.22616
7586,1.87855
7587,2.65478
7588,2.86229
7589,3.02173
7590,3.84118
7591,2.313
7592,3.67977
7593,2.44776
7594,2.81424
7595,3.21566
7596,3.29783
7597,1.55753
7598,3.17595
7599,2.88227
7600,2.20169
7601,2.90087
7602,2.54082
7603,2.63393
7604,2.97581
7605,3.29702
7606,2.76517
7607,2.97592
7608,4.08369
7609,4.60777
7610,4.37573
7611,3.06182
7612,3.305
7613,3.84577
7614,2.3151
7615,3.94714
7616,4.43279
7617,3.83226
7618,3.76877
7619,4.00271
7620,4.6136
7621,4.40165
7622,2.42811
7623,4.37342
7624,4.56066
7625,3.41568
7626,4.46716
7627,5.0
7628,4.40612
7629,4.565
7630,4.09767
7631,4.43781
7632,4.5399
7633,3.16486
7634,3.48315
7635,4.69851
7636,3.98638
7637,4.71617
7638,4.87513
7639,5.0
7640,3.40841
7641,4.20644
7642,4.75268
7643,4.3443
7644,3.69124
7645,3.77724
7646,4.03612
7647,4.03752
7648,4.6998
7649,4.27207
7650,3.22879
7651,2.8382
7652,3.23806
7653,3.61892
7654,3.26609
7655,3.99902
7656,4.9123
7657,4.35307
7658,3.7891
7659,3.09812
7660,3.23827
7661,4.33173
7662,4.39827
7663,3.33448
7664,4.19269
7665,4.63405
7666,3.73342
7667,4.22426
7668,3.63641
7669,4.29214
7670,4.5968
7671,4.73335
7672,4.06578
7673,3.8047
7674,3.88495
7675,4.2924
7676,2.53549
7677,4.04709
7678,4.1053
7679,4.33469
7680,3.47874
7681,3.77038
7682,2.97178
7683,3.86644
7684,4.70958
7685,2.94634
7686,2.54894
7687,4.88348
7688,4.65178
7689,5.0
7690,3.0112
7691,2.84277
7692,2.38589
7693,4.30136
7694,3.76824
7695,3.67549
7696,4.57985
7697,4.03259
7698,4.04149
7699,3.67848
7700,4.15648
7701,3.96378
7702,4.025
7703,4.16659
7704,3.98822
7705,4.33842
7706,3.33658
7707,2.94441
7708,4.6694
7709,4.64515
7710,4.31895
7711,4.40879
7712,2.36973
7713,2.42612
7714,4.55445
7715,3.67134
7716,4.33345
7717,2.43336
7718,2.64939
7719,3.97598
7720,4.01321
7721,4.90816
7722,3.82496
7723,2.86021
7724,4.48805
7725,2.426
7726,2.27299
7727,3.64003
7728,4.69257
7729,2.5271
7730,2.34051
7731,2.41974
7732,5.0
7733,3.58299
7734,3.83385
7735,3.74104
7736,3.98338
7737,3.26707
7738,4.58261
7739,2.42635
7740,2.62651
7741,4.16004
7742,2.26075
7743,2.4293
7744,2.63943
7745,4.35879
7746,2.80201
7747,2.45383
7748,2.52881
7749,2.49431
7750,3.35361
7751,2.56024
7752,3.39025
7753,3.65095
7754,4.44419
7755,4.64475
7756,4.11861
7757,4.36815
7758,3.16655
7759,4.64595
7760,3.58219
7761,5.0
7762,4.36153
7763,4.11391
7764,2.28979
7765,4.93715
7766,3.08349
7767,3.71959
7768,3.196
7769,2.99864
7770,4.02557
7771,2.47136
7772,3.59048
7773,2.42266
7774,4.22441
7775,3.42694
7776,4.34958
7777,2.70072
7778,2.68871
7779,4.15958
7780,3.19894
7781,3.86256
7782,2.88085
7783,4.10294
7784,4.62904
7785,2.95538
7786,3.97644
7787,3.82355
7788,3.87625
7789,3.28795
7790,2.63838
7791,3.46367
7792,3.66749
7793,1.26841
7794,4.27427
7795,3.31503
7796,2.80712
7797,5.0
7798,3.30356
7799,5.0
7800,2.14427
7801,3.65761
7802,5.0
7803,4.50813
7804,4.85437
7805,4.80558
7806,3.11364
7807,4.13382
7808,3.74282
7809,3.24994
7810,3.7172
7811,3.982
7812,3.42025
7813,3.97476
7814,3.89416
7815,2.11008
7816,4.43374
7817,3.52769
7818,5.0
7819,3.03684
7820,4.07099
7821,3.64791
7822,4.5354
7823,4.12661
7824,4.43588
7825,3.84914
7826,2.64806
7827,2.80138
7828,3.3524
7829,2.85961
7830,3.0539
7831,4.38252
7832,2.31383
7833,3.36974
7834,3.85056
7835,3.40975
7836,3.60891
7837,3.36879
7838,2.93762
7839,3.19658
7840,4.25845
7841,3.50542
7842,3.69788
7843,4.06734
7844,3.43208
7845,4.438
7846,3.00528
7847,4.45094
7848,4.19327
7849,3.38922
7850,2.79108
7851,2.89492
7852,4.20238
7853,3.02114
7854,2.94071
7855,4.44269
7856,3.49398
7857,3.22871
7858,3.54671
7859,3.17612
7860,2.20295
7861,4.32753
7862,3.5168
7863,3.52164
7864,1.0
7865,3.37334
7866,2.20912
7867,3.0583
7868,3.14365
7869,3.37702
7870,2.97758
7871,4.08737
7872,3.65719
7873,4.79729
7874,2.89211
7875,4.42113
7876,3.55438
7877,4.04
7878,3.78258
7879,4.18101
7880,3.44471
7881,2.98753
7882,3.51635
7883,4.25337
7884,2.44102
7885,4.70451
7886,3.93669
7887,3.60033
7888,4.58634
7889,4.37326
7890,4.81716
7891,2.95289
7892,4.91891
7893,3.61216
7894,4.32549
7895,3.82408
7896,4.56564
7897,4.99321
7898,4.80504
7899,4.60353
7900,3.56011
7901,3.76705
7902,3.71332
7903,3.34811
7904,3.6563
7905,2.05794
7906,4.13228
7907,2.56038
7908,3.23516
7909,3.60319
7910,3.12794
7911,3.00859
7912,3.95248
7913,3.37472
7914,2.08527
7915,2.90018
7916,3.70833
7917,2.99969
7918,3.83254
7919,3.00354
7920,2.86636
7921,2.81883
7922,3.46488
7923,3.5424
7924,2.3301
7925,1.7319
7926,3.15358
7927,2.85043
7928,3.8444
7929,3.36187
7930,4.51472
7931,3.38571
7932,3.41124
7933,2.48617
7934,3.56399
7935,3.35518
7936,3.10018
7937,3.40985
7938,2.2917
7939,3.01562
7940,4.10993
7941,4.11168
7942,3.19968
7943,3.2786
7944,3.4486
7945,4.50262
7946,3.40006
7947,3.73737
7948,2.8485
7949,2.94393
7950,3.51699
7951,4.29556
7952,3.5479
7953,3.11644
7954,3.30512
7955,2.60935
7956,3.87339
7957,2.41614
7958,3.42605
7959,4.42325
7960,2.95733
7961,3.48599
7962,2.88305
7963,2.38614
7964,2.69527
7965,2.88739
7966,3.63338
7967,1.87336
7968,3.00295
7969,3.51128
7970,3.3626
7971,3.00098
7972,3.26057
7973,2.56219
7974,4.83268
7975,3.65879
7976,2.73204
7977,4.05813
7978,3.30589
7979,2.93111
7980,3.20337
7981,2.36636
7982,3.35611
7983,4.26468
7984,2.17287
7985,3.05441
7986,3.36743
7987,4.60861
7988,4.76317
7989,4.58825
7990,4.71168
7991,3.11303
7992,4.08144
7993,4.84357
7994,2.32927
7995,2.4591
7996,4.71158
7997,3.50008
7998,3.93855
7999,2.6909
8000,3.35213
8001,3.20919
8002,2.87941
8003,3.19284
8004,2.16258
8005,3.00262
8006,2.43137
8007,2.94522
8008,2.57476
8009,3.01767
8010,4.22531
8011,4.11999
8012,3.12994
8013,1.85883
8014,3.35293
8015,3.80359
8016,3.05437
8017,2.43413
8018,3.4635
8019,2.97887
8020,2.96
8021,3.20531
8022,3.89051
8023,2.31327
8024,3.43529
8025,4.13518
8026,3.8682
8027,4.13834
8028,3.87454
8029,4.23162
8030,3.97054
8031,3.4447
8032,2.451
8033,3.5755
8034,4.22396
8035,3.26979
8036,3.06926
8037,2.41236
8038,2.8641
8039,3.74803
8040,3.54255
8041,2.48985
8042,3.57733
8043,3.77151
8044,3.17603
8045,3.73241
8046,3.78857
8047,4.36792
8048,3.93277
8049,3.9353
8050,4.09903
8051,3.98606
8052,3.90119
8053,4.09726
8054,2.91129
8055,3.20298
8056,5.0
8057,2.01064
8058,3.73372
8059,4.30024
8060,3.13418
8061,3.96858
8062,3.13433
8063,2.75441
8064,2.6349
8065,4.61407
8066,3.60182
8067,3.60176
8068,3.05132
8069,5.0
8070,3.91893
8071,2.97625
8072,4.28203
8073,2.81482
8074,4.96412
8075,4.22251
8076,3.46517
8077,4.06769
8078,4.05623
8079,4.7262
8080,4.55869
8081,3.27567
8082,3.52538
8083,4.4397
8084,4.62124
8085,5.0
8086,3.99518
8087,4.48825
8088,4.23677
8089,2.14206
8090,5.0
8091,4.2481
8092,4.94873
8093,5.0
8094,5.0
8095,5.0
8096,3.90589
8097,3.7955
8098,3.70303
8099,3.56571
8100,3.73101
8101,3.61757
8102,3.37723
8103,3.85076
8104,4.01863
8105,3.69864
8106,3.76694
8107,3.7758
8108,3.70014
8109,3.73108
8110,3.71563
8111,4.75261
8112,3.04429
8113,2.80342
8114,2.87768
8115,1.72971
8116,2.92898
8117,4.3793
8118,3.57478
8119,2.97362
8120,1.90225
8121,4.07494
8122,2.54037
8123,1.19882
8124,3.57531
8125,3.57793
8126,1.0
8127,1.2316
8128,3.40938
8129,1.95136
8130,4.23166
8131,3.50343
8132,3.57204
8133,3.64694
8134,4.09532
8135,3.52731
8136,3.52348
8137,2.88336
8138,4.54127
8139,3.91817
8140,3.11381
8141,4.0006
8142,3.84117
8143,2.66108
8144,3.79967
8145,2.91168
8146,4.14378
8147,3.05194
8148,4.26394
8149,3.03887
8150,4.05997
8151,3.96423
8152,2.91631
8153,4.65112
8154,4.11497
8155,4.47013
8156,3.20031
8157,3.78949
8158,4.63196
8159,3.68265
8160,4.23532
8161,3.875
8162,4.12739
8163,4.98943
8164,4.03044
8165,3.30292
8166,3.22922
8167,4.23968
8168,3.99773
8169,4.04946
8170,3.86162
8171,2.81722
8172,3.51013
8173,4.17375
8174,4.70602
8175,4.27629
8176,3.12127
8177,3.72687
8178,4.62752
8179,4.59172
8180,3.82191
8181,3.71888
8182,3.8707
8183,4.32884
8184,5.0
8185,3.4495
8186,4.11256
8187,4.1956
8188,4.40301
8189,4.03864
8190,3.77616
8191,3.86172
8192,4.76701
8193,4.71354
8194,4.65879
8195,3.88509
8196,2.80742
8197,3.86899
8198,3.69124
8199,4.68934
8200,3.06518
8201,2.85345
8202,4.37115
8203,4.60416
8204,4.19387
8205,3.52279
8206,4.09956
8207,3.73012
8208,1.98578
8209,3.46356
8210,3.56607
8211,3.94258
8212,3.32239
8213,3.65809
8214,2.17209
8215,3.14023
8216,1.0829
8217,1.28608
8218,3.92525
8219,3.34181
8220,3.75154
8221,4.23226
8222,3.95784
8223,2.68878
8224,1.97131
8225,1.0
8226,4.14963
8227,5.0
8228,4.58242
8229,4.02158
8230,4.05802
8231,4.36657
8232,2.95799
8233,1.0
8234,1.0
8235,4.24595
8236,3.71226
8237,1.83766
8238,4.47394
8239,3.65792
8240,3.94123
8241,3.31477
8242,2.87011
8243,3.6671
8244,4.92153
8245,4.41825
8246,3.49935
8247,3.6181
8248,3.86823
8249,3.71735
8250,2.24213
8251,3.46832
8252,2.46022
8253,2.35328
8254,2.47331
8255,2.67237
8256,2.35101
8257,4.3855
8258,3.1334
8259,4.88513
8260,2.77134
8261,3.28398
8262,4.05569
8263,2.81676
8264,3.95427
8265,5.0
8266,4.72003
8267,3.81477
8268,5.0
8269,4.10586
8270,4.07234
8271,4.1224
8272,5.0
8273,4.03327
8274,3.89948
8275,4.82914
8276,4.09328
8277,3.85478
8278,3.6675
8279,2.69873
8280,3.42083
8281,4.21
8282,4.37041
8283,3.76941
8284,2.55401
8285,2.46375
8286,3.60396
8287,3.82795
8288,3.75004
8289,4.13114
8290,2.49533
8291,2.91479
8292,3.6255
8293,3.47021
8294,2.19404
8295,4.96786
8296,2.38393
8297,3.24541
8298,3.6404
8299,3.28798
8300,3.33226
8301,3.23804
8302,3.31224
8303,3.99951
8304,3.52533
8305,3.93457
8306,2.20357
8307,2.9111
8308,3.87337
8309,2.86141
8310,2.82519
8311,4.07107
8312,3.93104
8313,3.42309
8314,4.48555
8315,5.0
8316,4.09533
8317,4.26971
8318,3.25553
8319,4.13897
8320,4.47818
8321,3.38717
8322,4.64442
8323,4.16729
8324,3.53435
8325,4.00577
8326,3.84138
8327,3.01883
8328,4.05911
8329,2.76916
8330,2.2405
8331,3.51736
8332,4.5157
8333,3.39815
8334,4.0081
8335,3.34651
8336,3.95254
8337,2.67027
8338,3.45155
8339,3.81423
8340,4.43377
8341,3.21596
8342,4.11892
8343,3.86748
8344,3.9193
8345,4.36394
8346,4.46435
8347,3.22477
8348,3.26319
8349,2.5948
8350,4.68545
8351,2.93545
8352,2.71067
8353,4.58375
8354,3.78232
8355,4.56173
8356,3.51805
8357,3.37402
8358,4.2762
8359,3.54244
8360,5.0
8361,3.69137
8362,3.47841
8363,5.0
8364,3.90675
8365,4.47698
8366,4.96363
8367,4.94362
8368,4.71217
8369,3.82238
8370,3.66511
8371,4.81665
8372,4.55169
8373,2.868
8374,4.00413
8375,4.60395
8376,3.47338
8377,3.41253
8378,3.859
8379,2.71018
8380,3.78751
8381,2.7752
8382,3.83687
8383,3.73427
8384,3.94154
8385,4.17992
8386,3.59188
8387,3.59607
8388,3.55772
8389,3.83123
8390,3.61281
8391,3.09823
8392,3.93797
8393,3.30325
8394,3.36047
8395,4.15366
8396,3.17966
8397,4.20689
8398,3.57228
8399,3.45066
8400,2.3277
8401,3.69368
8402,3.90856
8403,4.20668
8404,2.98001
8405,2.87951
8406,3.70761
8407,4.14704
8408,3.42778
8409,3.36523
8410,3.89729
8411,3.20426
8412,3.5495
8413,3.83453
8414,3.79742
8415,2.72938
8416,4.00892
8417,3.58636
8418,4.28004
8419,4.58614
8420,3.8213
8421,4.01855
8422,3.36182
8423,3.90885
8424,3.57451
8425,3.0995
8426,3.75957
8427,4.40833
8428,3.49341
8429,2.17066
8430,2.9826
8431,3.63894
8432,3.41012
8433,3.34437
8434,4.2069
8435,4.09688
8436,2.7391
8437,4.04372
8438,3.6805
8439,4.70377
8440,3.57512
8441,3.28868
8442,3.25116
8443,3.04116
8444,3.68028
8445,3.45115
8446,2.9632
8447,3.68193
8448,4.70979
8449,3.96961
8450,3.52348
8451,3.76896
8452,4.05156
8453,4.08167
8454,3.15602
8455,4.55218
8456,3.58535
8457,3.56872
8458,3.42828
8459,3.41972
8460,3.48081
8461,3.87572
8462,4.40731
8463,3.67243
8464,4.56904
8465,4.17447
8466,4.03917
8467,4.11528
8468,4.19491
8469,3.6585
8470,3.69534
8471,4.25564
8472,4.13024
8473,3.79149
8474,3.34058
8475,3.97514
8476,2.86104
8477,3.89805
8478,3.66086
8479,4.08521
8480,3.81723
8481,2.66468
8482,4.32291
8483,3.0755
8484,4.07114
8485,3.84951
8486,3.71532
8487,3.37758
8488,3.80607
8489,2.94243
8490,3.78815
8491,2.69903
8492,3.31216
8493,3.32803
8494,4.07546
8495,3.60912
8496,4.33661
8497,4.22509
8498,4.51858
8499,3.17346
8500,3.75272
8501,3.52659
8502,5.0
8503,4.35788
8504,4.91592
8505,4.21989
8506,4.78257
8507,4.36275
8508,2.53141
8509,2.93811
8510,4.19202
8511,2.76637
8512,4.1568
8513,3.46466
8514,4.55325
8515,4.05066
8516,2.47176
8517,3.54266
8518,3.11746
8519,4.43112
8520,4.26287
8521,4.22336
8522,3.49029
8523,2.63473
8524,2.15116
8525,3.66463
8526,3.41831
8527,3.96261
8528,3.57408
8529,2.31452
8530,3.54719
8531,3.02827
8532,3.41124
8533,2.40917
8534,2.77143
8535,3.18569
8536,3.47512
8537,2.29213
8538,2.07243
8539,2.92978
8540,2.3912
8541,2.60273
8542,4.11237
8543,3.29554
8544,3.16447
8545,3.39566
8546,4.1563
8547,4.28117
8548,4.08301
8549,4.34833
8550,3.97324
8551,3.86287
8552,4.41846
8553,2.86669
8554,3.63902
8555,4.10892
8556,3.77806
8557,3.31074
8558,3.74598
8559,3.43487
8560,4.27075
8561,4.11899
8562,4.48468
8563,3.2188
8564,3.99288
8565,3.10311
8566,3.44882
8567,3.50113
8568,3.70877
8569,3.59602
8570,3.52714
8571,3.75913
8572,3.74842
8573,3.99918
8574,3.5126
8575,2.78603
8576,3.00644
8577,4.05167
8578,5.0
8579,2.84013
8580,4.0174
8581,4.57979
8582,4.36943
8583,3.96006
8584,4.49036
8585,2.86552
8586,4.24033
8587,3.45239
8588,2.97093
8589,3.6971
8590,2.31309
8591,4.14746
8592,2.12912
8593,4.39448
8594,2.64816
8595,4.14097
8596,4.61028
8597,4.43401
8598,4.18585
8599,3.82969
8600,3.99238
8601,2.02907
8602,2.14459
8603,1.50186
8604,2.25243
8605,1.09213
8606,1.0
8607,2.37966
8608,2.28523
8609,1.0
8610,2.464
8611,3.80579
8612,2.75609
8613,3.02512
8614,2.82221
8615,3.03648
8616,2.46674
8617,2.6019
8618,2.10503
8619,2.00806
8620,3.48677
8621,2.0708
8622,2.6759
8623,1.77529
8624,2.17326
8625,2.89462
8626,1.84216
8627,4.05802
8628,2.92004
8629,1.86972
8630,3.04509
8631,2.90613
8632,3.73828
8633,3.08028
8634,3.90221
8635,3.03618
8636,3.80285
8637,3.84413
8638,3.56398
8639,2.53689
8640,3.0946
8641,2.57219
8642,2.79079
8643,2.8464
8644,1.5983
8645,2.28553
8646,2.34962
8647,1.5876
8648,2.42257
8649,2.51272
8650,1.26369
8651,2.44355
8652,2.54222
8653,2.78026
8654,3.71509
8655,3.1307
8656,3.22701
8657,2.93274
8658,2.25999
8659,3.19628
8660,2.83081
8661,1.41593
8662,1.64137
8663,2.83243
8664,2.70877
8665,3.16846
8666,2.65245
8667,2.85254
8668,2.43038
8669,2.85075
8670,3.56165
8671,2.86081
8672,2.60679
8673,2.66964
8674,2.38711
8675,2.13038
8676,2.94985
8677,2.00634
8678,2.04578
8679,3.22842
8680,3.09583
8681,2.82586
8682,2.54505
8683,3.17907
8684,2.38796
8685,2.09416
8686,2.31908
8687,1.99392
8688,2.83068
8689,2.40737
8690,2.66667
8691,3.07294
8692,3.00208
8693,3.58246
8694,4.02711
8695,3.3355
8696,4.75243
8697,4.52071
8698,4.84131
8699,5.0
8700,3.83619
8701,4.59242
8702,3.45041
8703,4.4377
8704,3.90559
8705,3.40618
8706,3.86999
8707,2.78676
8708,3.52308
8709,3.37948
8710,2.73909
8711,4.17836
8712,3.78966
8713,2.96124
8714,1.14132
8715,1.86238
8716,4.10538
8717,3.38755
8718,2.87382
8719,3.59993
8720,3.36908
8721,4.02293
8722,3.16271
8723,3.78508
8724,2.63533
8725,3.47899
8726,2.6457
8727,3.60141
8728,3.27514
8729,4.0387
8730,3.03377
8731,3.62094
8732,3.54826
8733,3.061
8734,3.3339
8735,3.10971
8736,3.65696
8737,4.0535
8738,3.98954
8739,4.04859
8740,4.55936
8741,3.42411
8742,4.11991
8743,3.86252
8744,3.46307
8745,3.79692
8746,3.37364
8747,3.34787
8748,3.16649
8749,3.69208
8750,3.69446
8751,3.27945
8752,4.11217
8753,2.87011
8754,3.59784
8755,2.71334
8756,4.5859
8757,4.80718
8758,3.32187
8759,4.80622
8760,3.94472
8761,3.80597
8762,3.75079
8763,3.98264
8764,2.81022
8765,2.40507
8766,3.78322
8767,4.27372
8768,2.67176
8769,3.29411
8770,4.13733
8771,3.58556
8772,4.27736
8773,4.21959
8774,4.21165
8775,2.24123
8776,4.62155
8777,2.78174
8778,5.0
8779,3.24515
8780,4.62846
8781,3.92414
8782,3.01704
8783,3.0734
8784,5.0
8785,4.47683
8786,4.26703
8787,4.79635
8788,4.19772
8789,4.06376
8790,5.0
8791,4.19022
8792,4.30658
8793,3.78838
8794,3.82036
8795,4.42371
8796,4.37762
8797,4.98443
8798,4.83159
8799,4.29564
8800,4.66885
8801,4.77573
8802,3.39475
8803,4.42231
8804,4.23284
8805,4.27333
8806,4.71614
8807,4.74745
8808,4.18045
8809,2.61519
8810,1.11979
8811,3.10196
8812,4.78457
8813,3.31335
8814,3.00147
8815,3.68957
8816,4.00212
8817,4.77726
8818,4.86167
8819,3.58435
8820,4.64212
8821,3.96785
8822,4.36532
8823,4.41268
8824,3.84478
8825,5.0
8826,4.57385
8827,4.46925
8828,4.0413
8829,3.44487
8830,3.66674
8831,4.06463
8832,3.26219
8833,4.39704
8834,4.75653
8835,4.35806
8836,3.88716
8837,4.08076
8838,4.20288
8839,3.08353
8840,3.84906
8841,4.45679
8842,4.00514
8843,3.66615
8844,3.07123
8845,3.96403
8846,5.0
8847,3.91642
8848,4.3265
8849,3.29859
8850,3.51232
8851,3.40936
8852,2.97953
8853,3.67916
8854,3.98071
8855,3.00722
8856,2.6798
8857,3.58744
8858,3.75162
8859,4.7006
8860,4.51717
8861,2.73519
8862,4.91485
8863,5.0
8864,4.6592
8865,3.21448
8866,3.68939
8867,3.27303
8868,2.53857
8869,3.11959
8870,3.41405
8871,2.25619
8872,3.72984
8873,2.96085
8874,3.06532
8875,2.50236
8876,4.26447
8877,2.86623
8878,4.04566
8879,4.14815
8880,3.02674
8881,2.42807
8882,3.32213
8883,3.79723
8884,2.90055
8885,1.4064
8886,3.66167
8887,3.42013
8888,3.92782
8889,3.80215
8890,2.1875
8891,3.53721
8892,2.92936
8893,2.61476
8894,4.18864
8895,2.75182
8896,3.35663
8897,3.26945
8898,3.36323
8899,3.03316
8900,2.89837
8901,3.69709
8902,3.81808
8903,3.21617
8904,4.40301
8905,3.18438
8906,3.992
8907,4.1248
8908,4.15251
8909,4.32004
8910,4.47031
8911,4.73671
8912,3.07479
8913,4.38883
8914,4.33756
8915,4.38177
8916,3.32939
8917,4.17421
8918,3.82334
8919,3.82649
8920,4.21038
8921,4.48152
8922,3.96806
8923,3.60995
8924,2.91032
8925,4.3388
8926,4.25504
8927,4.1526
8928,3.41024
8929,3.97726
8930,4.35551
8931,4.28048
8932,3.58228
8933,4.36611
8934,3.89564
8935,4.5104
8936,3.58954
8937,4.43503
8938,3.99196
8939,3.94736
8940,4.4053
8941,3.33012
8942,4.42991
8943,4.45847
8944,4.65036
8945,4.67807
8946,4.43159
8947,4.13517
8948,4.26142
8949,4.46729
8950,4.63259
8951,3.71482
8952,4.02286
8953,4.92029
8954,4.12741
8955,3.26484
8956,5.0
8957,4.46261
8958,4.34701
8959,5.0
8960,4.59306
8961,5.0
8962,3.67541
8963,3.76668
8964,4.12656
8965,4.18307
8966,4.40247
8967,4.10908
8968,3.87836
8969,4.39219
8970,3.95436
8971,4.54371
8972,4.17637
8973,2.1925
8974,3.22773
8975,1.0
8976,3.08872
8977,1.13505
8978,2.86173
8979,3.12112
8980,2.79242
8981,4.17909
8982,2.75336
8983,3.42352
8984,3.24191
8985,3.98895
8986,3.18808
8987,2.47186
8988,1.0
8989,4.38535
8990,3.87312
8991,4.50766
8992,3.67668
8993,4.26487
8994,4.53041
8995,3.7895
8996,3.74766
8997,3.96178
8998,3.39151
8999,3.92268
9000,4.10391
9001,3.482
9002,2.84218
9003,3.61787
9004,3.03161
9005,3.54366
9006,4.54035
9007,4.75286
9008,5.0
9009,4.16188
9010,5.0
9011,3.3757
9012,3.84721
9013,5.0
9014,4.42434
9015,4.27678
9016,4.73988
9017,4.50851
9018,3.82953
9019,4.67559
9020,4.11125
9021,5.0
9022,3.88792
9023,4.43247
9024,4.61672
9025,3.75763
9026,4.04372
9027,3.31849
9028,3.51319
9029,4.29096
9030,3.28469
9031,3.98414
9032,2.66103
9033,2.42809
9034,3.06434
9035,2.89312
9036,4.33086
9037,3.71707
9038,4.96255
9039,4.25504
9040,4.59545
9041,3.07729
9042,3.47995
9043,2.21736
9044,3.40657
9045,3.5297
9046,4.78055
9047,3.04461
9048,3.59047
9049,1.32309
9050,3.39343
9051,3.23459
9052,3.30044
9053,3.14934
9054,3.60206
9055,2.99566
9056,3.48327
9057,3.03971
9058,1.92949
9059,2.90073
9060,3.85326
9061,2.92607
9062,4.48619
9063,3.46324
9064,1.91902
9065,2.62359
9066,4.25226
9067,3.54146
9068,3.5052
9069,2.92031
9070,2.83183
9071,2.81062
9072,3.4467
9073,2.85731
9074,4.35799
9075,3.69136
9076,3.66903
9077,3.08032
9078,4.00407
9079,3.67341
9080,2.16278
9081,2.43184
9082,2.74719
9083,4.59033
9084,4.90812
9085,3.30374
9086,3.70941
9087,2.17283
9088,4.09168
9089,3.85674
9090,2.75566
9091,2.41867
9092,3.42213
9093,1.73304
9094,3.41731
9095,4.80697
9096,2.44572
9097,3.36634
9098,3.06272
9099,2.93137
9100,4.62748
9101,2.83647
9102,3.73668
9103,4.60322
9104,3.33346
9105,3.06964
9106,3.22537
9107,3.63473
9108,2.79003
9109,3.3581
9110,3.61526
9111,2.98255
9112,3.17723
9113,3.24426
9114,3.34317
9115,3.09287
9116,3.40055
9117,2.7706
9118,2.98458
9119,3.36573
9120,3.08788
9121,3.60883
9122,3.44355
9123,3.28013
9124,2.90285
9125,3.55034
9126,2.83117
9127,3.31779
9128,2.93272
9129,2.90055
9130,2.12824
9131,2.62627
9132,2.91482
9133,2.26861
9134,3.84436
9135,3.2231
9136,3.41914
9137,2.92681
9138,3.79688
9139,4.00425
9140,2.92888
9141,4.68607
9142,4.58223
9143,3.62447
9144,4.70587
9145,4.07404
9146,4.03727
9147,1.21448
9148,3.50695
9149,5.0
9150,4.11131
9151,4.45397
9152,3.44404
9153,4.45008
9154,4.52885
9155,5.0
9156,3.59474
9157,3.02603
9158,2.2335
9159,3.65992
9160,2.90189
9161,2.80681
9162,3.53604
9163,2.72116
9164,2.63296
9165,4.03381
9166,2.72531
9167,4.23737
9168,3.16836
9169,3.21828
9170,3.93708
9171,3.51482
9172,2.90228
9173,4.51588
9174,2.96618
9175,3.94738
9176,4.14823
9177,4.24233
9178,3.93692
9179,4.18004
9180,3.81315
9181,4.00982
9182,4.00595
9183,1.79934
9184,3.99443
9185,4.61565
9186,3.4598
9187,2.99469
9188,4.1357
9189,3.70428
9190,3.6473
9191,4.3347
9192,3.63021
9193,4.24197
9194,3.50849
9195,3.21372
9196,2.81481
9197,4.21312
9198,3.83434
9199,3.85032
9200,3.45464
9201,4.70568
9202,3.65472
9203,4.52386
9204,4.56741
9205,3.89542
9206,2.55287
9207,3.99508
9208,4.2789
9209,3.9024
9210,3.62093
9211,2.97736
9212,4.16954
9213,3.93383
9214,4.46943
9215,4.33043
9216,4.24566
9217,3.30999
9218,4.11651
9219,3.03245
9220,3.69325
9221,3.78886
9222,4.31804
9223,4.2782
9224,4.20925
9225,4.51585
9226,4.2888
9227,3.07708
9228,4.94762
9229,3.961
9230,3.7893
9231,4.30894
9232,4.58605
9233,3.97966
9234,4.00379
9235,3.65454
9236,3.70696
9237,2.71259
9238,4.78953
9239,3.78069
9240,4.19174
9241,4.45924
9242,4.43315
9243,2.84212
9244,2.04807
9245,2.5823
9246,3.9233
9247,4.13639
9248,3.09797
9249,3.31584
9250,3.56948
9251,1.84714
9252,2.12408
9253,1.49051
9254,2.16068
9255,2.5624
9256,5.0
9257,4.50499
9258,4.12105
9259,3.97021
9260,2.96665
9261,2.50085
9262,3.21771
9263,2.25137
9264,3.03123
9265,4.11836
9266,2.30579
9267,3.12885
9268,3.99241
9269,2.4176
9270,2.50909
9271,2.2718
9272,2.75157
9273,2.7291
9274,4.44616
9275,1.46613
9276,2.66776
9277,2.42793
9278,1.69341
9279,3.58199
9280,2.58736
9281,2.60295
9282,4.40503
9283,2.37741
9284,3.37237
9285,1.8873
9286,1.0
9287,3.26114
9288,4.79565
9289,3.91681
9290,3.94388
9291,3.86407
9292,4.03796
9293,2.99648
9294,4.23301
9295,3.51635
9296,4.52414
9297,4.83098
9298,5.0
9299,4.25409
9300,4.0267
9301,4.62981
9302,3.35468
9303,3.80798
9304,3.87907
9305,4.15779
9306,4.52807
9307,3.62497
9308,4.7803
9309,3.44478
9310,5.0
9311,4.12012
9312,4.51067
9313,3.16246
9314,3.87339
9315,3.28367
9316,4.11497
9317,4.06413
9318,3.48195
9319,3.87903
9320,4.13924
9321,4.34615
9322,4.28985
9323,4.09405
9324,3.26552
9325,3.07968
9326,4.25168
9327,3.14251
9328,3.50052
9329,2.12243
9330,3.69456
9331,2.68837
9332,4.16676
9333,3.821
9334,3.73087
9335,4.06305
9336,4.52502
9337,3.2824
9338,3.30298
9339,4.68102
9340,4.10299
9341,2.67001
9342,4.0366
9343,3.78179
9344,3.18155
9345,4.23488
9346,3.77279
9347,3.91162
9348,3.53633
9349,3.11528
9350,3.52834
9351,3.66399
9352,3.48553
9353,4.5775
9354,4.10433
9355,3.77082
9356,3.32842
9357,4.46445
9358,4.71717
9359,4.61071
9360,4.2559
9361,3.37836
9362,5.0
9363,1.76955
9364,4.20564
9365,3.85545
9366,3.84506
9367,2.67454
9368,3.96711
9369,3.96621
9370,3.7443
9371,1.98542
9372,4.01987
9373,3.23592
9374,3.05094
9375,4.37874
9376,3.36532
9377,3.27117
9378,3.05615
9379,3.9911
9380,3.5607
9381,1.97612
9382,3.85215
9383,3.57982
9384,3.82864
9385,3.29932
9386,4.41535
9387,4.33122
9388,3.7331
9389,3.79193
9390,3.37868
9391,2.34841
9392,3.41848
9393,3.33553
9394,4.53495
9395,5.0
9396,4.51992
9397,3.67106
9398,3.65029
9399,2.35831
9400,4.70906
9401,3.87707
9402,3.70886
9403,3.67674
9404,4.47488
9405,3.89307
9406,4.03849
9407,5.0
9408,3.92187
9409,3.59965
9410,3.67911
9411,2.65056
9412,3.40138
9413,3.7949
9414,4.21417
9415,3.47179
9416,3.98772
9417,3.85662
9418,1.74534
9419,4.10335
9420,4.36344
9421,4.35626
9422,3.6924
9423,5.0
9424,3.68858
9425,4.20899
9426,3.34679
9427,4.14233
9428,3.59262
9429,3.58514
9430,3.08062
9431,4.25251
9432,3.82541
9433,4.96265
9434,4.27018
9435,4.37307
9436,4.31799
9437,2.87725
9438,3.36733
9439,4.25524
9440,4.28382
9441,3.79636
9442,4.96603
9443,3.42355
9444,3.48327
9445,3.55783
9446,3.43989
9447,3.37785
9448,4.32301
9449,4.85389
9450,3.23112
9451,4.66249
9452,3.93956
9453,4.9197
9454,4.52096
9455,4.53851
9456,4.08758
9457,4.47029
9458,4.52113
9459,5.0
9460,4.38228
9461,3.75861
9462,3.0855
9463,4.6101
9464,3.13085
9465,3.88003
9466,4.283
9467,4.76878
9468,4.58418
9469,3.9153
9470,3.96918
9471,1.58268
9472,3.90468
9473,4.45324
9474,3.659
9475,3.52768
9476,5.0
9477,4.04674
9478,3.66086
9479,3.40464
9480,4.18572
9481,3.99985
9482,4.08423
9483,3.66804
9484,3.8326
9485,4.16652
9486,3.45009
9487,3.30121
9488,3.6084
9489,3.56024
9490,4.29873
9491,3.50577
9492,4.37141
9493,3.50402
9494,4.7331
9495,3.53154
9496,3.30493
9497,2.8751
9498,3.85289
9499,2.9627
9500,2.51487
9501,4.14736
9502,2.92062
9503,3.36718
9504,3.89813
9505,2.776
9506,4.58816
9507,3.98788
9508,4.16392
9509,5.0
9510,3.52059
9511,2.57912
9512,3.59424
9513,4.29754
9514,3.60245
9515,4.85064
9516,4.1842
9517,4.13978
9518,3.97193
9519,3.96873
9520,3.39404
9521,3.19519
9522,4.24199
9523,3.52625
9524,4.74432
9525,3.69993
9526,3.82585
9527,4.37955
9528,4.33853
9529,3.51708
9530,4.44858
9531,4.00064
9532,3.91124
9533,3.38754
9534,3.96077
9535,4.09841
9536,3.69305
9537,3.3862
9538,3.72092
9539,4.18789
9540,3.48702
9541,4.06325
9542,3.65646
9543,4.13948
9544,3.76459
9545,3.79009
9546,3.57307
9547,3.12415
9548,3.8756
9549,3.75349
9550,3.90635
9551,4.11124
9552,3.71822
9553,3.81781
9554,3.7309
9555,4.22791
9556,3.46656
9557,3.70807
9558,3.06595
9559,3.51312
9560,4.12333
9561,3.32849
9562,3.15422
9563,3.5878
9564,4.05571
9565,3.28661
9566,3.73866
9567,1.95644
9568,3.97629
9569,4.68587
9570,2.73036
9571,4.03393
9572,4.006
9573,4.19234
9574,3.9764
9575,2.93881
9576,4.15803
9577,4.08926
9578,3.66865
9579,3.86203
9580,4.07546
9581,4.65014
9582,4.55178
9583,1.75122
9584,2.21431
9585,1.5956
9586,3.23932
9587,2.19324
9588,3.71822
9589,3.3747
9590,3.62791
9591,3.73868
9592,3.51053
9593,1.0
9594,4.53393
9595,1.85694
9596,1.2272
9597,2.81801
9598,3.98707
9599,4.39229
9600,4.70431
9601,4.57514
9602,4.41613
9603,4.16964
9604,4.75588
9605,4.08461
9606,3.8433
9607,3.33135
9608,4.28023
9609,4.23196
9610,3.35335
9611,3.48266
9612,4.0521
9613,4.05929
9614,3.2826
9615,2.83254
9616,4.19108
9617,3.76024
9618,2.86336
9619,4.02855
9620,3.61933
9621,3.50391
9622,4.05441
9623,3.93852
9624,3.9703
9625,4.1677
9626,3.80469
9627,3.87962
9628,4.10068
9629,3.03941
9630,4.32017
9631,2.86569
9632,3.83278
9633,4.66407
9634,2.76899
9635,2.99613
9636,2.03651
9637,3.78631
9638,3.09004
9639,2.42769
9640,3.74775
9641,3.30881
9642,1.95213
9643,2.83579
9644,3.10788
9645,1.97747
9646,3.7664
9647,1.54749
9648,3.56042
9649,2.99126
9650,3.62337
9651,3.62323
9652,3.44318
9653,2.21144
9654,3.98488
9655,4.36744
9656,4.26974
9657,2.12504
9658,4.65667
9659,3.83703
9660,1.96581
9661,4.32484
9662,4.58443
9663,4.51989
9664,2.65152
9665,3.13995
9666,4.08107
9667,4.21869
9668,3.79728
9669,3.14174
9670,4.51912
9671,3.56211
9672,3.34278
9673,4.44233
9674,3.97993
9675,2.40318
9676,3.92883
9677,2.50219
9678,4.78924
9679,3.26867
9680,4.09605
9681,3.68233
9682,4.37118
9683,3.93674
9684,4.28515
9685,3.9699
9686,2.84333
9687,4.35808
9688,4.61493
9689,2.51671
9690,3.50008
9691,2.90529
9692,4.04181
9693,3.18
9694,3.31151
9695,2.7358
9696,4.389
9697,3.06731
9698,4.06338
9699,4.28621
9700,3.99886
9701,3.91666
9702,4.39105
9703,2.77524
9704,3.93889
9705,3.83764
9706,3.5486
9707,3.26063
9708,3.08333
9709,3.96028
9710,2.82416
9711,3.69351
9712,3.02451
9713,4.41865
9714,2.74852
9715,4.42483
9716,3.63363
9717,3.97968
9718,3.39554
9719,3.71355
9720,3.61928
9721,3.29066
9722,4.33896
9723,3.98772
9724,3.37587
9725,4.20629
9726,4.88231
9727,3.13443
9728,4.59726
9729,2.51386
9730,3.36326
9731,4.14625
9732,1.0
9733,1.26671
9734,3.92608
9735,3.30733
9736,3.78859
9737,4.09945
9738,2.26382
9739,3.70664
9740,2.90582
9741,3.23507
9742,1.26081
9743,1.53943
9744,2.72548
9745,4.72612
9746,2.99099
9747,3.50183
9748,3.39974
9749,3.55479
9750,1.69538
9751,3.84451
9752,4.14584
9753,3.09208
9754,4.16976
9755,3.67041
9756,3.38358
9757,3.40309
9758,4.44197
9759,3.63246
9760,3.28398
9761,3.22212
9762,3.66639
9763,3.41048
9764,3.26437
9765,2.6019
9766,3.59733
9767,3.43076
9768,3.70193
9769,3.85061
9770,2.46188
9771,2.57336
9772,2.9191
9773,3.29029
9774,3.09334
9775,2.85101
9776,2.83035
9777,3.4543
9778,3.66266
9779,3.37352
9780,3.85584
9781,1.82632
9782,2.03257
9783,3.50893
9784,2.97661
9785,2.96416
9786,1.48197
9787,2.27637
9788,2.73803
9789,2.50923
9790,3.15142
9791,2.25326
9792,3.46987
9793,1.16452
9794,4.00041
9795,1.15176
9796,1.67782
9797,2.42678
9798,1.92627
9799,1.71517
9800,2.20474
9801,2.25673
9802,3.3219
9803,3.71601
9804,3.26713
9805,4.15166
9806,3.34712
9807,4.37723
9808,3.94886
9809,4.02673
9810,4.09184
9811,4.27242
9812,3.88455
9813,3.92887
9814,3.28878
9815,3.89195
9816,3.46285
9817,4.10458
9818,4.03526
9819,3.84618
9820,3.74476
9821,4.16337
9822,3.93128
9823,3.4587
9824,3.71757
9825,4.49592
9826,4.49568
9827,4.55473
9828,3.69605
9829,2.22859
9830,3.42584
9831,2.04461
9832,2.15013
9833,2.4799
9834,2.82364
9835,3.86264
9836,2.8968
9837,5.0
9838,4.11853
9839,4.00993
9840,3.38841
9841,3.74788
9842,3.45942
9843,4.07515
9844,3.64618
9845,3.9905
9846,2.9625
9847,4.13824
9848,3.59664
9849,3.15233
9850,3.2291
9851,2.9001
9852,2.80783
9853,1.48756
9854,1.92909
9855,1.71494
9856,2.77031
9857,2.56991
9858,3.40134
9859,3.37477
9860,3.25923
9861,3.06604
9862,3.41925
9863,2.27976
9864,3.50373
9865,3.6458
9866,2.7517
9867,1.80286
9868,3.05986
9869,3.55493
9870,1.87652
9871,1.92076
9872,2.27671
9873,3.17632
9874,1.9692
9875,2.24366
9876,3.42489
9877,3.83148
9878,3.4117
9879,2.58107
9880,3.27943
9881,3.24374
9882,2.65684
9883,3.20418
9884,2.76169
9885,3.10013
9886,2.54652
9887,1.70744
9888,3.39909
9889,3.47271
9890,2.62033
9891,2.20357
9892,3.22919
9893,3.53792
9894,3.63118
9895,3.17339
9896,3.28804
9897,3.37662
9898,3.78097
9899,3.1887
9900,2.97757
9901,2.95215
9902,2.99237
9903,2.70526
9904,1.8493
9905,3.21943
9906,3.6012
9907,3.57497
9908,3.07271
9909,2.39555
9910,3.2183
9911,2.88153
9912,3.68232
9913,1.94692
9914,2.10928
9915,2.77388
9916,3.73175
9917,3.87564
9918,3.32327
9919,3.93981
9920,3.90079
9921,4.59001
9922,5.0
9923,2.97514
9924,4.34761
9925,4.1142
9926,4.80522
9927,2.38177
9928,3.10774
9929,3.4267
9930,2.80777
9931,3.26111
9932,2.43513
9933,3.28661
9934,2.29443
9935,3.28827
9936,3.79526
9937,2.31209
9938,3.77435
9939,4.37803
9940,3.91222
9941,2.5426
9942,3.64856
9943,3.94654
9944,3.64213
9945,3.36907
9946,2.96165
9947,2.81808
9948,3.14636
9949,2.49913
9950,3.32511
9951,4.13831
9952,4.55323
9953,3.66986
9954,4.10987
9955,4.04546
9956,3.32422
9957,3.88907
9958,3.75401
9959,3.4671
9960,4.1202
9961,3.61883
9962,4.01084
9963,4.77338
9964,3.84623
9965,4.37527
9966,3.00146
9967,2.14927
9968,2.95891
9969,3.63868
9970,4.52514
9971,3.73065
9972,3.45661
9973,3.44047
9974,3.93316
9975,4.61702
9976,3.2229
9977,3.71872
9978,4.53443
9979,3.82494
9980,3.33868
9981,2.21329
9982,2.94433
9983,2.3331
9984,3.97621
9985,3.66704
9986,4.23271
9987,1.97557
9988,3.80165
9989,3.08123
9990,2.81558
9991,2.52747
9992,3.09324
9993,2.76126
9994,3.98401
9995,4.24561
9996,4.10227
9997,3.41917
9998,4.66942
9999,4.54691
10000,4.31809
10001,3.62478
10002,4.65555
10003,4.6233
10004,3.80432
10005,4.14195
10006,4.13312
10007,3.97313
10008,3.38789
10009,3.802
10010,4.93811
10011,3.46515
10012,4.03717
10013,3.00026
10014,3.55462
10015,3.73272
10016,4.22174
10017,3.96242
10018,3.87141
10019,3.44583
10020,3.41777
10021,3.73318
10022,4.59175
10023,3.94287
10024,4.65343
10025,2.66269
10026,3.73557
10027,2.44849
10028,3.6303
10029,3.38676
10030,3.33714
10031,4.18964
10032,4.2996
10033,4.29757
10034,3.58567
10035,2.25089
10036,3.77811
10037,4.07777
10038,4.40617
10039,4.1095
10040,3.27777
10041,3.42403
10042,3.14227
10043,4.19729
10044,1.43366
10045,2.4919
10046,3.00024
10047,2.6198
10048,2.21276
10049,1.0
10050,4.69582
10051,4.40763
10052,4.73294
10053,4.78069
10054,4.83411
10055,4.88894
10056,4.53631
10057,4.17136
10058,4.02364
10059,4.29059
10060,3.36141
10061,4.40565
10062,4.30912
10063,4.00517
10064,2.80353
10065,4.06487
10066,4.27278
10067,4.21455
10068,5.0
10069,1.87339
10070,4.1227
10071,4.56822
10072,3.19611
10073,3.10797
10074,3.04007
10075,1.69927
10076,2.56922
10077,1.0
10078,1.0
10079,3.10534
10080,1.67595
10081,4.90534
10082,1.0
10083,2.32544
10084,4.68491
10085,4.91574
10086,4.98025
10087,3.15823
10088,4.88736
10089,2.89517
10090,3.30904
10091,1.57277
10092,3.57773
10093,3.69841
10094,4.028
10095,3.98784
10096,3.80357
10097,3.87016
10098,4.57518
10099,3.14497
10100,3.25039
10101,2.7725
10102,2.34491
10103,3.93668
10104,1.0
10105,3.73946
10106,3.06756
10107,4.04594
10108,2.96464
10109,4.06298
10110,3.89603
10111,4.73059
10112,5.0
10113,4.49049
10114,3.77443
10115,4.46968
10116,4.68997
10117,3.81753
10118,3.52627
10119,2.47712
10120,3.77981
10121,3.20032
10122,3.05375
10123,4.22442
10124,3.2273
10125,2.28993
10126,2.1081
10127,2.72517
10128,3.30241
10129,3.00479
10130,3.55735
10131,3.85689
10132,1.15823
10133,2.43482
10134,2.42121
10135,1.76657
10136,3.14847
10137,4.25388
10138,2.78943
10139,2.58049
10140,3.58379
10141,3.78852
10142,4.62626
10143,2.58023
10144,2.70136
10145,2.56299
10146,3.87902
10147,3.66346
10148,2.76916
10149,1.55007
10150,2.91052
10151,3.40761
10152,3.20802
10153,3.17243
10154,3.28023
10155,4.31581
10156,3.65331
10157,3.80363
10158,3.44586
10159,2.50585
10160,2.46795
10161,4.51942
10162,3.95734
10163,4.00434
10164,3.99873
10165,4.06091
10166,4.28502
10167,4.53611
10168,4.14302
10169,3.58767
10170,3.17094
10171,3.54472
10172,2.96801
10173,3.49066
10174,3.88348
10175,4.04029
10176,3.60754
10177,4.23296
10178,3.27284
10179,4.53277
10180,3.61414
10181,3.69582
10182,4.28784
10183,3.87187
10184,3.81587
10185,3.8914
10186,3.55019
10187,3.46561
10188,3.96053
10189,3.20009
10190,3.79559
10191,4.01089
10192,2.54192
10193,4.24794
10194,3.80813
10195,3.36624
10196,3.16153
10197,3.43377
10198,3.89776
10199,3.61469
10200,1.74181
10201,3.3915
10202,3.71291
10203,3.61276
10204,4.0944
10205,4.26184
10206,3.95842
10207,2.40287
10208,3.36202
10209,3.774
10210,2.27269
10211,3.02839
10212,4.00426
10213,3.52789
10214,3.63581
10215,2.79171
10216,3.19342
10217,3.75038
10218,3.83474
10219,3.70258
10220,2.83648
10221,3.36856
10222,4.0617
10223,3.88471
10224,3.24624
10225,3.36941
10226,3.70235
10227,4.30814
10228,3.75925
10229,3.94224
10230,3.91145
10231,3.94319
10232,3.53426
10233,3.89856
10234,4.27138
10235,3.72486
10236,3.72236
10237,3.71261
10238,3.32255
10239,3.15769
10240,3.6171
10241,4.00429
10242,3.51705
10243,3.71013
10244,3.5
10245,4.0397
10246,3.72968
10247,3.29884
10248,3.11274
10249,3.68738
10250,3.76591
10251,3.18467
10252,4.30088
10253,2.32796
10254,3.57407
10255,3.62827
10256,3.7393
10257,3.83564
10258,3.69086
10259,3.6681
10260,3.9618
10261,3.30285
10262,3.39345
10263,3.15162
10264,4.00091
10265,4.50242
10266,2.47911
10267,3.43732
10268,3.23559
10269,3.73742
10270,4.01707
10271,3.50543
10272,2.88366
10273,3.35145
10274,3.80193
10275,2.92552
10276,3.55237
10277,3.67154
10278,3.54399
10279,3.53915
10280,4.00854
10281,4.33821
10282,3.07879
10283,4.6064
10284,3.93029
10285,3.58928
10286,4.69204
10287,3.7326
10288,4.08297
10289,2.33143
10290,3.8136
10291,4.73336
10292,4.58706
10293,5.0
10294,2.02013
10295,3.78067
10296,4.47791
10297,4.9595
10298,4.67084
10299,5.0
10300,4.00796
10301,4.73147
10302,4.62819
10303,3.12566
10304,3.96741
10305,2.32735
10306,3.82133
10307,4.08761
10308,3.76755
10309,3.62772
10310,3.48065
10311,2.826
10312,1.43098
10313,2.61193
10314,4.36564
10315,2.62114
10316,2.81728
10317,3.2284
10318,3.021
10319,2.91846
10320,2.73982
10321,3.79832
10322,4.8201
10323,2.87615
10324,2.22612
10325,3.33528
10326,3.79524
10327,3.48933
10328,4.59734
10329,3.21873
10330,3.85657
10331,3.56794
10332,2.25789
10333,3.65048
10334,2.39423
10335,2.5863
10336,2.73023
10337,2.15904
10338,2.74696
10339,4.09564
10340,2.88569
10341,2.63115
10342,4.01271
10343,2.97605
10344,3.51756
10345,4.05997
10346,2.85468
10347,2.53196
10348,3.47061
10349,2.85796
10350,3.9393
10351,3.60341
10352,3.14719
10353,4.06837
10354,2.96922
10355,3.75912
10356,3.47876
10357,3.65249
10358,3.8078
10359,3.31506
10360,4.02998
10361,3.48179
10362,4.10242
10363,3.21026
10364,2.42595
10365,3.44503
10366,4.51417
10367,3.05531
10368,3.29168
10369,3.51271
10370,3.11478
10371,3.41305
10372,3.56517
10373,3.80125
10374,3.90163
10375,4.75135
10376,4.74398
10377,4.28301
10378,4.19025
10379,4.13574
10380,4.51921
10381,3.51523
10382,4.38735
10383,4.21485
10384,4.63601
10385,4.2832
10386,4.13812
10387,4.24207
10388,3.56717
10389,4.70717
10390,5.0
10391,3.62505
10392,4.31092
10393,4.69495
10394,4.41439
10395,4.20609
10396,4.39959
10397,4.30953
10398,4.35362
10399,4.14868
10400,4.03114
10401,3.59689
10402,3.73385
10403,4.11324
10404,5.0
10405,4.56798
10406,4.04714
10407,3.81459
10408,4.70987
10409,3.84695
10410,4.93812
10411,4.33395
10412,3.36993
10413,4.01425
10414,3.88201
10415,4.04046
10416,4.3507
10417,3.91455
10418,4.25742
10419,3.54546
10420,4.53314
10421,3.83716
10422,4.1909
10423,3.4197
10424,3.95819
10425,3.50784
10426,2.97514
10427,3.74399
10428,2.99322
10429,3.75425
10430,4.80494
10431,4.50161
10432,3.02674
10433,4.59207
10434,3.25567
10435,4.09975
10436,4.50388
10437,3.39262
10438,3.77848
10439,4.31922
10440,2.33417
10441,3.31183
10442,3.76914
10443,4.23805
10444,2.54203
10445,4.41439
10446,2.35719
10447,4.4436
10448,2.62044
10449,4.23728
10450,3.58668
10451,4.02066
10452,3.79362
10453,3.84016
10454,4.63074
10455,4.71017
10456,4.1386
10457,3.09626
10458,2.86038
10459,3.33775
10460,4.95868
10461,3.35107
10462,4.38582
10463,3.49861
10464,4.16535
10465,3.35334
10466,4.39413
10467,4.59275
10468,4.77748
10469,4.41789
10470,3.14623
10471,4.56721
10472,3.83065
10473,4.66672
10474,2.77654
10475,3.79671
10476,2.24138
10477,3.62246
10478,3.81804
10479,4.10515
10480,3.0387
10481,3.54442
10482,2.9135
10483,4.3042
10484,4.00922
10485,4.4602
10486,4.33557
10487,3.32939
10488,3.9573
10489,2.08261
10490,2.95055
10491,3.27344
10492,2.033
10493,4.4613
10494,3.51185
10495,4.0925
10496,3.44954
10497,4.53504
10498,4.11923
10499,3.34695
10500,4.50905
10501,4.52858
10502,3.50419
10503,4.40635
10504,4.11366
10505,4.01239
10506,3.19834
10507,2.44474
10508,4.07641
10509,4.04868
10510,4.33692
10511,4.44063
10512,3.21448
10513,3.39895
10514,3.24217
10515,4.25952
10516,4.08445
10517,2.89712
10518,2.80425
10519,3.39451
10520,3.25679
10521,3.72868
10522,4.28337
10523,2.95318
10524,3.81218
10525,3.78446
10526,3.87203
10527,3.86098
10528,4.23381
10529,3.21948
10530,2.99606
10531,3.75306
10532,3.83995
10533,3.77247
10534,4.2258
10535,4.36447
10536,4.0951
10537,4.26333
10538,3.89986
10539,3.85014
10540,2.77811
10541,4.50618
10542,4.12949
10543,4.84558
10544,4.05239
10545,4.36826
10546,3.53254
10547,4.17034
10548,4.78351
10549,3.28707
10550,3.24632
10551,3.05752
10552,3.45114
10553,4.57331
10554,3.57975
10555,2.90599
10556,1.70102
10557,3.99294
10558,4.92668
10559,4.19292
10560,3.33804
10561,4.63458
10562,2.13128
10563,2.02424
10564,3.13718
10565,3.8546
10566,2.24851
10567,3.13131
10568,3.23363
10569,3.44303
10570,2.8481
10571,3.61934
10572,2.48258
10573,3.7795
10574,2.30949
10575,3.72433
10576,3.06899
10577,3.36311
10578,4.06139
10579,2.48783
10580,3.80751
10581,3.48814
10582,3.14034
10583,2.16237
10584,4.03038
10585,3.55917
10586,3.46232
10587,3.39064
10588,3.79404
10589,3.3954
10590,3.62394
10591,2.99771
10592,3.19124
10593,2.23663
10594,2.7885
10595,3.18594
10596,2.40202
10597,3.04488
10598,3.2162
10599,2.44424
10600,2.91561
10601,4.88141
10602,2.40966
10603,2.6698
10604,4.20262
10605,1.0
10606,2.95077
10607,3.16171
10608,2.77901
10609,3.92715
10610,3.75736
10611,2.66724
10612,3.20958
10613,3.0555
10614,2.23339
10615,2.46286
10616,2.89626
10617,3.81165
10618,3.44587
10619,3.28723
10620,2.78873
10621,3.79981
10622,3.42036
10623,3.01188
10624,2.41645
10625,4.56621
10626,4.30165
10627,3.94802
10628,3.38032
10629,2.66273
10630,4.42476
10631,3.794
10632,2.27192
10633,3.64905
10634,3.84168
10635,3.55115
10636,2.66355
10637,3.94588
10638,1.66227
10639,2.51229
10640,2.82704
10641,3.88204
10642,3.99875
10643,4.1908
10644,4.46344
10645,1.0
10646,4.65348
10647,2.8387
10648,3.2672
10649,3.64102
10650,4.09977
10651,3.3018
10652,2.818
10653,4.37642
10654,4.53742
10655,2.4407
10656,3.33
10657,3.31253
10658,3.82274
10659,2.83859
10660,1.51782
10661,4.29904
10662,3.70046
10663,3.86616
10664,2.43183
10665,2.29651
10666,4.42793
10667,3.78417
10668,3.1437
10669,2.81372
10670,4.19011
10671,3.15126
10672,3.30466
10673,3.13864
10674,2.97065
10675,3.00799
10676,3.29163
10677,2.92448
10678,3.7559
10679,2.787
10680,2.32867
10681,2.24167
10682,3.07839
10683,3.49293
10684,1.32668
10685,3.50056
10686,3.23648
10687,1.92349
10688,4.03395
10689,3.95577
10690,1.82306
10691,3.72844
10692,1.98945
10693,3.37122
10694,3.9381
10695,2.01916
10696,1.91638
10697,3.32767
10698,4.72697
10699,2.7036
10700,3.09531
10701,4.32112
10702,3.1987
10703,4.14112
10704,3.75602
10705,3.4257
10706,3.79477
10707,3.25716
10708,3.43214
10709,2.90423
10710,2.87426
10711,2.43148
10712,4.14556
10713,3.96531
10714,3.32277
10715,2.68186
10716,2.9788
10717,3.43567
10718,2.3419
10719,3.54976
10720,3.22737
10721,3.17893
10722,3.808
10723,2.05236
10724,3.41492
10725,3.69512
10726,3.47983
10727,3.65571
10728,3.51988
10729,3.30678
10730,3.46804
10731,3.37439
10732,3.45323
10733,3.74552
10734,3.69433
10735,3.10346
10736,2.89085
10737,3.22964
10738,3.61753
10739,2.85604
10740,3.31085
10741,3.48254
10742,3.375
10743,4.33833
10744,3.38249
10745,2.75164
10746,2.49208
10747,3.09059
10748,3.08266
10749,1.81959
10750,3.26795
10751,2.79682
10752,4.07743
10753,1.66776
10754,2.20599
10755,1.40055
10756,2.7437
10757,4.4815
10758,4.3443
10759,2.78184
10760,3.69152
10761,3.90097
10762,2.38129
10763,5.0
10764,3.94575
10765,3.19524
10766,4.35925
10767,2.88912
10768,3.44808
10769,4.00906
10770,3.08499
10771,3.58224
10772,4.32285
10773,4.19614
10774,3.06569
10775,2.27148
10776,4.76097
10777,2.743
10778,2.82051
10779,3.07839
10780,3.09868
10781,4.10726
10782,4.0441
10783,4.26943
10784,2.40453
10785,2.79358
10786,3.87482
10787,1.82292
10788,2.96071
10789,4.4092
10790,2.6997
10791,4.11053
10792,4.01658
10793,3.71061
10794,3.63551
10795,2.39841
10796,4.24778
10797,4.71583
10798,2.81442
10799,3.85559
10800,3.50151
10801,3.83395
10802,2.56477
10803,4.05961
10804,3.14977
10805,4.42327
10806,4.18831
10807,3.10338
10808,2.41822
10809,2.22078
10810,3.50438
10811,3.97909
10812,2.52578
10813,3.59383
10814,2.85368
10815,2.48635
10816,3.60416
10817,3.6774
10818,2.47832
10819,4.82245
10820,3.75271
10821,4.1216
10822,3.48322
10823,3.63608
10824,2.74505
10825,2.9556
10826,4.14657
10827,3.42504
10828,4.3868
10829,3.26096
10830,2.78132
10831,2.30686
10832,3.80516
10833,1.42024
10834,2.74937
10835,1.96506
10836,3.47617
10837,3.91846
10838,4.68487
10839,4.31776
10840,3.75963
10841,2.28175
10842,2.17692
10843,4.13556
10844,2.70183
10845,3.57427
10846,4.57751
10847,4.5793
10848,4.14983
10849,2.89667
10850,4.4008
10851,3.92992
10852,4.49305
10853,4.8421
10854,4.21317
10855,4.46279
10856,4.32689
10857,4.62554
10858,4.2273
10859,4.17052
10860,2.16959
10861,4.54895
10862,3.50772
10863,2.35106
10864,4.13972
10865,3.21695
10866,3.63459
10867,2.74632
10868,4.488
10869,5.0
10870,3.83249
10871,3.17885
10872,4.66951
10873,2.1531
10874,3.36668
10875,4.33809
10876,4.5234
10877,3.89819
10878,4.06254
10879,4.00819
10880,2.97493
10881,2.61775
10882,3.5311
10883,3.44954
10884,3.77399
10885,4.61395
10886,2.74252
10887,4.01905
10888,2.56108
10889,3.89484
10890,4.29019
10891,3.66319
10892,3.34461
10893,4.77007
10894,3.46486
10895,3.74817
10896,3.83568
10897,4.38944
10898,2.79853
10899,2.26105
10900,3.50831
10901,3.83089
10902,4.83813
10903,3.47772
10904,3.72298
10905,4.05635
10906,3.25493
10907,3.55557
10908,4.31122
10909,3.71392
10910,3.2246
10911,4.26081
10912,3.08814
10913,4.51497
10914,5.0
10915,3.97031
10916,4.05117
10917,4.35818
10918,4.29617
10919,4.19437
10920,4.64669
10921,3.88342
10922,4.4685
10923,4.72583
10924,4.16241
10925,4.7815
10926,4.1015
10927,4.24709
10928,3.53773
10929,4.27789
10930,4.26298
10931,3.52316
10932,3.48041
10933,4.82991
10934,4.25118
10935,3.96863
10936,5.0
10937,4.1758
10938,3.55876
10939,3.38991
10940,4.51979
10941,5.0
10942,3.72786
10943,4.63932
10944,4.11315
10945,4.40567
10946,3.94781
10947,2.97814
10948,4.67153
10949,4.11194
10950,5.0
10951,4.10637
10952,3.7251
10953,3.85896
10954,2.42512
10955,4.57493
10956,4.83256
10957,4.82656
10958,1.93666
10959,4.2306
10960,3.36236
10961,3.08647
10962,4.52848
10963,4.71462
10964,4.30269
10965,4.77089
10966,4.11108
10967,4.07781
10968,3.05963
10969,3.90855
10970,4.42481
10971,3.57855
10972,4.45816
10973,4.00489
10974,3.74158
10975,4.66767
10976,3.7246
10977,5.0
10978,3.54506
10979,4.16321
10980,4.40828
10981,4.70631
10982,4.69362
10983,3.92035
10984,4.87028
10985,4.27055
10986,4.07079
10987,3.86484
10988,4.06416
10989,4.15722
10990,4.13732
10991,5.0
10992,4.29591
10993,4.78566
10994,4.04894
10995,3.9717
10996,3.81592
10997,4.39253
10998,4.32025
10999,4.37822
11000,4.42636
11001,4.76954
11002,4.2679
11003,2.5443
11004,2.51519
11005,3.06529
11006,3.51343
11007,4.01515
11008,3.77409
11009,3.85761
11010,3.28241
11011,3.3573
11012,2.41987
11013,4.23431
11014,4.39117
11015,2.8262
11016,4.25366
11017,4.06193
11018,2.7026
11019,3.66229
11020,5.0
11021,4.82858
11022,3.23288
11023,3.82494
11024,3.88091
11025,3.84846
11026,3.72351
11027,3.46703
11028,2.65797
11029,2.47354
11030,2.89911
11031,3.59819
11032,1.59664
11033,3.05636
11034,3.28693
11035,1.2481
11036,1.0
11037,1.18011
11038,2.48676
11039,1.76627
11040,2.92642
11041,3.40184
11042,1.81889
11043,1.271
11044,3.49401
11045,2.54938
11046,4.29982
11047,4.24131
11048,3.6983
11049,2.6482
11050,4.4147
11051,3.59106
11052,4.3341
11053,3.47753
11054,2.81244
11055,3.34444
11056,3.40399
11057,3.78752
11058,3.63489
11059,3.63015
11060,2.61789
11061,4.40074
11062,3.56112
11063,3.85314
11064,3.74375
11065,3.45276
11066,3.77839
11067,2.97648
11068,2.56659
11069,3.11166
11070,3.54487
11071,3.75284
11072,4.0631
11073,3.1553
11074,3.60122
11075,3.54199
11076,3.91692
11077,4.09267
11078,3.45678
11079,2.54012
11080,3.77327
11081,3.42092
11082,3.75076
11083,3.61791
11084,3.51986
11085,3.86839
11086,3.34927
11087,3.37842
11088,3.26311
11089,4.12394
11090,3.03164
11091,3.64641
11092,2.82912
11093,3.41431
11094,3.57423
11095,3.73152
11096,4.35992
11097,4.10571
11098,2.10366
11099,3.99285
11100,3.90473
11101,3.93929
11102,3.77723
11103,3.64844
11104,3.85314
11105,3.38568
11106,4.54731
11107,3.6328
11108,4.45365
11109,4.34561
11110,3.6494
11111,3.62212
11112,3.905
11113,2.86843
11114,3.85844
11115,3.51147
11116,4.14323
11117,4.27332
11118,4.31578
11119,3.93532
11120,3.86124
11121,3.54172
11122,2.67491
11123,4.40611
11124,3.8414
11125,3.5693
11126,3.42236
11127,3.00133
11128,3.22773
11129,3.48618
11130,3.65476
11131,3.58709
11132,3.75055
11133,3.57834
11134,4.06358
11135,3.13177
11136,4.04135
11137,3.55446
11138,3.86818
11139,3.27374
11140,4.46246
11141,3.86034
11142,1.60034
11143,3.87759
11144,3.90196
11145,2.91564
11146,4.61314
11147,3.91581
11148,4.34807
11149,3.18921
11150,3.74438
11151,3.85448
11152,2.95876
11153,4.2198
11154,4.30312
11155,4.22873
11156,3.98513
11157,4.11427
11158,4.71703
11159,4.91953
11160,3.35946
11161,3.27955
11162,3.7995
11163,3.99091
11164,3.22183
11165,3.43871
11166,2.61932
11167,3.68105
11168,3.81277
11169,3.66242
11170,3.73126
11171,3.70542
11172,3.89534
11173,3.6477
11174,3.74879
11175,4.30393
11176,5.0
11177,4.26668
11178,3.60417
11179,3.73827
11180,3.63367
11181,3.60872
11182,3.46599
11183,2.97741
11184,3.18614
11185,3.60714
11186,3.36412
11187,3.08693
11188,3.40118
11189,3.70725
11190,2.69609
11191,3.19218
11192,3.4092
11193,3.35183
11194,3.42349
11195,3.61168
11196,3.91142
11197,3.84512
11198,3.28799
11199,3.22733
11200,2.81555
11201,2.68126
11202,3.24765
11203,4.64914
11204,3.74973
11205,3.42897
11206,1.5907
11207,3.57062
11208,3.58585
11209,2.60111
11210,3.78645
11211,3.85964
11212,3.42214
11213,2.45948
11214,3.53991
11215,3.6573
11216,4.26938
11217,3.32612
11218,4.06151
11219,3.58369
11220,3.87259
11221,4.45546
11222,3.82234
11223,4.78561
11224,3.74002
11225,3.83301
11226,4.12754
11227,4.50777
11228,3.135
11229,3.80389
11230,2.73152
11231,3.39118
11232,3.86521
11233,4.802
11234,3.23263
11235,3.30263
11236,4.22098
11237,4.34284
11238,3.03874
11239,2.88523
11240,2.80838
11241,4.29231
11242,2.87511
11243,4.24448
11244,3.81022
11245,3.96804
11246,4.57614
11247,4.0761
11248,4.06728
11249,3.60923
11250,4.45649
11251,4.12719
11252,2.89126
11253,4.10663
11254,3.43901
11255,3.51467
11256,4.90482
11257,3.94275
11258,3.2098
11259,3.89757
11260,3.45172
11261,3.78159
11262,4.20305
11263,3.7424
11264,3.14018
11265,3.90476
11266,3.81262
11267,3.92181
11268,4.38237
11269,4.23085
11270,4.45844
11271,3.74417
11272,3.86881
11273,4.46408
11274,3.73215
11275,4.23209
11276,2.49609
11277,3.84642
11278,4.72603
11279,4.00116
11280,4.34277
11281,1.67293
11282,4.5226
11283,3.42956
11284,3.08445
11285,3.27562
11286,5.0
11287,4.41883
11288,3.87718
11289,3.33707
11290,4.29877
11291,4.3975
11292,3.33682
11293,3.73862
11294,3.97776
11295,2.937
11296,4.28987
11297,4.44627
11298,4.72207
11299,4.37495
11300,3.98077
11301,4.12924
11302,3.39773
11303,4.96482
11304,3.63413
11305,3.55905
11306,4.62706
11307,4.06443
11308,2.92802
11309,4.03459
11310,3.79627
11311,3.83254
11312,3.09771
11313,4.36107
11314,4.49915
11315,4.12908
11316,4.0339
11317,3.55367
11318,3.79766
11319,3.29885
11320,3.31714
11321,3.38702
11322,3.69197
11323,3.29693
11324,3.42646
11325,3.53201
11326,3.37397
11327,2.53797
11328,3.67726
11329,4.45558
11330,4.02505
11331,3.27044
11332,3.75302
11333,3.59755
11334,3.44397
11335,3.1442
11336,3.4853
11337,3.7169
11338,3.23857
11339,3.26796
11340,3.63801
11341,3.21577
11342,4.27174
11343,3.0486
11344,3.05412
11345,3.48121
11346,4.13314
11347,4.20122
11348,3.38273
11349,1.70101
11350,3.67956
11351,4.30323
11352,4.37977
11353,4.76457
11354,3.885
11355,3.60839
11356,3.97368
11357,4.26047
11358,3.98311
11359,4.03852
11360,3.02311
11361,3.57074
11362,3.06464
11363,3.85677
11364,2.95282
11365,2.93223
11366,4.46709
11367,4.27802
11368,3.84571
11369,3.26491
11370,3.40496
11371,4.0339
11372,4.17802
11373,4.46057
11374,3.60404
11375,2.98917
11376,2.92148
11377,4.47108
11378,3.60785
11379,3.77476
11380,2.66613
11381,3.80504
11382,3.95132
11383,3.8608
11384,4.16001
11385,4.15621
11386,2.00496
11387,1.42285
11388,3.51427
11389,3.32293
11390,4.50803
11391,4.43864
11392,4.83642
11393,3.97837
11394,3.5713
11395,4.21627
11396,4.36401
11397,3.37387
11398,4.51251
11399,4.61506
11400,4.24887
11401,4.89126
11402,4.35571
11403,4.66835
11404,5.0
11405,2.87544
11406,4.46927
11407,3.58789
11408,2.92051
11409,2.16331
11410,3.51778
11411,3.15715
11412,4.0738
11413,5.0
11414,4.15484
11415,3.72501
11416,3.19219
11417,4.1217
11418,2.68553
11419,3.40006
11420,3.91796
11421,3.85891
11422,3.52437
11423,4.02324
11424,3.38509
11425,4.18802
11426,3.5621
11427,3.4891
11428,3.85837
11429,2.08825
11430,2.01449
11431,3.27718
11432,4.35255
11433,1.28109
11434,3.2795
11435,3.66778
11436,3.05004
11437,2.47411
11438,2.9096
11439,4.20116
11440,2.34018
11441,4.76111
11442,2.13259
11443,3.70064
11444,2.1606
11445,5.0
11446,2.94188
11447,2.40154
11448,2.12273
11449,3.80122
11450,1.88158
11451,2.49527
11452,2.96917
11453,2.97334
11454,3.51779
11455,2.13035
11456,2.72752
11457,4.33105
11458,1.49467
11459,2.49975
11460,3.24468
11461,4.50788
11462,4.30293
11463,2.43498
11464,3.2209
11465,3.56172
11466,2.8376
11467,2.97838
11468,1.0
11469,2.8152
11470,1.52088
11471,2.19009
11472,2.59029
11473,2.2532
11474,3.64379
11475,2.49643
11476,2.64092
11477,3.06926
11478,2.15816
11479,2.29536
11480,1.86256
11481,1.0
11482,2.0765
11483,1.94956
11484,2.53176
11485,2.85133
11486,1.61253
11487,3.11768
11488,1.16754
11489,2.06561
11490,3.58423
11491,3.03536
11492,3.67566
11493,1.87317
11494,2.95529
11495,1.97071
11496,1.99543
11497,2.32684
11498,1.0
11499,2.71269
11500,2.91765
11501,3.70993
11502,2.78558
11503,2.50722
11504,3.71474
11505,1.0
11506,3.25372
11507,2.38138
11508,4.23385
11509,3.14558
11510,4.0863
11511,4.61067
11512,4.57102
11513,4.2579
11514,4.16818
11515,1.73793
11516,1.57625
11517,2.42007
11518,4.04507
11519,2.35858
11520,2.27523
11521,3.62703
11522,3.9618
11523,3.57444
11524,2.97008
11525,3.27227
11526,2.82524
11527,2.98951
11528,3.02895
11529,3.91093
11530,3.13297
11531,2.87232
11532,3.65789
11533,3.48434
11534,3.01871
11535,3.50378
11536,3.78961
11537,3.22726
11538,3.75308
11539,3.53066
11540,3.58186
11541,3.4024
11542,3.662
11543,3.34138
11544,3.66134
11545,3.52239
11546,3.16265
11547,2.94494
11548,3.38671
11549,3.30471
11550,3.85316
11551,3.398
11552,3.44998
11553,3.97385
11554,3.63055
11555,3.26225
11556,2.70952
11557,3.41073
11558,4.2181
11559,3.67762
11560,2.99373
11561,3.7548
11562,3.3692
11563,3.01387
11564,3.89889
11565,4.35151
11566,4.14062
11567,4.67513
11568,4.58416
11569,4.22564
11570,4.41865
11571,3.48335
11572,3.1509
11573,3.75156
11574,2.76968
11575,1.6704
11576,2.86993
11577,3.36889
11578,2.87297
11579,1.13591
11580,2.90809
11581,4.31374
11582,4.02868
11583,2.21668
11584,1.75501
11585,1.4606
11586,2.60056
11587,3.72033
11588,2.00543
11589,1.0
11590,4.63385
11591,2.73643
11592,1.07806
11593,2.0836
11594,1.35828
11595,2.68015
11596,2.1106
11597,2.60271
11598,2.47935
11599,1.6456
11600,3.56878
11601,2.50738
11602,3.08989
11603,1.0
11604,2.81479
11605,1.91644
11606,2.97884
11607,3.96641
11608,2.31985
11609,1.27098
11610,2.41263
11611,1.73175
11612,2.82871
11613,2.82227
11614,2.10532
11615,2.764
11616,3.73198
11617,3.13056
11618,1.79784
11619,2.51053
11620,3.07796
11621,3.97962
11622,2.13057
11623,3.75527
11624,4.04001
11625,3.05034
11626,2.45341
11627,3.03491
11628,1.92212
11629,3.44507
11630,2.3212
11631,3.05888
11632,2.02052
11633,2.57395
11634,3.33492
11635,2.57071
11636,3.88277
11637,3.66411
11638,1.49587
11639,3.58651
11640,3.78545
11641,3.67072
11642,1.40075
11643,4.2166
11644,2.85338
11645,3.18237
11646,3.48922
11647,4.38387
11648,3.49585
11649,3.23688
11650,1.44636
11651,3.69059
11652,2.27883
11653,3.17213
11654,2.14646
11655,3.99296
11656,2.52903
11657,2.08573
11658,3.93122
11659,2.25905
11660,3.68717
11661,3.84977
11662,2.99624
11663,2.76984
11664,4.17922
11665,1.59672
11666,2.55295
11667,1.86771
11668,2.06956
11669,3.78013
11670,3.67689
11671,1.0
11672,1.71343
11673,2.96586
11674,3.17787
11675,3.56497
11676,3.72415
11677,4.03702
11678,3.79062
11679,3.79795
11680,3.73012
11681,3.47534
11682,3.42403
11683,3.8249
11684,3.95898
11685,3.48699
11686,3.85377
11687,4.33721
11688,4.04936
11689,4.21857
11690,3.99409
11691,3.74372
11692,3.80943
11693,3.96546
11694,2.67256
11695,3.63409
11696,4.02549
11697,1.85232
11698,4.58953
11699,3.91164
11700,1.96166
11701,1.49388
11702,2.58929
11703,3.14015
11704,4.4784
11705,3.31541
11706,4.06747
11707,3.15219
11708,2.38578
11709,2.56827
11710,2.62921
11711,4.67614
11712,2.1074
11713,4.62527
11714,4.56285
11715,4.13418
11716,4.21912
11717,4.16817
11718,3.94225
11719,4.41435
11720,4.19052
11721,4.07139
11722,4.52744
11723,3.82987
11724,4.34913
11725,3.75623
11726,3.29558
11727,3.48973
11728,2.99679
11729,3.36175
11730,4.45808
11731,3.85512
11732,3.3691
11733,4.358
11734,2.73267
11735,2.52489
11736,3.5518
11737,3.21581
11738,1.73783
11739,2.79669
11740,2.51224
11741,2.42946
11742,2.44354
11743,3.74031
11744,3.21256
11745,3.16627
11746,3.85146
11747,3.1153
11748,3.2417
11749,3.79741
11750,2.54794
11751,4.77198
11752,2.48238
11753,3.44243
11754,3.07727
11755,2.52326
11756,2.93195
11757,3.78253
11758,1.65474
11759,2.69184
11760,1.99433
11761,4.1578
11762,2.82626
11763,3.50843
11764,3.86831
11765,2.76066
11766,3.69834
11767,4.57389
11768,3.76371
11769,4.19636
11770,2.64806
11771,3.5279
11772,3.43121
11773,4.12899
11774,4.5633
11775,4.29017
11776,2.38884
11777,4.1459
11778,3.7459
11779,4.20097
11780,4.75935
11781,3.95395
11782,2.97516
11783,4.57779
11784,3.23665
11785,4.85705
11786,4.6654
11787,4.10975
11788,4.59576
11789,2.95802
11790,3.14342
11791,1.99516
11792,3.99214
11793,3.27257
11794,2.89891
11795,3.83294
11796,3.88981
11797,3.37369
11798,3.74878
11799,2.56911
11800,2.90105
11801,2.05554
11802,5.0
11803,2.77657
11804,4.45181
11805,3.91494
11806,4.30684
11807,4.14502
11808,5.0
11809,4.50717
11810,4.86675
11811,3.79046
11812,4.32325
11813,5.0
11814,4.78684
11815,3.7785
11816,4.26576
11817,4.11929
11818,3.12883
11819,3.35047
11820,3.97722
11821,2.83428
11822,4.50595
11823,3.31423
11824,3.69212
11825,3.42602
11826,4.1874
11827,2.865
11828,3.55129
11829,3.56466
11830,3.27306
11831,3.84121
11832,3.53987
11833,3.92247
11834,4.21693
11835,3.3744
11836,3.85134
11837,3.81961
11838,1.77604
11839,3.43528
11840,2.81912
11841,4.23897
11842,4.57428
11843,3.17696
11844,4.22799
11845,3.96786
11846,4.767
11847,3.66623
11848,3.40347
11849,2.87944
11850,4.08748
11851,4.45344
11852,3.62699
11853,4.43294
11854,3.83638
11855,3.35649
11856,3.03437
11857,3.09327
11858,4.12145
11859,3.80066
11860,4.55591
11861,4.60047
11862,3.16315
11863,4.37716
11864,3.92257
11865,4.43323
11866,4.88403
11867,3.90378
11868,4.38771
11869,3.96881
11870,4.23151
11871,4.29748
11872,3.4672
11873,3.51418
11874,3.43788
11875,4.26417
11876,4.15675
11877,4.28085
11878,4.0189
11879,4.3045
11880,2.98591
11881,4.49181
11882,5.0
11883,3.59452
11884,3.32628
11885,4.32266
11886,3.45525
11887,4.41655
11888,3.16783
11889,3.00269
11890,3.93079
11891,3.76292
11892,1.52289
11893,4.71485
11894,3.62623
11895,3.99924
11896,2.71333
11897,2.25656
11898,2.42042
11899,2.40245
11900,2.59581
11901,2.23878
11902,1.5551
11903,4.20759
11904,2.56068
11905,2.83792
11906,2.71636
11907,1.09617
11908,2.5884
11909,2.70214
11910,2.2843
11911,2.42736
11912,3.70143
11913,2.69019
11914,5.0
11915,2.87994
11916,4.08466
11917,3.88005
11918,4.22276
11919,2.23571
11920,2.50049
11921,1.81773
11922,2.31897
11923,2.04643
11924,3.07997
11925,2.99202
11926,2.4458
11927,2.46492
11928,1.56479
11929,2.06247
11930,3.35114
11931,2.94607
11932,2.58459
11933,2.95678
11934,4.21082
11935,2.54728
11936,3.16677
11937,2.53114
11938,2.9037
11939,3.17439
11940,2.24591
11941,1.60864
11942,2.6186
11943,3.43748
11944,2.29966
11945,2.51361
11946,2.45432
11947,2.30775
11948,2.27784
11949,2.21246
11950,2.77817
11951,2.15781
11952,2.94885
11953,2.55497
11954,3.04732
11955,3.26035
11956,5.0
11957,1.06726
11958,4.66899
11959,3.92517
11960,2.94042
11961,4.25201
11962,1.65633
11963,1.71807
11964,4.04744
11965,3.92764
11966,2.57626
11967,3.21303
11968,3.00015
11969,3.33951
11970,2.98087
11971,2.61779
11972,3.399
11973,3.87309
11974,3.33946
11975,2.75187
11976,2.99976
11977,2.86555
11978,3.77053
11979,3.59073
11980,3.76841
11981,4.09542
11982,3.244
11983,2.89723
11984,3.46556
11985,3.349
11986,3.90227
11987,2.83273
11988,2.9525
11989,2.1187
11990,3.74824
11991,2.95903
11992,2.53307
11993,2.90558
11994,3.80312
11995,3.91888
11996,3.5711
11997,3.75165
11998,3.11623
11999,2.84975
12000,3.22338
12001,3.32993
12002,3.12694
12003,3.4355
12004,3.01325
12005,4.53504
12006,3.62316
12007,5.0
12008,5.0
12009,3.87869
12010,4.15458
12011,1.40019
12012,3.25401
12013,4.81366
12014,4.23634
12015,4.00417
12016,3.94454
12017,3.59253
12018,3.93539
12019,2.35229
12020,2.33751
12021,2.97892
12022,3.17437
12023,3.19502
12024,2.79986
12025,3.00706
12026,2.53206
12027,2.34907
12028,1.90622
12029,2.72818
12030,2.39372
12031,2.71232
12032,3.01725
12033,2.46848
12034,1.84126
12035,2.79937
12036,2.14206
12037,3.62695
12038,2.56331
12039,3.02004
12040,3.02731
12041,2.04522
12042,2.15082
12043,3.35301
12044,2.44019
12045,2.5062
12046,2.75056
12047,3.27978
12048,2.36098
12049,2.46009
12050,3.69008
12051,2.15533
12052,2.16097
12053,1.0
12054,1.15099
12055,2.01697
12056,2.31309
12057,3.2461
12058,3.14871
12059,2.64907
12060,3.52433
12061,2.35289
12062,2.56591
12063,2.97289
12064,3.18654
12065,2.95397
12066,2.70994
12067,1.80466
12068,3.52247
12069,3.0409
12070,4.47617
12071,4.08079
12072,4.3884
12073,4.99277
12074,4.44055
12075,4.1635
12076,3.00187
12077,4.29523
12078,3.46955
12079,3.6412
12080,4.55054
12081,3.79271
12082,3.75927
12083,3.46056
12084,4.77833
12085,2.81929
12086,2.79679
12087,3.38835
12088,3.97575
12089,3.64392
12090,2.60852
12091,3.49813
12092,4.0537
12093,3.60761
12094,4.02168
12095,3.60098
12096,4.29072
12097,4.02015
12098,3.05475
12099,3.76545
12100,2.39323
12101,3.58655
12102,3.43208
12103,3.07018
12104,2.43647
12105,3.66849
12106,3.83522
12107,3.44988
12108,3.29319
12109,2.94006
12110,3.41701
12111,3.23823
12112,4.14772
12113,3.84245
12114,3.30596
12115,3.40282
12116,3.25043
12117,4.55036
12118,3.98369
12119,3.53057
12120,2.52002
12121,2.7737
12122,3.79655
12123,3.80641
12124,4.0144
12125,4.12585
12126,3.45016
12127,3.29576
12128,2.94752
12129,2.89802
12130,3.77619
12131,4.21106
12132,3.8057
12133,3.0001
12134,3.16944
12135,2.37743
12136,1.79481
12137,3.9815
12138,3.64269
12139,2.9072
12140,3.64643
12141,3.71192
12142,2.57523
12143,3.60237
12144,2.94852
12145,3.5451
12146,4.09314
12147,4.62962
12148,3.66878
12149,1.67469
12150,1.72497
12151,4.314
12152,3.19796
12153,4.76343
12154,5.0
12155,4.48581
12156,4.09359
12157,1.0
12158,3.15353
12159,1.80074
12160,4.37513
12161,3.03139
12162,1.81864
12163,3.35437
12164,3.40845
12165,3.52749
12166,3.3537
12167,2.83818
12168,4.12166
12169,3.03789
12170,3.16742
12171,3.78518
12172,3.84691
12173,4.06028
12174,3.80494
12175,4.29219
12176,2.75113
12177,3.03016
12178,3.73442
12179,3.21278
12180,4.80295
12181,4.12274
12182,2.3964
12183,2.17958
12184,2.82605
12185,4.99585
12186,2.63321
12187,2.67705
12188,2.65311
12189,1.27135
12190,4.36688
12191,2.68722
12192,2.25298
12193,3.33026
12194,5.0
12195,1.99888
12196,2.49565
12197,3.87068
12198,3.67509
12199,4.07198
12200,2.97961
12201,4.38413
12202,2.37277
12203,4.49394
12204,4.40914
12205,4.27487
12206,4.20415
12207,3.14587
12208,3.29474
12209,4.22859
12210,3.26161
12211,4.32785
12212,3.94618
12213,3.85758
12214,4.23425
12215,4.03086
12216,2.7109
12217,3.64467
12218,3.85475
12219,3.94612
12220,3.55118
12221,3.88663
12222,3.54518
12223,4.1896
12224,3.20644
12225,3.49033
12226,3.65363
12227,2.86301
12228,3.42436
12229,3.6039
12230,3.95199
12231,2.58885
12232,2.43053
12233,3.23787
12234,2.08347
12235,1.6827
12236,3.41451
12237,4.17271
12238,2.31303
12239,2.94107
12240,3.1482
12241,3.4921
12242,3.92943
12243,2.28869
12244,5.0
12245,3.81623
12246,4.24151
12247,4.64454
12248,2.71539
12249,4.7501
12250,4.08608
12251,4.45094
12252,3.46488
12253,2.74757
12254,4.89668
12255,4.44099
12256,3.87276
12257,4.92362
12258,4.2998
12259,4.71695
12260,4.24812
12261,3.11747
12262,4.05469
12263,3.86583
12264,3.84676
12265,3.64416
12266,3.35909
12267,3.94729
12268,4.27333
12269,3.76983
12270,4.74808
12271,4.10408
12272,3.50335
12273,3.42147
12274,3.93629
12275,4.84944
12276,2.92867
12277,3.33202
12278,3.73385
12279,3.33091
12280,2.58978
12281,3.43651
12282,3.87391
12283,3.78962
12284,3.43875
12285,3.59103
12286,4.14067
12287,3.52219
12288,3.40714
12289,3.94861
12290,1.74176
12291,3.84858
12292,2.76934
12293,3.5545
12294,4.57773
12295,4.47303
12296,3.37866
12297,3.53153
12298,3.50735
12299,2.78974
12300,4.34063
12301,4.39804
12302,4.25372
12303,3.50698
12304,3.78166
12305,4.05798
12306,3.00635
12307,3.23274
12308,3.51204
12309,3.65091
12310,2.41008
12311,4.15977
12312,3.92462
12313,3.83163
12314,3.54417
12315,2.88379
12316,3.28643
12317,2.17164
12318,3.41545
12319,3.84915
12320,2.54404
12321,3.31645
12322,3.627
12323,3.09493
12324,3.56328
12325,3.08363
12326,2.66636
12327,3.92644
12328,2.77786
12329,3.36955
12330,3.27494
12331,3.06451
12332,2.56443
12333,2.39955
12334,2.21597
12335,1.84476
12336,3.79059
12337,2.25235
12338,2.88852
12339,3.63842
12340,3.17418
12341,3.13278
12342,2.49532
12343,3.16636
12344,2.17927
12345,3.90074
12346,3.15519
12347,3.55896
12348,2.97003
12349,2.26827
12350,3.38605
12351,3.32467
12352,2.21759
12353,3.73888
12354,3.03737
12355,3.1285
12356,3.13612
12357,1.79726
12358,2.32232
12359,2.28449
12360,2.70205
12361,4.03531
12362,3.16182
12363,3.71586
12364,3.19648
12365,3.60522
12366,4.31674
12367,4.33087
12368,2.77065
12369,3.7292
12370,3.64697
12371,3.87368
12372,4.35575
12373,3.0343
12374,3.97345
12375,2.34356
12376,1.0
12377,3.70292
12378,2.41247
12379,1.34063
12380,2.20504
12381,1.84509
12382,2.21521
12383,1.796
12384,2.98161
12385,3.76301
12386,3.5295
12387,2.8968
12388,3.05003
12389,4.4776
12390,4.41812
12391,3.16532
12392,2.03873
12393,3.1844
12394,2.70326
12395,4.78593
12396,3.93669
12397,1.4364
12398,3.79998
12399,4.43492
12400,3.96095
12401,1.0
12402,2.05067
12403,2.37693
12404,2.85526
12405,2.24688
12406,3.23221
12407,3.32672
12408,3.84339
12409,3.6947
12410,4.42261
12411,2.6714
12412,1.78477
12413,3.65849
12414,3.13902
12415,4.09319
12416,3.95063
12417,2.47257
12418,4.60958
12419,3.83243
12420,2.32671
12421,3.05644
12422,2.90123
12423,3.97646
12424,2.50652
12425,4.7111
12426,4.00392
12427,3.99932
12428,2.94016
12429,3.42583
12430,3.02323
12431,2.82576
12432,3.53368
12433,1.34407
12434,3.63929
12435,2.87807
12436,2.26664
12437,2.76401
12438,3.83398
12439,4.72511
12440,4.42936
12441,4.91983
12442,2.79209
12443,2.942
12444,3.03192
12445,3.08926
12446,2.28393
12447,3.06186
12448,4.10525
12449,4.44552
12450,3.57482
12451,2.71406
12452,4.33193
12453,3.75683
12454,3.79368
12455,4.23183
12456,3.33869
12457,4.29862
12458,4.15694
12459,4.13274
12460,3.35594
12461,3.59481
12462,3.45238
12463,4.00822
12464,4.28089
12465,3.9107
12466,3.82665
12467,3.86566
12468,4.63405
12469,3.86511
12470,3.31452
12471,4.20193
12472,3.32307
12473,3.55483
12474,3.46405
12475,4.30192
12476,4.06871
12477,3.80612
12478,3.91833
12479,4.3002
12480,3.85841
12481,4.12869
12482,3.94741
12483,3.96513
12484,4.07946
12485,4.05499
12486,3.91313
12487,4.27023
12488,4.19532
12489,5.0
12490,3.05753
12491,4.36728
12492,4.14216
12493,3.1277
12494,5.0
12495,3.6724
12496,3.85371
12497,3.40778
12498,3.61672
12499,4.13859
12500,3.85258
12501,3.97987
12502,3.95464
12503,4.20427
12504,3.87407
12505,4.47698
12506,4.08639
12507,4.16201
12508,4.08986
12509,3.90019
12510,3.29048
12511,3.98337
12512,3.67301
12513,3.6562
12514,4.67918
12515,3.12007
12516,4.25364
12517,3.25113
12518,3.70052
12519,3.72904
12520,3.81508
12521,3.85296
12522,4.4315
12523,4.74782
12524,4.35912
12525,3.3615
12526,3.70949
12527,1.0
12528,2.73451
12529,3.91272
12530,4.57012
12531,3.43211
12532,3.56109
12533,1.0
12534,4.87079
12535,4.54604
12536,4.66146
12537,3.45958
12538,4.03436
12539,4.61698
12540,4.29898
12541,3.97004
12542,3.82832
12543,4.78203
12544,3.8568
12545,3.02238
12546,2.89163
12547,3.63364
12548,2.64308
12549,1.92879
12550,3.47344
12551,1.01929
12552,1.67193
12553,2.28568
12554,2.27191
12555,4.22362
12556,2.47415
12557,2.96543
12558,2.78474
12559,1.89597
12560,2.48104
12561,4.55574
12562,2.95792
12563,3.73454
12564,3.29395
12565,2.49775
12566,1.82202
12567,1.89065
12568,3.44828
12569,4.69408
12570,3.5636
12571,4.97554
12572,4.06519
12573,4.13364
12574,2.78899
12575,2.34578
12576,4.39734
12577,4.23912
12578,4.73201
12579,3.94667
12580,4.58003
12581,4.60427
12582,4.57654
12583,4.17758
12584,3.44507
12585,4.41977
12586,2.91085
12587,4.7718
12588,2.81156
12589,4.6578
12590,3.42312
12591,3.59181
12592,4.13975
12593,4.11413
12594,4.42184
12595,3.86828
12596,4.2386
12597,4.27586
12598,3.45645
12599,4.07137
12600,3.88934
12601,3.27887
12602,3.57621
12603,3.78449
12604,3.1281
12605,3.91943
12606,3.60078
12607,2.26259
12608,3.34486
12609,4.2844
12610,4.11013
12611,1.92134
12612,4.01028
12613,3.02323
12614,3.88188
12615,3.12555
12616,5.0
12617,4.77315
12618,4.15505
12619,4.6739
12620,3.32965
12621,4.2941
12622,3.2888
12623,3.04386
12624,3.32109
12625,3.86287
12626,3.76618
12627,3.6646
12628,4.28234
12629,4.0456
12630,4.05599
12631,3.76532
12632,4.18128
12633,3.87631
12634,3.7366
12635,3.06735
12636,3.68256
12637,3.17601
12638,3.62564
12639,4.21853
12640,3.14472
12641,3.16491
12642,3.9865
12643,3.45761
12644,5.0
12645,4.89369
12646,3.37966
12647,4.27274
12648,4.13294
12649,4.08185
12650,4.09648
12651,4.4252
12652,3.3573
12653,4.49114
12654,3.78168
12655,3.92464
12656,3.21514
12657,4.82968
12658,3.38478
12659,4.37254
12660,4.16771
12661,5.0
12662,3.31662
12663,4.37817
12664,2.70833
12665,3.6129
12666,3.82734
12667,2.66365
12668,5.0
12669,4.64777
12670,3.1277
12671,3.6936
12672,5.0
12673,3.99407
12674,4.6091
12675,4.85154
12676,4.37484
12677,2.01701
12678,3.95535
12679,4.64167
12680,4.59764
12681,3.33228
12682,2.88502
12683,4.92553
12684,3.26487
12685,2.60479
12686,2.52686
12687,3.67133
12688,2.68874
12689,2.65709
12690,2.56188
12691,4.04749
12692,1.13336
12693,4.03152
12694,2.77782
12695,3.55883
12696,1.1492
12697,1.88219
12698,1.65868
12699,3.91282
12700,3.2209
12701,2.77466
12702,3.38365
12703,3.90873
12704,2.74294
12705,4.50702
12706,3.40975
12707,2.48149
12708,3.21204
12709,3.79813
12710,3.37709
12711,4.05352
12712,2.53922
12713,4.51085
12714,3.63563
12715,3.36262
12716,2.73584
12717,3.76
12718,3.9043
12719,3.98292
12720,3.99138
12721,4.53001
12722,3.91994
12723,4.02031
12724,3.49116
12725,3.77952
12726,3.64631
12727,3.90091
12728,3.61377
12729,4.22208
12730,3.45166
12731,4.26258
12732,4.10117
12733,4.23698
12734,3.57618
12735,3.68409
12736,3.59512
12737,4.25407
12738,3.6981
12739,4.4959
12740,3.69932
12741,4.54223
12742,3.87454
12743,3.99742
12744,4.56749
12745,3.08878
12746,4.03398
12747,4.06914
12748,3.86142
12749,3.91742
12750,3.424
12751,3.97396
12752,4.3387
12753,4.21212
12754,3.28101
12755,3.57367
12756,4.1498
12757,4.17843
12758,4.47371
12759,3.77219
12760,4.16207
12761,4.4423
12762,3.26338
12763,4.19743
12764,4.25034
12765,3.66839
12766,3.34988
12767,3.59486
12768,3.84116
12769,3.58956
12770,2.86744
12771,3.50579
12772,4.29313
12773,3.61644
12774,4.21486
12775,4.54227
12776,2.91799
12777,3.86026
12778,3.81861
12779,3.91218
12780,3.51817
12781,4.04304
12782,4.15569
12783,3.45497
12784,3.2651
12785,4.1784
12786,3.01151
12787,3.7623
12788,4.08957
12789,3.64697
12790,3.85186
12791,3.31445
12792,3.52428
12793,3.78608
12794,3.96778
12795,2.78272
12796,3.73128
12797,4.48242
12798,4.88141
12799,3.11181
12800,3.97311
12801,2.81642
12802,2.8811
12803,2.84617
12804,3.30175
12805,4.52775
12806,3.20723
12807,3.5629
12808,3.65811
12809,3.18327
12810,3.30191
12811,4.47942
12812,4.23596
12813,3.55262
12814,4.23622
12815,4.15637
12816,5.0
12817,3.98439
12818,3.73313
12819,3.89282
12820,4.58397
12821,4.42561
12822,4.61629
12823,3.49136
12824,4.36133
12825,4.1893
12826,3.0835
12827,2.74247
12828,4.06884
12829,2.48358
12830,3.44342
12831,4.41132
12832,3.10549
12833,4.82309
12834,3.45318
12835,3.12104
12836,3.79265
12837,2.80155
12838,4.23851
12839,2.46073
12840,2.47337
12841,2.97028
12842,4.15067
12843,3.62551
12844,4.39753
12845,4.12785
12846,4.67386
12847,3.72211
12848,4.53616
12849,3.65453
12850,3.8427
12851,3.72593
12852,3.60359
12853,3.7789
12854,4.52173
12855,3.49636
12856,3.82314
12857,3.6558
12858,4.2651
12859,3.35494
12860,3.16041
12861,4.33146
12862,4.27413
12863,3.52552
12864,4.12323
12865,3.64607
12866,1.0
12867,3.44464
12868,4.60466
12869,2.86586
12870,4.71005
12871,4.9553
12872,2.00814
12873,2.84713
12874,1.88949
12875,2.57504
12876,1.7828
12877,1.35049
12878,2.33405
12879,2.4718
12880,2.61829
12881,3.2411
12882,3.36849
12883,2.78807
12884,3.21484
12885,3.34322
12886,3.5549
12887,3.29475
12888,2.29521
12889,4.13819
12890,3.82675
12891,3.95893
12892,3.76826
12893,4.55679
12894,3.92966
12895,4.79198
12896,3.84088
12897,4.88124
12898,4.57871
12899,3.14886
12900,3.93947
12901,3.95099
12902,4.77991
12903,5.0
12904,4.82244
12905,3.73101
12906,4.48476
12907,4.50992
12908,4.49218
12909,4.50855
12910,4.27776
12911,4.13147
12912,4.93124
12913,4.46431
12914,4.1128
12915,5.0
12916,2.98324
12917,4.10074
12918,3.77674
12919,3.75425
12920,3.33019
12921,2.84231
12922,3.31202
12923,3.7966
12924,2.7355
12925,3.58283
12926,3.10367
12927,3.63501
12928,2.87382
12929,3.76083
12930,3.26802
12931,3.79727
12932,4.02592
12933,3.36565
12934,4.31803
12935,4.36022
12936,4.08782
12937,2.99817
12938,4.2585
12939,4.19253
12940,3.5589
12941,3.59898
12942,5.0
12943,3.85383
12944,3.35574
12945,3.21154
12946,4.48056
12947,2.68904
12948,3.87817
12949,4.0185
12950,1.63266
12951,4.34232
12952,3.81232
12953,3.36254
12954,4.72511
12955,3.25528
12956,4.3098
12957,4.38081
12958,3.05976
12959,4.57652
12960,4.47525
12961,3.19879
12962,3.45943
12963,3.79149
12964,3.32064
12965,4.1135
12966,4.14207
12967,4.46861
12968,3.56553
12969,4.07029
12970,3.84722
12971,4.2042
12972,1.56219
12973,4.55152
12974,3.24906
12975,4.78202
12976,4.3011
12977,3.36779
12978,4.56619
12979,4.67709
12980,4.04529
12981,4.91264
12982,4.55105
12983,4.16545
12984,4.30923
12985,4.36693
12986,5.0
12987,1.81234
12988,3.42333
12989,4.727
12990,4.16215
12991,4.07651
12992,3.87896
12993,2.8808
12994,4.04622
12995,4.38698
12996,3.30304
12997,2.93105
12998,3.68428
12999,2.95084
13000,3.65534
13001,4.19388
13002,3.57123
13003,4.1606
13004,4.54288
13005,4.05727
13006,4.08833
13007,3.99286
13008,3.13452
13009,4.62853
13010,3.15368
13011,2.93668
13012,3.48985
13013,3.38797
13014,4.44194
13015,3.91615
13016,3.88774
13017,4.25466
13018,3.4885
13019,4.93955
13020,3.36515
13021,4.07274
13022,3.84534
13023,3.89908
13024,2.78526
13025,4.76362
13026,3.94862
13027,3.23595
13028,4.55526
13029,3.56048
13030,4.36729
13031,3.68776
13032,3.3145
13033,2.34098
13034,4.0566
13035,4.12115
13036,5.0
13037,5.0
13038,5.0
13039,3.20691
13040,4.32029
13041,3.55182
13042,4.43817
13043,4.14527
13044,4.44074
13045,3.51866
13046,3.22902
13047,3.89736
13048,3.60784
13049,3.83295
13050,4.21436
13051,3.3232
13052,2.87302
13053,3.88329
13054,2.03203
13055,4.35307
13056,3.2917
13057,2.81657
13058,4.5938
13059,2.98968
13060,4.33212
13061,4.21351
13062,2.55247
13063,5.0
13064,3.87008
13065,4.28605
13066,3.7864
13067,3.99213
13068,3.63332
13069,4.44283
13070,2.11519
13071,3.78291
13072,4.3057
13073,4.91563
13074,5.0
13075,3.91874
13076,3.50255
13077,4.36549
13078,3.59038
13079,3.87519
13080,3.39645
13081,3.05069
13082,2.92364
13083,2.97345
13084,3.39399
13085,3.62362
13086,3.55201
13087,3.9069
13088,2.81714
13089,5.0
13090,4.03312
13091,1.92643
13092,3.62969
13093,4.16912
13094,3.75154
13095,4.66202
13096,3.82888
13097,3.64532
13098,4.39882
13099,3.08443
13100,4.85596
13101,3.63262
13102,3.5429
13103,2.79662
13104,4.48098
13105,2.17533
13106,2.63594
13107,3.83509
13108,5.0
13109,2.05122
13110,2.85534
13111,3.41474
13112,1.85669
13113,3.56472
13114,2.68712
13115,4.46098
13116,3.56425
13117,2.76998
13118,2.6707
13119,4.2152
13120,4.65194
13121,4.40918
13122,2.54234
13123,2.12783
13124,1.70377
13125,2.75478
13126,3.64098
13127,3.25901
13128,2.56554
13129,4.27456
13130,4.26298
13131,2.76118
13132,4.27615
13133,2.52463
13134,3.52352
13135,1.62286
13136,4.18233
13137,2.53709
13138,1.75
13139,3.16222
13140,2.58181
13141,3.50842
13142,3.55374
13143,3.78004
13144,3.65403
13145,3.6665
13146,4.12334
13147,3.33552
13148,3.0768
13149,4.31759
13150,3.9211
13151,3.53623
13152,3.31595
13153,3.49365
13154,3.37882
13155,4.18778
13156,3.91975
13157,3.45781
13158,4.31673
13159,3.10089
13160,2.93234
13161,3.66958
13162,4.39404
13163,4.06203
13164,4.57145
13165,2.96086
13166,4.04808
13167,3.20329
13168,3.15979
13169,3.0636
13170,2.96068
13171,2.63604
13172,3.33887
13173,3.57566
13174,3.23218
13175,3.29437
13176,2.73353
13177,3.11577
13178,2.96569
13179,2.33732
13180,2.8283
13181,3.17813
13182,2.97232
13183,3.4607
13184,2.72114
13185,3.2264
13186,2.06159
13187,2.54537
13188,3.40823
13189,2.67896
13190,2.44841
13191,2.76838
13192,3.31325
13193,3.17365
13194,3.25249
13195,3.461
13196,3.60035
13197,2.82051
13198,3.72151
13199,3.67336
13200,2.16876
13201,2.74023
13202,2.79423
13203,3.74459
13204,2.7714
13205,2.91487
13206,2.01189
13207,3.33638
13208,3.50574
13209,2.70132
13210,3.31367
13211,3.68845
13212,3.5424
13213,2.47814
13214,2.07776
13215,2.9698
13216,2.58646
13217,3.49044
13218,2.61735
13219,3.0366
13220,3.49372
13221,3.83295
13222,3.88796
13223,3.68847
13224,3.78983
13225,3.92918
13226,2.39051
13227,3.33193
13228,2.96413
13229,4.03371
13230,4.02536
13231,2.43761
13232,3.0706
13233,3.95182
13234,3.91804
13235,2.0175
13236,4.38192
13237,3.52712
13238,3.3043
13239,4.23464
13240,3.87618
13241,3.50843
13242,2.31056
13243,4.4068
13244,3.59229
13245,3.03668
13246,3.33283
13247,2.61292
13248,2.46162
13249,3.42525
13250,3.60486
13251,3.52615
13252,3.76198
13253,4.02269
13254,4.11129
13255,4.09428
13256,2.92909
13257,4.25791
13258,2.45839
13259,3.59363
13260,3.4784
13261,3.8988
13262,1.9874
13263,2.51838
13264,2.97713
13265,3.43881
13266,3.78727
13267,4.0257
13268,3.61866
13269,4.10562
13270,3.45807
13271,2.77562
13272,3.16525
13273,2.64794
13274,2.75224
13275,4.03646
13276,3.99189
13277,3.93965
13278,2.95912
13279,2.85033
13280,3.53668
13281,3.92924
13282,4.37142
13283,4.34288
13284,3.73789
13285,2.94396
13286,4.33666
13287,3.84871
13288,4.36532
13289,4.33131
13290,4.38036
13291,4.21136
13292,4.51561
13293,4.07949
13294,4.30877
13295,3.98622
13296,2.50825
13297,4.39713
13298,4.51329
13299,4.56011
13300,4.30408
13301,3.79373
13302,4.57456
13303,4.1075
13304,4.28887
13305,4.07804
13306,3.62658
13307,3.10151
13308,3.73746
13309,4.47411
13310,4.61006
13311,4.61683
13312,3.77669
13313,2.80068
13314,3.68501
13315,3.58111
13316,2.13665
13317,2.9833
13318,3.9044
13319,4.61032
13320,3.22127
13321,2.51797
13322,2.57259
13323,3.17079
13324,2.77463
13325,4.87996
13326,3.44872
13327,4.10838
13328,2.57472
13329,4.32383
13330,3.23885
13331,3.71882
13332,3.85762
13333,3.36377
13334,3.80573
13335,4.15995
13336,2.18167
13337,2.94018
13338,3.31802
13339,4.0801
13340,4.3842
13341,2.74772
13342,3.79214
13343,2.82053
13344,3.83586
13345,4.23801
13346,4.436
13347,3.25363
13348,4.08291
13349,4.05031
13350,3.2794
13351,4.11069
13352,3.96364
13353,4.03099
13354,4.3751
13355,3.89848
13356,4.16997
13357,4.25103
13358,3.91361
13359,4.05264
13360,4.76226
13361,4.36551
13362,1.81047
13363,4.45965
13364,3.32798
13365,4.76254
13366,5.0
13367,3.28641
13368,3.72576
13369,4.59333
13370,4.41239
13371,3.6726
13372,3.64381
13373,4.74709
13374,4.01386
13375,3.61636
13376,3.80527
13377,3.64685
13378,2.06498
13379,3.00145
13380,3.5586
13381,2.65033
13382,3.76982
13383,3.48051
13384,3.64886
13385,3.44723
13386,3.47568
13387,3.79673
13388,3.62814
13389,3.4924
13390,3.32588
13391,2.88252
13392,3.56969
13393,1.0
13394,4.74364
13395,4.04445
13396,4.23447
13397,3.42079
13398,4.32577
13399,3.03423
13400,3.27611
13401,3.64559
13402,2.98866
13403,3.1189
13404,3.20142
13405,3.10818
13406,4.18034
13407,3.56162
13408,4.38871
13409,4.15473
13410,4.74085
13411,3.55527
13412,3.1128
13413,3.67307
13414,2.2654
13415,4.04493
13416,2.71593
13417,3.30368
13418,3.81409
13419,3.5507
13420,3.705
13421,3.47309
13422,4.44763
13423,4.02627
13424,3.99502
13425,4.13434
13426,3.53931
13427,4.1627
13428,3.33561
13429,2.72709
13430,3.64381
13431,3.14817
13432,4.08484
13433,5.0
13434,3.56613
13435,3.10998
13436,2.90252
13437,2.03005
13438,4.85555
13439,3.53572
13440,2.16857
13441,3.14877
13442,3.23838
13443,4.19575
13444,3.11129
13445,2.4391
13446,3.39975
13447,4.95895
13448,3.64478
13449,3.36827
13450,3.62722
13451,2.55924
13452,4.29142
13453,3.13327
13454,3.78934
13455,3.44335
13456,3.47519
13457,4.42214
13458,4.77027
13459,4.11142
13460,2.22362
13461,3.79902
13462,2.54051
13463,4.28368
13464,2.75415
13465,3.55889
13466,3.54981
13467,3.67609
13468,3.69397
13469,3.44508
13470,2.98417
13471,3.44186
13472,4.09546
13473,3.64266
13474,2.85881
13475,4.06473
13476,3.53794
13477,4.18197
13478,4.25007
13479,4.48108
13480,4.52179
13481,4.76617
13482,3.39518
13483,3.55697
13484,3.67447
13485,4.23191
13486,1.83663
13487,4.35907
13488,2.4359
13489,3.91866
13490,3.30451
13491,4.51774
13492,3.39248
13493,4.25791
13494,3.94195
13495,4.2496
13496,4.15888
13497,3.74278
13498,3.60978
13499,3.48667
13500,3.73192
13501,4.22928
13502,4.07525
13503,3.61789
13504,3.72771
13505,3.4741
13506,3.73755
13507,4.26266
13508,3.69141
13509,3.89067
13510,3.83678
13511,3.32737
13512,2.86823
13513,3.60958
13514,4.89046
13515,2.7443
13516,4.01967
13517,4.6575
13518,3.42656
13519,5.0
13520,5.0
13521,3.14493
13522,3.99056
13523,3.56749
13524,3.29977
13525,4.54181
13526,3.59662
13527,3.77241
13528,4.31568
13529,3.62236
13530,3.39824
13531,4.82262
13532,4.30026
13533,4.44132
13534,3.78576
13535,3.8721
13536,3.0396
13537,3.82333
13538,3.65849
13539,4.19646
13540,3.67697
13541,3.29864
13542,3.45701
13543,3.30817
13544,3.31954
13545,3.78716
13546,1.72514
13547,3.18185
13548,4.24279
13549,2.87874
13550,4.16898
13551,3.64797
13552,4.04035
13553,1.94016
13554,2.30165
13555,3.64715
13556,2.50385
13557,3.10513
13558,3.75682
13559,4.62737
13560,4.56054
13561,2.91778
13562,2.93277
13563,3.35425
13564,3.61263
13565,3.98849
13566,2.46957
13567,4.1142
13568,3.73878
13569,3.04812
13570,3.38382
13571,2.66399
13572,3.53629
13573,3.13097
13574,2.85544
13575,2.55572
13576,3.21131
13577,2.70766
13578,3.54895
13579,3.79204
13580,4.32452
13581,4.0802
13582,3.12616
13583,3.2875
13584,2.99332
13585,4.16622
13586,2.79459
13587,3.39772
13588,3.08288
13589,3.81306
13590,3.82879
13591,2.58396
13592,3.28702
13593,2.8439
13594,2.73966
13595,2.66756
13596,3.5851
13597,5.0
13598,3.5438
13599,5.0
13600,2.9223
13601,2.17598
13602,4.40685
13603,4.20571
13604,3.88251
13605,3.84631
13606,4.77142
13607,2.36651
13608,2.26815
13609,4.01929
13610,2.68879
13611,4.02243
13612,3.69768
13613,5.0
13614,2.327
13615,2.28052
13616,4.40538
13617,1.76712
13618,2.37055
13619,2.99967
13620,3.84804
13621,3.15524
13622,3.4941
13623,4.79186
13624,3.48674
13625,3.50508
13626,2.48862
13627,3.05033
13628,3.59711
13629,2.88626
13630,2.6039
13631,3.65706
13632,2.68683
13633,2.99576
13634,3.17768
13635,2.80408
13636,2.75639
13637,2.12676
13638,2.30825
13639,1.82168
13640,2.01594
13641,2.1159
13642,2.0833
13643,2.56561
13644,2.65578
13645,2.74565
13646,2.12283
13647,3.49448
13648,3.16307
13649,2.39111
13650,4.46019
13651,3.4104
13652,3.20615
13653,3.20671
13654,1.52422
13655,3.70037
13656,3.56503
13657,3.53644
13658,2.65448
13659,3.33355
13660,3.69782
13661,1.97852
13662,2.89818
13663,2.21505
13664,4.15921
13665,3.17506
13666,2.21368
13667,4.04356
13668,2.32299
13669,2.18249
13670,3.49678
13671,2.84675
13672,4.2013
13673,2.52582
13674,2.83455
13675,1.78821
13676,3.18802
13677,1.53927
13678,2.56077
13679,3.55538
13680,1.56974
13681,2.79595
13682,1.47458
13683,3.2944
13684,2.8189
13685,2.63379
13686,2.88954
13687,4.05585
13688,3.06345
13689,2.61938
13690,2.29926
13691,2.99724
13692,4.05541
13693,4.45637
13694,2.73933
13695,3.10554
13696,2.56731
13697,4.55538
13698,1.93976
13699,4.02176
13700,4.9175
13701,2.86712
13702,4.10614
13703,2.13317
13704,2.02247
13705,1.70749
13706,3.72142
13707,2.82066
13708,3.53658
13709,4.87054
13710,3.48177
13711,3.62963
13712,2.88827
13713,4.82555
13714,2.6905
13715,5.0
13716,4.02593
13717,3.44414
13718,2.92779
13719,3.71115
13720,4.40189
13721,4.86606
13722,4.06182
13723,3.58985
13724,5.0
13725,4.39583
13726,5.0
13727,5.0
13728,4.83783
13729,3.0119
13730,4.6016
13731,3.46758
13732,3.89428
13733,4.85692
13734,3.9097
13735,5.0
13736,3.60204
13737,3.55716
13738,3.79365
13739,3.57928
13740,3.61602
13741,2.83436
13742,3.94999
13743,3.11514
13744,4.10395
13745,3.79292
13746,3.24169
13747,3.2534
13748,4.0339
13749,4.10689
13750,3.52789
13751,3.53812
13752,2.86434
13753,4.05104
13754,4.5911
13755,4.37727
13756,3.26158
13757,3.74869
13758,3.88808
13759,2.75023
13760,2.0621
13761,2.22156
13762,3.00722
13763,3.41167
13764,3.9237
13765,3.09259
13766,3.18219
13767,3.12593
13768,4.1413
13769,3.94163
13770,2.48149
13771,3.00615
13772,2.55227
13773,4.28533
13774,3.06685
13775,4.10567
13776,3.9788
13777,3.2079
13778,2.23813
13779,3.14557
13780,3.55197
13781,2.56672
13782,1.998
13783,3.47141
13784,2.3991
13785,4.10154
13786,2.06735
13787,3.3596
13788,3.14449
13789,2.83749
13790,3.0687
13791,2.0806
13792,3.13057
13793,3.43391
13794,3.48693
13795,1.92148
13796,2.87783
13797,3.66242
13798,2.41361
13799,3.64104
13800,2.66539
13801,3.11389
13802,3.20055
13803,2.49464
13804,3.9798
13805,1.67091
13806,2.11111
13807,3.64159
13808,2.36432
13809,3.16328
13810,1.30268
13811,1.46745
13812,3.20118
13813,1.67647
13814,1.29127
13815,3.05157
13816,2.03298
13817,2.44339
13818,2.99999
13819,2.09244
13820,3.1477
13821,2.49899
13822,2.39849
13823,3.30961
13824,3.01569
13825,2.77865
13826,2.71809
13827,2.63824
13828,3.50475
13829,1.7442
13830,3.10572
13831,3.80466
13832,3.75694
13833,2.76588
13834,1.8154
13835,2.16706
13836,2.5809
13837,2.50519
13838,3.06802
13839,1.88305
13840,2.90953
13841,2.6373
13842,3.30764
13843,3.15942
13844,2.1093
13845,2.35368
13846,2.84337
13847,1.8597
13848,2.42553
13849,3.36912
13850,2.96987
13851,2.55498
13852,1.74079
13853,3.22545
13854,1.6882
13855,2.40785
13856,3.05335
13857,3.24809
13858,3.17942
13859,2.49234
13860,3.11802
13861,2.50363
13862,2.9897
13863,3.34032
13864,2.40355
13865,1.80477
13866,2.77983
13867,3.12279
13868,3.4127
13869,3.326
13870,2.10507
13871,3.15667
13872,2.84048
13873,2.25114
13874,2.76271
13875,3.01584
13876,3.14748
13877,3.23517
13878,3.74781
13879,3.0823
13880,3.65432
13881,3.79393
13882,2.42106
13883,2.38883
13884,3.23214
13885,1.64404
13886,1.90724
13887,3.69193
13888,3.80617
13889,2.87172
13890,2.27429
13891,4.50192
13892,2.84964
13893,3.5548
13894,3.19488
13895,3.28539
13896,4.70153
13897,3.78917
13898,3.08086
13899,3.69093
13900,3.32718
13901,3.15463
13902,2.67189
13903,2.12359
13904,3.54705
13905,3.99627
13906,3.6126
13907,2.19501
13908,4.7988
13909,5.0
13910,3.47947
13911,3.62852
13912,3.97716
13913,3.66895
13914,3.70405
13915,3.88185
13916,4.67657
13917,4.02194
13918,3.46147
13919,3.65204
13920,1.39098
13921,2.94968
13922,4.58872
13923,1.74656
13924,4.75405
13925,5.0
13926,3.16616
13927,5.0
13928,4.04557
13929,3.6069
13930,4.04079
13931,2.75353
13932,4.41343
13933,4.57915
13934,2.8599
13935,3.65307
13936,3.26416
13937,4.12701
13938,4.34254
13939,4.65663
13940,2.7729
13941,3.52945
13942,3.67572
13943,3.61612
13944,2.32077
13945,3.1096
13946,2.85286
13947,4.1211
13948,4.50701
13949,3.89295
13950,4.52792
13951,2.79008
13952,4.04865
13953,4.54435
13954,4.36987
13955,4.5632
13956,4.52663
13957,3.18393
13958,2.89577
13959,2.20556
13960,4.19128
13961,3.32739
13962,3.70794
13963,2.34611
13964,3.65563
13965,3.17497
13966,2.88079
13967,3.98746
13968,4.76022
13969,4.27169
13970,5.0
13971,5.0
13972,4.22853
13973,5.0
13974,4.57618
13975,4.11587
13976,3.58697
13977,3.64528
13978,4.26333
13979,2.43534
13980,4.63796
13981,4.53632
13982,2.58778
13983,3.52636
13984,3.4617
13985,4.8532
13986,3.72098
13987,3.07074
13988,4.05868
13989,3.68743
13990,3.84398
13991,3.9068
13992,3.33377
13993,2.958
13994,3.68474
13995,3.70656
13996,4.4362
13997,4.4751
13998,2.78129
13999,3.65907
14000,3.32921
14001,3.45199
14002,3.63844
14003,3.86372
14004,4.07699
14005,4.80559
14006,3.30673
14007,2.59801
14008,3.35211
14009,3.84307
14010,3.22381
14011,3.4916
14012,3.66289
14013,2.42143
14014,3.34121
14015,4.45348
14016,2.90837
14017,3.14534
14018,1.959
14019,3.39521
14020,3.49907
14021,3.88037
14022,2.23738
14023,3.36613
14024,2.22645
14025,3.4592
14026,3.05525
14027,3.25505
14028,2.90539
14029,3.86032
14030,1.72786
14031,3.58461
14032,4.38614
14033,3.39484
14034,2.53692
14035,3.5051
14036,3.69867
14037,3.63534
14038,3.09151
14039,4.15671
14040,2.15413
14041,3.45393
14042,1.81256
14043,1.81146
14044,3.29191
14045,3.0868
14046,3.93756
14047,2.58927
14048,4.01253
14049,4.09211
14050,4.59151
14051,3.28374
14052,2.76861
14053,3.21358
14054,3.11494
14055,2.95334
14056,3.51866
14057,3.58285
14058,3.90687
14059,2.99673
14060,3.13178
14061,3.18853
14062,2.61269
14063,3.70122
14064,2.27781
14065,3.26796
14066,3.32976
14067,2.92755
14068,3.95961
14069,3.00031
14070,3.54164
14071,2.70698
14072,3.48401
14073,2.31378
14074,3.04733
14075,3.31546
14076,4.52643
14077,2.3209
14078,2.51646
14079,3.48809
14080,4.04847
14081,2.84929
14082,3.42342
14083,3.86606
14084,3.68856
14085,4.13735
14086,3.37872
14087,4.13595
14088,2.97057
14089,3.07445
14090,4.00492
14091,3.47936
14092,4.35292
14093,4.76626
14094,4.74648
14095,3.73915
14096,4.38921
14097,2.54782
14098,4.05363
14099,4.08492
14100,1.2685
14101,2.32394
14102,4.5471
14103,3.50368
14104,4.42991
14105,3.36618
14106,3.92956
14107,3.5151
14108,2.82857
14109,2.03771
14110,4.08283
14111,3.82644
14112,3.40888
14113,2.78241
14114,4.63967
14115,3.91179
14116,3.32525
14117,4.4802
14118,4.34566
14119,2.6556
14120,2.21813
14121,3.79806
14122,3.99891
14123,4.36027
14124,3.53916
14125,4.87494
14126,2.98637
14127,4.15347
14128,3.79657
14129,4.45535
14130,3.99573
14131,3.68479
14132,3.96158
14133,3.77552
14134,3.57955
14135,4.28134
14136,3.56784
14137,3.94363
14138,4.71
14139,3.62697
14140,3.65381
14141,3.2995
14142,3.90764
14143,4.14332
14144,3.15533
14145,4.26811
14146,4.1838
14147,3.24359
14148,3.94628
14149,4.01359
14150,4.31569
14151,4.57794
14152,3.28243
14153,3.6387
14154,3.87889
14155,4.09804
14156,3.73181
14157,4.52557
14158,3.69487
14159,4.48314
14160,4.43962
14161,4.21664
14162,4.48462
14163,4.0963
14164,4.26345
14165,2.87026
14166,3.91426
14167,2.92132
14168,3.52075
14169,4.49073
14170,3.96981
14171,3.9999
14172,4.33366
14173,4.31395
14174,4.33736
14175,3.61954
14176,4.35748
14177,4.24606
14178,3.69354
14179,4.79446
14180,3.92873
14181,4.23753
14182,3.81187
14183,3.49549
14184,3.04474
14185,3.98934
14186,2.32412
14187,3.21636
14188,4.70753
14189,5.0
14190,4.88444
14191,4.23252
14192,4.88802
14193,4.42292
14194,3.65411
14195,3.28009
14196,2.46411
14197,2.15374
14198,3.37295
14199,4.6738
14200,2.08077
14201,1.26786
14202,3.0728
14203,2.02533
14204,4.51922
14205,5.0
14206,4.2735
14207,4.93919
14208,3.35573
14209,4.55783
14210,4.43632
14211,4.04063
14212,3.93513
14213,2.87192
14214,3.18406
14215,2.75154
14216,3.32847
14217,2.04611
14218,2.19045
14219,3.22018
14220,1.18465
14221,3.1274
14222,2.86481
14223,3.50507
14224,3.01284
14225,2.86488
14226,2.58213
14227,4.0805
14228,3.26904
14229,4.45841
14230,4.78773
14231,3.68706
14232,3.56751
14233,4.31602
14234,3.14805
14235,4.07515
14236,4.184
14237,4.08668
14238,2.71971
14239,4.30477
14240,3.32166
14241,4.1599
14242,3.21303
14243,4.32168
14244,3.94455
14245,3.56466
14246,3.898
14247,3.58709
14248,4.75453
14249,4.36013
14250,4.18897
14251,4.12228
14252,3.89212
14253,3.81415
14254,3.04702
14255,4.37312
14256,4.54482
14257,4.44773
14258,4.51735
14259,4.08882
14260,3.31488
14261,3.99128
14262,1.69269
14263,3.63488
14264,2.44826
14265,3.52015
14266,3.42527
14267,4.12182
14268,3.77782
14269,3.72686
14270,2.956
14271,3.2242
14272,3.30445
14273,2.47945
14274,3.39426
14275,4.16333
14276,3.92501
14277,3.65612
14278,4.39931
14279,4.03438
14280,4.4915
14281,3.80215
14282,4.24599
14283,2.84984
14284,3.89966
14285,4.54223
14286,4.84406
14287,4.80533
14288,3.3175
14289,3.20014
14290,4.68258
14291,3.68253
14292,3.97602
14293,2.83062
14294,4.2231
14295,4.49761
14296,3.57428
14297,2.53688
14298,1.73355
14299,2.8085
14300,4.41876
14301,2.30253
14302,4.92393
14303,3.99418
14304,2.6888
14305,2.89708
14306,2.96081
14307,4.11846
14308,2.5607
14309,4.50218
14310,4.05207
14311,4.19507
14312,4.02021
14313,3.98621
14314,4.37079
14315,3.71854
14316,4.6468
14317,3.3092
14318,3.35781
14319,4.13929
14320,3.49515
14321,3.84932
14322,4.26015
14323,4.33572
14324,3.88094
14325,3.97987
14326,3.97957
14327,4.14477
14328,3.47029
14329,4.47658
14330,4.62508
14331,4.23927
14332,3.50369
14333,3.96645
14334,3.68015
14335,3.96111
14336,3.91589
14337,3.99791
14338,4.17198
14339,4.07461
14340,4.64346
14341,3.83699
14342,3.48287
14343,2.99585
14344,3.83235
14345,3.46168
14346,3.0634
14347,2.96784
14348,4.68234
14349,4.0416
14350,4.09688
14351,4.56563
14352,4.078
14353,3.8463
14354,4.7894
14355,4.03154
14356,3.4753
14357,3.5246
14358,3.93645
14359,3.36644
14360,2.94826
14361,2.81807
14362,3.79988
14363,2.7841
14364,3.04351
14365,2.84354
14366,3.13791
14367,3.35407
14368,2.15995
14369,2.4764
14370,3.62475
14371,4.07642
14372,3.27349
14373,3.22872
14374,3.31222
14375,3.93869
14376,4.72033
14377,2.96127
14378,4.16678
14379,4.63785
14380,3.98683
14381,4.32809
14382,4.09047
14383,4.1094
14384,3.95067
14385,4.66503
14386,4.0553
14387,4.75874
14388,4.21226
14389,4.11502
14390,4.36846
14391,4.03718
14392,3.99194
14393,3.83021
14394,5.0
14395,4.06217
14396,4.67232
14397,3.74096
14398,3.02787
14399,4.00132
14400,2.28351
14401,3.38803
14402,1.73228
14403,4.45702
14404,2.42332
14405,4.32115
14406,4.33199
14407,3.6662
14408,3.8818
14409,3.71541
14410,3.69653
14411,4.37224
14412,3.3635
14413,2.97211
14414,2.57885
14415,3.62338
14416,2.9376
14417,4.26406
14418,4.16138
14419,2.4894
14420,3.09313
14421,4.15955
14422,4.36828
14423,2.85952
14424,4.31817
14425,3.60044
14426,3.24523
14427,3.7391
14428,3.42092
14429,3.11916
14430,4.60467
14431,4.27047
14432,4.68743
14433,3.18873
14434,4.35042
14435,3.42226
14436,3.53607
14437,3.61988
14438,3.65981
14439,3.85312
14440,2.66449
14441,3.11007
14442,2.73459
14443,2.76562
14444,2.99736
14445,4.0045
14446,4.18957
14447,4.51977
14448,4.92747
14449,4.2942
14450,4.5786
14451,3.96291
14452,4.52714
14453,4.19589
14454,4.61929
14455,4.55046
14456,4.29532
14457,4.46887
14458,4.21804
14459,3.34756
14460,4.74118
14461,3.59216
14462,3.81184
14463,4.19675
14464,4.48794
14465,4.78972
14466,5.0
14467,3.6651
14468,2.50045
14469,4.42016
14470,4.3113
14471,1.87351
14472,3.60572
14473,3.96055
14474,2.67139
14475,2.7185
14476,1.23026
14477,2.73269
14478,1.83131
14479,2.03628
14480,3.62084
14481,1.81903
14482,2.30968
14483,2.9343
14484,2.74273
14485,3.34858
14486,2.6514
14487,2.70303
14488,2.90583
14489,2.58719
14490,2.44785
14491,2.95409
14492,2.96509
14493,2.527
14494,2.81382
14495,2.77704
14496,2.03103
14497,2.95341
14498,2.97133
14499,3.61184
14500,3.81913
14501,3.72412
14502,3.01302
14503,2.68653
14504,2.06998
14505,2.73448
14506,3.23041
14507,2.56266
14508,3.47397
14509,2.85813
14510,4.11948
14511,3.55088
14512,1.40192
14513,2.51724
14514,2.96588
14515,2.21072
14516,3.5295
14517,3.98529
14518,2.9782
14519,4.04048
14520,3.67648
14521,4.25035
14522,3.97964
14523,4.06266
14524,3.86445
14525,3.39113
14526,3.15352
14527,3.28618
14528,3.35977
14529,3.23836
14530,2.84974
14531,4.47314
14532,2.40604
14533,3.79769
14534,4.19602
14535,4.3035
14536,4.00171
14537,2.80221
14538,3.8644
14539,3.14504
14540,3.23143
14541,3.9727
14542,4.36894
14543,3.6421
14544,4.09476
14545,2.875
14546,3.04898
14547,3.6453
14548,3.82702
14549,3.82779
14550,4.01777
14551,2.98694
14552,3.87417
14553,3.82252
14554,4.17693
14555,3.25377
14556,3.47205
14557,3.85294
14558,3.15911
14559,2.66422
14560,4.09317
14561,3.14425
14562,3.22709
14563,4.29902
14564,2.60178
14565,4.00128
14566,3.28761
14567,4.06032
14568,3.66377
14569,4.30008
14570,4.68225
14571,3.15453
14572,3.02437
14573,3.44955
14574,2.95174
14575,3.41024
14576,3.87745
14577,3.41962
14578,4.45933
14579,2.04519
14580,3.4433
14581,4.95073
14582,2.66835
14583,3.92849
14584,3.28236
14585,4.23846
14586,4.36528
14587,2.63886
14588,3.21234
14589,4.15567
14590,4.431
14591,3.6172
14592,2.40527
14593,3.68273
14594,4.53801
14595,4.16988
14596,3.51942
14597,4.52958
14598,4.54354
14599,3.74126
14600,4.19286
14601,3.67389
14602,4.16387
14603,3.97467
14604,4.61903
14605,3.5808
14606,3.5924
14607,4.63871
14608,3.65107
14609,4.06044
14610,3.58106
14611,3.92899
14612,2.69253
14613,3.5379
14614,3.34642
14615,3.55788
14616,3.92094
14617,3.22124
14618,3.593
14619,4.29945
14620,1.78554
14621,3.69923
14622,2.75693
14623,3.50985
14624,3.19977
14625,2.14152
14626,2.09053
14627,3.26753
14628,3.59364
14629,3.38969
14630,4.30101
14631,3.11632
14632,3.0716
14633,2.96355
14634,1.91599
14635,2.81098
14636,3.24997
14637,4.05384
14638,4.30938
14639,4.27002
14640,4.00197
14641,4.28337
14642,4.94446
14643,4.42523
14644,4.76577
14645,5.0
14646,3.54835
14647,3.1094
14648,3.6881
14649,4.65873
14650,4.82794
14651,3.8239
14652,3.84433
14653,3.95906
14654,4.21729
14655,4.50533
14656,3.9803
14657,4.73329
14658,3.74556
14659,4.09166
14660,3.31383
14661,3.6248
14662,3.55815
14663,3.18899
14664,4.20827
14665,3.87989
14666,3.11927
14667,4.75473
14668,4.17592
14669,4.08047
14670,4.48401
14671,2.86925
14672,2.58565
14673,4.59344
14674,4.24446
14675,3.50406
14676,3.51464
14677,3.05146
14678,4.50108
14679,3.98348
14680,3.63257
14681,5.0
14682,4.11609
14683,2.88598
14684,3.70752
14685,2.6983
14686,3.40348
14687,2.51631
14688,5.0
14689,4.35556
14690,2.16611
14691,4.29989
14692,3.18544
14693,4.57098
14694,5.0
14695,3.1105
14696,4.07878
14697,3.53801
14698,3.42378
14699,4.70822
14700,2.46109
14701,4.25315
14702,1.53174
14703,2.88379
14704,3.63833
14705,3.98385
14706,2.43543
14707,4.56774
14708,3.45335
14709,4.53705
14710,3.45419
14711,3.76387
14712,3.93974
14713,4.1786
14714,3.97112
14715,4.42527
14716,4.19878
14717,3.72155
14718,5.0
14719,2.6357
14720,4.50321
14721,3.98984
14722,2.75695
14723,4.42051
14724,4.65688
14725,5.0
14726,3.7421
14727,3.79343
14728,5.0
14729,4.14929
14730,3.05168
14731,3.78977
14732,3.43156
14733,4.36307
14734,4.50298
14735,5.0
14736,4.16392
14737,3.1864
14738,4.29269
14739,3.8939
14740,4.08511
14741,4.35081
14742,3.99035
14743,3.33269
14744,4.13479
14745,2.80885
14746,3.63315
14747,4.31483
14748,3.62504
14749,4.04171
14750,2.76543
14751,3.5412
14752,4.02834
14753,4.40983
14754,2.67512
14755,3.81414
14756,4.59699
14757,4.43796
14758,5.0
14759,4.75446
14760,4.79126
14761,4.70154
14762,3.09468
14763,3.17858
14764,2.12745
14765,3.13672
14766,3.94052
14767,3.30886
14768,4.94123
14769,4.12009
14770,4.18604
14771,4.2614
14772,4.07733
14773,4.13083
14774,5.0
14775,4.57536
14776,4.08329
14777,4.19423
14778,4.63718
14779,4.26012
14780,4.74182
14781,3.6838
14782,4.53738
14783,4.18682
14784,3.56191
14785,4.85513
14786,4.73231
14787,4.8909
14788,4.97343
14789,5.0
14790,4.52608
14791,5.0
14792,4.91945
14793,4.59784
14794,4.81017
14795,3.94147
14796,4.10471
14797,3.83706
14798,5.0
14799,4.2748
14800,4.18126
14801,5.0
14802,4.33941
14803,5.0
14804,2.80531
14805,3.23521
14806,3.81054
14807,3.93788
14808,3.74552
14809,4.27882
14810,3.8075
14811,4.07382
14812,4.11253
14813,4.41027
14814,2.35956
14815,3.99287
14816,3.21829
14817,3.39782
14818,4.47622
14819,4.22482
14820,4.04048
14821,3.41806
14822,3.13719
14823,2.58546
14824,2.70267
14825,2.83623
14826,3.73092
14827,3.56962
14828,3.81826
14829,3.6674
14830,2.15521
14831,4.46313
14832,3.51628
14833,2.31644
14834,4.22099
14835,4.04117
14836,2.69691
14837,3.24192
14838,3.88128
14839,2.57304
14840,3.39344
14841,3.30309
14842,3.4156
14843,4.00208
14844,3.17556
14845,2.74672
14846,3.44441
14847,3.17806
14848,4.66155
14849,4.62158
14850,3.6648
14851,4.301
14852,3.47184
14853,3.98804
14854,3.4694
14855,4.28153
14856,3.71062
14857,4.18115
14858,3.70749
14859,4.81529
14860,4.39421
14861,4.55054
14862,4.1162
14863,4.77791
14864,4.7139
14865,5.0
14866,4.63115
14867,5.0
14868,4.76506
14869,4.23658
14870,4.56437
14871,4.13713
14872,4.69607
14873,2.52925
14874,4.47942
14875,4.62481
14876,4.77763
14877,3.62589
14878,4.1506
14879,4.40812
14880,4.28747
14881,4.6578
14882,4.09563
14883,4.54972
14884,4.93096
14885,4.52385
14886,4.84066
14887,4.75342
14888,4.05335
14889,5.0
14890,4.86239
14891,5.0
14892,4.65998
14893,4.8412
14894,4.38034
14895,4.68898
14896,4.99556
14897,3.93115
14898,2.96162
14899,4.20062
14900,4.74342
14901,3.9177
14902,4.0606
14903,3.9863
14904,2.73373
14905,2.55288
14906,1.88399
14907,4.11602
14908,2.69376
14909,4.63677
14910,4.51272
14911,3.84446
14912,4.19456
14913,3.39907
14914,2.85595
14915,4.52428
14916,3.64779
14917,4.54812
14918,4.99321
14919,3.79375
14920,4.35076
14921,2.83528
14922,3.27503
14923,4.83814
14924,4.90203
14925,4.23861
14926,3.15086
14927,4.06927
14928,2.74379
14929,4.10148
14930,4.01226
14931,3.83547
14932,3.80276
14933,3.8718
14934,3.80894
14935,3.84638
14936,4.46219
14937,4.26474
14938,4.90381
14939,3.48706
14940,4.03545
14941,5.0
14942,4.17039
14943,2.31445
14944,3.01856
14945,2.54845
14946,3.96484
14947,3.49847
14948,2.92498
14949,3.87668
14950,3.44435
14951,3.71259
14952,4.15612
14953,3.3801
14954,2.81614
14955,3.4382
14956,3.96922
14957,3.58366
14958,3.345
14959,3.07028
14960,2.45864
14961,3.96533
14962,3.36743
14963,3.6555
14964,3.43493
14965,3.90163
14966,3.52412
14967,3.91293
14968,3.05968
14969,3.76034
14970,3.26718
14971,3.42811
14972,4.64925
14973,3.61772
14974,3.1698
14975,3.40808
14976,3.68142
14977,3.39029
14978,3.54161
14979,3.23788
14980,4.12485
14981,3.81923
14982,3.60124
14983,3.41076
14984,4.43972
14985,3.08676
14986,3.49449
14987,3.23973
14988,4.00506
14989,3.67583
14990,4.25162
14991,4.16242
14992,3.6883
14993,4.60389
14994,5.0
14995,4.10626
14996,4.26593
14997,4.50028
14998,4.74292
14999,4.07337
15000,2.39252
15001,3.62898
15002,3.38018
15003,4.54123
15004,3.34497
15005,3.83864
15006,3.59286
15007,3.79819
15008,2.62013
15009,3.13656
15010,2.81475
15011,3.75889
15012,4.59428
15013,3.11046
15014,4.40107
15015,3.28113
15016,2.87343
15017,3.45535
15018,3.1216
15019,3.52852
15020,3.44803
15021,2.5273
15022,3.11843
15023,2.54179
15024,3.21762
15025,3.67046
15026,4.25669
15027,4.84149
15028,4.09203
15029,4.28115
15030,5.0
15031,2.43392
15032,3.35224
15033,4.85002
15034,3.16262
15035,3.64763
15036,3.3234
15037,2.36615
15038,2.86651
15039,3.31079
15040,3.60223
15041,3.05204
15042,3.75977
15043,2.12611
15044,1.98364
15045,3.15588
15046,2.29572
15047,2.43318
15048,3.25137
15049,2.86971
15050,2.74042
15051,1.61052
15052,3.1353
15053,3.21733
15054,3.32267
15055,1.59774
15056,2.19912
15057,2.75781
15058,3.38614
15059,2.92621
15060,4.63441
15061,3.74628
15062,4.00822
15063,2.59567
15064,4.26876
15065,3.7675
15066,3.10792
15067,3.60879
15068,1.72066
15069,2.17443
15070,3.77726
15071,1.99738
15072,4.21001
15073,2.01428
15074,3.17236
15075,2.51468
15076,2.86316
15077,3.85607
15078,1.64779
15079,3.38751
15080,4.64148
15081,2.97284
15082,2.82414
15083,4.44518
15084,3.39917
15085,2.50302
15086,5.0
15087,4.03912
15088,3.1951
15089,3.79473
15090,2.48789
15091,3.30573
15092,3.69799
15093,2.46461
15094,4.51535
15095,2.41431
15096,3.05917
15097,3.74299
15098,3.2205
15099,4.72672
15100,2.38736
15101,3.86746
15102,2.83794
15103,2.84881
15104,4.5188
15105,4.47358
15106,2.5384
15107,2.8669
15108,2.71677
15109,3.96472
15110,3.04801
15111,3.37034
15112,3.47421
15113,4.15287
15114,3.67643
15115,3.39501
15116,2.35217
15117,2.88273
15118,3.36429
15119,3.05366
15120,3.87101
15121,3.89994
15122,2.62295
15123,3.11662
15124,4.0871
15125,3.51156
15126,2.78638
15127,3.98456
15128,3.58388
15129,3.17766
15130,3.87077
15131,2.88186
15132,3.73951
15133,3.71645
15134,4.04565
15135,3.59412
15136,3.63954
15137,3.04
15138,4.49757
15139,3.75685
15140,3.80497
15141,3.12882
15142,2.02815
15143,3.51493
15144,3.38779
15145,2.567
15146,3.20955
15147,3.40656
15148,3.78548
15149,3.92781
15150,3.70356
15151,2.54048
15152,3.01234
15153,3.67439
15154,2.81928
15155,2.9843
15156,3.59501
15157,3.40885
15158,3.2227
15159,3.98396
15160,3.57921
15161,2.75425
15162,3.18063
15163,2.14667
15164,3.68695
15165,2.43641
15166,2.95718
15167,3.20375
15168,3.74981
15169,2.51654
15170,3.56949
15171,3.7338
15172,4.30181
15173,3.31282
15174,3.49424
15175,3.71832
15176,3.59325
15177,3.72874
15178,3.96958
15179,3.07594
15180,4.06443
15181,4.50546
15182,3.75647
15183,3.46549
15184,2.76489
15185,3.38202
15186,3.43976
15187,4.10286
15188,3.83724
15189,3.879
15190,2.91082
15191,4.09569
15192,4.49472
15193,3.91302
15194,2.58308
15195,4.35137
15196,3.94797
15197,3.6423
15198,4.51946
15199,3.50458
15200,5.0
15201,3.3982
15202,3.48378
15203,3.34406
15204,2.99964
15205,4.49175
15206,3.09348
15207,4.25751
15208,3.82324
15209,3.75091
15210,4.09906
15211,3.53194
15212,5.0
15213,4.57348
15214,4.49872
15215,3.16616
15216,3.96504
15217,4.07383
15218,2.64825
15219,5.0
15220,4.42028
15221,3.09644
15222,5.0
15223,4.46806
15224,3.30727
15225,3.21586
15226,1.87546
15227,2.41139
15228,3.70307
15229,3.672
15230,2.74705
15231,3.71193
15232,1.46401
15233,4.00517
15234,3.0388
15235,1.16629
15236,2.86363
15237,3.56127
15238,3.54381
15239,3.48921
15240,3.43689
15241,3.15952
15242,3.20832
15243,1.71225
15244,4.07271
15245,3.66692
15246,2.7414
15247,3.98559
15248,3.94394
15249,2.66064
15250,1.30233
15251,3.04843
15252,3.74849
15253,3.03162
15254,3.61622
15255,3.39615
15256,3.44811
15257,3.41514
15258,3.58836
15259,2.72931
15260,5.0
15261,3.81556
15262,3.79609
15263,4.77211
15264,4.43773
15265,4.07566
15266,3.95422
15267,3.53687
15268,4.28329
15269,3.41762
15270,4.74943
15271,3.63649
15272,3.92309
15273,2.85512
15274,4.54542
15275,4.16838
15276,4.04626
15277,3.39774
15278,4.40776
15279,3.25227
15280,3.02456
15281,4.24832
15282,4.53076
15283,2.99798
15284,4.36243
15285,3.52099
15286,3.43467
15287,3.78343
15288,4.09494
15289,3.30923
15290,3.35917
15291,3.60214
15292,4.25008
15293,3.72261
15294,3.94342
15295,3.2027
15296,3.7566
15297,4.3185
15298,3.32718
15299,3.88611
15300,4.15186
15301,3.46142
15302,3.75684
15303,3.13676
15304,3.23398
15305,4.23878
15306,3.39941
15307,3.67852
15308,3.10578
15309,2.81417
15310,3.35233
15311,2.4991
15312,3.96145
15313,2.20392
15314,3.89539
15315,3.86089
15316,3.56224
15317,3.17591
15318,3.00098
15319,2.59532
15320,3.88645
15321,3.48908
15322,3.82202
15323,4.30382
15324,3.4383
15325,3.86117
15326,3.87807
15327,4.36055
15328,3.89396
15329,2.63764
15330,2.33457
15331,3.56266
15332,3.67269
15333,4.27071
15334,3.71443
15335,4.10143
15336,3.71132
15337,3.14912
15338,3.86149
15339,4.35091
15340,3.82033
15341,3.73323
15342,3.51028
15343,4.3315
15344,4.4933
15345,3.21678
15346,3.76838
15347,4.51695
15348,4.2426
15349,3.91905
15350,4.255
15351,4.43327
15352,4.30886
15353,4.0342
15354,4.04636
15355,4.37664
15356,4.13612
15357,4.05326
15358,4.01817
15359,4.51145
15360,3.72537
15361,3.41859
15362,4.14659
15363,3.98254
15364,4.2827
15365,4.05313
15366,4.41492
15367,4.33667
15368,3.75597
15369,3.77637
15370,4.01132
15371,3.71587
15372,4.43688
15373,4.15674
15374,3.62379
15375,3.36881
15376,3.80613
15377,3.79187
15378,4.46381
15379,3.59536
15380,4.62969
15381,2.9816
15382,4.51473
15383,4.04821
15384,4.97633
15385,5.0
15386,5.0
15387,4.73508
15388,4.36992
15389,3.51097
15390,2.99934
15391,2.77164
15392,3.14229
15393,3.37729
15394,3.96001
15395,3.16125
15396,3.24025
15397,2.88869
15398,2.76662
15399,3.76727
15400,3.59901
15401,3.73416
15402,4.66176
15403,4.15346
15404,3.68069
15405,3.6826
15406,3.35583
15407,2.88617
15408,2.97131
15409,4.26191
15410,2.92659
15411,3.12875
15412,2.62046
15413,3.13217
15414,4.62412
15415,4.14162
15416,3.86028
15417,4.71987
15418,2.67477
15419,2.85161
15420,3.52414
15421,4.43603
15422,3.67844
15423,4.21659
15424,4.76082
15425,3.58095
15426,4.02339
15427,4.09385
15428,2.28674
15429,3.65429
15430,2.75198
15431,2.8679
15432,4.05867
15433,4.51448
15434,4.05036
15435,3.38622
15436,3.53508
15437,3.56594
15438,3.34834
15439,3.04566
15440,4.30677
15441,2.93289
15442,3.90238
15443,3.81875
15444,3.01729
15445,4.14966
15446,4.25204
15447,3.31245
15448,4.44935
15449,2.9408
15450,3.34652
15451,3.94637
15452,4.12682
15453,3.17558
15454,3.81802
15455,4.6755
15456,4.75151
15457,3.9514
15458,4.4576
15459,4.59755
15460,4.36654
15461,4.00046
15462,4.59058
15463,3.78298
15464,3.12014
15465,4.88676
15466,4.39255
15467,4.81712
15468,4.40912
15469,4.96874
15470,2.97269
15471,3.43359
15472,3.979
15473,3.82939
15474,2.15749
15475,2.41483
15476,3.16037
15477,3.44166
15478,4.1507
15479,2.75853
15480,2.10745
15481,3.84008
15482,3.60664
15483,4.2693
15484,3.46219
15485,3.29038
15486,3.34991
15487,2.63596
15488,3.30175
15489,2.96911
15490,1.92767
15491,1.58941
15492,3.12215
15493,2.70196
15494,3.68598
15495,2.98948
15496,3.87021
15497,3.44396
15498,3.91131
15499,4.18979
15500,3.59633
15501,3.67294
15502,3.71726
15503,3.42185
15504,2.42963
15505,3.5594
15506,1.81505
15507,2.48428
15508,3.24874
15509,4.96624
15510,4.8974
15511,4.41265
15512,4.37866
15513,3.73073
15514,3.7428
15515,3.79208
15516,4.44074
15517,3.54209
15518,4.53935
15519,4.52181
15520,2.79229
15521,3.89791
15522,2.10739
15523,4.07091
15524,2.67291
15525,4.14862
15526,3.23708
15527,2.80974
15528,4.23993
15529,3.17132
15530,4.68602
15531,4.21148
15532,4.31236
15533,3.79023
15534,4.07854
15535,3.73477
15536,4.65928
15537,2.73853
15538,3.63127
15539,4.24062
15540,4.57272
15541,4.97289
15542,4.67083
15543,3.01894
15544,4.5542
15545,3.26936
15546,3.89873
15547,3.78384
15548,2.636
15549,4.0867
15550,5.0
15551,3.72641
15552,2.78846
15553,4.07202
15554,3.02462
15555,4.08008
15556,4.07022
15557,3.83981
15558,4.89925
15559,4.00982
15560,4.00013
15561,4.73155
15562,3.34692
15563,3.1167
15564,3.52226
15565,4.14494
15566,2.96715
15567,2.67001
15568,3.88761
15569,3.67885
15570,3.91458
15571,3.34643
15572,1.81709
15573,2.03595
15574,2.47778
15575,2.44776
15576,2.3764
15577,2.35509
15578,2.50225
15579,3.48166
15580,3.19873
15581,3.44949
15582,1.79207
15583,3.54246
15584,3.34011
15585,2.86541
15586,2.61384
15587,2.94582
15588,3.33415
15589,3.04084
15590,3.38888
15591,2.23199
15592,1.98304
15593,3.87325
15594,2.61515
15595,2.98553
15596,3.664
15597,2.61685
15598,3.74485
15599,4.5379
15600,3.33883
15601,2.25226
15602,1.9305
15603,3.68814
15604,3.41231
15605,2.67511
15606,2.14324
15607,2.97866
15608,2.58374
15609,3.18542
15610,3.57081
15611,3.27571
15612,3.59986
15613,3.08563
15614,4.14213
15615,3.00398
15616,5.0
15617,5.0
15618,2.69089
15619,4.32022
15620,4.57242
15621,2.28147
15622,3.62136
15623,2.62684
15624,2.70323
15625,1.62789
15626,4.08968
15627,3.46267
15628,4.07576
15629,5.0
15630,4.37236
15631,3.52594
15632,4.60257
15633,1.7998
15634,2.70271
15635,4.27947
15636,3.65363
15637,4.61323
15638,3.6303
15639,4.01637
15640,3.67661
15641,2.37208
15642,3.75891
15643,3.66616
15644,3.25649
15645,2.68002
15646,3.59518
15647,2.46586
15648,3.32701
15649,1.86194
15650,2.66101
15651,3.09948
15652,1.88931
15653,2.40468
15654,3.11877
15655,3.40926
15656,2.49235
15657,2.46705
15658,3.58
15659,2.55728
15660,1.26565
15661,1.25824
15662,1.41393
15663,1.0
15664,2.57272
15665,2.65674
15666,4.26864
15667,1.83414
15668,3.37923
15669,3.08088
15670,3.63311
15671,4.0377
15672,1.0
15673,3.40643
15674,1.64674
15675,1.97599
15676,2.51869
15677,4.60934
15678,2.57615
15679,2.33383
15680,1.79641
15681,1.7764
15682,1.49768
15683,3.22766
15684,3.71666
15685,2.73249
15686,2.06217
15687,1.76746
15688,3.82404
15689,2.83774
15690,2.55359
15691,2.6347
15692,1.3219
15693,3.26999
15694,2.28605
15695,1.69602
15696,3.06649
15697,3.16368
15698,1.78584
15699,3.17098
15700,1.0
15701,1.47121
15702,3.58176
15703,2.91932
15704,3.28878
15705,1.82125
15706,1.42273
15707,2.28626
15708,2.60953
15709,2.69909
15710,3.60296
15711,1.38632
15712,2.51978
15713,3.44047
15714,1.36379
15715,3.08705
15716,2.31417
15717,1.0
15718,1.58484
15719,2.63481
15720,2.55386
15721,3.12465
15722,3.09842
15723,2.70905
15724,2.23086
15725,1.0
15726,3.90608
15727,2.15988
15728,3.10966
15729,1.0
15730,2.33575
15731,1.65672
15732,2.61887
15733,2.12438
15734,4.08038
15735,3.93633
15736,3.2626
15737,1.26681
15738,4.0001
15739,2.88535
15740,2.88221
15741,1.60386
15742,3.22483
15743,3.7267
15744,3.2633
15745,3.08216
15746,1.96921
15747,1.19004
15748,4.81771
15749,3.90065
15750,5.0
15751,3.8345
15752,4.30987
15753,3.31139
15754,4.46221
15755,3.89848
15756,2.56992
15757,3.72839
15758,4.16652
15759,2.81951
15760,3.61163
15761,3.69927
15762,2.9913
15763,3.51854
15764,4.70717
15765,3.8696
15766,4.4419
15767,3.97837
15768,4.38875
15769,3.39167
15770,2.90974
15771,3.47265
15772,3.51546
15773,4.36499
15774,2.37436
15775,4.43344
15776,3.81527
15777,4.47285
15778,3.42167
15779,3.45414
15780,4.33567
15781,3.15552
15782,3.62387
15783,2.58985
15784,3.50819
15785,2.22148
15786,3.31408
15787,3.66031
15788,3.65815
15789,3.59076
15790,3.80566
15791,2.45296
15792,4.64898
15793,3.00797
15794,3.61312
15795,3.1665
15796,3.77322
15797,3.44116
15798,2.76921
15799,3.69139
15800,2.58654
15801,3.25845
15802,3.45237
15803,3.2407
15804,2.28801
15805,2.99339
15806,4.38543
15807,4.25829
15808,2.4487
15809,3.73287
15810,3.53357
15811,3.56612
15812,3.76178
15813,2.19779
15814,3.6826
15815,4.11268
15816,3.61261
15817,2.89453
15818,3.85379
15819,3.5264
15820,3.83868
15821,4.58927
15822,3.29776
15823,3.21219
15824,3.17308
15825,2.81714
15826,3.48076
15827,2.835
15828,3.29376
15829,3.80254
15830,3.9108
15831,4.66523
15832,2.24236
15833,3.09728
15834,2.97401
15835,1.85714
15836,3.6654
15837,3.90761
15838,2.75911
15839,2.5312
15840,3.36164
15841,3.73275
15842,2.23854
15843,3.0882
15844,3.04551
15845,3.45135
15846,4.39254
15847,3.35984
15848,4.2609
15849,2.36028
15850,3.28182
15851,3.21452
15852,2.45844
15853,3.51691
15854,4.15598
15855,2.40718
15856,4.1385
15857,3.72388
15858,3.92536
15859,4.52257
15860,3.99481
15861,2.99409
15862,4.86191
15863,4.09394
15864,3.98963
15865,4.02651
15866,4.58056
15867,4.26146
15868,3.62576
15869,3.5138
15870,2.33587
15871,4.12332
15872,3.29212
15873,4.82311
15874,4.32852
15875,3.3515
15876,4.09497
15877,3.03937
15878,4.70155
15879,4.7906
15880,2.29948
15881,4.29922
15882,2.42591
15883,3.80867
15884,3.86345
15885,4.39127
15886,3.81709
15887,3.69148
15888,4.05439
15889,3.75961
15890,3.71385
15891,2.88678
15892,4.12919
15893,3.63315
15894,4.55964
15895,4.65279
15896,3.62326
15897,3.3993
15898,2.94332
15899,3.57756
15900,3.50521
15901,3.00747
15902,3.38645
15903,2.55304
15904,3.53116
15905,3.79511
15906,3.44708
15907,1.0
15908,3.05255
15909,4.91768
15910,2.71544
15911,2.2308
15912,3.29407
15913,3.6867
15914,3.41489
15915,3.79714
15916,3.47356
15917,2.39409
15918,4.0154
15919,3.73452
15920,3.26785
15921,2.409
15922,2.9615
15923,2.8495
15924,4.54731
15925,3.87942
15926,2.95928
15927,3.30313
15928,4.16473
15929,2.67268
15930,3.95068
15931,3.32801
15932,3.96201
15933,2.97514
15934,3.70611
15935,3.24947
15936,3.59662
15937,3.68651
15938,3.21321
15939,3.00935
15940,3.25597
15941,4.06466
15942,4.28412
15943,3.2093
15944,2.60913
15945,2.41052
15946,2.9421
15947,2.06587
15948,2.08511
15949,3.52798
15950,3.31467
15951,3.50194
15952,3.38029
15953,4.13264
15954,3.74569
15955,4.7692
15956,3.78365
15957,4.10711
15958,4.22648
15959,4.54238
15960,4.12554
15961,4.07766
15962,3.52321
15963,4.07735
15964,4.23371
15965,4.4587
15966,2.8232
15967,3.60072
15968,4.02333
15969,3.71536
15970,4.21673
15971,2.43261
15972,2.45227
15973,2.33569
15974,1.9382
15975,2.08542
15976,3.88124
15977,1.0
15978,1.0
15979,3.42608
15980,2.10361
15981,3.3406
15982,3.50627
15983,1.95824
15984,3.97081
15985,2.70078
15986,3.88173
15987,3.2278
15988,3.96542
15989,1.32118
15990,3.65337
15991,2.8694
15992,3.32124
15993,3.17113
15994,3.63464
15995,3.95318
15996,3.54777
15997,3.05871
15998,2.84403
15999,3.2157
16000,3.89482
16001,3.12438
16002,3.43676
16003,3.84321
16004,1.89449
16005,3.58234
16006,2.76781
16007,2.8902
16008,3.23383
16009,2.71659
16010,3.55974
16011,2.80607
16012,3.71158
16013,3.62483
16014,2.40769
16015,3.60284
16016,1.46984
16017,3.76579
16018,2.63862
16019,1.0
16020,1.21135
16021,2.064
16022,1.19195
16023,4.41847
16024,3.81306
16025,2.9305
16026,3.81977
16027,3.61786
16028,1.89192
16029,4.27123
16030,2.8204
16031,2.02829
16032,3.65848
16033,2.38774
16034,2.01782
16035,2.57332
16036,3.6796
16037,3.19777
16038,2.72111
16039,2.69501
16040,2.91099
16041,3.07438
16042,2.93572
16043,4.16802
16044,2.72069
16045,1.72657
16046,3.18738
16047,1.8821
16048,3.05436
16049,4.20108
16050,3.46724
16051,4.13419
16052,3.96794
16053,3.40111
16054,3.59707
16055,1.0
16056,1.91259
16057,2.76679
16058,3.64756
16059,3.97788
16060,4.05234
16061,3.88887
16062,4.51458
16063,4.38059
16064,3.62533
16065,3.30006
16066,3.91376
16067,3.42674
16068,5.0
16069,4.62072
16070,5.0
16071,4.89846
16072,4.22263
16073,4.59949
16074,4.87022
16075,4.90138
16076,4.97362
16077,5.0
16078,5.0
16079,4.37228
16080,4.99949
16081,1.73553
16082,3.68805
16083,3.73268
16084,2.07863
16085,4.74594
16086,3.00081
16087,3.83735
16088,4.15948
16089,4.53544
16090,2.93133
16091,4.33323
16092,3.4654
16093,5.0
16094,4.07928
16095,4.3665
16096,4.16901
16097,4.08318
16098,3.26217
16099,4.30236
16100,3.58476
16101,3.71677
16102,4.70394
16103,3.39204
16104,3.27842
16105,3.77677
16106,3.39727
16107,3.09908
16108,4.9598
16109,4.39887
16110,4.42764
16111,4.0869
16112,3.45558
16113,4.374
16114,4.83237
16115,4.33381
16116,2.44797
16117,3.25311
16118,4.52661
16119,4.30208
16120,2.17574
16121,3.21802
16122,4.75247
16123,4.04198
16124,3.19474
16125,2.83913
16126,3.68143
16127,3.81165
16128,3.93271
16129,2.96294
16130,1.85571
16131,2.08201
16132,4.053
16133,3.6159
16134,4.92338
16135,3.6434
16136,2.70228
16137,3.48664
16138,3.96176
16139,2.33483
16140,1.46944
16141,3.92586
16142,1.69483
16143,3.91475
16144,3.61569
16145,1.81439
16146,2.23039
16147,3.83119
16148,3.72307
16149,3.97069
16150,3.02883
16151,1.23018
16152,2.76765
16153,4.46501
16154,3.43498
16155,4.204
16156,4.50389
16157,3.43759
16158,3.58247
16159,4.28096
16160,3.68627
16161,3.324
16162,4.11353
16163,3.17384
16164,4.56528
16165,2.89151
16166,4.30903
16167,4.58142
16168,3.64031
16169,3.92487
16170,4.04624
16171,4.37594
16172,4.51014
16173,3.85496
16174,3.88594
16175,3.8067
16176,4.35359
16177,4.5087
16178,4.20355
16179,4.43555
16180,4.16779
16181,5.0
16182,4.29413
16183,3.78168
16184,3.67799
16185,3.48034
16186,3.60679
16187,3.17924
16188,4.01181
16189,4.3154
16190,4.95971
16191,3.93037
16192,2.72603
16193,4.09648
16194,3.15306
16195,1.48704
16196,3.92431
16197,2.17413
16198,4.17455
16199,2.53976
16200,3.27838
16201,5.0
16202,2.31132
16203,2.74588
16204,2.81768
16205,2.63807
16206,3.84404
16207,3.13847
16208,3.19688
16209,4.93932
16210,3.72616
16211,3.30819
16212,4.16143
16213,3.97276
16214,3.78614
16215,3.11547
16216,4.54234
16217,3.62799
16218,3.30689
16219,3.7516
16220,4.4184
16221,4.57902
16222,3.17339
16223,3.14718
16224,2.69786
16225,3.64234
16226,2.09365
16227,4.24504
16228,3.33447
16229,3.21986
16230,2.76967
16231,3.42727
16232,2.71757
16233,3.78285
16234,2.49707
16235,3.4524
16236,4.0365
16237,3.84252
16238,3.57061
16239,3.82646
16240,3.64036
16241,4.02747
16242,3.72375
16243,2.93337
16244,4.43012
16245,4.3942
16246,4.18132
16247,3.41432
16248,4.59935
16249,3.21908
16250,4.75477
16251,4.52089
16252,3.50641
16253,4.46815
16254,4.35672
16255,4.43467
16256,4.45892
16257,4.18789
16258,3.98724
16259,2.92882
16260,3.83064
16261,2.24055
16262,4.13447
16263,3.5767
16264,3.44896
16265,3.66153
16266,3.50854
16267,4.2427
16268,3.80739
16269,3.80741
16270,4.10893
16271,4.31488
16272,4.08904
16273,4.14777
16274,4.88355
16275,4.08463
16276,3.82373
16277,3.19281
16278,1.75733
16279,3.63387
16280,4.56238
16281,4.00183
16282,4.93387
16283,4.88717
16284,4.63029
16285,3.14006
16286,4.32798
16287,3.89458
16288,3.79129
16289,4.60004
16290,4.71794
16291,4.17503
16292,3.99402
16293,4.08736
16294,3.4333
16295,4.49019
16296,3.62123
16297,4.20819
16298,4.38318
16299,4.55797
16300,4.56935
16301,4.16417
16302,4.24257
16303,4.86135
16304,4.61809
16305,4.0198
16306,4.71413
16307,4.39239
16308,4.14023
16309,4.00358
16310,4.47698
16311,4.2064
16312,4.8105
16313,4.59249
16314,3.28424
16315,1.76683
16316,2.45803
16317,2.65926
16318,3.45721
16319,5.0
16320,4.40313
16321,4.19385
16322,3.73126
16323,3.81081
16324,3.88985
16325,3.48307
16326,3.45322
16327,3.85488
16328,3.99642
16329,3.09308
16330,4.57834
16331,3.07633
16332,4.01747
16333,4.0119
16334,3.06451
16335,3.37424
16336,3.78765
16337,4.13014
16338,4.61029
16339,4.12041
16340,2.09092
16341,3.36203
16342,3.73929
16343,3.8717
16344,3.37051
16345,3.71219
16346,3.85173
16347,2.90973
16348,4.5042
16349,3.41975
16350,3.89799
16351,3.16706
16352,4.77012
16353,2.81721
16354,4.32262
16355,4.20095
16356,4.05363
16357,3.56219
16358,2.62736
16359,3.23235
16360,2.59884
16361,2.23374
16362,2.60978
16363,3.09974
16364,3.04144
16365,1.27131
16366,2.71704
16367,1.90708
16368,3.68087
16369,2.96069
16370,2.87676
16371,3.01817
16372,1.80126
16373,2.28957
16374,3.75011
16375,2.30813
16376,1.90022
16377,1.99751
16378,3.03002
16379,3.41887
16380,2.06478
16381,2.01563
16382,2.20844
16383,2.54123
16384,2.6395
16385,3.88637
16386,2.88326
16387,2.79413
16388,2.71708
16389,2.47168
16390,4.0879
16391,3.51672
16392,3.26699
16393,2.61339
16394,3.43563
16395,1.91517
16396,3.13218
16397,1.67908
16398,1.39393
16399,2.76305
16400,3.11276
16401,2.91986
16402,2.42444
16403,2.5742
16404,2.75889
16405,2.82881
16406,3.06539
16407,2.80548
16408,2.68506
16409,1.37122
16410,2.56814
16411,4.21291
16412,3.49879
16413,3.29661
16414,4.36051
16415,2.08319
16416,3.89406
16417,2.91317
16418,4.59758
16419,4.26477
16420,4.00185
16421,4.69785
16422,3.58356
16423,4.04403
16424,4.69668
16425,4.04727
16426,3.44268
16427,2.9087
16428,4.44294
16429,1.6447
16430,4.69475
16431,1.45863
16432,3.26604
16433,4.20558
16434,4.49814
16435,3.18298
16436,2.12656
16437,2.7604
16438,3.76534
16439,4.31687
16440,3.17268
16441,4.14524
16442,2.6926
16443,3.10498
16444,3.44065
16445,2.07696
16446,3.34331
16447,2.53262
16448,2.5445
16449,4.83112
16450,2.33793
16451,3.44191
16452,3.53619
16453,4.59544
16454,3.26992
16455,4.16166
16456,3.51866
16457,4.15659
16458,3.66444
16459,2.23972
16460,4.31164
16461,4.17035
16462,4.3281
16463,4.91092
16464,3.02133
16465,4.52047
16466,5.0
16467,3.36765
16468,2.84496
16469,4.1541
16470,3.72893
16471,3.23661
16472,3.38204
16473,4.48108
16474,3.10698
16475,2.44063
16476,2.96079
16477,2.6168
16478,2.51739
16479,4.47027
16480,2.31237
16481,4.3088
16482,3.03849
16483,3.99359
16484,4.5482
16485,2.8262
16486,4.26988
16487,3.99427
16488,3.82794
16489,3.1341
16490,4.06099
16491,1.31028
16492,4.43974
16493,4.27637
16494,3.61373
16495,3.96495
16496,3.09948
16497,3.90953
16498,4.37621
16499,3.38058
16500,3.26152
16501,4.26552
16502,4.37428
16503,4.80592
16504,2.9273
16505,2.93481
16506,3.92305
16507,4.42633
16508,3.0715
16509,3.7347
16510,3.34648
16511,3.46248
16512,4.28073
16513,4.15355
16514,4.18291
16515,3.75152
16516,2.95369
16517,3.02661
16518,4.94986
16519,2.48645
16520,4.29093
16521,3.31574
16522,2.84633
16523,1.85131
16524,3.73271
16525,4.6986
16526,2.47206
16527,2.0802
16528,2.92797
16529,2.67822
16530,2.38591
16531,3.32833
16532,3.08533
16533,2.41183
16534,3.76979
16535,4.17609
16536,2.89154
16537,2.58902
16538,4.1214
16539,3.6941
16540,2.34819
16541,4.56374
16542,4.20249
16543,3.63052
16544,4.04513
16545,3.41271
16546,4.39736
16547,3.59915
16548,2.43436
16549,3.69167
16550,4.10199
16551,4.70466
16552,3.06354
16553,3.85893
16554,4.72979
16555,3.39763
16556,3.96209
16557,4.9549
16558,3.71338
16559,3.94664
16560,3.13449
16561,3.81622
16562,3.31229
16563,2.9596
16564,3.42313
16565,2.65143
16566,2.74789
16567,3.48647
16568,3.38278
16569,2.30838
16570,3.50168
16571,3.71867
16572,4.58152
16573,4.24757
16574,4.09468
16575,3.2284
16576,3.07156
16577,2.26741
16578,3.66716
16579,2.78429
16580,4.60821
16581,3.71013
16582,4.38521
16583,4.17313
16584,4.67058
16585,3.91427
16586,2.33769
16587,4.29778
16588,3.36173
16589,3.23799
16590,3.13526
16591,3.66737
16592,4.48301
16593,3.34319
16594,3.1305
16595,3.67157
16596,4.10976
16597,3.86286
16598,5.0
16599,3.25694
16600,4.08101
16601,3.93304
16602,4.18659
16603,3.42008
16604,3.8684
16605,4.35391
16606,3.54315
16607,4.19769
16608,4.20414
16609,2.52721
16610,3.9261
16611,2.6048
16612,4.17735
16613,3.83287
16614,4.1572
16615,4.50573
16616,3.44956
16617,4.18281
16618,3.87332
16619,4.21512
16620,3.44037
16621,4.31267
16622,2.89209
16623,3.51276
16624,1.88901
16625,2.75014
16626,2.54405
16627,2.39245
16628,2.77777
16629,3.16173
16630,2.32561
16631,2.23237
16632,3.58412
16633,3.29464
16634,3.21597
16635,3.46005
16636,3.12219
16637,3.11692
16638,3.12839
16639,3.61926
16640,3.30191
16641,3.19834
16642,3.48018
16643,2.98778
16644,2.18154
16645,3.33036
16646,2.15368
16647,3.40859
16648,1.90132
16649,3.18498
16650,2.33046
16651,4.18173
16652,2.63265
16653,1.90136
16654,2.58064
16655,3.39413
16656,3.28887
16657,3.15845
16658,3.32324
16659,2.84484
16660,2.29135
16661,3.3311
16662,1.70349
16663,3.40655
16664,3.49222
16665,2.75939
16666,3.91492
16667,3.76441
16668,2.74344
16669,2.13108
16670,2.98863
16671,3.99615
16672,3.47477
16673,1.87253
16674,4.58758
16675,2.91183
16676,3.58557
16677,1.57844
16678,3.11329
16679,3.65158
16680,3.27888
16681,4.01783
16682,4.35165
16683,4.80328
16684,4.56471
16685,2.8609
16686,3.19104
16687,4.54278
16688,4.3702
16689,4.52541
16690,4.78861
16691,4.87926
16692,4.60798
16693,4.88998
16694,5.0
16695,3.5184
16696,4.13809
16697,4.89238
16698,4.52168
16699,4.23383
16700,4.49148
16701,4.72034
16702,5.0
16703,4.43096
16704,2.74024
16705,3.96439
16706,4.88756
16707,4.61479
16708,4.89233
16709,4.37242
16710,4.30665
16711,5.0
16712,3.57171
16713,3.38777
16714,4.14687
16715,4.96656
16716,4.18498
16717,3.48447
16718,3.65329
16719,3.33603
16720,2.38862
16721,4.17822
16722,3.68878
16723,3.77001
16724,3.7421
16725,3.83158
16726,4.09362
16727,3.52768
16728,3.21054
16729,3.35092
16730,4.5011
16731,3.1539
16732,3.9744
16733,3.69847
16734,4.17277
16735,3.65982
16736,3.33255
16737,3.95758
16738,2.41394
16739,3.39556
16740,3.74762
16741,3.61518
16742,2.98074
16743,3.00492
16744,3.7415
16745,4.01502
16746,2.93216
16747,3.32142
16748,2.68873
16749,3.9153
16750,3.67619
16751,4.54078
16752,4.55403
16753,2.95164
16754,4.42212
16755,3.6334
16756,3.72732
16757,2.89907
16758,3.87212
16759,3.59247
16760,4.30635
16761,3.91197
16762,4.05468
16763,4.05903
16764,3.0768
16765,4.25881
16766,4.10858
16767,4.4553
16768,3.92553
16769,3.59601
16770,3.8883
16771,3.8751
16772,3.32884
16773,3.45976
16774,3.38056
16775,4.22239
16776,4.40282
16777,3.20351
16778,4.05148
16779,3.68873
16780,4.23822
16781,4.50542
16782,4.26393
16783,3.02948
16784,4.16526
16785,4.17637
16786,4.2306
16787,4.04524
16788,4.6146
16789,3.1353
16790,4.12948
16791,3.90057
16792,3.35447
16793,3.25082
16794,3.5166
16795,3.36883
16796,3.3776
16797,2.3919
16798,4.0066
16799,3.59223
16800,3.14568
16801,4.3691
16802,3.26507
16803,4.49852
16804,4.11231
16805,4.94135
16806,3.7833
16807,3.43828
16808,3.46057
16809,2.57568
16810,3.42012
16811,3.66435
16812,4.47471
16813,2.28069
16814,4.02741
16815,3.81332
16816,4.15164
16817,2.65852
16818,5.0
16819,1.6615
16820,3.15422
16821,2.70605
16822,3.71767
16823,2.93276
16824,4.70031
16825,1.0
16826,3.496
16827,1.34547
16828,2.11966
16829,3.51023
16830,2.52619
16831,1.0
16832,3.84618
16833,3.07507
16834,1.0
16835,1.35756
16836,4.41079
16837,3.4291
16838,3.5481
16839,2.07626
16840,1.0
16841,1.50456
16842,2.15717
16843,2.16036
16844,3.11665
16845,2.96763
16846,4.50657
16847,2.66241
16848,2.73385
16849,4.0908
16850,4.34612
16851,4.11771
16852,2.26622
16853,2.41997
16854,5.0
16855,5.0
16856,2.29471
16857,2.83416
16858,4.0866
16859,2.28488
16860,2.73611
16861,3.33243
16862,1.0
16863,1.82756
16864,1.91126
16865,2.44404
16866,1.10407
16867,3.93377
16868,5.0
16869,4.78537
16870,3.26353
16871,2.4905
16872,3.89881
16873,2.08091
16874,1.13372
16875,3.25265
16876,5.0
16877,2.40249
16878,2.34884
16879,3.70722
16880,4.37193
16881,5.0
16882,3.60107
16883,4.3871
16884,4.1331
16885,1.32608
16886,4.47198
16887,4.95616
16888,3.89588
16889,4.35135
16890,3.47216
16891,3.04978
16892,4.43303
16893,4.95293
16894,4.58691
16895,3.89131
16896,4.19457
16897,3.34447
16898,2.73363
16899,3.90628
16900,2.95312
16901,3.72001
16902,3.86637
16903,3.91601
16904,4.34328
16905,3.44799
16906,3.81576
16907,3.31434
16908,4.44788
16909,4.39541
16910,4.66651
16911,4.77703
16912,3.44649
16913,4.06381
16914,4.40411
16915,4.4696
16916,4.49373
16917,4.26849
16918,3.69299
16919,3.78401
16920,3.48038
16921,4.0657
16922,3.72807
16923,3.92308
16924,3.02139
16925,2.29866
16926,2.855
16927,2.67976
16928,4.46803
16929,4.035
16930,4.16789
16931,3.35995
16932,3.82654
16933,3.81811
16934,3.78453
16935,3.8705
16936,4.30616
16937,3.6675
16938,4.09167
16939,4.27443
16940,2.66212
16941,2.89806
16942,2.239
16943,3.52548
16944,3.46915
16945,3.64661
16946,3.42497
16947,3.10949
16948,4.65925
16949,3.92424
16950,3.62171
16951,3.27365
16952,1.0
16953,3.82604
16954,3.3988
16955,3.52031
16956,4.05381
16957,3.71756
16958,3.89801
16959,4.4551
16960,3.77109
16961,3.96647
16962,3.26526
16963,3.8123
16964,4.26403
16965,4.34792
16966,4.01604
16967,3.7009
16968,3.6643
16969,4.14438
16970,3.77129
16971,3.89593
16972,3.95967
16973,4.0454
16974,3.25798
16975,3.12339
16976,4.532
16977,2.70571
16978,4.27405
16979,4.90587
16980,3.53252
16981,4.86209
16982,3.44139
16983,3.86525
16984,3.5653
16985,3.87746
16986,4.91259
16987,4.50835
16988,3.11041
16989,3.83224
16990,2.33232
16991,4.56794
16992,3.70066
16993,2.90721
16994,3.4689
16995,3.78914
16996,3.75953
16997,3.09996
16998,4.10274
16999,4.31421
17000,2.17749
17001,3.28608
17002,3.91539
17003,3.23703
17004,5.0
17005,4.45363
17006,4.47116
17007,4.25322
17008,3.7371
17009,3.33775
17010,4.38618
17011,3.37601
17012,4.11259
17013,3.94681
17014,4.32901
17015,2.18311
17016,5.0
17017,2.29359
17018,3.47475
17019,2.76463
17020,3.95219
17021,3.04694
17022,2.84381
17023,3.43296
17024,2.82317
17025,4.16664
17026,3.22243
17027,3.3293
17028,3.74415
17029,3.23954
17030,3.36155
17031,3.36552
17032,4.53625
17033,3.87138
17034,3.38538
17035,4.15334
17036,2.18763
17037,4.52627
17038,4.14318
17039,2.6708
17040,4.35381
17041,4.85944
17042,3.47411
17043,3.43263
17044,3.70807
17045,3.97775
17046,3.3156
17047,3.19054
17048,3.87893
17049,4.68857
17050,4.6756
17051,4.30726
17052,5.0
17053,4.29513
17054,4.5993
17055,3.68405
17056,4.58718
17057,3.77642
17058,3.80829
17059,2.50442
17060,3.41796
17061,3.09632
17062,4.00148
17063,4.51629
17064,4.75587
17065,3.19328
17066,3.86641
17067,4.31327
17068,4.56069
17069,3.41613
17070,4.31394
17071,2.6105
17072,4.11383
17073,3.67586
17074,4.5577
17075,4.44106
17076,3.85864
17077,3.58846
17078,4.36784
17079,4.25752
17080,3.69139
17081,3.42536
17082,3.76998
17083,3.45522
17084,3.49642
17085,4.03908
17086,4.2467
17087,3.47952
17088,3.60038
17089,2.42977
17090,4.20794
17091,2.73847
17092,3.06358
17093,3.97802
17094,3.67661
17095,1.0
17096,3.63665
17097,2.56164
17098,4.29169
17099,4.34505
17100,3.57421
17101,3.65689
17102,2.89794
17103,3.31861
17104,4.13517
17105,4.75347
17106,3.91061
17107,3.77837
17108,5.0
17109,2.4383
17110,3.38118
17111,4.2575
17112,2.38392
17113,4.01899
17114,4.29702
17115,3.49925
17116,3.97706
17117,2.10007
17118,4.21444
17119,2.4611
17120,1.94644
17121,3.66979
17122,3.67232
17123,4.01262
17124,1.89332
17125,2.71466
17126,4.26569
17127,3.15541
17128,4.41884
17129,3.6494
17130,3.70095
17131,3.92971
17132,4.14061
17133,3.99056
17134,4.34221
17135,2.3475
17136,2.6278
17137,3.77927
17138,4.19051
17139,3.41408
17140,3.46313
17141,3.08273
17142,2.74201
17143,1.7787
17144,3.85704
17145,3.15105
17146,2.62626
17147,2.2926
17148,3.58506
17149,2.49646
17150,3.71267
17151,3.31575
17152,3.53584
17153,3.94108
17154,4.09734
17155,3.4611
17156,3.79621
17157,2.53583
17158,3.12766
17159,4.08365
17160,3.54869
17161,3.69166
17162,3.29818
17163,3.14827
17164,4.2864
17165,3.47652
17166,3.09172
17167,3.67
17168,1.98025
17169,3.32996
17170,3.10334
17171,3.06203
17172,2.85552
17173,3.87999
17174,1.76894
17175,3.17898
17176,3.8739
17177,3.16288
17178,3.97737
17179,2.70394
17180,3.85851
17181,3.5291
17182,2.61298
17183,3.50159
17184,4.05715
17185,3.61037
17186,2.9132
17187,3.85071
17188,3.85906
17189,3.77743
17190,2.88538
17191,4.51469
17192,3.05901
17193,3.67016
17194,3.63302
17195,4.84749
17196,3.30377
17197,3.56451
17198,3.84503
17199,4.23356
17200,3.44715
17201,3.40804
17202,3.27854
17203,2.81991
17204,4.22956
17205,3.79593
17206,4.10332
17207,3.90111
17208,3.88514
17209,2.1574
17210,3.53675
17211,3.29901
17212,4.01915
17213,3.55747
17214,3.70928
17215,4.42705
17216,3.58836
17217,3.39313
17218,4.39987
17219,3.64186
17220,2.65796
17221,4.32831
17222,3.79497
17223,4.03265
17224,4.25698
17225,3.46118
17226,3.88671
17227,4.18491
17228,4.39715
17229,3.78791
17230,4.05074
17231,3.65843
17232,3.57546
17233,4.672
17234,3.81637
17235,2.80149
17236,2.34218
17237,3.22329
17238,4.0595
17239,2.931
17240,3.96874
17241,2.95492
17242,2.89182
17243,2.37633
17244,4.23229
17245,4.51448
17246,4.039
17247,4.68591
17248,5.0
17249,3.20951
17250,3.90641
17251,3.21988
17252,4.03344
17253,3.67944
17254,3.21737
17255,3.46181
17256,3.57736
17257,3.87902
17258,3.65471
17259,3.57932
17260,3.69855
17261,3.79395
17262,4.05769
17263,3.22834
17264,3.48704
17265,3.81928
17266,4.48688
17267,4.3837
17268,3.44571
17269,4.50657
17270,3.66071
17271,4.22136
17272,4.0204
17273,1.0
17274,4.7337
17275,1.0
17276,1.92851
17277,2.65623
17278,2.80463
17279,2.3121
17280,2.61394
17281,1.45002
17282,2.22411
17283,2.20167
17284,3.29486
17285,1.97274
17286,2.99581
17287,3.80203
17288,4.14926
17289,1.62098
17290,1.83194
17291,1.0
17292,1.42493
17293,2.90103
17294,3.59482
17295,3.18449
17296,2.59582
17297,2.85871
17298,2.25979
17299,2.98257
17300,3.95671
17301,3.87124
17302,3.81886
17303,3.32527
17304,4.06066
17305,4.38942
17306,4.19887
17307,2.90397
17308,3.04256
17309,3.68638
17310,3.85334
17311,4.3762
17312,3.8429
17313,1.87681
17314,3.49317
17315,3.96174
17316,3.00329
17317,3.67655
17318,4.47736
17319,4.34145
17320,1.0
17321,2.25607
17322,4.46857
17323,2.61833
17324,2.59365
17325,4.57262
17326,4.73066
17327,2.81836
17328,3.95104
17329,4.43032
17330,2.7426
17331,2.59629
17332,4.3791
17333,1.85479
17334,2.33171
17335,3.89719
17336,3.33585
17337,4.53151
17338,3.47908
17339,2.12247
17340,5.0
17341,4.5797
17342,1.47781
17343,1.3207
17344,3.06963
17345,3.90331
17346,2.16317
17347,1.754
17348,1.33928
17349,3.07088
17350,1.89028
17351,2.93336
17352,1.08857
17353,3.38364
17354,1.16892
17355,1.0
17356,1.48858
17357,2.94705
17358,1.5022
17359,2.17343
17360,1.45447
17361,2.07649
17362,2.45439
17363,1.48956
17364,1.95245
17365,2.26546
17366,2.72878
17367,3.03382
17368,1.6
17369,1.92673
17370,4.08891
17371,1.0
17372,2.13532
17373,1.84991
17374,1.91643
17375,2.2186
17376,3.57593
17377,2.81733
17378,1.0
17379,2.29196
17380,2.60707
17381,3.37281
17382,1.71337
17383,3.42949
17384,3.30676
17385,2.32279
17386,2.06089
17387,1.53023
17388,2.0886
17389,3.66322
17390,3.59058
17391,2.14347
17392,2.75202
17393,2.95913
17394,4.16152
17395,4.28543
17396,4.04773
17397,3.43585
17398,4.17616
17399,3.58421
17400,2.39504
17401,3.21336
17402,3.25833
17403,3.34512
17404,2.18904
17405,3.43401
17406,3.3118
17407,3.59727
17408,4.44157
17409,3.9146
17410,2.30968
17411,3.74966
17412,2.76586
17413,3.15297
17414,3.88684
17415,3.66276
17416,4.35483
17417,3.16891
17418,3.85457
17419,2.7083
17420,4.12234
17421,3.27173
17422,2.51432
17423,3.29112
17424,3.78566
17425,3.94974
17426,2.97241
17427,2.88695
17428,2.63652
17429,3.46436
17430,2.83236
17431,2.5554
17432,3.51795
17433,3.73171
17434,3.85031
17435,2.40059
17436,2.77955
17437,4.29882
17438,4.07509
17439,2.93121
17440,4.15041
17441,3.58973
17442,3.56326
17443,4.07376
17444,2.2171
17445,4.16362
17446,2.11023
17447,3.81992
17448,3.41071
17449,3.19453
17450,3.85482
17451,3.70302
17452,3.92526
17453,2.40918
17454,3.78729
17455,2.08032
17456,2.25346
17457,3.01884
17458,3.96951
17459,4.83648
17460,3.18413
17461,3.37614
17462,3.00023
17463,3.05779
17464,4.27286
17465,4.84569
17466,3.50306
17467,3.56178
17468,3.12677
17469,3.42538
17470,3.15814
17471,2.7861
17472,5.0
17473,3.53099
17474,4.19307
17475,4.00118
17476,3.7127
17477,3.64678
17478,2.16256
17479,2.43403
17480,3.99915
17481,3.40481
17482,3.53138
17483,3.4257
17484,3.26685
17485,3.96976
17486,3.72265
17487,4.82035
17488,3.22594
17489,4.69949
17490,4.9292
17491,3.18624
17492,4.93253
17493,3.26566
17494,3.70257
17495,3.47443
17496,3.71323
17497,2.56175
17498,3.55183
17499,3.90033
17500,2.79791
17501,3.62492
17502,4.09217
17503,4.69838
17504,3.79404
17505,4.25766
17506,2.67522
17507,2.35571
17508,3.91391
17509,2.34392
17510,2.22201
17511,3.26123
17512,3.64665
17513,3.53754
17514,2.96194
17515,4.64475
17516,5.0
17517,4.47134
17518,3.44415
17519,4.27817
17520,4.81578
17521,5.0
17522,4.22044
17523,2.55687
17524,3.4699
17525,3.77809
17526,4.52615
17527,1.55821
17528,4.72674
17529,3.26642
17530,5.0
17531,3.70559
17532,4.15912
17533,3.6669
17534,1.37333
17535,2.29533
17536,2.84429
17537,2.50195
17538,3.38737
17539,3.43623
17540,1.13223
17541,3.41885
17542,3.07029
17543,3.78159
17544,2.05411
17545,2.02451
17546,3.66108
17547,2.50478
17548,4.02105
17549,2.19518
17550,4.82733
17551,3.65939
17552,3.56273
17553,3.23233
17554,3.81351
17555,3.7592
17556,3.1733
17557,3.36191
17558,4.2473
17559,4.36281
17560,3.83497
17561,3.31821
17562,2.63499
17563,4.31589
17564,2.53965
17565,3.797
17566,4.83284
17567,3.76198
17568,3.10408
17569,2.14689
17570,1.72178
17571,3.01391
17572,3.14363
17573,1.51412
17574,3.54316
17575,4.57427
17576,3.67102
17577,5.0
17578,3.84168
17579,1.97712
17580,2.60475
17581,2.03965
17582,3.43326
17583,2.08418
17584,4.13073
17585,4.08722
17586,1.75429
17587,4.18631
17588,4.52198
17589,4.85169
17590,3.50602
17591,3.74268
17592,4.13134
17593,4.64108
17594,4.5194
17595,4.01084
17596,2.80039
17597,3.43754
17598,3.40811
17599,4.67306
17600,3.66169
17601,4.16257
17602,4.82681
17603,2.64424
17604,3.39769
17605,2.84842
17606,4.24992
17607,3.92043
17608,2.82446
17609,3.94996
17610,4.04383
17611,4.27588
17612,3.56797
17613,4.57963
17614,4.32011
17615,3.82208
17616,4.71752
17617,3.92014
17618,3.36297
17619,3.78867
17620,4.62871
17621,4.11145
17622,2.64237
17623,3.89812
17624,4.79521
17625,3.25335
17626,1.18522
17627,3.48795
17628,3.30962
17629,3.62838
17630,2.97816
17631,2.89659
17632,4.40481
17633,2.72951
17634,3.3532
17635,2.85998
17636,3.65996
17637,2.51469
17638,2.96425
17639,3.71195
17640,3.31114
17641,3.20897
17642,2.55179
17643,3.11105
17644,3.78308
17645,4.12011
17646,4.83141
17647,4.25123
17648,4.45663
17649,3.85305
17650,3.24198
17651,3.75153
17652,4.49241
17653,2.42969
17654,4.69513
17655,3.92936
17656,4.38986
17657,4.08126
17658,4.33832
17659,3.91434
17660,4.38301
17661,4.34474
17662,4.52341
17663,4.46851
17664,4.76199
17665,3.9224
17666,3.86919
17667,3.90765
17668,4.31274
17669,4.39076
17670,3.21178
17671,3.40318
17672,4.03009
17673,3.60899
17674,4.48117
17675,4.20662
17676,3.89146
17677,3.26996
17678,3.3167
17679,2.71081
17680,4.7263
17681,3.81333
17682,3.67073
17683,3.16345
17684,3.4817
17685,2.46537
17686,3.08195
17687,3.75901
17688,4.00403
17689,4.317
17690,3.49864
17691,4.51872
17692,4.15601
17693,4.01071
17694,3.55565
17695,4.31366
17696,4.73366
17697,4.35809
17698,4.40706
17699,4.28324
17700,3.4103
17701,4.34846
17702,4.27133
17703,4.19934
17704,4.42253
17705,3.03415
17706,2.61682
17707,4.41897
17708,4.08769
17709,4.38796
17710,4.28842
17711,4.5839
17712,4.08031
17713,2.88068
17714,3.63213
17715,3.78038
17716,4.45827
17717,3.26933
17718,3.84427
17719,3.36912
17720,3.91608
17721,2.77852
17722,4.13648
17723,4.64752
17724,3.34174
17725,3.74283
17726,4.37975
17727,3.64911
17728,3.1351
17729,4.43677
17730,4.54005
17731,4.53738
17732,4.62692
17733,4.53861
17734,4.26403
17735,4.34159
17736,2.57298
17737,3.71117
17738,4.45564
17739,3.25223
17740,2.13943
17741,4.20455
17742,3.7256
17743,3.55614
17744,4.03664
17745,4.24521
17746,4.59847
17747,3.94945
17748,4.15921
17749,3.51305
17750,2.79744
17751,4.1027
17752,3.45537
17753,4.09527
17754,4.45792
17755,4.39876
17756,4.33209
17757,3.5408
17758,3.74606
17759,2.94803
17760,3.9918
17761,2.46914
17762,4.02183
17763,3.37177
17764,4.54215
17765,4.53448
17766,4.25309
17767,4.28942
17768,3.70618
17769,3.32783
17770,4.36878
17771,2.91321
17772,4.38246
17773,4.12958
17774,4.98863
17775,3.82531
17776,4.76664
17777,4.60239
17778,3.31206
17779,5.0
17780,3.47744
17781,3.88788
17782,3.94756
17783,4.37465
17784,4.28928
17785,3.49194
17786,3.97737
17787,4.32903
17788,4.9344
17789,4.83832
17790,3.68529
17791,4.23518
17792,3.88834
17793,3.68284
17794,4.27785
17795,3.21847
17796,3.42381
17797,4.1609
17798,3.88085
17799,3.173
17800,3.85259
17801,3.95597
17802,4.182
17803,4.34817
17804,3.67394
17805,3.38238
17806,4.55388
17807,4.26466
17808,4.5037
17809,3.48674
17810,3.92448
17811,4.09446
17812,3.07769
17813,3.56282
17814,3.28206
17815,4.11378
17816,3.27802
17817,3.32873
17818,3.33893
17819,3.82497
17820,2.53022
17821,2.13748
17822,3.44979
17823,2.22774
17824,3.0799
17825,2.56142
17826,4.05733
17827,4.32621
17828,2.76816
17829,2.477
17830,4.4206
17831,4.23363
17832,2.61499
17833,3.46914
17834,2.52989
17835,3.86669
17836,3.7871
17837,4.72926
17838,3.80372
17839,2.55366
17840,4.6479
17841,4.53714
17842,2.2556
17843,3.69994
17844,3.92326
17845,3.69981
17846,3.82701
17847,3.05987
17848,4.5049
17849,4.45824
17850,4.04615
17851,4.58209
17852,3.27184
17853,4.20129
17854,3.49172
17855,4.14941
17856,3.04176
17857,4.4974
17858,4.58358
17859,4.31804
17860,4.38435
17861,3.18131
17862,4.007
17863,2.78784
17864,3.7958
17865,4.23743
17866,4.10838
17867,4.07794
17868,4.2318
17869,3.88386
17870,3.36512
17871,3.84725
17872,3.21717
17873,4.47296
17874,3.35036
17875,4.14937
17876,4.61245
17877,3.30242
17878,4.67078
17879,3.87884
17880,4.17376
17881,4.36973
17882,1.8539
17883,3.37678
17884,3.60007
17885,3.12815
17886,3.97334
17887,3.71643
17888,3.92633
17889,3.60651
17890,3.02953
17891,3.13514
17892,2.75326
17893,1.70162
17894,3.0868
17895,3.72446
17896,4.26196
17897,4.48157
17898,2.66285
17899,4.30722
17900,2.77155
17901,3.83728
17902,4.35372
17903,3.5419
17904,5.0
17905,4.12375
17906,2.91143
17907,3.90429
17908,2.5575
17909,3.47077
17910,3.06273
17911,2.22207
17912,3.82698
17913,4.09898
17914,2.681
17915,3.60739
17916,3.01919
17917,4.1146
17918,3.36426
17919,4.20788
17920,4.50102
17921,3.09229
17922,2.97734
17923,3.57854
17924,4.11022
17925,3.03761
17926,3.1277
17927,2.59443
17928,4.31191
17929,4.41626
17930,4.04573
17931,3.37
17932,2.43246
17933,2.84098
17934,3.31102
17935,3.63743
17936,3.95694
17937,4.58061
17938,3.05537
17939,3.11187
17940,3.66673
17941,2.94303
17942,3.61358
17943,3.91612
17944,3.16915
17945,2.45905
17946,3.86531
17947,3.50677
17948,3.50126
17949,2.98708
17950,3.13766
17951,3.22798
17952,2.95269
17953,3.55388
17954,3.14121
17955,2.97138
17956,3.6922
17957,3.14724
17958,3.66675
17959,2.79084
17960,3.68672
17961,2.392
17962,3.60838
17963,3.10929
17964,4.07742
17965,3.68552
17966,3.27954
17967,3.22299
17968,3.4308
17969,3.35772
17970,4.19579
17971,2.8701
17972,2.90136
17973,3.35177
17974,3.25931
17975,2.90817
17976,2.59797
17977,3.07887
17978,2.77467
17979,3.39514
17980,3.05684
17981,3.44652
17982,4.2359
17983,3.22115
17984,3.91883
17985,3.37221
17986,2.54742
17987,3.39633
17988,2.97902
17989,3.01562
17990,3.84585
17991,2.95155
17992,4.20847
17993,1.53874
17994,3.69382
17995,2.44033
17996,4.11101
17997,2.97633
17998,3.21861
17999,2.98851
18000,4.82142
18001,3.57564
18002,1.60432
18003,3.38727
18004,3.82478
18005,2.74243
18006,2.7665
18007,4.17311
18008,4.05861
18009,3.95475
18010,3.86396
18011,3.93052
18012,4.1152
18013,2.3627
18014,1.40948
18015,3.8687
18016,1.9321
18017,3.75589
18018,4.0118
18019,1.90112
18020,1.6261
18021,4.01651
18022,3.57127
18023,3.84175
18024,4.14265
18025,2.41915
18026,3.34389
18027,3.9646
18028,3.01385
18029,3.6783
18030,2.16205
18031,3.55322
18032,3.33804
18033,2.90906
18034,2.7866
18035,4.49603
18036,3.13627
18037,2.14181
18038,1.94716
18039,2.08724
18040,3.1695
18041,2.47307
18042,1.43848
18043,3.65199
18044,3.68827
18045,2.40324
18046,3.32111
18047,3.35522
18048,1.24367
18049,3.0653
18050,3.62101
18051,3.87265
18052,4.07449
18053,4.25924
18054,3.22522
18055,4.09428
18056,3.20269
18057,2.80226
18058,3.59216
18059,3.71276
18060,3.81133
18061,3.64914
18062,4.83653
18063,4.77726
18064,3.67907
18065,4.33836
18066,4.51354
18067,3.86762
18068,4.52023
18069,3.82836
18070,4.1253
18071,4.24083
18072,3.8533
18073,2.94152
18074,3.17395
18075,3.93149
18076,2.23499
18077,4.0952
18078,4.00806
18079,3.91794
18080,4.13388
18081,2.67272
18082,4.27031
18083,3.57114
18084,4.18686
18085,4.15301
18086,4.57782
18087,3.62623
18088,3.76186
18089,4.35031
18090,3.95937
18091,4.31052
18092,4.28656
18093,4.17962
18094,3.4861
18095,4.96256
18096,4.80111
18097,5.0
18098,4.58342
18099,4.81944
18100,4.71293
18101,4.85846
18102,4.90554
18103,5.0
18104,5.0
18105,4.99852
18106,4.29664
18107,5.0
18108,4.31294
18109,4.9554
18110,4.90783
18111,3.70289
18112,4.99429
18113,4.43402
18114,3.92247
18115,4.28076
18116,4.03539
18117,4.65729
18118,3.75793
18119,4.58996
18120,4.75797
18121,4.61335
18122,3.64512
18123,4.28615
18124,3.32676
18125,2.9597
18126,4.10121
18127,4.21582
18128,5.0
18129,3.05104
18130,4.99872
18131,2.18319
18132,3.22854
18133,2.22725
18134,2.60244
18135,4.53565
18136,4.52194
18137,3.6845
18138,2.13294
18139,4.34274
18140,4.95776
18141,4.38359
18142,4.77903
18143,4.44001
18144,3.57001
18145,5.0
18146,3.566
18147,3.71182
18148,3.99744
18149,4.14674
18150,5.0
18151,5.0
18152,4.69645
18153,4.7321
18154,3.57223
18155,3.26271
18156,3.63023
18157,3.30259
18158,3.14017
18159,4.41597
18160,2.92145
18161,4.68262
18162,4.41218
18163,5.0
18164,2.82928
18165,3.30601
18166,3.97481
18167,3.30911
18168,3.40933
18169,3.17601
18170,4.30359
18171,3.01629
18172,2.69343
18173,2.30469
18174,3.3743
18175,4.12125
18176,3.40115
18177,3.96256
18178,2.32187
18179,4.38635
18180,4.03748
18181,4.20336
18182,2.84045
18183,4.56678
18184,4.96427
18185,3.94557
18186,4.47573
18187,3.70857
18188,4.04217
18189,3.64273
18190,3.45674
18191,3.69844
18192,2.4961
18193,2.86165
18194,4.18652
18195,3.11786
18196,3.53992
18197,4.01946
18198,3.30609
18199,3.50498
18200,3.28567
18201,2.93246
18202,4.09289
18203,4.23812
18204,3.59729
18205,3.91106
18206,4.15174
18207,4.10408
18208,4.59057
18209,2.92172
18210,3.33487
18211,4.52637
18212,2.1562
18213,3.32708
18214,3.23102
18215,2.75969
18216,3.38882
18217,3.35503
18218,4.20043
18219,3.30329
18220,3.62901
18221,3.78837
18222,3.87977
18223,3.75057
18224,4.03437
18225,3.73976
18226,4.62006
18227,3.12299
18228,4.46579
18229,1.95714
18230,4.4733
18231,1.28919
18232,3.15138
18233,3.85034
18234,4.97488
18235,3.85033
18236,3.4031
18237,4.41416
18238,3.91679
18239,3.84597
18240,1.69972
18241,4.02247
18242,4.2491
18243,4.09781
18244,4.13652
18245,4.05504
18246,4.48201
18247,3.17844
18248,4.18121
18249,4.44481
18250,3.66787
18251,4.18405
18252,3.62082
18253,3.47627
18254,4.17573
18255,4.08773
18256,4.24799
18257,4.5408
18258,4.01683
18259,4.82855
18260,4.18739
18261,4.56111
18262,2.72541
18263,4.62127
18264,3.58862
18265,3.89618
18266,3.45618
18267,4.22486
18268,3.59004
18269,3.63153
18270,3.96516
18271,3.98941
18272,3.33896
18273,4.46655
18274,3.58686
18275,2.89185
18276,3.26777
18277,3.66803
18278,3.59988
18279,3.89909
18280,3.80766
18281,3.69784
18282,3.48564
18283,3.98016
18284,3.76382
18285,3.66251
18286,4.46953
18287,3.6754
18288,3.02885
18289,4.11315
18290,3.35544
18291,3.6455
18292,4.21213
18293,3.70501
18294,3.72554
18295,3.08732
18296,3.74776
18297,4.11299
18298,3.82551
18299,3.88851
18300,3.33262
18301,3.58981
18302,2.79006
18303,3.1746
18304,5.0
18305,1.46954
18306,3.0039
18307,3.13721
18308,2.49403
18309,2.29056
18310,2.40456
18311,2.99876
18312,3.02012
18313,1.4603
18314,2.19565
18315,4.32188
18316,3.17058
18317,3.95587
18318,4.77153
18319,4.22155
18320,3.4087
18321,2.62211
18322,3.10209
18323,4.29968
18324,1.0
18325,1.38535
18326,2.22811
18327,1.0
18328,2.55164
18329,1.57166
18330,4.83002
18331,2.08252
18332,1.40985
18333,1.09043
18334,4.94632
18335,3.88566
18336,3.93313
18337,4.49651
18338,3.98397
18339,5.0
18340,4.67669
18341,4.19857
18342,3.0703
18343,2.85771
18344,3.78616
18345,3.87598
18346,2.33613
18347,2.82243
18348,4.09431
18349,3.81573
18350,1.01493
18351,1.98495
18352,2.91497
18353,1.83228
18354,4.48377
18355,2.94029
18356,4.75264
18357,4.85469
18358,3.3533
18359,3.34621
18360,1.55442
18361,3.37113
18362,2.70843
18363,3.85073
18364,4.32914
18365,4.78647
18366,2.97444
18367,4.98319
18368,3.53213
18369,4.75974
18370,4.05087
18371,3.16588
18372,4.07914
18373,4.54812
18374,4.20628
18375,3.91702
18376,3.8813
18377,3.0437
18378,3.99004
18379,3.5142
18380,3.8997
18381,5.0
18382,3.29746
18383,3.31778
18384,2.7928
18385,2.25586
18386,1.73684
18387,2.6278
18388,1.68696
18389,2.23113
18390,1.97092
18391,2.41972
18392,3.60957
18393,1.77989
18394,2.1085
18395,1.75333
18396,2.20009
18397,3.53089
18398,2.37737
18399,2.73419
18400,1.20385
18401,2.69737
18402,2.63921
18403,2.85359
18404,3.261
18405,2.99542
18406,3.15047
18407,2.17596
18408,2.95513
18409,2.64155
18410,2.92694
18411,2.55612
18412,2.4332
18413,3.30092
18414,2.16665
18415,4.76539
18416,3.88208
18417,2.34632
18418,5.0
18419,2.13376
18420,2.30358
18421,2.76852
18422,3.77511
18423,4.0404
18424,3.92119
18425,4.41358
18426,5.0
18427,3.63891
18428,4.86866
18429,5.0
18430,4.05988
18431,3.15773
18432,3.30404
18433,3.44999
18434,3.46074
18435,3.15138
18436,3.44293
18437,4.03063
18438,4.03475
18439,4.09816
18440,3.23592
18441,3.65809
18442,2.04951
18443,3.46962
18444,3.26062
18445,3.5462
18446,3.542
18447,3.35476
18448,3.90065
18449,3.96431
18450,3.24891
18451,4.3931
18452,2.05116
18453,3.31218
18454,3.52606
18455,3.73036
18456,3.73899
18457,3.36091
18458,3.60879
18459,4.97866
18460,4.06044
18461,4.11382
18462,3.72834
18463,3.69122
18464,4.48362
18465,3.63936
18466,1.70032
18467,3.51659
18468,3.45581
18469,3.27978
18470,3.82151
18471,2.88941
18472,2.16634
18473,3.53279
18474,3.35513
18475,2.26536
18476,3.14104
18477,3.73954
18478,2.46875
18479,2.48221
18480,3.52174
18481,2.29264
18482,2.87907
18483,3.68488
18484,2.11377
18485,3.40778
18486,1.4757
18487,1.48354
18488,2.09207
18489,2.45029
18490,2.13966
18491,2.54024
18492,1.3459
18493,1.14444
18494,1.68891
18495,2.39748
18496,3.2428
18497,1.40638
18498,2.57014
18499,2.58069
18500,1.58291
18501,2.05001
18502,3.11648
18503,2.65215
18504,2.84516
18505,3.01565
18506,2.92545
18507,3.03057
18508,2.57207
18509,2.72242
18510,3.46654
18511,2.86395
18512,2.88528
18513,3.09796
18514,1.0
18515,1.43728
18516,1.0
18517,2.25841
18518,2.5066
18519,2.61876
18520,2.94628
18521,3.24973
18522,1.32047
18523,2.10549
18524,2.31637
18525,2.37396
18526,1.86669
18527,2.22091
18528,2.92778
18529,3.03014
18530,3.46112
18531,1.14539
18532,1.58481
18533,3.02314
18534,2.95034
18535,3.73913
18536,3.11404
18537,2.8928
18538,1.97159
18539,2.5461
18540,3.567
18541,3.33162
18542,1.6537
18543,3.50669
18544,2.56614
18545,3.21124
18546,3.33041
18547,2.22882
18548,2.04412
18549,2.79828
18550,2.6031
18551,2.50205
18552,3.17568
18553,3.30325
18554,2.28093
18555,3.36778
18556,1.33267
18557,1.60121
18558,2.50227
18559,1.0
18560,2.02014
18561,2.10328
18562,2.15777
18563,2.86857
18564,3.45659
18565,3.09486
18566,2.88582
18567,1.97755
18568,2.72026
18569,2.98232
18570,2.92798
18571,2.03747
18572,2.63804
18573,3.57208
18574,2.60875
18575,1.91798
18576,2.16923
18577,2.61203
18578,2.64331
18579,2.30113
18580,2.58308
18581,2.88883
18582,3.04316
18583,1.81363
18584,1.34376
18585,2.34841
18586,2.30993
18587,2.29543
18588,2.77454
18589,2.32957
18590,2.01519
18591,3.06601
18592,2.54288
18593,3.42273
18594,3.43766
18595,3.04262
18596,3.61353
18597,3.6517
18598,1.81109
18599,3.0571
18600,4.38527
18601,4.03432
18602,4.12843
18603,4.89372
18604,2.7666
18605,3.95001
18606,2.53987
18607,3.78965
18608,2.97578
18609,4.37998
18610,3.88485
18611,3.7122
18612,3.62282
18613,3.49513
18614,4.11799
18615,3.28279
18616,3.92787
18617,4.60396
18618,4.24635
18619,4.46703
18620,3.93105
18621,3.59816
18622,3.77094
18623,4.01412
18624,4.35279
18625,3.31506
18626,3.35622
18627,4.3957
18628,4.72117
18629,4.25247
18630,4.51017
18631,3.48991
18632,1.3598
18633,2.38602
18634,3.73679
18635,1.58172
18636,2.09006
18637,1.37323
18638,1.45727
18639,2.50459
18640,1.17759
18641,2.1793
18642,3.45849
18643,2.50125
18644,3.67939
18645,3.16898
18646,2.53268
18647,2.42777
18648,4.39927
18649,2.00389
18650,3.03882
18651,1.49775
18652,1.02246
18653,2.62453
18654,3.04589
18655,4.03777
18656,4.48608
18657,3.65121
18658,2.58432
18659,3.66932
18660,3.06985
18661,2.90416
18662,3.67188
18663,2.39081
18664,4.00569
18665,3.215
18666,2.98386
18667,3.38065
18668,3.7114
18669,3.41497
18670,2.35317
18671,4.53821
18672,2.15536
18673,2.85259
18674,3.69346
18675,4.52916
18676,2.94076
18677,3.92426
18678,3.5169
18679,3.4571
18680,3.37861
18681,3.41445
18682,3.41346
18683,4.2742
18684,3.21343
18685,4.38876
18686,4.29049
18687,4.29633
18688,3.36073
18689,3.871
18690,1.87662
18691,2.68089
18692,1.0
18693,2.09205
18694,2.8406
18695,1.11018
18696,1.45793
18697,1.44907
18698,3.05894
18699,2.07644
18700,3.04415
18701,2.28984
18702,3.23693
18703,2.7845
18704,2.98265
18705,3.26102
18706,3.04359
18707,3.53704
18708,3.54735
18709,2.9371
18710,3.84869
18711,4.01345
18712,2.8094
18713,4.91372
18714,4.74782
18715,4.74731
18716,3.51972
18717,3.65558
18718,2.77749
18719,4.88166
18720,4.12655
18721,3.58328
18722,3.29984
18723,3.81006
18724,3.58567
18725,3.8187
18726,3.57481
18727,2.33771
18728,3.19178
18729,3.49252
18730,2.66035
18731,3.90464
18732,2.77304
18733,3.53382
18734,3.60986
18735,3.92613
18736,3.77995
18737,3.2171
18738,4.39146
18739,3.66571
18740,4.09159
18741,3.69182
18742,3.47907
18743,3.34009
18744,3.40683
18745,3.9693
18746,3.05162
18747,3.67412
18748,3.15747
18749,4.14198
18750,3.21935
18751,3.23234
18752,4.41801
18753,3.79294
18754,2.74014
18755,3.69445
18756,3.90698
18757,2.26105
18758,3.00842
18759,1.92375
18760,3.56536
18761,3.96442
18762,3.59285
18763,3.42928
18764,3.66148
18765,2.9935
18766,3.95578
18767,2.3267
18768,3.06804
18769,2.77267
18770,3.99157
18771,3.20446
18772,3.19425
18773,2.90881
18774,4.20423
18775,2.52313
18776,3.92948
18777,3.9029
18778,3.78157
18779,3.88287
18780,4.17535
18781,3.88967
18782,3.31255
18783,3.98273
18784,1.82891
18785,3.76021
18786,3.29226
18787,3.35609
18788,3.05869
18789,4.33574
18790,4.61322
18791,3.13636
18792,2.84173
18793,2.62258
18794,2.65729
18795,3.93008
18796,3.74692
18797,3.85731
18798,3.87755
18799,3.052
18800,3.91805
18801,3.85245
18802,3.08118
18803,4.46634
18804,2.47312
18805,2.45427
18806,3.47205
18807,3.55211
18808,2.93314
18809,4.10731
18810,4.05601
18811,4.01409
18812,4.23058
18813,3.16463
18814,4.32039
18815,4.07772
18816,3.31708
18817,3.43617
18818,3.57547
18819,4.13299
18820,4.0436
18821,2.46779
18822,3.92379
18823,3.73156
18824,3.35235
18825,3.16178
18826,3.28364
18827,3.8155
18828,4.09316
18829,2.77717
18830,4.07549
18831,3.15154
18832,3.19501
18833,3.89706
18834,3.85978
18835,4.1815
18836,3.54325
18837,2.91664
18838,2.5994
18839,1.6472
18840,1.90728
18841,3.24575
18842,2.10435
18843,3.98538
18844,2.7342
18845,2.21222
18846,1.4791
18847,3.33455
18848,3.2708
18849,4.1386
18850,4.28426
18851,3.97611
18852,4.37607
18853,4.14546
18854,3.38317
18855,4.13233
18856,4.4275
18857,4.10045
18858,3.79527
18859,4.89361
18860,3.34886
18861,3.08338
18862,4.35132
18863,3.70712
18864,5.0
18865,4.47433
18866,3.98862
18867,4.14837
18868,4.12173
18869,3.28691
18870,4.76815
18871,5.0
18872,4.33929
18873,3.12186
18874,5.0
18875,3.62905
18876,4.67467
18877,4.42279
18878,4.07248
18879,4.28091
18880,4.1289
18881,4.69702
18882,3.52605
18883,3.67937
18884,4.10469
18885,3.29823
18886,4.57679
18887,3.36302
18888,4.47688
18889,4.31707
18890,3.36366
18891,2.69321
18892,2.58669
18893,3.90933
18894,3.75984
18895,3.86136
18896,4.41197
18897,2.02902
18898,4.3674
18899,1.99771
18900,3.27202
18901,2.60325
18902,4.54079
18903,4.8931
18904,3.66503
18905,3.64765
18906,3.67931
18907,1.82438
18908,3.54159
18909,4.41343
18910,4.56409
18911,3.65805
18912,4.21706
18913,3.70187
18914,3.52212
18915,3.32492
18916,3.96535
18917,3.551
18918,3.85881
18919,3.22964
18920,3.96174
18921,4.38829
18922,3.83767
18923,2.09523
18924,2.45734
18925,3.37798
18926,2.42822
18927,2.98045
18928,2.51976
18929,2.57077
18930,2.30809
18931,4.1568
18932,3.87586
18933,2.2047
18934,4.38848
18935,2.56468
18936,2.47034
18937,3.11753
18938,3.44586
18939,3.25697
18940,3.92966
18941,4.21592
18942,3.28107
18943,3.64053
18944,1.92508
18945,3.35783
18946,3.86644
18947,2.83702
18948,3.3533
18949,2.53973
18950,2.635
18951,2.34407
18952,4.14741
18953,4.21688
18954,3.71203
18955,2.8093
18956,2.822
18957,2.78179
18958,2.36798
18959,5.0
18960,4.10074
18961,4.50548
18962,3.39715
18963,4.33684
18964,4.7109
18965,3.87752
18966,1.35268
18967,3.40005
18968,3.50074
18969,4.0333
18970,4.48591
18971,3.4812
18972,4.58451
18973,4.18598
18974,4.43091
18975,3.29452
18976,4.28402
18977,5.0
18978,4.06702
18979,3.44111
18980,4.26261
18981,3.64597
18982,2.97643
18983,4.3923
18984,4.04615
18985,3.69885
18986,3.6168
18987,3.72151
18988,3.19727
18989,3.81259
18990,3.07201
18991,3.57471
18992,3.89771
18993,3.30886
18994,4.03076
18995,4.20065
18996,4.00994
18997,3.00049
18998,3.07236
18999,3.69795
19000,4.06033
19001,4.25374
19002,3.98503
19003,3.58813
19004,2.93744
19005,3.30392
19006,2.98491
19007,3.7994
19008,3.49493
19009,4.09731
19010,3.80852
19011,4.15972
19012,4.49668
19013,3.89519
19014,4.30906
19015,3.87125
19016,3.86935
19017,4.60228
19018,3.26323
19019,2.17378
19020,2.32905
19021,3.07131
19022,3.1094
19023,3.15861
19024,3.65323
19025,2.83221
19026,3.21855
19027,2.84159
19028,2.93927
19029,2.87117
19030,3.08361
19031,2.61783
19032,2.65806
19033,3.02343
19034,2.70164
19035,2.52628
19036,3.26427
19037,3.14856
19038,3.45455
19039,2.47909
19040,1.87546
19041,3.1011
19042,3.01411
19043,2.8484
19044,2.52544
19045,2.51397
19046,2.41925
19047,2.80046
19048,3.20232
19049,3.39643
19050,2.91427
19051,2.86776
19052,2.81976
19053,3.21057
19054,3.07379
19055,2.9334
19056,2.9038
19057,2.27404
19058,2.72642
19059,2.51833
19060,2.57961
19061,2.51743
19062,2.95439
19063,2.78458
19064,2.38906
19065,1.90829
19066,1.45874
19067,2.94317
19068,2.28302
19069,1.81459
19070,3.25133
19071,2.69071
19072,3.03075
19073,2.52222
19074,1.65964
19075,2.63278
19076,2.65325
19077,2.28403
19078,3.09907
19079,3.17862
19080,2.64496
19081,2.27245
19082,3.33821
19083,3.4186
19084,2.46113
19085,1.85503
19086,3.76325
19087,2.55315
19088,2.03005
19089,2.4747
19090,2.72836
19091,3.33394
19092,3.11091
19093,3.19866
19094,1.38434
19095,3.44925
19096,3.02513
19097,3.37608
19098,3.35418
19099,3.22836
19100,1.59724
19101,2.68609
19102,2.92702
19103,2.13159
19104,2.48183
19105,2.97743
19106,1.98823
19107,2.42746
19108,2.57914
19109,2.78748
19110,1.61705
19111,3.07408
19112,3.38285
19113,3.88093
19114,2.1437
19115,3.44762
19116,3.47577
19117,2.3543
19118,2.00316
19119,3.49017
19120,2.96376
19121,2.50496
19122,3.08535
19123,3.15595
19124,3.00258
19125,2.68428
19126,2.69968
19127,2.97969
19128,2.86236
19129,2.66205
19130,2.85878
19131,3.15082
19132,2.47974
19133,2.9676
19134,2.89752
19135,2.76323
19136,3.21416
19137,3.35761
19138,2.38799
19139,2.17415
19140,2.93571
19141,2.6583
19142,2.88145
19143,3.72742
19144,3.06351
19145,2.71213
19146,2.15089
19147,3.35675
19148,2.90947
19149,2.00918
19150,2.88707
19151,1.56772
19152,2.81785
19153,2.65231
19154,4.01038
19155,3.23297
19156,2.41371
19157,2.67612
19158,3.39403
19159,3.63932
19160,4.05685
19161,3.58471
19162,2.95112
19163,3.0477
19164,3.31792
19165,3.19718
19166,2.66652
19167,2.76275
19168,3.92388
19169,2.65558
19170,2.53566
19171,3.88051
19172,4.69976
19173,4.3642
19174,4.60251
19175,4.6457
19176,1.92609
19177,2.9773
19178,3.62489
19179,1.73767
19180,3.3722
19181,4.44411
19182,1.92512
19183,2.66123
19184,3.68504
19185,2.94895
19186,4.02804
19187,2.40824
19188,1.5122
19189,2.20162
19190,1.0
19191,3.84474
19192,3.7562
19193,3.19627
19194,2.03088
19195,2.0759
19196,3.87424
19197,3.10948
19198,1.0
19199,2.50646
19200,2.94
19201,4.64168
19202,2.56849
19203,3.93712
19204,4.07274
19205,4.21832
19206,4.59788
19207,3.59245
19208,3.06927
19209,3.96295
19210,3.24391
19211,3.7925
19212,3.50062
19213,3.78423
19214,2.61517
19215,2.08352
19216,3.76448
19217,3.78736
19218,2.93241
19219,3.23687
19220,3.43574
19221,3.44788
19222,1.86913
19223,3.92498
19224,3.52215
19225,4.3683
19226,3.99709
19227,2.32229
19228,3.50684
19229,2.70414
19230,3.15294
19231,2.94665
19232,1.89009
19233,3.44214
19234,3.62145
19235,3.39286
19236,4.51774
19237,4.49495
19238,3.13861
19239,4.01417
19240,3.15209
19241,2.8263
19242,3.30336
19243,3.73673
19244,3.85865
19245,2.5313
19246,4.08311
19247,4.38158
19248,4.1209
19249,2.90078
19250,3.72163
19251,2.96228
19252,3.42769
19253,3.61664
19254,3.67015
19255,3.57136
19256,2.24689
19257,4.87573
19258,5.0
19259,3.55821
19260,5.0
19261,5.0
19262,4.5092
19263,5.0
19264,3.84322
19265,4.16544
19266,3.80385
19267,5.0
19268,5.0
19269,4.09453
19270,4.32027
19271,3.33723
19272,4.64188
19273,3.73555
19274,3.92682
19275,3.8306
19276,4.75778
19277,3.94646
19278,4.08645
19279,4.14423
19280,4.09118
19281,4.18761
19282,3.11342
19283,2.60763
19284,3.31454
19285,4.20922
19286,4.30316
19287,4.74085
19288,4.32403
19289,3.27309
19290,2.83802
19291,4.57023
19292,3.24437
19293,3.48746
19294,3.16571
19295,4.80535
19296,4.96672
19297,5.0
19298,4.33766
19299,4.48379
19300,4.99668
19301,3.57676
19302,4.58299
19303,5.0
19304,3.22256
19305,5.0
19306,4.80915
19307,2.51778
19308,3.3977
19309,3.42817
19310,2.58084
19311,3.0944
19312,1.83839
19313,2.67527
19314,2.29501
19315,2.79802
19316,2.82666
19317,2.24592
19318,2.70038
19319,3.23497
19320,2.84533
19321,3.04321
19322,2.19602
19323,3.10274
19324,2.6765
19325,1.73362
19326,3.45869
19327,3.12856
19328,2.63947
19329,3.02139
19330,2.78032
19331,2.99729
19332,3.20252
19333,2.98466
19334,2.69236
19335,2.58568
19336,3.38267
19337,3.39566
19338,4.44048
19339,2.66454
19340,2.74082
19341,2.86432
19342,2.33261
19343,3.51419
19344,3.10931
19345,2.93768
19346,3.86174
19347,4.17275
19348,3.57108
19349,4.10524
19350,3.25506
19351,3.95629
19352,3.59931
19353,3.90698
19354,3.54315
19355,2.79074
19356,4.49848
19357,4.08315
19358,3.69819
19359,2.90014
19360,3.51583
19361,2.3388
19362,3.41832
19363,2.97121
19364,3.6816
19365,4.09819
19366,3.6844
19367,1.54608
19368,4.36416
19369,3.88583
19370,3.73988
19371,3.57078
19372,3.29669
19373,4.24262
19374,2.82166
19375,4.21893
19376,2.05879
19377,3.90623
19378,4.05803
19379,4.29778
19380,4.03094
19381,3.60925
19382,3.6518
19383,2.70247
19384,3.13566
19385,2.34385
19386,2.6961
19387,3.91408
19388,4.14802
19389,3.75357
19390,3.08331
19391,3.32504
19392,2.41968
19393,2.60298
19394,3.35247
19395,4.09201
19396,4.35557
19397,4.51872
19398,3.56061
19399,2.36288
19400,3.97843
19401,3.02268
19402,4.16157
19403,4.32046
19404,3.21573
19405,3.99052
19406,3.03482
19407,4.58366
19408,3.88235
19409,3.10612
19410,2.83232
19411,3.41466
19412,4.38262
19413,3.76884
19414,2.85985
19415,4.13949
19416,2.93621
19417,2.73717
19418,3.95027
19419,3.88067
19420,4.23844
19421,4.55894
19422,4.69226
19423,3.5946
19424,3.96696
19425,4.11193
19426,4.85012
19427,4.31338
19428,2.29188
19429,5.0
19430,4.88401
19431,5.0
19432,2.00922
19433,3.26848
19434,2.97877
19435,4.76702
19436,3.63959
19437,2.8085
19438,3.27731
19439,2.66071
19440,1.84089
19441,4.6492
19442,3.81126
19443,3.12806
19444,3.81723
19445,4.1358
19446,4.04603
19447,1.54913
19448,3.55881
19449,3.33725
19450,2.86702
19451,2.61928
19452,3.31855
19453,3.3444
19454,2.84768
19455,2.22774
19456,3.34878
19457,4.33355
19458,3.43358
19459,2.65598
19460,3.23237
19461,3.89802
19462,4.1076
19463,3.59868
19464,3.58689
19465,4.17814
19466,4.34542
19467,4.83585
19468,3.69561
19469,3.40536
19470,3.27236
19471,4.1265
19472,4.11355
19473,4.06237
19474,4.37604
19475,1.96758
19476,4.27747
19477,3.12283
19478,3.32734
19479,1.65606
19480,3.56331
19481,2.62729
19482,3.8571
19483,3.67224
19484,4.83528
19485,2.97205
19486,3.24963
19487,3.44554
19488,4.24545
19489,3.85705
19490,4.17461
19491,3.059
19492,3.36749
19493,4.2519
19494,3.54275
19495,2.82136
19496,4.68616
19497,4.19448
19498,3.37109
19499,3.66393
19500,4.85166
19501,4.05073
19502,3.3741
19503,2.90101
19504,2.50442
19505,4.73128
19506,3.00173
19507,2.58429
19508,3.08481
19509,3.73129
19510,2.54
19511,3.27982
19512,4.43812
19513,4.08446
19514,3.23105
19515,4.64047
19516,4.30445
19517,3.14996
19518,4.02883
19519,4.23463
19520,3.67584
19521,3.51903
19522,3.46441
19523,3.73565
19524,4.14156
19525,4.23239
19526,3.32569
19527,3.24613
19528,3.35436
19529,3.91631
19530,2.93242
19531,4.06481
19532,4.393
19533,4.18853
19534,3.88541
19535,3.62066
19536,3.77613
19537,3.33691
19538,3.3205
19539,3.65566
19540,3.54992
19541,4.16191
19542,2.48413
19543,3.90793
19544,4.07902
19545,4.47969
19546,4.40781
19547,3.91822
19548,4.18053
19549,4.08213
19550,4.63939
19551,3.23917
19552,3.67927
19553,4.32975
19554,2.98825
19555,3.457
19556,3.33786
19557,3.94301
19558,2.64079
19559,4.2472
19560,4.17146
19561,2.73159
19562,3.44919
19563,3.15241
19564,3.4182
19565,4.22364
19566,3.78979
19567,3.53924
19568,3.78912
19569,3.65738
19570,2.90906
19571,4.06779
19572,3.9115
19573,3.36924
19574,4.28979
19575,4.37364
19576,3.90961
19577,2.86667
19578,3.41635
19579,3.6864
19580,4.54312
19581,4.00462
19582,4.54315
19583,3.47457
19584,4.73207
19585,3.44476
19586,3.54266
19587,3.69455
19588,4.79206
19589,2.91477
19590,4.16454
19591,2.04048
19592,3.95267
19593,4.86892
19594,2.27551
19595,3.52614
19596,3.18595
19597,2.92039
19598,2.6777
19599,3.69293
19600,3.86088
19601,3.30364
19602,4.26792
19603,2.80732
19604,3.49845
19605,3.44896
19606,4.14211
19607,4.43483
19608,3.43942
19609,4.19328
19610,5.0
19611,3.84664
19612,4.22428
19613,4.64553
19614,2.44315
19615,3.75105
19616,4.13993
19617,3.36047
19618,3.44299
19619,4.73851
19620,2.42468
19621,4.25854
19622,5.0
19623,4.58929
19624,2.60078
19625,2.02362
19626,2.53634
19627,3.64431
19628,2.64775
19629,3.07934
19630,2.88736
19631,1.47513
19632,2.16219
19633,3.12093
19634,2.15875
19635,2.2641
19636,2.15266
19637,2.45482
19638,2.29612
19639,1.73652
19640,2.72548
19641,2.4518
19642,2.51246
19643,1.67917
19644,1.56127
19645,1.36711
19646,2.63739
19647,2.04708
19648,1.60619
19649,2.66937
19650,2.98588
19651,1.74616
19652,2.23068
19653,2.32632
19654,2.56144
19655,4.21549
19656,1.61214
19657,2.59324
19658,3.13676
19659,2.95257
19660,1.75507
19661,2.13549
19662,2.38895
19663,1.49936
19664,1.70657
19665,2.95271
19666,3.86046
19667,2.12432
19668,1.63765
19669,2.65211
19670,1.79274
19671,2.24102
19672,3.03152
19673,1.88582
19674,1.19074
19675,3.70745
19676,1.32519
19677,2.36035
19678,1.49707
19679,1.0723
19680,4.07319
19681,4.62005
19682,1.54077
19683,2.7238
19684,2.67942
19685,2.75562
19686,4.8946
19687,4.06847
19688,4.98878
19689,4.05905
19690,3.42306
19691,4.18462
19692,3.28763
19693,2.45078
19694,3.08352
19695,3.70508
19696,4.13595
19697,3.67736
19698,3.66366
19699,3.82817
19700,2.98664
19701,2.41394
19702,2.30395
19703,2.78057
19704,3.9431
19705,3.42794
19706,3.64544
19707,3.85571
19708,3.16316
19709,3.16968
19710,3.89379
19711,3.45988
19712,4.13056
19713,3.52926
19714,3.85185
19715,3.91587
19716,5.0
19717,3.15646
19718,3.93879
19719,4.25317
19720,5.0
19721,4.50391
19722,2.16001
19723,3.17945
19724,3.32735
19725,2.67529
19726,4.0613
19727,4.9402
19728,4.26931
19729,2.55948
19730,1.03899
19731,4.64567
19732,4.33252
19733,5.0
19734,4.46988
19735,2.64492
19736,2.27721
19737,3.18233
19738,4.17076
19739,3.15689
19740,1.0
19741,4.14417
19742,2.68075
19743,2.9651
19744,4.64298
19745,4.28092
19746,3.7821
19747,1.38239
19748,3.04423
19749,2.53157
19750,4.48816
19751,5.0
19752,4.70492
19753,3.27486
19754,4.95037
19755,3.27096
19756,3.80032
19757,3.11252
19758,4.43788
19759,4.56956
19760,3.74154
19761,4.05125
19762,4.6727
19763,3.46713
19764,4.3715
19765,3.96623
19766,3.28239
19767,1.54417
19768,3.52208
19769,1.55856
19770,4.2327
19771,3.84429
19772,3.00774
19773,4.83416
19774,3.25198
19775,4.00342
19776,3.50389
19777,4.35103
19778,4.24292
19779,3.34706
19780,4.22057
19781,3.73136
19782,3.77483
19783,4.1046
19784,4.3342
19785,2.56588
19786,4.57421
19787,1.93276
19788,3.46953
19789,4.86123
19790,5.0
19791,4.07583
19792,2.62256
19793,4.09247
19794,4.6836
19795,3.63855
19796,1.78819
19797,4.27868
19798,4.39961
19799,4.56263
19800,4.12149
19801,3.43364
19802,3.82048
19803,4.83924
19804,4.74397
19805,4.28374
19806,3.96295
19807,4.03509
19808,2.15393
19809,4.01999
19810,2.53778
19811,3.59765
19812,3.1564
19813,3.31816
19814,2.4088
19815,4.1418
19816,2.12114
19817,2.48567
19818,2.41792
19819,3.07316
19820,2.38818
19821,3.4907
19822,3.07101
19823,3.70055
19824,3.6217
19825,3.85509
19826,4.36754
19827,3.40455
19828,3.84508
19829,2.99224
19830,4.4369
19831,4.00661
19832,3.1635
19833,2.87857
19834,4.39594
19835,3.60549
19836,3.62551
19837,2.29617
19838,3.74102
19839,3.12386
19840,3.82423
19841,4.14102
19842,3.76508
19843,4.91507
19844,3.52437
19845,4.17877
19846,2.37233
19847,4.73568
19848,3.06469
19849,4.13866
19850,4.23317
19851,3.57862
19852,3.8893
19853,3.44224
19854,3.14893
19855,3.61742
19856,3.20147
19857,3.99965
19858,2.80979
19859,4.84748
19860,2.35796
19861,4.40868
19862,3.08888
19863,2.58277
19864,2.31698
19865,2.42531
19866,3.72252
19867,3.96951
19868,2.7634
19869,4.17157
19870,3.60729
19871,3.01628
19872,2.4702
19873,3.4052
19874,4.44378
19875,3.17348
19876,2.62564
19877,3.46659
19878,4.46673
19879,3.70443
19880,4.18718
19881,3.75583
19882,4.34368
19883,3.90006
19884,4.69737
19885,4.17183
19886,3.829
19887,2.30454
19888,3.10781
19889,4.09785
19890,3.59874
19891,3.95455
19892,4.88047
19893,5.0
19894,4.64212
19895,2.86811
19896,3.80288
19897,2.59756
19898,3.92298
19899,3.15458
19900,3.29874
19901,3.74319
19902,4.4824
19903,4.21705
19904,4.24185
19905,4.15282
19906,3.82838
19907,3.66974
19908,5.0
19909,4.00019
19910,3.36706
19911,2.81094
19912,4.10207
19913,3.65022
19914,4.43972
19915,3.93904
19916,3.67554
19917,3.84547
19918,4.64779
19919,3.73634
19920,3.16117
19921,3.65611
19922,4.27896
19923,3.46687
19924,4.83213
19925,3.98219
19926,3.6921
19927,3.16304
19928,4.20678
19929,2.61099
19930,4.71884
19931,3.83429
19932,3.0066
19933,3.61509
19934,3.38716
19935,3.64219
19936,4.61139
19937,3.19788
19938,2.28056
19939,4.93321
19940,4.49464
19941,3.02547
19942,4.73307
19943,4.11283
19944,4.78115
19945,4.27839
19946,3.56744
19947,4.63674
19948,3.87464
19949,2.21142
19950,4.02636
19951,4.36288
19952,3.57368
19953,4.98047
19954,3.64575
19955,2.85577
19956,4.07592
19957,4.39397
19958,4.08382
19959,4.91614
19960,4.94159
19961,4.0607
19962,4.92093
19963,4.78218
19964,3.69883
19965,4.42156
19966,4.17919
19967,4.32886
19968,4.34521
19969,4.12268
19970,3.6679
19971,4.34571
19972,4.41486
19973,4.58779
19974,3.77704
19975,4.54149
19976,4.29301
19977,2.81809
19978,3.17527
19979,3.92135
19980,3.82371
19981,4.19881
19982,3.04753
19983,4.57103
19984,4.55896
19985,2.44977
19986,3.468
19987,3.68868
19988,3.04247
19989,3.20313
19990,4.29888
19991,4.86044
19992,3.13969
19993,4.04334
19994,3.81941
19995,3.70585
19996,4.18097
19997,4.04567
19998,3.57473
19999,3.59002
20000,2.60915
20001,3.67845
20002,3.44906
20003,3.54584
20004,4.32573
20005,3.13396
20006,3.74674
20007,3.24705
20008,4.35166
20009,3.74506
20010,3.50839
20011,3.3946
20012,3.92844
20013,2.80964
20014,4.17003
20015,3.1197
20016,3.65971
20017,4.87453
20018,4.23315
20019,4.15224
20020,3.23306
20021,3.84001
20022,3.62226
20023,4.54087
20024,4.30602
20025,4.05613
20026,4.14367
20027,4.02313
20028,3.33217
20029,4.13664
20030,3.64873
20031,4.11914
20032,3.46249
20033,2.99133
20034,3.70199
20035,3.64887
20036,2.92778
20037,3.51072
20038,3.86263
20039,3.70475
20040,5.0
20041,3.80521
20042,4.49163
20043,4.36692
20044,2.97189
20045,4.02218
20046,4.39226
20047,4.12738
20048,4.13695
20049,3.91266
20050,2.25201
20051,3.46377
20052,3.60804
20053,2.1895
20054,2.7017
20055,3.21325
20056,4.14132
20057,4.48573
20058,3.77428
20059,4.94297
20060,4.74778
20061,4.4366
20062,2.97312
20063,4.02374
20064,1.32274
20065,4.96002
20066,4.77555
20067,3.3142
20068,3.5611
20069,4.81926
20070,5.0
20071,1.5518
20072,4.76307
20073,4.23799
20074,4.52432
20075,3.20983
20076,4.25227
20077,3.77434
20078,4.35508
20079,4.33894
20080,4.1958
20081,3.4233
20082,3.57254
20083,3.30839
20084,4.00859
20085,3.81518
20086,3.31865
20087,2.73184
20088,3.53266
20089,3.53561
20090,4.01081
20091,2.55545
20092,3.15917
20093,3.17588
20094,3.56658
20095,3.66172
20096,3.98099
20097,3.35602
20098,4.39895
20099,3.73263
20100,3.6491
20101,4.29043
20102,4.26022
20103,3.89182
20104,4.426
20105,3.22829
20106,2.66804
20107,2.88083
20108,4.5025
20109,4.71777
20110,3.35307
20111,3.98589
20112,3.84501
20113,3.14783
20114,4.0934
20115,3.84015
20116,4.68806
20117,4.92854
20118,4.84941
20119,4.35283
20120,4.81319
20121,4.40219
20122,5.0
20123,5.0
20124,4.9299
20125,4.40975
20126,3.93225
20127,3.36874
20128,3.58989
20129,4.20295
20130,3.93123
20131,3.97961
20132,3.21964
20133,3.74814
20134,4.12534
20135,4.379
20136,3.72615
20137,3.48605
20138,3.83752
20139,3.77204
20140,3.50786
20141,3.3795
20142,4.00227
20143,1.47
20144,4.17064
20145,3.93453
20146,4.30021
20147,3.7402
20148,3.563
20149,3.91852
20150,3.13757
20151,3.60832
20152,3.59922
20153,2.83871
20154,1.0
20155,3.42138
20156,3.94984
20157,4.03426
20158,4.13387
20159,3.84615
20160,2.9749
20161,4.13677
20162,3.7797
20163,3.70914
20164,3.40601
20165,2.61017
20166,4.08467
20167,4.36027
20168,3.62082
20169,3.65862
20170,3.28295
20171,1.90408
20172,3.40579
20173,2.94642
20174,3.7771
20175,4.52011
20176,4.10137
20177,3.48572
20178,4.27135
20179,3.91249
20180,3.40403
20181,3.78382
20182,2.68864
20183,4.32252
20184,4.09969
20185,3.39006
20186,3.56267
20187,3.18349
20188,3.24399
20189,3.60047
20190,3.54771
20191,4.30077
20192,4.14404
20193,3.9415
20194,2.3329
20195,3.23969
20196,3.48161
20197,4.21413
20198,3.47708
20199,3.02884
20200,2.2278
20201,4.10582
20202,3.41898
20203,3.92111
20204,3.03631
20205,4.09301
20206,3.64009
20207,2.72376
20208,4.07781
20209,3.41662
20210,2.81021
20211,3.5603
20212,3.47664
20213,3.56366
20214,2.97651
20215,3.06809
20216,3.36382
20217,3.58507
20218,2.96511
20219,4.43342
20220,3.89745
20221,3.00796
20222,4.12221
20223,3.51177
20224,3.41807
20225,4.10595
20226,2.58367
20227,3.78995
20228,3.51082
20229,4.99828
20230,2.05388
20231,1.57889
20232,3.85504
20233,4.55346
20234,4.08179
20235,3.60181
20236,4.12972
20237,2.72862
20238,2.05205
20239,4.11694
20240,3.63955
20241,1.85974
20242,2.53299
20243,4.31036
20244,3.03762
20245,3.85033
20246,2.41862
20247,2.86634
20248,3.1829
20249,4.15856
20250,2.91648
20251,3.87594
20252,4.06999
20253,1.95592
20254,4.17105
20255,4.39915
20256,2.58329
20257,3.2313
20258,2.91514
20259,4.40918
20260,1.91023
20261,1.30213
20262,4.0793
20263,4.81542
20264,3.97351
20265,2.2617
20266,4.25748
20267,4.25459
20268,4.49658
20269,2.32907
20270,4.48853
20271,2.73889
20272,3.96452
20273,3.30758
20274,4.14111
20275,4.86007
20276,3.08754
20277,4.3865
20278,5.0
20279,2.56445
20280,4.99914
20281,5.0
20282,4.73097
20283,3.88576
20284,3.69038
20285,4.22809
20286,3.70165
20287,3.03701
20288,3.89412
20289,4.4197
20290,3.87473
20291,3.31445
20292,3.89487
20293,3.03005
20294,2.54195
20295,4.21431
20296,3.75644
20297,3.35864
20298,2.6911
20299,2.86236
20300,2.52481
20301,3.02859
20302,3.39419
20303,4.52672
20304,3.53054
20305,4.19213
20306,3.0178
20307,3.37593
20308,3.79953
20309,3.47228
20310,4.57377
20311,4.36648
20312,3.802
20313,3.96444
20314,3.39079
20315,4.11275
20316,3.71689
20317,2.87321
20318,3.41054
20319,2.80837
20320,3.21588
20321,3.37117
20322,3.36335
20323,3.63178
20324,2.97174
20325,3.64857
20326,3.72848
20327,2.81183
20328,3.40629
20329,3.48488
20330,3.35035
20331,3.54669
20332,3.45023
20333,3.9025
20334,4.09764
20335,3.86864
20336,4.21605
20337,4.27838
20338,4.43819
20339,3.88325
20340,3.10849
20341,5.0
20342,3.4691
20343,4.32256
20344,3.19909
20345,4.29544
20346,2.09915
20347,1.7941
20348,3.69256
20349,4.64087
20350,3.30641
20351,4.68626
20352,4.26896
20353,3.55615
20354,3.62375
20355,2.84838
20356,4.13072
20357,4.66719
20358,2.84284
20359,3.17744
20360,3.57577
20361,2.49819
20362,1.0
20363,4.22309
20364,4.72127
20365,4.51269
20366,4.4457
20367,3.73391
20368,4.78847
20369,4.64192
20370,3.70837
20371,3.89623
20372,3.50232
20373,3.64636
20374,1.12763
20375,3.49925
20376,4.34481
20377,3.86244
20378,3.44804
20379,2.93142
20380,3.86691
20381,3.53634
20382,4.71728
20383,4.88418
20384,4.17937
20385,4.2364
20386,4.56018
20387,4.72954
20388,4.78123
20389,3.40746
20390,3.59328
20391,4.19474
20392,2.69152
20393,1.49662
20394,2.47824
20395,3.61892
20396,3.38077
20397,3.3553
20398,4.06171
20399,4.26064
20400,3.1741
20401,2.23537
20402,3.99212
20403,4.6786
20404,4.42998
20405,2.8793
20406,3.65488
20407,2.77407
20408,4.00086
20409,1.23522
20410,2.25998
20411,4.81499
20412,3.21582
20413,3.69529
20414,2.28255
20415,4.24028
20416,2.93968
20417,4.81777
20418,3.6188
20419,4.43414
20420,2.62019
20421,3.42216
20422,3.42603
20423,3.25578
20424,2.61102
20425,4.20744
20426,3.86173
20427,4.54424
20428,3.12101
20429,2.24738
20430,5.0
20431,3.19751
20432,4.64015
20433,3.49434
20434,3.62674
20435,3.64231
20436,4.28234
20437,4.12407
20438,4.1307
20439,3.48923
20440,3.77224
20441,4.20537
20442,3.76221
20443,3.50103
20444,3.31261
20445,4.02692
20446,2.86137
20447,3.81866
20448,3.94699
20449,3.22527
20450,4.24463
20451,3.80807
20452,4.01093
20453,3.73796
20454,3.41676
20455,4.6019
20456,3.29869
20457,3.65009
20458,3.41197
20459,4.06233
20460,3.81355
20461,3.32752
20462,4.13191
20463,3.44578
20464,3.38685
20465,3.88351
20466,4.05555
20467,4.04792
20468,3.82979
20469,3.75394
20470,4.06607
20471,4.14185
20472,4.07383
20473,3.66193
20474,3.60711
20475,3.53274
20476,3.94918
20477,4.23694
20478,3.9978
20479,4.17104
20480,4.03065
20481,4.22755
20482,3.65211
20483,3.31537
20484,4.42635
20485,3.39543
20486,4.184
20487,4.40767
20488,3.25899
20489,3.19222
20490,3.7682
20491,3.94949
20492,3.23875
20493,4.10132
20494,3.40504
20495,4.18645
20496,3.89686
20497,4.35411
20498,3.78159
20499,3.53016
20500,3.89017
20501,2.06405
20502,4.24245
20503,4.11358
20504,5.0
20505,3.39328
20506,3.6147
20507,3.52154
20508,2.33178
20509,3.33832
20510,2.077
20511,2.98306
20512,2.57248
20513,3.5486
20514,4.22173
20515,3.15165
20516,2.21899
20517,3.15121
20518,3.8948
20519,5.0
20520,2.40206
20521,4.23447
20522,4.37887
20523,3.31252
20524,4.12525
20525,1.11991
20526,2.13836
20527,4.59114
20528,2.10479
20529,1.56348
20530,3.06099
20531,2.10529
20532,2.86813
20533,4.239
20534,4.52643
20535,4.2476
20536,1.57196
20537,3.63751
20538,1.0
20539,2.76652
20540,1.66871
20541,3.63436
20542,2.33884
20543,3.04461
20544,2.8838
20545,1.70424
20546,3.61069
20547,3.56113
20548,3.47287
20549,4.31588
20550,4.15344
20551,4.25824
20552,4.36511
20553,3.48704
20554,4.06586
20555,3.90155
20556,4.49997
20557,4.18619
20558,3.36787
20559,3.26385
20560,2.6415
20561,2.61207
20562,3.85556
20563,3.07274
20564,4.14128
20565,3.49884
20566,3.24148
20567,4.24505
20568,4.16764
20569,2.75909
20570,2.76329
20571,3.15182
20572,2.97339
20573,3.92053
20574,4.08255
20575,2.85236
20576,4.28063
20577,3.5246
20578,3.54083
20579,3.90109
20580,3.94095
20581,3.78022
20582,3.15913
20583,3.40455
20584,4.31935
20585,3.36081
20586,3.19818
20587,4.285
20588,3.40888
20589,3.44454
20590,4.14551
20591,2.87305
20592,3.78824
20593,3.5476
20594,3.9761
20595,3.46914
20596,3.44951
20597,3.47586
20598,2.32373
20599,4.16163
20600,3.73099
20601,3.89477
20602,3.4645
20603,4.04064
20604,4.45566
20605,3.24682
20606,4.53947
20607,4.41978
20608,3.61335
20609,3.39241
20610,4.24458
20611,2.00205
20612,4.32992
20613,3.43204
20614,3.00123
20615,2.50588
20616,4.43618
20617,4.35263
20618,4.22481
20619,4.22133
20620,3.34932
20621,3.74209
20622,2.32416
20623,3.25051
20624,4.31756
20625,2.24005
20626,4.58757
20627,2.42521
20628,1.79381
20629,1.0505
20630,3.25247
20631,2.02679
20632,3.03723
20633,2.80542
20634,3.00418
20635,3.21586
20636,3.15819
20637,4.43832
20638,3.15569
20639,2.33585
20640,3.99355
20641,4.41608
20642,3.24736
20643,3.12892
20644,2.53956
20645,1.49228
20646,2.974
20647,3.56962
20648,3.38329
20649,3.78771
20650,2.059
20651,2.03352
20652,1.0
20653,4.51538
20654,3.95141
20655,3.8637
20656,3.83266
20657,1.08821
20658,3.86371
20659,4.4861
20660,3.85476
20661,4.39871
20662,4.0739
20663,4.4972
20664,4.13564
20665,4.14793
20666,3.1077
20667,2.54619
20668,3.72103
20669,3.60708
20670,2.94961
20671,1.745
20672,3.02445
20673,3.68226
20674,4.22461
20675,4.07331
20676,3.67122
20677,2.34093
20678,3.84216
20679,3.56335
20680,3.66231
20681,3.35531
20682,4.41655
20683,3.24926
20684,2.98904
20685,1.93894
20686,2.11336
20687,3.59671
20688,4.38632
20689,3.81518
20690,2.35853
20691,3.24538
20692,3.76127
20693,2.54532
20694,3.7943
20695,3.11413
20696,2.35658
20697,3.02707
20698,3.06507
20699,3.19746
20700,3.43842
20701,3.02853
20702,3.27658
20703,2.95727
20704,3.19148
20705,3.65833
20706,2.77523
20707,3.76526
20708,2.41842
20709,3.13332
20710,3.52202
20711,3.38548
20712,2.10294
20713,2.03898
20714,1.6755
20715,3.62055
20716,3.69172
20717,3.48471
20718,2.01675
20719,4.73936
20720,3.32788
20721,4.02511
20722,3.13438
20723,4.07148
20724,2.44093
20725,3.10037
20726,2.98511
20727,3.80553
20728,3.92155
20729,4.29249
20730,3.9875
20731,3.69522
20732,3.21894
20733,3.7045
20734,3.57462
20735,2.8805
20736,2.62466
20737,4.39848
20738,4.1887
20739,3.75587
20740,2.43907
20741,3.00379
20742,3.58494
20743,3.51285
20744,4.89528
20745,3.45523
20746,4.66899
20747,3.55212
20748,3.87289
20749,3.49969
20750,3.87316
20751,4.25337
20752,4.98895
20753,3.8627
20754,4.30307
20755,4.47344
20756,4.85432
20757,3.76644
20758,4.64298
20759,3.08647
20760,4.20077
20761,5.0
20762,3.46981
20763,2.69307
20764,2.92052
20765,3.1736
20766,4.72187
20767,3.07252
20768,3.28186
20769,2.92985
20770,4.45297
20771,4.87074
20772,4.53231
20773,4.3646
20774,4.52105
20775,4.57555
20776,2.9169
20777,3.53222
20778,2.95261
20779,3.86359
20780,4.91658
20781,4.49912
20782,4.30603
20783,3.91189
20784,4.79521
20785,4.73966
20786,3.08979
20787,2.6325
20788,3.84089
20789,3.80933
20790,2.87048
20791,3.43029
20792,4.59118
20793,3.06683
20794,2.2957
20795,1.35501
20796,3.82248
20797,3.58061
20798,4.82024
20799,4.45288
20800,4.43415
20801,4.85554
20802,4.18629
20803,2.18278
20804,3.21113
20805,2.94436
20806,3.50849
20807,1.91341
20808,2.49748
20809,2.86689
20810,4.37461
20811,4.46288
20812,3.41533
20813,3.70535
20814,2.07206
20815,4.10495
20816,3.64563
20817,4.0955
20818,4.62913
20819,3.35606
20820,4.70124
20821,5.0
20822,2.83334
20823,4.08714
20824,3.6628
20825,3.6917
20826,3.60027
20827,3.55297
20828,3.62176
20829,4.59601
20830,4.17159
20831,4.52348
20832,3.58347
20833,4.79545
20834,4.63542
20835,4.57629
20836,2.89112
20837,3.65401
20838,4.07247
20839,3.97527
20840,4.09008
20841,4.28252
20842,4.13878
20843,3.95096
20844,4.14504
20845,4.49373
20846,3.54584
20847,4.70456
20848,2.98544
20849,4.28625
20850,3.22241
20851,3.44253
20852,3.87114
20853,3.57628
20854,4.16418
20855,4.10506
20856,4.01577
20857,4.35682
20858,3.74252
20859,3.50119
20860,4.52854
20861,4.43542
20862,4.51381
20863,3.6109
20864,4.04109
20865,3.76583
20866,3.40701
20867,3.90245
20868,3.99415
20869,3.32203
20870,4.41792
20871,3.9317
20872,4.01912
20873,3.25019
20874,4.02027
20875,3.69184
20876,4.43013
20877,4.45409
20878,3.43865
20879,4.49372
20880,3.72009
20881,3.53719
20882,3.86594
20883,3.98506
20884,4.49218
20885,3.9275
20886,3.06794
20887,3.49491
20888,3.05812
20889,3.44757
20890,4.16422
20891,3.33853
20892,4.40134
20893,3.90035
20894,2.918
20895,3.62367
20896,3.50639
20897,3.22411
20898,4.10368
20899,4.41478
20900,3.18357
20901,4.01988
20902,3.57871
20903,4.12745
20904,3.63451
20905,3.67949
20906,4.45745
20907,3.30591
20908,4.81073
20909,4.48137
20910,1.0
20911,3.37081
20912,4.48207
20913,4.20616
20914,4.7229
20915,3.81653
20916,4.41436
20917,4.10758
20918,2.69357
20919,4.22099
20920,3.51066
20921,3.44322
20922,3.1696
20923,3.06108
20924,4.30523
20925,4.0322
20926,4.9763
20927,2.64078
20928,4.42892
20929,3.49549
20930,3.21943
20931,2.53934
20932,3.4085
20933,3.2743
20934,3.22727
20935,3.20529
20936,2.48065
20937,3.70925
20938,3.24057
20939,2.48772
20940,2.93093
20941,2.42263
20942,1.82146
20943,2.38523
20944,2.95501
20945,3.45131
20946,2.77635
20947,3.13361
20948,3.71355
20949,3.07791
20950,3.4868
20951,3.2397
20952,3.38289
20953,2.57949
20954,3.71204
20955,1.99674
20956,3.15544
20957,1.72652
20958,3.19147
20959,2.20284
20960,2.15052
20961,2.65764
20962,3.60743
20963,2.25479
20964,3.45141
20965,3.94565
20966,4.06858
20967,1.69443
20968,4.32614
20969,4.99458
20970,3.15124
20971,4.16556
20972,4.01372
20973,3.36023
20974,3.55997
20975,3.78247
20976,4.60368
20977,3.95534
20978,4.38956
20979,3.87019
20980,3.12403
20981,3.2951
20982,3.52218
20983,2.73305
20984,3.65053
20985,3.60025
20986,1.0
20987,3.70404
20988,3.01481
20989,1.99055
20990,2.7698
20991,1.10359
20992,3.05719
20993,3.42393
20994,2.82311
20995,3.00418
20996,3.00247
20997,4.49062
20998,3.47773
20999,2.85978
21000,1.71583
21001,3.35885
21002,4.4221
21003,3.53336
21004,3.89662
21005,3.15021
21006,4.27045
21007,3.19717
21008,2.88597
21009,3.7575
21010,3.27929
21011,4.64335
21012,4.07407
21013,3.40248
21014,4.41481
21015,3.3679
21016,4.25638
21017,3.84662
21018,3.28375
21019,4.40157
21020,1.9882
21021,2.91538
21022,4.17968
21023,3.4202
21024,3.56206
21025,4.06567
21026,2.8093
21027,3.25097
21028,3.89836
21029,3.74672
21030,4.16955
21031,2.96636
21032,4.32119
21033,1.61729
21034,1.50015
21035,3.15972
21036,1.76177
21037,3.74041
21038,2.17973
21039,3.37729
21040,2.60183
21041,3.16091
21042,4.12676
21043,4.4569
21044,4.32663
21045,3.81483
21046,4.53904
21047,4.01089
21048,3.93248
21049,3.9177
21050,3.65977
21051,4.84835
21052,3.64
21053,1.89526
21054,3.78412
21055,4.31943
21056,5.0
21057,4.29841
21058,2.80342
21059,3.30885
21060,4.09046
21061,4.20743
21062,3.9111
21063,3.31676
21064,3.93658
21065,4.69898
21066,4.68165
21067,3.61398
21068,3.14945
21069,3.66804
21070,4.06314
21071,2.18761
21072,3.29537
21073,4.2553
21074,3.14541
21075,4.57912
21076,4.05545
21077,3.82654
21078,3.70462
21079,3.01832
21080,1.64527
21081,3.70142
21082,3.74283
21083,3.88244
21084,4.98759
21085,2.64709
21086,4.32532
21087,5.0
21088,2.20274
21089,3.20504
21090,4.10821
21091,4.16327
21092,4.23084
21093,3.69111
21094,4.36369
21095,3.64374
21096,4.27052
21097,4.51256
21098,4.56991
21099,3.33237
21100,3.68469
21101,3.80013
21102,4.2103
21103,3.46632
21104,3.55428
21105,4.24574
21106,4.34252
21107,2.78936
21108,3.82668
21109,3.61787
21110,4.03616
21111,2.98169
21112,3.90947
21113,3.82577
21114,3.66263
21115,5.0
21116,3.88703
21117,4.41032
21118,1.75552
21119,3.74619
21120,4.31985
21121,3.68081
21122,2.35095
21123,4.03127
21124,3.49568
21125,2.62057
21126,3.76523
21127,3.80429
21128,4.62545
21129,4.81169
21130,4.78347
21131,3.39048
21132,2.79631
21133,4.59241
21134,4.32881
21135,2.45695
21136,2.62353
21137,4.62603
21138,3.72065
21139,4.29772
21140,3.8481
21141,4.31851
21142,3.87707
21143,2.04099
21144,4.03691
21145,4.18197
21146,3.6462
21147,4.55122
21148,3.39534
21149,4.02801
21150,4.00006
21151,3.79254
21152,3.91766
21153,2.81518
21154,4.36094
21155,4.92464
21156,2.237
21157,4.26042
21158,3.20914
21159,4.29337
21160,3.46335
21161,3.99306
21162,3.66613
21163,3.8606
21164,4.49991
21165,4.87585
21166,3.0223
21167,3.88966
21168,3.76513
21169,1.24472
21170,4.01251
21171,2.63018
21172,3.79891
21173,3.32048
21174,2.66845
21175,4.07774
21176,3.80168
21177,4.17498
21178,4.21857
21179,3.29814
21180,3.71433
21181,3.91766
21182,3.41111
21183,3.92824
21184,4.02356
21185,3.83128
21186,4.85133
21187,3.74363
21188,4.60066
21189,4.17272
21190,4.08644
21191,4.70943
21192,4.10216
21193,4.29252
21194,5.0
21195,3.97169
21196,4.04506
21197,4.18014
21198,3.80558
21199,4.01178
21200,3.80901
21201,3.318
21202,3.98441
21203,3.37026
21204,3.90945
21205,3.75509
21206,3.9285
21207,4.22319
21208,3.79058
21209,2.5099
21210,3.34591
21211,3.59644
21212,2.75738
21213,4.13325
21214,3.5198
21215,3.96411
21216,3.39875
21217,4.55828
21218,3.88755
21219,3.69417
21220,4.07559
21221,3.96727
21222,3.98592
21223,4.20081
21224,2.49979
21225,3.35271
21226,2.62545
21227,3.66929
21228,3.5513
21229,4.03042
21230,4.50858
21231,4.01712
21232,4.53415
21233,2.70541
21234,3.70373
21235,4.55605
21236,4.08683
21237,4.43582
21238,4.64654
21239,3.89792
21240,4.09965
21241,3.5661
21242,3.61948
21243,4.36645
21244,4.2182
21245,4.40774
21246,3.30553
21247,3.96481
21248,3.35469
21249,3.90888
21250,4.05923
21251,4.04172
21252,3.64002
21253,3.44133
21254,4.36013
21255,3.82455
21256,4.4417
21257,3.83097
21258,3.61235
21259,4.0247
21260,3.8445
21261,3.29036
21262,2.57997
21263,3.07223
21264,2.7519
21265,4.59163
21266,4.25931
21267,4.3142
21268,4.66803
21269,3.92522
21270,4.08257
21271,2.97386
21272,3.99933
21273,4.03844
21274,3.48415
21275,3.43184
21276,2.98904
21277,4.71591
21278,3.56018
21279,2.55486
21280,3.43173
21281,2.14174
21282,4.01231
21283,4.30168
21284,3.92783
21285,3.97376
21286,2.20239
21287,4.43654
21288,2.22639
21289,2.85134
21290,3.04998
21291,4.24835
21292,3.03106
21293,2.84288
21294,3.58962
21295,4.83281
21296,2.40996
21297,2.59545
21298,1.46256
21299,4.61824
21300,2.31764
21301,4.24438
21302,3.69488
21303,4.73449
21304,4.63616
21305,2.45492
21306,2.56532
21307,2.85308
21308,3.7226
21309,3.29455
21310,3.83332
21311,3.63195
21312,3.04664
21313,3.62814
21314,3.91446
21315,2.86821
21316,5.0
21317,3.22849
21318,3.22951
21319,4.74425
21320,4.43747
21321,4.0432
21322,4.53581
21323,3.26425
21324,3.64784
21325,4.51454
21326,4.65341
21327,3.18356
21328,3.53909
21329,3.67171
21330,4.65641
21331,3.9374
21332,4.19656
21333,4.16363
21334,3.97075
21335,3.7632
21336,3.98642
21337,3.84425
21338,4.11937
21339,3.14944
21340,4.12809
21341,3.87395
21342,3.8803
21343,4.24286
21344,3.73146
21345,3.78586
21346,3.77736
21347,3.72589
21348,3.98194
21349,3.99069
21350,3.99185
21351,4.33627
21352,4.42239
21353,4.24787
21354,3.96773
21355,3.42445
21356,2.34544
21357,3.75005
21358,2.47537
21359,3.43964
21360,3.75548
21361,3.56666
21362,3.83451
21363,3.5328
21364,4.00147
21365,3.63424
21366,3.67784
21367,4.77396
21368,3.91731
21369,2.70067
21370,3.599
21371,4.18475
21372,3.75266
21373,4.1383
21374,4.64242
21375,2.91319
21376,4.73504
21377,2.90041
21378,4.17705
21379,3.82423
21380,4.59121
21381,4.55336
21382,3.68281
21383,4.87823
21384,4.10917
21385,3.43523
21386,3.87592
21387,4.27163
21388,3.31736
21389,2.42649
21390,3.44558
21391,4.55507
21392,4.18713
21393,1.5784
21394,3.39994
21395,3.48809
21396,4.09324
21397,4.87501
21398,3.92162
21399,4.80228
21400,5.0
21401,5.0
21402,3.76102
21403,4.10485
21404,2.63823
21405,2.77024
21406,3.13231
21407,4.35632
21408,3.62386
21409,3.27449
21410,3.00525
21411,4.05596
21412,4.64384
21413,2.41114
21414,3.64536
21415,5.0
21416,4.85891
21417,3.88929
21418,2.54455
21419,4.27497
21420,3.11966
21421,3.13215
21422,5.0
21423,4.59908
21424,4.71614
21425,3.75326
21426,3.30372
21427,3.40082
21428,2.03081
21429,3.0633
21430,3.77748
21431,3.64707
21432,4.50751
21433,3.52612
21434,3.05269
21435,4.99222
21436,4.58855
21437,3.39417
21438,3.82673
21439,3.9468
21440,3.10811
21441,4.75337
21442,3.80246
21443,3.20501
21444,4.93502
21445,4.66786
21446,4.36751
21447,3.51073
21448,4.26537
21449,3.67438
21450,5.0
21451,2.46429
21452,3.85264
21453,4.44267
21454,4.55773
21455,2.95951
21456,3.01462
21457,2.12373
21458,4.70404
21459,2.88415
21460,2.52362
21461,1.52285
21462,3.87846
21463,3.39704
21464,3.32502
21465,2.92957
21466,2.7945
21467,1.34556
21468,4.18325
21469,4.32777
21470,2.70811
21471,3.47498
21472,2.84026
21473,3.40005
21474,2.66108
21475,2.71327
21476,3.58394
21477,3.28306
21478,3.25366
21479,4.35354
21480,2.38634
21481,4.531
21482,3.64636
21483,2.04059
21484,2.86771
21485,3.63764
21486,3.75352
21487,3.42727
21488,3.91744
21489,3.98594
21490,4.18046
21491,2.98691
21492,2.64589
21493,4.0622
21494,3.92433
21495,3.04353
21496,2.21915
21497,3.02861
21498,2.40173
21499,3.66293
21500,4.31905
21501,3.27205
21502,3.72995
21503,3.04182
21504,3.34761
21505,3.65175
21506,4.45879
21507,3.68446
21508,3.55368
21509,3.6693
21510,3.77679
21511,4.24617
21512,4.95484
21513,4.61874
21514,4.08548
21515,3.21029
21516,3.19959
21517,4.26883
21518,3.98153
21519,3.77044
21520,5.0
21521,3.22514
21522,3.17128
21523,3.32568
21524,3.66338
21525,3.84476
21526,4.11898
21527,3.51884
21528,3.5087
21529,3.47672
21530,4.96093
21531,4.01024
21532,4.2137
21533,4.39528
21534,4.29704
21535,4.77182
21536,4.62884
21537,4.37226
21538,4.88774
21539,4.58525
21540,4.02104
21541,3.97137
21542,4.3264
21543,3.77791
21544,3.55046
21545,4.28642
21546,2.7242
21547,4.79789
21548,4.39954
21549,3.65805
21550,4.28471
21551,3.71076
21552,4.30308
21553,4.00911
21554,4.97521
21555,4.6371
21556,4.46323
21557,3.52019
21558,4.60777
21559,3.47548
21560,3.77356
21561,3.90618
21562,4.53082
21563,3.24529
21564,4.02688
21565,3.99215
21566,3.50255
21567,4.47416
21568,3.93596
21569,3.20087
21570,4.63504
21571,3.98474
21572,1.0
21573,3.58448
21574,4.71394
21575,4.32579
21576,4.88347
21577,4.73609
21578,4.70756
21579,3.49223
21580,4.217
21581,4.6104
21582,3.23412
21583,3.00931
21584,2.62234
21585,3.25203
21586,4.52509
21587,3.2693
21588,3.55719
21589,2.8227
21590,3.48552
21591,2.38449
21592,3.28135
21593,3.22455
21594,2.96273
21595,3.33879
21596,4.03876
21597,3.93339
21598,2.79552
21599,3.82347
21600,4.53224
21601,3.41766
21602,2.63916
21603,3.38437
21604,3.14805
21605,3.4903
21606,3.38495
21607,2.57325
21608,3.47601
21609,3.93585
21610,3.53824
21611,3.11795
21612,5.0
21613,3.47377
21614,3.34961
21615,4.06183
21616,3.87581
21617,3.61699
21618,4.30259
21619,2.87284
21620,3.59641
21621,2.2313
21622,3.90906
21623,2.76613
21624,4.13683
21625,2.21619
21626,3.62072
21627,4.0974
21628,3.51693
21629,3.16862
21630,4.47112
21631,2.08144
21632,3.25248
21633,3.3786
21634,2.40601
21635,1.97362
21636,4.32214
21637,2.20294
21638,1.56661
21639,2.38253
21640,3.34865
21641,2.84743
21642,1.9337
21643,2.59448
21644,3.53006
21645,1.76692
21646,1.19139
21647,2.02015
21648,2.94762
21649,2.1766
21650,2.1351
21651,1.89526
21652,3.25434
21653,2.952
21654,2.13916
21655,3.85437
21656,4.51278
21657,4.89021
21658,5.0
21659,4.82933
21660,4.86248
21661,4.93286
21662,3.45292
21663,4.47339
21664,4.82256
21665,4.50217
21666,3.48545
21667,1.80613
21668,2.0469
21669,4.14491
21670,4.04133
21671,4.15381
21672,4.05872
21673,3.98859
21674,4.583
21675,4.47902
21676,4.0411
21677,3.4591
21678,4.62296
21679,3.424
21680,3.85488
21681,4.04509
21682,3.58882
21683,3.87954
21684,3.59256
21685,3.49381
21686,4.02424
21687,4.03969
21688,2.78257
21689,3.78103
21690,3.61861
21691,2.70049
21692,4.38847
21693,3.75696
21694,2.36706
21695,3.26845
21696,3.94381
21697,4.15682
21698,3.94219
21699,4.15315
21700,2.54767
21701,4.59548
21702,3.46039
21703,3.99618
21704,3.47947
21705,4.11708
21706,3.55736
21707,3.78826
21708,4.19134
21709,3.75775
21710,3.48607
21711,3.60763
21712,4.68915
21713,3.99517
21714,4.08703
21715,3.40196
21716,3.27039
21717,3.37215
21718,4.29248
21719,3.71303
21720,3.06806
21721,3.4258
21722,3.14919
21723,3.01244
21724,2.68929
21725,4.57219
21726,4.08212
21727,4.26586
21728,3.04075
21729,4.23423
21730,2.81008
21731,3.18538
21732,4.21926
21733,3.65958
21734,3.93871
21735,4.18926
21736,3.55296
21737,2.8423
21738,3.41102
21739,4.15961
21740,4.16683
21741,3.3921
21742,3.44937
21743,3.61588
21744,3.78055
21745,3.96676
21746,4.42929
21747,4.26836
21748,2.57306
21749,1.68518
21750,2.39559
21751,3.75733
21752,3.57966
21753,3.73478
21754,4.52109
21755,4.97781
21756,1.96343
21757,4.56601
21758,4.3397
21759,4.20411
21760,3.44332
21761,3.73914
21762,3.04237
21763,4.17105
21764,4.90848
21765,3.84069
21766,4.30087
21767,3.1732
21768,3.42657
21769,2.23115
21770,3.60664
21771,3.21229
21772,3.1348
21773,3.39151
21774,3.16394
21775,3.38332
21776,2.58406
21777,2.54417
21778,3.16402
21779,2.51103
21780,3.14407
21781,3.13703
21782,3.74211
21783,4.22323
21784,3.75472
21785,4.38886
21786,4.34607
21787,4.17708
21788,4.09273
21789,4.48457
21790,4.52662
21791,4.50976
21792,4.67241
21793,3.34791
21794,4.29458
21795,3.99355
21796,4.48871
21797,4.65401
21798,3.50354
21799,4.32397
21800,3.83336
21801,3.65694
21802,4.1322
21803,4.10642
21804,3.34909
21805,4.47494
21806,4.10697
21807,4.33607
21808,3.24751
21809,4.34422
21810,4.55528
21811,4.43934
21812,3.86377
21813,4.20512
21814,4.47985
21815,4.28947
21816,4.03146
21817,4.24992
21818,4.26185
21819,3.88833
21820,4.53632
21821,2.25105
21822,2.52627
21823,3.59989
21824,3.63384
21825,4.11566
21826,2.68718
21827,4.37012
21828,4.30197
21829,3.402
21830,1.16363
21831,4.43337
21832,4.54174
21833,3.18382
21834,4.21429
21835,4.68998
21836,4.4573
21837,3.95413
21838,4.15874
21839,3.14817
21840,5.0
21841,3.74317
21842,2.4565
21843,4.07194
21844,4.48926
21845,3.92524
21846,4.39205
21847,4.33311
21848,4.23619
21849,4.21344
21850,4.06077
21851,4.29879
21852,4.74444
21853,4.43582
21854,4.34592
21855,3.34273
21856,4.47361
21857,3.32953
21858,3.70177
21859,3.95512
21860,4.1559
21861,3.90528
21862,3.9309
21863,3.95198
21864,3.78017
21865,4.48667
21866,3.97088
21867,4.20856
21868,3.84283
21869,4.50573
21870,3.68462
21871,4.32582
21872,3.01046
21873,3.88703
21874,3.80638
21875,3.36492
21876,3.64685
21877,2.94143
21878,3.92071
21879,4.03265
21880,2.14784
21881,3.69931
21882,4.18416
21883,1.81502
21884,2.03932
21885,4.15933
21886,4.7169
21887,3.46902
21888,3.31476
21889,3.57931
21890,2.67627
21891,4.16089
21892,1.70301
21893,4.24283
21894,2.45218
21895,3.51735
21896,4.54399
21897,4.60105
21898,3.90053
21899,3.83853
21900,4.38961
21901,3.52477
21902,4.46278
21903,3.48113
21904,2.71618
21905,3.829
21906,1.41943
21907,2.86764
21908,2.071
21909,3.32896
21910,3.96841
21911,2.53067
21912,3.46623
21913,2.8062
21914,2.94788
21915,3.39506
21916,3.80412
21917,3.77642
21918,3.68223
21919,4.58185
21920,3.73125
21921,2.59374
21922,3.62801
21923,3.65994
21924,2.87661
21925,3.58547
21926,2.86483
21927,3.32829
21928,3.81861
21929,3.4602
21930,1.93944
21931,3.47815
21932,3.78057
21933,2.96915
21934,2.22903
21935,3.65254
21936,4.11922
21937,3.32239
21938,4.25434
21939,4.3148
21940,4.63679
21941,4.72529
21942,3.71471
21943,4.54573
21944,4.36913
21945,4.636
21946,3.92939
21947,4.06676
21948,3.85013
21949,4.36856
21950,4.60873
21951,3.69909
21952,2.80066
21953,3.5193
21954,4.30254
21955,4.20852
21956,4.57177
21957,4.19548
21958,4.37138
21959,3.94624
21960,4.34191
21961,1.3767
21962,2.58321
21963,2.9107
21964,3.97002
21965,5.0
21966,5.0
21967,3.18079
21968,4.8004
21969,4.50419
21970,4.1221
21971,3.27809
21972,4.18996
21973,4.27103
21974,3.85512
21975,2.76012
21976,2.2195
21977,3.38656
21978,4.74829
21979,5.0
21980,2.61948
21981,5.0
21982,3.91604
21983,4.02001
21984,3.25677
21985,3.67637
21986,1.958
21987,4.39306
21988,3.06135
21989,3.33187
21990,2.78857
21991,3.01992
21992,4.26566
21993,3.50494
21994,1.5721
21995,3.72102
21996,1.17966
21997,4.31102
21998,4.63368
21999,4.30804
22000,4.84083
22001,4.57368
22002,4.23825
22003,4.141
22004,4.27401
22005,1.29469
22006,3.43781
22007,3.63191
22008,4.82837
22009,2.26978
22010,4.66839
22011,4.66384
22012,4.95811
22013,5.0
22014,4.30509
22015,5.0
22016,2.07854
22017,4.95958
22018,4.2959
22019,4.2438
22020,1.66583
22021,1.90946
22022,3.92925
22023,1.0
22024,3.59431
22025,3.14549
22026,4.33449
22027,2.36389
22028,3.29574
22029,3.44124
22030,2.67537
22031,3.47031
22032,3.61822
22033,3.09531
22034,4.47693
22035,2.1683
22036,3.05407
22037,1.28845
22038,3.31531
22039,2.95288
22040,3.23829
22041,2.87106
22042,2.58979
22043,3.04424
22044,3.21453
22045,3.1577
22046,2.99035
22047,2.45199
22048,2.88311
22049,3.36967
22050,3.40728
22051,4.09588
22052,3.93361
22053,3.24529
22054,4.82187
22055,4.28062
22056,3.30383
22057,4.23844
22058,3.36603
22059,3.15749
22060,4.18345
22061,4.28833
22062,2.67758
22063,3.71168
22064,4.49551
22065,3.9806
22066,3.82213
22067,3.4063
22068,4.00373
22069,3.56926
22070,3.38092
22071,4.28702
22072,3.93576
22073,4.38949
22074,4.67869
22075,4.27776
22076,1.52424
22077,3.2044
22078,1.0
22079,3.9168
22080,3.37905
22081,3.59595
22082,2.37909
22083,2.21712
22084,2.10024
22085,3.11072
22086,3.05411
22087,1.35566
22088,1.03464
22089,3.63775
22090,2.72527
22091,1.1045
22092,3.19899
22093,3.62897
22094,2.95543
22095,1.66072
22096,3.77448
22097,3.2033
22098,2.69618
22099,3.93638
22100,3.70771
22101,2.69413
22102,3.83959
22103,1.0
22104,1.83368
22105,1.7577
22106,1.0
22107,2.73324
22108,3.03044
22109,2.35268
22110,1.5851
22111,3.06603
22112,2.57485
22113,1.68175
22114,3.06067
22115,1.88431
22116,2.50462
22117,2.51216
22118,2.22296
22119,1.08689
22120,2.03154
22121,2.39014
22122,1.75082
22123,1.0
22124,1.72508
22125,1.37017
22126,1.52122
22127,1.47421
22128,2.32065
22129,1.39862
22130,2.87765
22131,2.16698
22132,1.74973
22133,1.0
22134,2.38488
22135,2.29844
22136,1.99168
22137,1.0
22138,2.21409
22139,1.801
22140,2.67545
22141,2.16473
22142,2.00499
22143,2.11269
22144,3.56918
22145,1.96116
22146,1.76429
22147,1.69807
22148,1.07072
22149,1.47424
22150,2.30375
22151,2.42905
22152,3.68716
22153,2.08702
22154,3.29535
22155,1.0
22156,2.51986
22157,2.31781
22158,2.18054
22159,2.49798
22160,3.27867
22161,1.79239
22162,1.33219
22163,3.87554
22164,3.83257
22165,1.93458
22166,3.21262
22167,2.66587
22168,3.92943
22169,1.79937
22170,2.45755
22171,1.0
22172,2.71013
22173,1.0
22174,3.20988
22175,3.67742
22176,1.97741
22177,2.15795
22178,2.45887
22179,1.72261
22180,3.16459
22181,1.43276
22182,3.83157
22183,1.66714
22184,2.80976
22185,3.1481
22186,1.0
22187,4.02319
22188,3.04179
22189,1.51358
22190,1.90371
22191,2.15598
22192,2.93913
22193,3.17248
22194,1.9745
22195,2.5548
22196,5.0
22197,4.30124
22198,4.60539
22199,4.47785
22200,4.66311
22201,4.48776
22202,4.66305
22203,3.19891
22204,4.73162
22205,4.45335
22206,4.82009
22207,4.44333
22208,4.22107
22209,5.0
22210,3.8816
22211,4.83399
22212,3.91789
22213,4.6259
22214,4.6446
22215,4.86885
22216,4.32253
22217,4.83341
22218,3.91798
22219,4.6088
22220,4.4147
22221,4.82915
22222,4.53514
22223,4.39583
22224,3.88434
22225,3.67587
22226,2.89465
22227,3.35361
22228,3.51585
22229,3.3728
22230,3.78604
22231,4.38906
22232,4.65884
22233,2.66392
22234,3.85378
22235,4.31279
22236,2.03543
22237,3.0821
22238,4.10397
22239,5.0
22240,2.63359
22241,4.56922
22242,3.89476
22243,5.0
22244,4.75474
22245,3.47975
22246,3.51368
22247,4.26583
22248,3.92703
22249,4.87055
22250,3.84953
22251,3.79271
22252,3.4671
22253,4.41865
22254,4.16734
22255,3.80666
22256,4.06225
22257,4.29272
22258,3.17946
22259,3.17616
22260,4.48933
22261,3.82743
22262,4.09916
22263,3.49774
22264,3.75113
22265,3.84899
22266,3.42378
22267,3.76307
22268,2.74834
22269,3.57747
22270,4.20964
22271,4.77968
22272,3.53367
22273,2.91448
22274,3.0801
22275,3.41787
22276,3.68425
22277,3.83952
22278,3.82106
22279,3.60453
22280,3.92112
22281,3.14782
22282,3.23833
22283,5.0
22284,4.90264
22285,3.46058
22286,4.34141
22287,3.84639
22288,4.32643
22289,3.63043
22290,4.14826
22291,4.53864
22292,4.17035
22293,3.93198
22294,2.3197
22295,3.64734
22296,2.99164
22297,4.25512
22298,3.39343
22299,4.35055
22300,4.41031
22301,3.59584
22302,3.52085
22303,4.29491
22304,3.91768
22305,4.03688
22306,4.21056
22307,3.52679
22308,2.61487
22309,2.90292
22310,3.50449
22311,3.65002
22312,4.74378
22313,3.77692
22314,2.94295
22315,3.5848
22316,3.95181
22317,3.14301
22318,3.36989
22319,3.68536
22320,2.26091
22321,2.52154
22322,4.16539
22323,4.03602
22324,3.43937
22325,3.96269
22326,3.66147
22327,3.58916
22328,4.20688
22329,3.72625
22330,3.24508
22331,4.38064
22332,3.48412
22333,3.39349
22334,3.13991
22335,2.78908
22336,2.36725
22337,3.41181
22338,3.86694
22339,2.11758
22340,4.15118
22341,3.24195
22342,3.46177
22343,3.18013
22344,3.1859
22345,4.37076
22346,3.29064
22347,2.9113
22348,2.91318
22349,3.40168
22350,3.2867
22351,2.94588
22352,2.94681
22353,3.34673
22354,2.90714
22355,4.66975
22356,3.69042
22357,3.39549
22358,3.23087
22359,3.32388
22360,3.093
22361,2.9321
22362,3.64712
22363,3.90771
22364,4.07621
22365,3.05047
22366,4.0232
22367,4.27865
22368,4.12578
22369,2.58249
22370,2.50407
22371,3.46104
22372,4.29105
22373,3.64546
22374,3.6011
22375,3.36208
22376,3.25347
22377,3.23963
22378,3.77028
22379,3.71183
22380,3.76808
22381,3.31166
22382,2.92657
22383,3.50727
22384,3.45486
22385,2.62309
22386,2.3436
22387,3.48828
22388,3.67552
22389,3.2587
22390,2.91921
22391,4.31957
22392,3.18479
22393,4.15578
22394,2.75727
22395,4.51603
22396,1.0
22397,2.22487
22398,2.17416
22399,3.39383
22400,2.60649
22401,2.72756
22402,3.64568
22403,3.20129
22404,2.81533
22405,2.89918
22406,3.4311
22407,1.96469
22408,1.49486
22409,4.09635
22410,3.08993
22411,3.34188
22412,2.06315
22413,2.13599
22414,2.31836
22415,2.63298
22416,3.65229
22417,3.39191
22418,2.66284
22419,2.49483
22420,2.92085
22421,1.0
22422,1.19666
22423,2.5301
22424,1.0
22425,1.53901
22426,4.5112
22427,2.82313
22428,2.14089
22429,1.0
22430,2.99073
22431,2.51242
22432,1.75423
22433,4.85464
22434,2.23549
22435,2.47684
22436,1.1791
22437,2.15662
22438,1.73338
22439,4.17214
22440,1.83899
22441,3.41634
22442,5.0
22443,3.37495
22444,3.62198
22445,2.99763
22446,3.84584
22447,1.0
22448,2.27644
22449,1.38874
22450,2.5692
22451,1.92343
22452,2.81074
22453,3.12846
22454,1.42866
22455,4.12245
22456,2.97315
22457,4.00669
22458,2.1783
22459,2.62254
22460,3.93902
22461,1.82223
22462,2.80608
22463,1.18466
22464,3.50748
22465,3.92145
22466,2.86337
22467,2.50294
22468,3.07814
22469,3.94974
22470,4.0459
22471,2.51802
22472,2.76322
22473,5.0
22474,2.78562
22475,3.88141
22476,4.02944
22477,2.32183
22478,4.43887
22479,3.15343
22480,4.02585
22481,2.53049
22482,2.65324
22483,4.41078
22484,3.04988
22485,3.81823
22486,2.67678
22487,4.18968
22488,2.1354
22489,2.85431
22490,4.34634
22491,1.5214
22492,3.91378
22493,3.8969
22494,3.84721
22495,1.52203
22496,4.12611
22497,3.28449
22498,2.25139
22499,3.23693
22500,3.2039
22501,3.55322
22502,3.3252
22503,4.11883
22504,4.46679
22505,3.59963
22506,4.48059
22507,4.07542
22508,4.59396
22509,3.75196
22510,3.71157
22511,3.65807
22512,3.73078
22513,3.28197
22514,3.23235
22515,3.51175
22516,3.37639
22517,3.76368
22518,3.35916
22519,3.66921
22520,3.65771
22521,2.24592
22522,3.43423
22523,2.85739
22524,3.24252
22525,3.58904
22526,3.68987
22527,3.05784
22528,3.35195
22529,3.98277
22530,3.46756
22531,4.48111
22532,3.65149
22533,3.55941
22534,2.70119
22535,3.79154
22536,2.83382
22537,3.99495
22538,4.39467
22539,4.31773
22540,3.23808
22541,2.95924
22542,4.24609
22543,3.57262
22544,5.0
22545,4.24643
22546,4.16236
22547,4.1979
22548,3.63324
22549,2.95287
22550,4.58601
22551,3.81035
22552,3.13852
22553,3.98525
22554,3.83528
22555,2.66986
22556,3.17009
22557,3.7527
22558,3.92761
22559,3.62363
22560,3.66664
22561,3.86705
22562,3.10705
22563,2.93689
22564,3.90061
22565,3.99043
22566,2.70529
22567,3.59465
22568,4.32534
22569,3.15495
22570,3.62772
22571,2.95089
22572,3.57097
22573,2.57457
22574,3.42127
22575,4.31455
22576,4.08118
22577,3.25504
22578,3.52839
22579,3.70636
22580,3.74407
22581,3.60947
22582,4.77739
22583,2.68317
22584,3.47804
22585,4.45209
22586,4.25277
22587,3.99095
22588,4.01392
22589,2.85191
22590,4.44706
22591,2.26508
22592,4.15926
22593,4.21251
22594,3.66387
22595,4.03375
22596,4.13977
22597,4.52583
22598,2.59423
22599,2.66875
22600,2.5062
22601,2.68124
22602,2.32495
22603,3.8391
22604,4.1397
22605,4.29775
22606,4.37654
22607,4.43227
22608,4.27682
22609,3.27595
22610,4.7151
22611,3.90288
22612,4.05911
22613,3.25993
22614,3.68458
22615,3.97333
22616,3.24025
22617,4.12325
22618,3.54278
22619,3.32074
22620,3.29077
22621,3.69263
22622,3.50976
22623,4.26954
22624,4.30576
22625,3.07973
22626,3.43217
22627,4.80962
22628,4.4532
22629,4.18247
22630,4.47722
22631,4.19487
22632,4.43628
22633,4.64486
22634,2.99058
22635,3.34638
22636,3.49579
22637,3.66375
22638,2.16828
22639,3.19207
22640,1.72927
22641,2.69124
22642,3.94104
22643,2.60826
22644,3.52922
22645,1.61388
22646,3.38464
22647,4.46059
22648,3.93068
22649,3.40277
22650,4.97072
22651,4.59698
22652,2.95418
22653,2.89281
22654,3.4916
22655,2.98951
22656,3.58123
22657,3.82584
22658,3.89097
22659,3.2679
22660,3.57021
22661,2.56718
22662,2.8683
22663,3.62276
22664,3.90671
22665,4.01374
22666,4.00957
22667,4.38819
22668,4.16867
22669,3.19907
22670,3.71531
22671,3.95914
22672,3.02605
22673,3.87887
22674,4.13501
22675,4.20779
22676,3.12539
22677,3.00976
22678,3.72235
22679,4.25936
22680,3.40807
22681,4.08006
22682,4.38068
22683,4.07815
22684,3.48169
22685,3.1519
22686,4.21089
22687,3.57462
22688,4.30545
22689,4.50502
22690,3.33198
22691,2.87845
22692,1.8448
22693,2.53558
22694,2.61001
22695,2.66442
22696,3.14981
22697,2.23489
22698,3.0554
22699,3.62322
22700,2.9068
22701,2.31275
22702,1.91417
22703,2.12167
22704,2.95905
22705,2.84896
22706,2.61147
22707,2.3152
22708,1.9564
22709,1.63627
22710,3.2627
22711,3.39042
22712,2.85282
22713,2.75072
22714,2.91825
22715,3.47743
22716,2.888
22717,2.73797
22718,2.96318
22719,2.08747
22720,3.32717
22721,2.2661
22722,3.11164
22723,4.17014
22724,3.32226
22725,2.33619
22726,3.87445
22727,3.56385
22728,2.10507
22729,2.21596
22730,2.97918
22731,3.61652
22732,2.78366
22733,3.8395
22734,3.27931
22735,2.32386
22736,3.76839
22737,3.22628
22738,4.03134
22739,2.6213
22740,2.63461
22741,4.10378
22742,4.94645
22743,3.8266
22744,4.83366
22745,3.99139
22746,3.23019
22747,4.90872
22748,3.47195
22749,4.02302
22750,3.19211
22751,2.16066
22752,3.54604
22753,4.53891
22754,2.88856
22755,3.53243
22756,3.56627
22757,3.43096
22758,2.39562
22759,3.55078
22760,3.64317
22761,2.78043
22762,2.32569
22763,2.68571
22764,4.20303
22765,3.44431
22766,2.69125
22767,4.29489
22768,2.78065
22769,4.6668
22770,3.20571
22771,3.65248
22772,2.44703
22773,3.7946
22774,2.65446
22775,3.74112
22776,3.22212
22777,2.95469
22778,3.93876
22779,3.68089
22780,2.26996
22781,3.23078
22782,3.82882
22783,4.39116
22784,4.28789
22785,4.54821
22786,4.39481
22787,2.73853
22788,3.42276
22789,3.72667
22790,2.4282
22791,3.04862
22792,3.42841
22793,4.51252
22794,3.77618
22795,3.78784
22796,1.30592
22797,4.24114
22798,4.38623
22799,3.78546
22800,3.70764
22801,3.62011
22802,4.06351
22803,3.04295
22804,4.27014
22805,2.29435
22806,1.78397
22807,3.13151
22808,3.47885
22809,1.77698
22810,2.90964
22811,2.0915
22812,2.90337
22813,3.76044
22814,3.55745
22815,4.14622
22816,3.1731
22817,3.60088
22818,2.62237
22819,3.75327
22820,1.95793
22821,3.06718
22822,3.06166
22823,3.20036
22824,3.65998
22825,4.41512
22826,3.55059
22827,2.34084
22828,2.69929
22829,2.68052
22830,3.84238
22831,3.56703
22832,3.67995
22833,4.11593
22834,3.45027
22835,3.83094
22836,4.21766
22837,1.4265
22838,3.66514
22839,1.73035
22840,4.12239
22841,3.78551
22842,1.0
22843,3.9884
22844,3.6696
22845,3.65181
22846,2.43241
22847,1.99682
22848,3.82369
22849,3.85804
22850,3.87948
22851,3.8744
22852,2.96679
22853,3.83155
22854,3.79537
22855,3.01088
22856,3.8572
22857,3.84872
22858,3.70172
22859,4.17038
22860,3.43543
22861,4.69417
22862,4.02625
22863,3.9267
22864,3.87046
22865,3.45424
22866,3.57538
22867,3.61203
22868,3.6285
22869,2.40506
22870,2.61254
22871,3.89618
22872,3.01398
22873,3.28187
22874,4.45144
22875,4.92996
22876,4.26619
22877,5.0
22878,5.0
22879,1.2815
22880,3.16086
22881,5.0
22882,3.85996
22883,3.75892
22884,2.50569
22885,2.47495
22886,4.68303
22887,3.92315
22888,4.16452
22889,3.72758
22890,4.69853
22891,4.49374
22892,3.95183
22893,2.91856
22894,4.65104
22895,3.36482
22896,4.12769
22897,2.68022
22898,2.97434
22899,2.54071
22900,2.54948
22901,3.98185
22902,4.05094
22903,4.61712
22904,4.42148
22905,3.8965
22906,4.32976
22907,4.22183
22908,3.00189
22909,3.72176
22910,3.98515
22911,3.48199
22912,3.99196
22913,4.04359
22914,4.03597
22915,4.87372
22916,4.51795
22917,2.14446
22918,3.69425
22919,4.62447
22920,4.48252
22921,3.30741
22922,4.23868
22923,3.91714
22924,4.07736
22925,3.7346
22926,4.15021
22927,4.79815
22928,3.25917
22929,4.44407
22930,3.64349
22931,3.93314
22932,3.73782
22933,3.28092
22934,3.9681
22935,3.7799
22936,3.39611
22937,3.94565
22938,3.52438
22939,4.19749
22940,4.3325
22941,3.27704
22942,3.91306
22943,3.97652
22944,3.94752
22945,5.0
22946,3.21816
22947,3.06938
22948,4.63514
22949,4.36854
22950,4.18548
22951,3.98555
22952,4.47415
22953,3.1564
22954,4.42716
22955,4.25618
22956,4.73233
22957,3.22303
22958,2.59747
22959,3.21176
22960,3.2456
22961,3.88457
22962,5.0
22963,3.16477
22964,4.8652
22965,4.01706
22966,4.26096
22967,4.86385
22968,3.05118
22969,3.95072
22970,1.84019
22971,3.55746
22972,3.70924
22973,4.55068
22974,4.55603
22975,4.06337
22976,3.57727
22977,5.0
22978,4.45482
22979,3.48575
22980,4.27462
22981,3.18156
22982,3.68457
22983,3.79569
22984,3.50582
22985,3.95559
22986,3.27255
22987,3.30211
22988,3.15884
22989,3.30528
22990,3.90184
22991,3.79482
22992,2.99329
22993,3.41016
22994,3.76834
22995,3.68159
22996,3.29503
22997,3.31113
22998,3.49794
22999,3.71454
23000,3.59771
23001,3.8295
23002,2.22404
23003,2.81773
23004,3.80092
23005,2.7439
23006,2.80194
23007,2.89729
23008,3.965
23009,3.99414
23010,2.7504
23011,3.23573
23012,2.66976
23013,3.63192
23014,2.62661
23015,3.80364
23016,4.46888
23017,2.71356
23018,3.75112
23019,3.09398
23020,2.71321
23021,3.50005
23022,4.00296
23023,4.19497
23024,3.64951
23025,3.98289
23026,3.78533
23027,4.51778
23028,3.98904
23029,3.02685
23030,4.48496
23031,4.12501
23032,4.72667
23033,4.07564
23034,4.52036
23035,3.26941
23036,3.59089
23037,3.07051
23038,2.94111
23039,2.86233
23040,2.12462
23041,3.62475
23042,3.82232
23043,4.58853
23044,4.46122
23045,3.25417
23046,3.85418
23047,3.6187
23048,2.48886
23049,2.91032
23050,4.35771
23051,3.25774
23052,3.09455
23053,3.62814
23054,3.72298
23055,3.19773
23056,2.36071
23057,2.68895
23058,4.1108
23059,3.62498
23060,4.0413
23061,4.83679
23062,3.13275
23063,3.2685
23064,3.43806
23065,3.356
23066,1.82223
23067,4.68921
23068,3.78816
23069,4.68551
23070,3.73179
23071,4.20474
23072,3.82926
23073,3.98153
23074,3.56616
23075,3.86198
23076,4.28887
23077,1.88105
23078,3.48498
23079,3.00563
23080,3.02779
23081,3.81308
23082,4.04895
23083,5.0
23084,4.22649
23085,3.72119
23086,2.53153
23087,4.1624
23088,4.12107
23089,4.6415
23090,3.03106
23091,2.63799
23092,4.56794
23093,2.99952
23094,4.45114
23095,3.86065
23096,4.05604
23097,4.0439
23098,2.68996
23099,4.29765
23100,4.15131
23101,4.34128
23102,4.3451
23103,4.33661
23104,4.12991
23105,4.02652
23106,4.23986
23107,2.9824
23108,3.671
23109,2.72175
23110,3.84812
23111,3.99228
23112,4.12192
23113,3.20642
23114,4.43787
23115,3.94547
23116,4.04302
23117,4.06849
23118,3.89992
23119,2.78849
23120,3.27733
23121,3.27203
23122,4.42329
23123,4.65826
23124,3.43273
23125,2.97533
23126,4.3002
23127,3.34934
23128,4.36399
23129,4.32878
23130,4.09376
23131,3.54331
23132,3.22103
23133,4.98824
23134,4.38892
23135,3.94457
23136,2.75334
23137,4.4878
23138,4.3302
23139,4.0595
23140,3.01536
23141,2.99332
23142,4.45503
23143,5.0
23144,4.06011
23145,4.07992
23146,5.0
23147,4.23229
23148,4.18318
23149,3.84341
23150,3.9882
23151,3.19733
23152,2.65995
23153,3.0581
23154,1.69328
23155,1.45082
23156,2.26416
23157,2.24398
23158,3.33566
23159,2.20999
23160,3.49504
23161,3.13086
23162,2.10841
23163,2.89342
23164,3.25633
23165,2.53873
23166,2.63806
23167,3.24606
23168,2.23827
23169,2.17523
23170,1.38395
23171,2.75068
23172,2.61293
23173,3.18328
23174,1.0862
23175,3.18569
23176,2.7818
23177,3.11049
23178,2.73155
23179,3.95413
23180,3.44118
23181,4.07744
23182,3.60769
23183,3.31012
23184,4.24059
23185,3.20667
23186,3.10021
23187,3.80525
23188,2.31613
23189,4.31712
23190,4.34752
23191,4.4484
23192,4.34832
23193,3.98472
23194,2.99795
23195,4.31973
23196,4.54669
23197,4.70142
23198,3.81308
23199,4.40566
23200,4.73176
23201,4.76874
23202,4.16622
23203,4.40844
23204,4.36662
23205,4.79487
23206,4.34407
23207,4.65418
23208,3.32796
23209,3.3573
23210,3.42353
23211,2.40527
23212,4.11579
23213,3.24689
23214,3.48605
23215,3.1923
23216,3.27717
23217,2.78629
23218,3.50386
23219,4.15497
23220,4.56561
23221,3.22948
23222,3.99934
23223,5.0
23224,4.38883
23225,4.6216
23226,4.61307
23227,4.3009
23228,4.76833
23229,5.0
23230,4.40632
23231,5.0
23232,3.89818
23233,3.9645
23234,4.24808
23235,2.95589
23236,3.0304
23237,4.18157
23238,2.11337
23239,2.54046
23240,2.66769
23241,4.0245
23242,2.85426
23243,4.38984
23244,3.3498
23245,3.15944
23246,3.76262
23247,4.3641
23248,4.36328
23249,3.52613
23250,3.21074
23251,3.73826
23252,4.18396
23253,3.91122
23254,3.11484
23255,4.20401
23256,3.01545
23257,3.79526
23258,3.8562
23259,2.5722
23260,3.47336
23261,4.12638
23262,3.94126
23263,3.72842
23264,4.11289
23265,4.16467
23266,4.02184
23267,3.51496
23268,3.00405
23269,3.24909
23270,4.15788
23271,4.22633
23272,4.30474
23273,3.73466
23274,4.41573
23275,3.61839
23276,3.44585
23277,4.18971
23278,3.58245
23279,3.58982
23280,2.98397
23281,3.75816
23282,4.22133
23283,3.36011
23284,3.76707
23285,3.51921
23286,3.18116
23287,3.65091
23288,2.66213
23289,3.2717
23290,3.47289
23291,4.35594
23292,3.13492
23293,3.22525
23294,2.89109
23295,4.4351
23296,3.33902
23297,3.53672
23298,3.65246
23299,2.18173
23300,3.42136
23301,3.00372
23302,3.70148
23303,3.54176
23304,3.15975
23305,4.15723
23306,2.48523
23307,3.93111
23308,2.72275
23309,3.0306
23310,3.97722
23311,1.97967
23312,3.56091
23313,3.40528
23314,2.758
23315,1.59159
23316,2.88747
23317,3.03125
23318,1.51465
23319,3.06473
23320,2.19437
23321,3.94198
23322,3.65242
23323,3.90425
23324,3.78157
23325,1.44325
23326,2.74835
23327,2.83246
23328,1.63547
23329,3.94691
23330,4.71123
23331,4.59194
23332,4.67109
23333,3.77115
23334,3.90861
23335,4.16047
23336,3.39297
23337,2.17846
23338,3.15465
23339,3.66723
23340,4.60778
23341,4.04776
23342,4.05977
23343,3.08715
23344,3.20735
23345,3.75961
23346,3.82549
23347,4.1164
23348,2.96053
23349,3.99234
23350,3.38689
23351,3.10037
23352,3.09218
23353,4.20271
23354,3.79654
23355,4.98723
23356,3.39367
23357,4.14258
23358,3.18338
23359,4.2021
23360,2.60429
23361,4.42032
23362,3.28849
23363,4.81159
23364,4.54824
23365,4.31334
23366,4.17948
23367,3.88274
23368,4.09782
23369,3.44758
23370,4.0408
23371,4.08145
23372,4.00499
23373,3.37082
23374,4.16631
23375,4.24781
23376,4.32805
23377,3.87177
23378,2.84615
23379,3.47934
23380,3.12618
23381,2.15866
23382,2.36098
23383,3.39144
23384,3.52163
23385,3.6918
23386,3.10235
23387,1.98821
23388,2.84143
23389,1.43544
23390,1.23928
23391,2.95773
23392,2.19737
23393,3.07661
23394,2.9001
23395,2.87855
23396,3.31991
23397,3.20554
23398,2.86373
23399,3.1214
23400,3.49809
23401,3.06247
23402,3.37084
23403,3.32731
23404,3.02079
23405,3.28155
23406,2.98179
23407,3.41288
23408,3.07022
23409,2.14707
23410,3.2316
23411,3.25411
23412,1.97777
23413,3.33025
23414,3.39427
23415,1.80803
23416,3.43026
23417,3.18135
23418,2.32904
23419,1.42754
23420,3.62801
23421,2.4559
23422,2.90464
23423,2.00803
23424,2.61005
23425,3.47755
23426,3.42854
23427,2.29368
23428,2.91706
23429,4.06896
23430,2.73233
23431,2.9148
23432,2.8976
23433,3.1943
23434,3.48238
23435,3.47429
23436,3.12615
23437,2.11986
23438,3.1487
23439,2.6112
23440,4.05686
23441,3.09863
23442,3.31304
23443,2.76404
23444,3.69775
23445,3.6212
23446,3.54736
23447,2.52502
23448,3.59169
23449,3.77811
23450,4.39611
23451,3.54475
23452,4.82399
23453,5.0
23454,4.18788
23455,4.40336
23456,3.27872
23457,4.96109
23458,3.48715
23459,3.33212
23460,4.7699
23461,4.54803
23462,3.09508
23463,4.39797
23464,4.74279
23465,4.99272
23466,4.23933
23467,4.14997
23468,2.98859
23469,2.50215
23470,4.92672
23471,4.16722
23472,5.0
23473,2.55555
23474,2.63736
23475,2.81773
23476,4.17276
23477,4.96723
23478,2.56275
23479,3.25146
23480,2.97858
23481,4.19521
23482,3.11686
23483,4.53837
23484,3.36034
23485,2.87484
23486,3.82409
23487,3.81957
23488,3.37146
23489,4.56718
23490,4.34384
23491,3.75021
23492,4.05084
23493,3.73589
23494,5.0
23495,3.58618
23496,3.39996
23497,4.03191
23498,3.88898
23499,3.94627
23500,2.30949
23501,3.22065
23502,3.0213
23503,3.53962
23504,4.76477
23505,3.73194
23506,3.5566
23507,3.42143
23508,3.56574
23509,4.61574
23510,3.09061
23511,2.92322
23512,4.5844
23513,4.03569
23514,2.49033
23515,4.37108
23516,4.19543
23517,3.28694
23518,3.35895
23519,5.0
23520,4.4722
23521,4.0787
23522,2.9211
23523,5.0
23524,4.04946
23525,3.87286
23526,4.46129
23527,3.40395
23528,4.10916
23529,3.88873
23530,3.5273
23531,2.38177
23532,4.78078
23533,1.54804
23534,3.72883
23535,5.0
23536,4.28127
23537,4.98446
23538,4.10141
23539,3.83071
23540,3.47632
23541,4.059
23542,3.73194
23543,3.94378
23544,3.84331
23545,3.7234
23546,4.0781
23547,3.80462
23548,3.08837
23549,2.98267
23550,3.54961
23551,3.90356
23552,1.65281
23553,4.17036
23554,4.71723
23555,4.01969
23556,4.35061
23557,3.33035
23558,2.30593
23559,3.14803
23560,2.70243
23561,4.18578
23562,1.48631
23563,4.02525
23564,4.11782
23565,4.18293
23566,2.06742
23567,3.08469
23568,3.74944
23569,3.11677
23570,3.99623
23571,4.11287
23572,3.02357
23573,4.03688
23574,2.98322
23575,1.3376
23576,2.04584
23577,2.9579
23578,4.5134
23579,4.31525
23580,1.97223
23581,2.83372
23582,2.3143
23583,3.80216
23584,3.19274
23585,2.57082
23586,3.19915
23587,3.26972
23588,4.91418
23589,3.42878
23590,4.21127
23591,3.71377
23592,3.21693
23593,4.29462
23594,4.22906
23595,4.38121
23596,5.0
23597,3.41356
23598,2.86517
23599,3.01425
23600,3.17969
23601,4.57866
23602,3.55295
23603,3.67955
23604,4.33749
23605,4.00243
23606,4.52972
23607,4.73452
23608,4.03659
23609,4.68914
23610,1.77207
23611,4.53991
23612,2.97811
23613,3.24294
23614,3.59687
23615,4.03661
23616,3.93898
23617,3.2825
23618,3.24598
23619,3.50637
23620,3.42806
23621,3.64321
23622,3.13267
23623,3.01767
23624,3.05446
23625,3.83066
23626,4.10518
23627,1.83834
23628,3.11683
23629,1.0
23630,1.49263
23631,2.30642
23632,2.19325
23633,3.57307
23634,2.96692
23635,1.58022
23636,3.22017
23637,4.16104
23638,2.7415
23639,2.27861
23640,1.35406
23641,1.75159
23642,2.75783
23643,3.57799
23644,2.1687
23645,2.34219
23646,2.77183
23647,1.08281
23648,2.91299
23649,3.63478
23650,1.96751
23651,2.16011
23652,2.48289
23653,2.88098
23654,2.2395
23655,4.00505
23656,1.86816
23657,3.98829
23658,3.37594
23659,3.88574
23660,3.19034
23661,4.30705
23662,3.94597
23663,3.62531
23664,3.02617
23665,4.75323
23666,4.05188
23667,4.85782
23668,4.20248
23669,4.62614
23670,4.91491
23671,4.4967
23672,4.20435
23673,4.33626
23674,4.54284
23675,4.62714
23676,4.61348
23677,4.89853
23678,4.69508
23679,4.69946
23680,4.0712
23681,2.71219
23682,2.86719
23683,4.05923
23684,2.9009
23685,3.90749
23686,4.19861
23687,4.29831
23688,2.46117
23689,2.64826
23690,2.74102
23691,3.58104
23692,4.54945
23693,4.18582
23694,2.9468
23695,3.5026
23696,3.25346
23697,4.44616
23698,2.94912
23699,4.43
23700,3.79332
23701,4.55097
23702,4.01835
23703,2.30411
23704,4.25881
23705,2.62027
23706,3.11629
23707,4.12056
23708,4.16602
23709,3.38699
23710,4.02536
23711,3.72489
23712,4.36939
23713,2.06236
23714,3.91038
23715,3.57917
23716,3.09554
23717,2.92028
23718,2.75363
23719,3.90203
23720,3.89943
23721,3.93642
23722,2.31345
23723,2.3454
23724,2.86049
23725,4.73917
23726,4.59827
23727,2.30784
23728,4.34527
23729,4.61144
23730,3.87249
23731,3.90125
23732,3.50991
23733,4.82285
23734,2.75466
23735,3.78954
23736,5.0
23737,2.67454
23738,3.49264
23739,4.71168
23740,5.0
23741,4.12622
23742,4.24703
23743,3.79091
23744,3.37277
23745,3.96419
23746,4.63414
23747,4.21823
23748,4.53086
23749,4.23079
23750,1.95693
23751,3.37488
23752,4.1736
23753,4.0001
23754,3.90386
23755,4.16165
23756,2.09293
23757,1.94331
23758,2.8045
23759,4.3735
23760,4.11699
23761,2.17985
23762,3.50112
23763,3.27952
23764,2.78429
23765,3.767
23766,4.40628
23767,2.00575
23768,3.04944
23769,3.95072
23770,3.23711
23771,2.55557
23772,2.1447
23773,2.93662
23774,2.64148
23775,1.79946
23776,3.1784
23777,1.6515
23778,3.18074
23779,3.71346
23780,2.32467
23781,2.36458
23782,3.59362
23783,2.90213
23784,1.80092
23785,3.79136
23786,2.32902
23787,3.98536
23788,2.69684
23789,3.12964
23790,3.38475
23791,3.38685
23792,4.24117
23793,4.25207
23794,3.8795
23795,3.98945
23796,2.24565
23797,1.71348
23798,1.95915
23799,3.80751
23800,4.37424
23801,3.4621
23802,4.2656
23803,2.59528
23804,3.29307
23805,3.92544
23806,4.13343
23807,2.72608
23808,1.99136
23809,2.27863
23810,3.08475
23811,3.62619
23812,2.59359
23813,3.55468
23814,1.64785
23815,3.00034
23816,4.04485
23817,1.90828
23818,2.88985
23819,3.34191
23820,1.98581
23821,3.2622
23822,3.7809
23823,3.29746
23824,4.64175
23825,3.2426
23826,3.32924
23827,1.80933
23828,3.68593
23829,2.96064
23830,3.1511
23831,1.35135
23832,2.64063
23833,3.70197
23834,3.26753
23835,3.7
23836,2.28167
23837,4.06585
23838,3.86992
23839,2.22783
23840,2.17001
23841,4.36743
23842,2.52304
23843,2.57446
23844,4.13787
23845,2.94733
23846,4.38046
23847,3.61509
23848,3.44421
23849,4.38865
23850,3.05694
23851,4.51912
23852,3.56972
23853,3.03096
23854,4.51384
23855,4.19943
23856,3.84203
23857,3.09099
23858,4.303
23859,3.43749
23860,2.9362
23861,4.42656
23862,3.99504
23863,3.40418
23864,3.99324
23865,3.37838
23866,3.47995
23867,3.75925
23868,2.85125
23869,3.92024
23870,3.86168
23871,4.66455
23872,3.77982
23873,3.55097
23874,4.01894
23875,3.65472
23876,3.99185
23877,2.61096
23878,4.19124
23879,3.94119
23880,3.70604
23881,4.44051
23882,3.35474
23883,4.82751
23884,2.62548
23885,4.14888
23886,3.53792
23887,3.96916
23888,3.00889
23889,2.97686
23890,3.19672
23891,4.11287
23892,2.88064
23893,3.32254
23894,3.76369
23895,4.62325
23896,3.62617
23897,1.6671
23898,4.44155
23899,4.31923
23900,3.93143
23901,3.64924
23902,5.0
23903,3.26128
23904,4.47844
23905,4.12946
23906,3.86917
23907,4.86362
23908,3.65528
23909,3.52287
23910,3.36359
23911,3.71506
23912,2.68613
23913,4.52336
23914,4.31854
23915,4.1341
23916,4.31596
23917,2.74787
23918,2.53
23919,4.39644
23920,3.29788
23921,4.2777
23922,3.70817
23923,3.25781
23924,3.47531
23925,3.35434
23926,4.0126
23927,4.17174
23928,3.85105
23929,3.89483
23930,4.60403
23931,3.45666
23932,3.71259
23933,4.16787
23934,3.53409
23935,3.63555
23936,3.51574
23937,2.65537
23938,4.32756
23939,4.18178
23940,3.08763
23941,3.14017
23942,2.75183
23943,3.41222
23944,4.09633
23945,4.55101
23946,4.46222
23947,3.26768
23948,3.88671
23949,3.33745
23950,1.98021
23951,2.71197
23952,3.74775
23953,3.5408
23954,4.07599
23955,3.7243
23956,3.80253
23957,3.08812
23958,3.77275
23959,2.4944
23960,3.99742
23961,2.59313
23962,3.67885
23963,2.91173
23964,1.28012
23965,2.37401
23966,1.80653
23967,2.68167
23968,2.19824
23969,3.7784
23970,2.41834
23971,4.23502
23972,3.67686
23973,2.60795
23974,3.60926
23975,3.30378
23976,3.4185
23977,2.80541
23978,2.97349
23979,3.54618
23980,3.30624
23981,2.1462
23982,2.09642
23983,4.0036
23984,1.28299
23985,1.3482
23986,2.92241
23987,2.68636
23988,4.01334
23989,2.70155
23990,2.7152
23991,1.6829
23992,1.85232
23993,2.61438
23994,1.69196
23995,3.31955
23996,3.89676
23997,4.48976
23998,2.08588
23999,3.14938
24000,1.42657
24001,2.61563
24002,1.91734
24003,3.48856
24004,2.53706
24005,3.36512
24006,3.84643
24007,2.92014
24008,3.60534
24009,3.12185
24010,1.30974
24011,3.26389
24012,1.50631
24013,3.86139
24014,2.19868
24015,3.60316
24016,1.0
24017,3.79948
24018,1.0
24019,4.5115
24020,2.7033
24021,1.33415
24022,1.20681
24023,3.00333
24024,2.29888
24025,4.1203
24026,2.13956
24027,3.24666
24028,2.60014
24029,4.08417
24030,3.52908
24031,3.26227
24032,2.32799
24033,3.82288
24034,1.47956
24035,3.25682
24036,2.97233
24037,1.16377
24038,3.829
24039,1.76345
24040,3.42366
24041,3.28157
24042,2.19821
24043,3.97711
24044,3.76784
24045,3.12357
24046,3.74548
24047,3.6163
24048,3.23326
24049,1.31786
24050,3.79225
24051,3.80258
24052,3.34581
24053,1.79106
24054,1.89156
24055,3.26279
24056,2.91589
24057,2.57304
24058,1.20576
24059,2.67443
24060,2.79992
24061,2.5011
24062,3.2781
24063,3.45265
24064,2.57532
24065,3.36328
24066,1.48209
24067,1.16126
24068,4.3796
24069,1.63775
24070,4.03534
24071,2.69871
24072,3.59631
24073,1.64041
24074,2.22143
24075,2.76948
24076,2.23072
24077,1.81949
24078,3.30091
24079,2.9461
24080,2.52154
24081,2.9007
24082,2.9991
24083,3.60219
24084,2.75519
24085,4.78738
24086,3.50855
24087,4.34644
24088,4.1127
24089,3.25529
24090,4.55526
24091,4.45158
24092,4.37796
24093,3.8599
24094,3.97683
24095,2.76844
24096,2.56334
24097,4.89187
24098,3.49641
24099,2.9758
24100,4.78397
24101,4.78348
24102,3.74046
24103,4.21595
24104,2.84884
24105,3.80869
24106,4.37837
24107,3.9563
24108,3.72564
24109,3.00867
24110,3.70297
24111,3.79362
24112,4.84323
24113,4.14157
24114,4.42646
24115,4.17752
24116,4.37828
24117,3.9111
24118,2.95444
24119,4.09093
24120,3.85161
24121,4.70713
24122,4.84566
24123,3.97795
24124,3.62284
24125,5.0
24126,3.55582
24127,4.40636
24128,4.27207
24129,2.90151
24130,4.20242
24131,3.90426
24132,3.54901
24133,3.73067
24134,4.73627
24135,4.19905
24136,2.8148
24137,3.95245
24138,3.68133
24139,3.55664
24140,4.33937
24141,4.80942
24142,4.20374
24143,4.23299
24144,3.9964
24145,4.68034
24146,4.39061
24147,4.5769
24148,3.82407
24149,4.05201
24150,2.96063
24151,4.05508
24152,3.62416
24153,4.85176
24154,4.65829
24155,4.22578
24156,4.10842
24157,4.83995
24158,3.87924
24159,4.56092
24160,5.0
24161,3.1353
24162,3.89718
24163,3.89904
24164,3.51336
24165,3.49138
24166,3.76467
24167,4.03174
24168,2.35918
24169,2.88499
24170,3.42078
24171,2.75542
24172,3.3475
24173,4.07628
24174,3.25068
24175,3.16506
24176,3.58998
24177,3.98221
24178,3.76005
24179,3.23088
24180,3.46423
24181,3.48833
24182,3.68038
24183,4.14506
24184,2.81439
24185,4.04519
24186,3.74863
24187,4.52753
24188,2.0939
24189,3.25524
24190,3.97172
24191,3.28009
24192,4.48525
24193,3.8081
24194,4.95632
24195,3.90686
24196,4.17658
24197,3.88396
24198,4.02221
24199,3.15739
24200,3.70408
24201,3.98968
24202,4.54906
24203,3.72255
24204,4.04695
24205,3.70071
24206,4.14784
24207,3.49895
24208,4.48827
24209,4.19439
24210,3.63327
24211,4.23147
24212,4.21157
24213,4.07677
24214,4.43825
24215,4.78087
24216,4.4104
24217,4.23483
24218,1.98226
24219,2.19448
24220,3.47825
24221,2.78821
24222,3.45468
24223,3.96365
24224,3.77885
24225,1.97293
24226,3.28419
24227,3.25439
24228,3.66942
24229,3.38793
24230,4.13245
24231,3.62575
24232,3.68013
24233,3.86619
24234,3.60967
24235,2.97763
24236,3.33586
24237,3.43593
24238,3.99388
24239,2.85199
24240,3.40476
24241,3.52913
24242,4.07584
24243,2.94617
24244,2.30405
24245,3.72861
24246,4.36976
24247,3.32036
24248,3.63918
24249,3.47505
24250,4.46411
24251,3.52814
24252,3.64662
24253,3.00007
24254,4.56259
24255,3.34071
24256,3.63082
24257,3.12372
24258,3.93618
24259,4.52246
24260,2.66784
24261,4.59746
24262,4.03864
24263,4.47838
24264,4.86779
24265,2.73844
24266,3.09122
24267,2.81458
24268,3.49591
24269,3.70944
24270,3.76416
24271,4.59735
24272,3.37035
24273,3.68664
24274,3.67208
24275,4.16102
24276,4.09948
24277,4.22425
24278,3.23248
24279,3.95112
24280,2.96471
24281,4.04542
24282,3.7644
24283,4.27863
24284,4.7371
24285,4.51638
24286,4.33948
24287,2.75448
24288,4.11817
24289,2.89188
24290,3.45207
24291,4.30262
24292,4.20548
24293,3.24772
24294,2.51935
24295,4.73542
24296,4.13902
24297,3.89961
24298,4.05538
24299,4.18438
24300,3.87224
24301,3.67845
24302,4.80875
24303,3.90141
24304,3.10256
24305,3.94325
24306,4.56232
24307,4.02518
24308,4.10338
24309,4.50687
24310,4.33021
24311,4.53144
24312,3.94086
24313,4.04002
24314,4.50588
24315,4.16447
24316,3.8178
24317,4.27276
24318,1.87777
24319,3.99792
24320,2.97439
24321,2.78196
24322,4.23851
24323,3.88556
24324,2.93325
24325,3.10635
24326,3.1908
24327,3.10952
24328,4.39834
24329,2.72322
24330,4.18296
24331,2.7404
24332,2.61268
24333,2.92269
24334,2.74314
24335,4.62657
24336,3.14906
24337,4.68214
24338,3.802
24339,3.12902
24340,3.26011
24341,3.03727
24342,3.16508
24343,3.62622
24344,2.14026
24345,3.77711
24346,4.1263
24347,3.03487
24348,2.58754
24349,3.97863
24350,4.95986
24351,3.70943
24352,3.32351
24353,4.07865
24354,3.80452
24355,3.02037
24356,4.32267
24357,2.05933
24358,4.3759
24359,4.64811
24360,4.04886
24361,4.87935
24362,1.39555
24363,2.72843
24364,1.71142
24365,2.71238
24366,4.02295
24367,2.45175
24368,2.00825
24369,2.51994
24370,1.0
24371,2.44191
24372,2.92502
24373,3.21491
24374,1.0
24375,3.75887
24376,3.09292
24377,2.21653
24378,2.68602
24379,2.36636
24380,2.09493
24381,1.21076
24382,1.54229
24383,4.47727
24384,3.35534
24385,3.98887
24386,1.0
24387,2.10634
24388,2.85673
24389,2.79428
24390,2.41076
24391,1.0
24392,4.5346
24393,3.29308
24394,2.59542
24395,2.51566
24396,3.14157
24397,2.86984
24398,2.90569
24399,4.25403
24400,1.51128
24401,2.89137
24402,2.16402
24403,3.71024
24404,3.75903
24405,2.32779
24406,3.73485
24407,1.6913
24408,2.01
24409,1.68694
24410,3.01326
24411,2.68419
24412,2.88714
24413,2.79123
24414,3.70889
24415,3.14675
24416,3.4193
24417,3.05341
24418,2.67799
24419,2.73274
24420,3.85064
24421,1.0
24422,3.74023
24423,2.43052
24424,2.25179
24425,2.25774
24426,2.66915
24427,3.46757
24428,2.98901
24429,2.78316
24430,1.66456
24431,2.48047
24432,2.82031
24433,3.32223
24434,3.60254
24435,3.67676
24436,3.96094
24437,3.68669
24438,2.61108
24439,2.91074
24440,2.68374
24441,2.97495
24442,3.10871
24443,2.57693
24444,3.36871
24445,3.67273
24446,3.63124
24447,3.31338
24448,4.10555
24449,3.35007
24450,2.71825
24451,3.39564
24452,4.11574
24453,2.91935
24454,4.09906
24455,2.52419
24456,3.62302
24457,4.6712
24458,4.05411
24459,4.35368
24460,2.70492
24461,2.11967
24462,2.87399
24463,2.23431
24464,3.5619
24465,2.07081
24466,2.57174
24467,3.28243
24468,2.09567
24469,3.49112
24470,2.42999
24471,2.72144
24472,4.41447
24473,2.39456
24474,3.61071
24475,2.01928
24476,4.33533
24477,3.87176
24478,2.48694
24479,3.95536
24480,3.85227
24481,4.3191
24482,3.14695
24483,3.86794
24484,3.41025
24485,4.01712
24486,4.06352
24487,4.07077
24488,3.43124
24489,3.82403
24490,3.10201
24491,4.13708
24492,2.43462
24493,3.46899
24494,3.50584
24495,3.82595
24496,3.86397
24497,4.91915
24498,2.47292
24499,2.94291
24500,4.6062
24501,4.96286
24502,2.16543
24503,3.59633
24504,4.09595
24505,3.19728
24506,4.19682
24507,3.89415
24508,3.35163
24509,3.43733
24510,4.77772
24511,2.97832
24512,4.18615
24513,4.22171
24514,5.0
24515,4.04565
24516,4.77723
24517,3.35051
24518,4.37388
24519,3.45565
24520,3.87687
24521,2.1008
24522,3.65404
24523,4.04534
24524,4.22781
24525,4.48552
24526,4.94716
24527,3.6474
24528,4.46984
24529,4.83944
24530,4.18718
24531,4.37797
24532,4.71512
24533,4.06424
24534,3.64568
24535,2.61316
24536,3.60762
24537,2.84163
24538,4.76065
24539,2.44866
24540,4.56377
24541,4.40161
24542,3.15835
24543,2.10874
24544,4.17092
24545,2.54625
24546,1.8225
24547,2.95485
24548,3.8587
24549,1.99517
24550,4.30228
24551,2.8823
24552,3.11164
24553,2.97235
24554,4.79243
24555,4.22312
24556,4.04117
24557,3.97878
24558,2.73204
24559,2.97675
24560,1.67223
24561,1.74939
24562,2.8565
24563,3.04305
24564,1.85521
24565,4.3484
24566,3.90141
24567,4.2902
24568,3.50594
24569,2.57386
24570,4.20547
24571,3.35369
24572,3.63892
24573,3.18154
24574,3.57084
24575,3.85718
24576,1.49534
24577,4.45221
24578,3.64622
24579,4.17841
24580,2.6161
24581,4.03215
24582,3.34995
24583,3.29702
24584,3.72958
24585,3.30398
24586,2.33699
24587,2.9909
24588,4.07565
24589,3.83601
24590,2.75148
24591,4.17454
24592,1.0
24593,3.87447
24594,4.1817
24595,4.37429
24596,3.84299
24597,3.93653
24598,3.68676
24599,2.68319
24600,3.74735
24601,4.22633
24602,4.53945
24603,4.10097
24604,3.34143
24605,1.7838
24606,3.63625
24607,3.74942
24608,3.76661
24609,4.81553
24610,3.62879
24611,1.0
24612,3.45585
24613,3.18007
24614,3.56506
24615,3.52653
24616,3.83888
24617,3.62454
24618,2.54331
24619,1.0918
24620,2.33667
24621,2.23405
24622,3.25107
24623,1.1159
24624,2.94181
24625,2.05386
24626,1.37181
24627,1.58922
24628,3.39948
24629,1.0
24630,2.65302
24631,2.84006
24632,2.4105
24633,1.0
24634,1.85212
24635,2.47289
24636,2.55758
24637,1.93723
24638,2.12023
24639,1.0
24640,3.0411
24641,1.79566
24642,2.88135
24643,2.88193
24644,2.4424
24645,2.4134
24646,2.74686
24647,1.99975
24648,2.67253
24649,3.07284
24650,2.7413
24651,1.9006
24652,3.29313
24653,3.81897
24654,1.53471
24655,3.23571
24656,1.84876
24657,1.93418
24658,3.39711
24659,4.15269
24660,4.43448
24661,3.30219
24662,3.98249
24663,3.51481
24664,4.73972
24665,4.71203
24666,4.53393
24667,4.47055
24668,3.16353
24669,4.46209
24670,4.12076
24671,3.96309
24672,4.38232
24673,3.97627
24674,4.44114
24675,4.83011
24676,4.5642
24677,3.41546
24678,3.42957
24679,3.06722
24680,2.52164
24681,3.68955
24682,3.2542
24683,1.9044
24684,2.61666
24685,3.50293
24686,3.46758
24687,3.84922
24688,3.79835
24689,2.8772
24690,3.2983
24691,3.92112
24692,1.33281
24693,1.34062
24694,3.67811
24695,1.67283
24696,4.11521
24697,2.84863
24698,3.21008
24699,3.18154
24700,3.64839
24701,3.50365
24702,1.10635
24703,1.06191
24704,2.11688
24705,5.0
24706,3.53364
24707,3.00013
24708,2.75384
24709,2.10384
24710,3.58207
24711,5.0
24712,4.91391
24713,4.11805
24714,4.35692
24715,2.55942
24716,3.98833
24717,2.68813
24718,4.2813
24719,3.83409
24720,3.22658
24721,3.11134
24722,3.1601
24723,4.54783
24724,4.39223
24725,5.0
24726,2.32948
24727,3.21767
24728,1.22671
24729,4.30957
24730,1.0
24731,2.60165
24732,4.46911
24733,2.75898
24734,1.50934
24735,2.02645
24736,2.57488
24737,2.1865
24738,4.03398
24739,4.04159
24740,1.56417
24741,3.35896
24742,1.62859
24743,3.18268
24744,3.31085
24745,3.44498
24746,2.23107
24747,3.86014
24748,2.07918
24749,3.26484
24750,2.95487
24751,2.93294
24752,3.15302
24753,3.92568
24754,3.5913
24755,1.57284
24756,1.68085
24757,3.25232
24758,2.82385
24759,3.25804
24760,2.57446
24761,3.75578
24762,3.76695
24763,2.69015
24764,1.82468
24765,3.42706
24766,2.88356
24767,2.01107
24768,2.23941
24769,3.24985
24770,3.2286
24771,3.5928
24772,1.51067
24773,1.94949
24774,2.0586
24775,2.40564
24776,4.3566
24777,3.34162
24778,2.57644
24779,2.1188
24780,2.43048
24781,3.60989
24782,2.57562
24783,2.37724
24784,3.01274
24785,2.53524
24786,2.77446
24787,2.40768
24788,3.78466
24789,2.26299
24790,2.76454
24791,2.09082
24792,2.23628
24793,1.98186
24794,2.65816
24795,3.14001
24796,2.80445
24797,2.64359
24798,3.00826
24799,3.40459
24800,3.37218
24801,2.2602
24802,2.38191
24803,4.92132
24804,4.54778
24805,3.37315
24806,4.40151
24807,2.92628
24808,4.12813
24809,5.0
24810,4.34779
24811,4.25336
24812,3.71964
24813,3.92638
24814,2.49579
24815,3.57869
24816,3.62171
24817,3.33277
24818,4.20826
24819,3.96023
24820,3.25455
24821,3.09978
24822,3.44579
24823,4.04714
24824,2.76919
24825,3.70244
24826,3.85768
24827,3.42407
24828,4.08823
24829,2.93814
24830,3.87375
24831,4.04481
24832,3.75953
24833,3.9391
24834,4.05815
24835,4.54596
24836,4.13897
24837,2.39445
24838,3.84872
24839,3.52398
24840,2.68896
24841,4.32468
24842,4.14153
24843,4.89509
24844,3.60471
24845,4.80921
24846,4.42389
24847,5.0
24848,2.67209
24849,4.49529
24850,4.43582
24851,4.21867
24852,5.0
24853,3.05716
24854,4.70218
24855,3.93722
24856,3.22587
24857,3.59414
24858,3.61771
24859,3.77504
24860,3.95451
24861,3.49313
24862,3.65695
24863,4.09478
24864,3.79789
24865,3.39533
24866,2.73858
24867,4.09872
24868,2.57896
24869,3.42419
24870,4.07386
24871,3.57656
24872,3.07738
24873,3.9468
24874,3.11291
24875,4.03916
24876,3.86339
24877,3.70917
24878,4.30312
24879,3.45584
24880,3.4216
24881,3.69544
24882,3.34274
24883,3.94369
24884,3.50703
24885,3.97517
24886,3.82381
24887,3.92626
24888,3.36731
24889,4.04623
24890,3.44319
24891,4.25169
24892,3.93724
24893,3.58244
24894,3.57203
24895,4.12544
24896,3.86925
24897,3.07873
24898,3.43217
24899,4.08381
24900,3.707
24901,3.69706
24902,3.61748
24903,3.74357
24904,3.96
24905,4.15149
24906,3.86904
24907,4.27032
24908,3.93721
24909,4.32144
24910,4.11873
24911,3.3726
24912,4.02285
24913,4.29713
24914,2.75437
24915,3.01021
24916,4.40465
24917,3.07733
24918,3.03108
24919,3.96676
24920,3.09509
24921,3.64529
24922,2.57053
24923,3.9141
24924,4.12888
24925,4.72862
24926,2.96663
24927,2.09044
24928,4.06278
24929,3.43473
24930,3.70287
24931,3.14202
24932,1.49837
24933,2.48186
24934,3.21918
24935,3.48612
24936,3.54312
24937,3.77634
24938,4.20455
24939,3.48837
24940,3.74593
24941,3.6098
24942,3.0445
24943,3.02794
24944,3.71765
24945,2.96594
24946,3.178
24947,3.43701
24948,3.27662
24949,3.69749
24950,3.8155
24951,4.01525
24952,4.52125
24953,3.30836
24954,3.43049
24955,4.26966
24956,3.64433
24957,2.99068
24958,4.2849
24959,3.56625
24960,3.34335
24961,2.97024
24962,3.80182
24963,3.08739
24964,3.56358
24965,3.84508
24966,3.93441
24967,3.02248
24968,4.79336
24969,3.59296
24970,3.05776
24971,4.21654
24972,3.60438
24973,3.69569
24974,4.03431
24975,3.93966
24976,2.81236
24977,4.53141
24978,3.49895
24979,3.57254
24980,4.57048
24981,3.83345
24982,2.7366
24983,4.17277
24984,4.20169
24985,4.27173
24986,3.16865
24987,3.95008
24988,4.31856
24989,2.70265
24990,4.58227
24991,3.87229
24992,2.20495
24993,4.15594
24994,3.64076
24995,2.95899
24996,3.82101
24997,3.92721
24998,3.69468
24999,3.29388
25000,2.96675
25001,3.99855
25002,3.82682
25003,2.93396
25004,3.91305
25005,3.66409
25006,3.75074
25007,3.87526
25008,3.9568
25009,4.17609
25010,3.69295
25011,4.07979
25012,4.58825
25013,3.15139
25014,4.67055
25015,5.0
25016,4.17741
25017,3.99836
25018,3.45468
25019,3.30071
25020,4.01835
25021,4.56836
25022,4.17173
25023,4.74808
25024,4.18998
25025,4.28126
25026,4.75705
25027,2.07867
25028,3.28389
25029,2.27552
25030,2.99073
25031,2.50618
25032,2.9098
25033,1.86297
25034,3.68284
25035,3.84734
25036,1.70728
25037,3.24521
25038,3.78618
25039,3.63145
25040,4.07391
25041,4.02893
25042,3.44346
25043,3.00266
25044,3.12464
25045,2.57194
25046,1.69427
25047,2.67686
25048,2.34258
25049,2.76071
25050,3.37062
25051,3.60755
25052,3.07455
25053,4.86778
25054,3.26942
25055,2.0407
25056,3.80035
25057,3.56862
25058,4.74268
25059,3.11909
25060,3.08538
25061,4.2074
25062,4.81978
25063,3.75921
25064,3.65006
25065,3.91461
25066,4.40768
25067,4.65754
25068,4.33388
25069,4.23504
25070,3.68311
25071,3.6758
25072,3.89934
25073,4.30795
25074,3.99755
25075,3.92648
25076,4.36149
25077,3.51673
25078,4.21317
25079,3.96139
25080,3.63094
25081,2.85868
25082,4.32952
25083,3.75533
25084,4.24118
25085,4.3902
25086,4.08586
25087,4.1332
25088,3.37884
25089,4.37635
25090,1.52401
25091,1.86608
25092,2.96608
25093,4.17816
25094,1.85247
25095,3.51529
25096,4.50137
25097,3.85143
25098,3.30652
25099,5.0
25100,3.94352
25101,3.6265
25102,3.19958
25103,2.76836
25104,2.24798
25105,3.25057
25106,3.48828
25107,3.21832
25108,3.83696
25109,3.17772
25110,3.42314
25111,2.79484
25112,2.1421
25113,4.059
25114,2.1507
25115,2.88527
25116,2.32687
25117,3.32074
25118,3.90374
25119,2.81925
25120,3.60152
25121,2.2735
25122,2.09596
25123,2.79428
25124,3.37217
25125,2.49822
25126,1.80661
25127,3.42663
25128,1.31875
25129,3.36786
25130,3.51303
25131,1.9025
25132,2.80868
25133,5.0
25134,3.54743
25135,1.77778
25136,4.79766
25137,4.72218
25138,5.0
25139,3.32755
25140,4.39231
25141,4.33886
25142,5.0
25143,2.96216
25144,4.13034
25145,3.94587
25146,3.87642
25147,2.12712
25148,1.3474
25149,2.42091
25150,3.12263
25151,3.37131
25152,3.02942
25153,3.93107
25154,4.2138
25155,2.23543
25156,4.10034
25157,2.47708
25158,3.31973
25159,3.75789
25160,3.72178
25161,2.88108
25162,3.00689
25163,3.18642
25164,3.25587
25165,4.50557
25166,3.63322
25167,3.56632
25168,2.6278
25169,4.21519
25170,4.08235
25171,2.31367
25172,5.0
25173,4.78881
25174,3.13205
25175,4.23413
25176,3.86118
25177,3.74063
25178,2.99564
25179,3.87587
25180,4.32399
25181,4.62284
25182,3.78415
25183,3.14822
25184,2.29197
25185,3.99575
25186,5.0
25187,2.70148
25188,3.92238
25189,3.65305
25190,2.42567
25191,3.79642
25192,3.90367
25193,3.14004
25194,2.63471
25195,5.0
25196,5.0
25197,3.39132
25198,3.70455
25199,4.9162
25200,4.16872
25201,4.29986
25202,3.56478
25203,4.01559
25204,3.90153
25205,3.8205
25206,4.03765
25207,3.25087
25208,3.77834
25209,3.27171
25210,3.40786
25211,5.0
25212,4.25118
25213,4.00617
25214,1.86204
25215,2.66877
25216,1.69119
25217,1.23616
25218,2.56687
25219,2.96619
25220,2.2913
25221,3.02854
25222,4.19786
25223,4.43986
25224,3.62936
25225,3.8033
25226,4.01034
25227,5.0
25228,3.37126
25229,4.76554
25230,4.49218
25231,4.55416
25232,4.85539
25233,4.60262
25234,3.22623
25235,3.96159
25236,4.29038
25237,4.47599
25238,3.86028
25239,4.38601
25240,3.61008
25241,3.56378
25242,3.90793
25243,2.79334
25244,3.40795
25245,4.73586
25246,3.53062
25247,4.06531
25248,3.90137
25249,3.99178
25250,4.55757
25251,4.04616
25252,3.94588
25253,3.78366
25254,3.27558
25255,3.54134
25256,3.56241
25257,4.13726
25258,3.95253
25259,3.7552
25260,3.39381
25261,4.0058
25262,3.98097
25263,4.88884
25264,3.92107
25265,3.93246
25266,3.52575
25267,4.29109
25268,3.79633
25269,3.87549
25270,4.22944
25271,3.23123
25272,3.21541
25273,4.21497
25274,4.30745
25275,3.90187
25276,2.17261
25277,3.71039
25278,2.88078
25279,3.21855
25280,2.50502
25281,3.55834
25282,4.26196
25283,5.0
25284,3.91656
25285,3.25608
25286,4.51828
25287,5.0
25288,3.52713
25289,3.78773
25290,4.5093
25291,3.80294
25292,3.834
25293,4.72473
25294,3.98984
25295,2.84304
25296,2.25759
25297,3.49832
25298,4.90344
25299,3.38619
25300,2.0341
25301,4.05767
25302,4.34034
25303,5.0
25304,3.5681
25305,2.89516
25306,4.98169
25307,5.0
25308,3.5968
25309,3.03649
25310,3.88833
25311,4.45471
25312,4.40802
25313,4.19032
25314,4.24063
25315,4.39398
25316,4.45819
25317,3.97059
25318,3.8865
25319,4.2498
25320,4.52394
25321,4.40134
25322,4.19639
25323,3.70823
25324,3.93187
25325,4.26792
25326,3.73441
25327,3.80543
25328,3.71253
25329,3.34834
25330,4.33864
25331,3.89065
25332,4.34039
25333,4.48729
25334,3.96036
25335,4.14101
25336,3.76421
25337,4.79341
25338,4.96278
25339,3.29281
25340,3.81799
25341,3.43886
25342,3.32338
25343,3.78748
25344,3.07942
25345,4.04062
25346,2.85623
25347,3.55673
25348,4.31149
25349,2.84321
25350,3.78078
25351,3.63993
25352,3.70601
25353,3.45389
25354,3.92332
25355,2.47847
25356,4.40495
25357,3.59051
25358,3.76485
25359,3.89863
25360,4.19158
25361,4.77899
25362,4.514
25363,4.36804
25364,3.68322
25365,3.90366
25366,3.26668
25367,3.46856
25368,3.36529
25369,3.77125
25370,3.86086
25371,2.49117
25372,3.75795
25373,3.35948
25374,3.42293
25375,3.26432
25376,3.64527
25377,3.52054
25378,3.45871
25379,3.7559
25380,3.04014
25381,3.73846
25382,3.21486
25383,2.47204
25384,4.27866
25385,2.53275
25386,4.00515
25387,5.0
25388,2.91411
25389,3.20392
25390,2.46635
25391,3.52383
25392,3.99636
25393,3.93043
25394,4.01798
25395,4.35216
25396,3.85547
25397,2.8268
25398,3.42074
25399,3.70351
25400,4.26279
25401,3.7679
25402,2.9137
25403,3.33256
25404,3.70219
25405,3.29011
25406,3.3301
25407,3.03348
25408,2.5205
25409,3.73757
25410,3.19832
25411,2.88074
25412,2.60785
25413,3.5718
25414,3.2063
25415,3.44352
25416,2.94091
25417,2.6529
25418,3.42554
25419,2.99911
25420,3.18722
25421,2.55345
25422,3.21641
25423,2.84933
25424,4.45726
25425,3.83864
25426,4.44911
25427,3.89978
25428,3.51967
25429,2.74805
25430,3.39996
25431,3.69066
25432,3.30887
25433,2.8542
25434,3.16875
25435,3.68175
25436,4.31197
25437,3.86061
25438,2.80634
25439,4.26629
25440,3.22882
25441,4.03511
25442,4.16666
25443,2.78007
25444,3.42854
25445,4.4182
25446,3.97514
25447,5.0
25448,3.95182
25449,3.54688
25450,4.58898
25451,4.00656
25452,4.77191
25453,2.71024
25454,4.60617
25455,3.02816
25456,3.99449
25457,4.30604
25458,4.10171
25459,3.44036
25460,3.73361
25461,2.92617
25462,4.42895
25463,4.49764
25464,3.43492
25465,3.19832
25466,4.17113
25467,4.16977
25468,3.50812
25469,4.62596
25470,3.65873
25471,3.01667
25472,4.1139
25473,1.90597
25474,5.0
25475,3.46493
25476,3.61306
25477,4.40703
25478,4.24511
25479,4.16682
25480,4.99504
25481,4.50296
25482,4.45893
25483,3.58414
25484,4.53072
25485,3.26109
25486,4.3662
25487,3.53963
25488,5.0
25489,4.8318
25490,3.40273
25491,3.7817
25492,4.75877
25493,2.85638
25494,4.02658
25495,4.21411
25496,4.71203
25497,3.87692
25498,3.69503
25499,3.73928
25500,3.37943
25501,4.27141
25502,3.77525
25503,2.92821
25504,4.75075
25505,4.49269
25506,4.36189
25507,4.31413
25508,2.71308
25509,1.62084
25510,4.699
25511,3.99841
25512,3.23779
25513,4.31723
25514,4.03704
25515,3.91275
25516,3.26883
25517,4.1568
25518,4.40264
25519,3.35947
25520,4.84875
25521,3.00888
25522,2.96372
25523,3.23216
25524,4.77425
25525,3.80335
25526,4.3047
25527,3.34245
25528,3.18553
25529,4.54052
25530,4.83465
25531,3.60003
25532,3.22622
25533,5.0
25534,3.85596
25535,5.0
25536,4.13057
25537,4.20216
25538,3.90102
25539,3.55139
25540,3.683
25541,3.39701
25542,4.39653
25543,4.1768
25544,1.97984
25545,3.39394
25546,2.58288
25547,3.57968
25548,2.15277
25549,4.30173
25550,3.63442
25551,3.4455
25552,4.24986
25553,1.79346
25554,3.82182
25555,3.00936
25556,3.3453
25557,2.40379
25558,2.91826
25559,3.12992
25560,3.14466
25561,3.15716
25562,3.08859
25563,3.8238
25564,2.88642
25565,3.49314
25566,3.04643
25567,4.33724
25568,3.30662
25569,4.19523
25570,3.55216
25571,2.87088
25572,3.75626
25573,4.0519
25574,2.83688
25575,4.34213
25576,4.5806
25577,4.61022
25578,4.62256
25579,5.0
25580,3.65845
25581,3.23355
25582,3.05603
25583,3.62729
25584,4.11246
25585,4.51727
25586,4.46214
25587,3.81016
25588,2.69868
25589,3.21318
25590,3.50744
25591,5.0
25592,4.28496
25593,3.94439
25594,2.9881
25595,3.29519
25596,2.40928
25597,3.48626
25598,3.863
25599,3.20538
25600,2.67055
25601,2.39751
25602,3.81621
25603,4.06907
25604,4.15842
25605,4.38076
25606,4.28942
25607,3.29842
25608,4.44684
25609,4.13118
25610,4.18337
25611,3.50242
25612,3.89048
25613,4.39497
25614,3.56468
25615,3.43849
25616,3.75646
25617,4.60483
25618,2.4425
25619,2.34613
25620,4.70801
25621,2.75266
25622,4.61946
25623,2.24637
25624,2.53901
25625,2.4904
25626,2.16527
25627,3.88782
25628,4.78752
25629,4.87573
25630,2.85016
25631,3.88623
25632,2.90174
25633,3.06537
25634,1.3785
25635,3.3436
25636,3.13288
25637,3.56789
25638,2.33827
25639,1.89627
25640,2.70016
25641,3.34775
25642,2.99556
25643,3.0889
25644,4.11472
25645,3.86053
25646,3.9062
25647,3.54055
25648,3.16059
25649,3.3566
25650,4.49379
25651,4.7843
25652,4.1806
25653,2.99401
25654,4.06587
25655,3.41375
25656,4.48603
25657,3.45494
25658,4.58532
25659,4.37103
25660,4.16351
25661,4.56519
25662,5.0
25663,4.02225
25664,4.42541
25665,4.89002
25666,3.21637
25667,2.49814
25668,4.11464
25669,4.67554
25670,4.56434
25671,4.39448
25672,4.24561
25673,1.10358
25674,4.16402
25675,3.84567
25676,2.64076
25677,4.55238
25678,4.00455
25679,4.27356
25680,4.53305
25681,3.93832
25682,4.11505
25683,3.91142
25684,4.37224
25685,3.60817
25686,4.1118
25687,4.23527
25688,3.35865
25689,3.57352
25690,2.98348
25691,3.78772
25692,4.43019
25693,3.5063
25694,1.93228
25695,3.48837
25696,2.89961
25697,2.45903
25698,3.729
25699,4.5433
25700,4.36798
25701,4.25099
25702,2.61352
25703,4.60245
25704,2.98298
25705,4.03115
25706,3.52938
25707,4.5798
25708,4.53249
25709,4.16274
25710,3.7768
25711,3.07347
25712,3.98826
25713,3.54374
25714,4.08659
25715,2.91308
25716,3.76036
25717,4.46442
25718,4.42833
25719,3.85432
25720,4.5579
25721,3.93323
25722,4.25916
25723,4.03363
25724,4.48746
25725,3.99391
25726,4.18433
25727,4.19933
25728,1.0
25729,3.18176
25730,3.23691
25731,3.88214
25732,3.07312
25733,3.50448
25734,3.35477
25735,4.24726
25736,4.07743
25737,4.41472
25738,4.17614
25739,3.13923
25740,4.29792
25741,3.432
25742,3.64406
25743,3.23792
25744,3.27912
25745,3.80776
25746,3.35695
25747,3.91278
25748,3.9566
25749,2.34511
25750,4.06926
25751,2.92251
25752,3.351
25753,2.3125
25754,2.81651
25755,4.19292
25756,2.207
25757,2.36017
25758,2.82041
25759,3.797
25760,3.94703
25761,3.32553
25762,2.67597
25763,3.4961
25764,2.84632
25765,3.49947
25766,3.32044
25767,3.33473
25768,2.78842
25769,3.55829
25770,3.60673
25771,2.81918
25772,3.123
25773,2.96175
25774,4.16203
25775,2.626
25776,3.75719
25777,3.7378
25778,2.85686
25779,3.39063
25780,3.52889
25781,1.9012
25782,2.9186
25783,3.49335
25784,2.59078
25785,3.28992
25786,3.6641
25787,4.2365
25788,3.71416
25789,3.12655
25790,3.47351
25791,4.51449
25792,3.25598
25793,3.22988
25794,3.69433
25795,4.37655
25796,3.58833
25797,3.18328
25798,4.65236
25799,3.41966
25800,3.82293
25801,3.40314
25802,3.49714
25803,4.36854
25804,4.05161
25805,2.18372
25806,3.7355
25807,3.07601
25808,4.05894
25809,2.99897
25810,3.63427
25811,4.12676
25812,1.87203
25813,3.2279
25814,4.05082
25815,3.42019
25816,4.19419
25817,2.56676
25818,3.65665
25819,2.29983
25820,3.16447
25821,2.4704
25822,3.3269
25823,2.98287
25824,4.02128
25825,3.45284
25826,2.63254
25827,3.52825
25828,3.52098
25829,4.01091
25830,2.33664
25831,2.84847
25832,2.92116
25833,3.00488
25834,4.12585
25835,3.68993
25836,3.96018
25837,4.33174
25838,2.06373
25839,3.1017
25840,4.28386
25841,4.16435
25842,3.32158
25843,3.10043
25844,3.30107
25845,2.96033
25846,3.09047
25847,2.59006
25848,3.809
25849,3.1381
25850,2.98099
25851,3.19317
25852,4.18245
25853,1.89089
25854,3.83588
25855,3.26233
25856,2.48734
25857,3.01799
25858,3.45604
25859,3.06332
25860,4.3363
25861,3.10244
25862,2.88244
25863,4.11944
25864,4.33435
25865,3.76882
25866,3.85725
25867,4.76796
25868,3.27246
25869,3.6881
25870,3.76216
25871,3.56558
25872,3.89936
25873,3.02628
25874,3.72252
25875,3.1483
25876,3.30622
25877,4.19602
25878,2.75256
25879,3.48542
25880,2.4567
25881,4.03453
25882,4.80386
25883,4.3236
25884,4.95215
25885,5.0
25886,5.0
25887,4.13859
25888,4.37437
25889,4.48024
25890,4.64695
25891,4.43876
25892,4.19992
25893,4.28991
25894,2.78798
25895,4.01234
25896,4.2537
25897,4.52216
25898,4.56035
25899,3.54101
25900,4.59333
25901,3.78426
25902,5.0
25903,4.19166
25904,4.28096
25905,4.71092
25906,3.84903
25907,3.74691
25908,4.36331
25909,3.65372
25910,4.01794
25911,4.30901
25912,4.15281
25913,4.34393
25914,4.34724
25915,4.31146
25916,4.49308
25917,4.40149
25918,4.66621
25919,4.71528
25920,4.05337
25921,3.96621
25922,3.06575
25923,4.53387
25924,3.2333
25925,3.28248
25926,3.76403
25927,3.08815
25928,3.10311
25929,3.8604
25930,2.46496
25931,3.73485
25932,3.76962
25933,3.57719
25934,3.24399
25935,2.58665
25936,3.77156
25937,2.94953
25938,3.4281
25939,2.88767
25940,2.60617
25941,2.58254
25942,1.7781
25943,3.10667
25944,3.31913
25945,3.68693
25946,4.06602
25947,2.5747
25948,3.62657
25949,3.06297
25950,3.18973
25951,4.16629
25952,3.75612
25953,3.36018
25954,3.95799
25955,2.9651
25956,3.38538
25957,4.24112
25958,3.12321
25959,3.6298
25960,3.20737
25961,2.33394
25962,2.4839
25963,1.5883
25964,3.3215
25965,1.84869
25966,3.91438
25967,4.318
25968,3.18358
25969,4.37276
25970,2.99897
25971,3.02294
25972,3.88971
25973,4.086
25974,4.11769
25975,2.04919
25976,3.21245
25977,3.5532
25978,5.0
25979,4.97106
25980,3.72826
25981,5.0
25982,4.2921
25983,4.32891
25984,1.48046
25985,3.94516
25986,4.16587
25987,3.82724
25988,3.76453
25989,4.10697
25990,4.24005
25991,3.21238
25992,3.84822
25993,4.08463
25994,4.30671
25995,3.48762
25996,4.71078
25997,3.61659
25998,4.41595
25999,4.56106
26000,4.30676
26001,3.692
26002,4.2917
26003,4.23579
26004,4.12247
26005,3.85358
26006,4.92175
26007,4.50859
26008,3.93445
26009,3.67922
26010,4.56914
26011,4.60801
26012,4.3679
26013,5.0
26014,4.28078
26015,4.78142
26016,4.99873
26017,3.51945
26018,4.6273
26019,4.31476
26020,4.06734
26021,4.50739
26022,4.68121
26023,4.8234
26024,5.0
26025,4.38068
26026,2.97507
26027,3.49913
26028,3.43946
26029,3.87252
26030,3.5294
26031,3.63711
26032,4.35769
26033,3.8891
26034,3.50918
26035,3.61545
26036,3.52467
26037,3.72999
26038,3.61003
26039,3.43889
26040,3.67273
26041,3.73636
26042,3.97486
26043,3.79595
26044,3.71954
26045,3.63296
26046,2.94772
26047,3.29108
26048,2.75271
26049,3.60276
26050,3.91128
26051,3.63533
26052,3.66922
26053,3.32278
26054,4.24715
26055,3.7089
26056,3.55347
26057,3.73416
26058,3.50194
26059,3.56789
26060,3.13112
26061,3.56786
26062,1.91844
26063,2.68368
26064,3.325
26065,2.77474
26066,3.20166
26067,3.10659
26068,2.75687
26069,3.43104
26070,4.09867
26071,3.68374
26072,3.20921
26073,1.98241
26074,1.50215
26075,2.83239
26076,2.97149
26077,3.0475
26078,3.02393
26079,4.10279
26080,3.76792
26081,3.43818
26082,4.45389
26083,2.95819
26084,3.61808
26085,4.02353
26086,2.42675
26087,4.65769
26088,3.19706
26089,4.04904
26090,4.57125
26091,2.88797
26092,3.39949
26093,4.41739
26094,2.64502
26095,5.0
26096,3.62069
26097,4.49148
26098,4.63566
26099,4.87427
26100,3.79425
26101,4.20519
26102,3.96102
26103,4.25813
26104,4.24294
26105,4.25638
26106,4.00031
26107,1.87055
26108,1.7884
26109,3.86327
26110,4.36397
26111,4.85533
26112,4.33738
26113,1.0
26114,3.62178
26115,4.19148
26116,4.48864
26117,4.79438
26118,4.00599
26119,3.5737
26120,3.01536
26121,3.08862
26122,3.52776
26123,3.38314
26124,4.14327
26125,4.15003
26126,4.27947
26127,1.26213
26128,2.39864
26129,2.72356
26130,4.68
26131,2.9187
26132,4.03941
26133,2.56408
26134,3.36031
26135,2.52206
26136,2.14928
26137,3.25296
26138,4.22162
26139,3.91882
26140,3.87876
26141,3.76886
26142,3.25843
26143,2.23047
26144,4.42672
26145,3.5321
26146,2.60581
26147,4.28682
26148,5.0
26149,2.46457
26150,3.46701
26151,2.81756
26152,3.62937
26153,3.38354
26154,3.17974
26155,2.80907
26156,3.47942
26157,3.53797
26158,3.12042
26159,3.70719
26160,3.5092
26161,3.19038
26162,3.74011
26163,4.0374
26164,2.743
26165,4.22442
26166,2.28703
26167,3.16259
26168,3.83764
26169,3.85755
26170,3.43493
26171,2.53121
26172,3.24236
26173,3.36522
26174,3.87608
26175,3.40649
26176,3.80017
26177,2.42412
26178,3.70152
26179,3.15321
26180,2.64207
26181,3.96676
26182,2.93703
26183,3.85025
26184,2.84072
26185,3.63234
26186,3.11507
26187,3.41936
26188,3.52165
26189,3.37618
26190,2.78819
26191,3.09362
26192,4.39046
26193,3.11689
26194,3.44025
26195,2.83814
26196,3.61199
26197,3.47281
26198,3.26221
26199,4.07267
26200,3.72462
26201,3.02178
26202,2.97991
26203,3.7945
26204,3.07607
26205,3.55552
26206,3.12734
26207,4.60471
26208,3.05692
26209,2.00379
26210,4.39675
26211,4.22507
26212,4.18334
26213,1.79039
26214,3.3733
26215,4.45619
26216,2.17838
26217,2.21471
26218,3.03616
26219,3.88374
26220,4.61523
26221,3.36437
26222,3.9272
26223,2.66862
26224,3.7618
26225,3.98733
26226,2.60536
26227,2.65551
26228,2.21684
26229,2.91281
26230,2.36985
26231,2.20037
26232,3.90259
26233,3.30752
26234,3.83402
26235,4.31346
26236,4.60163
26237,4.42521
26238,2.66727
26239,2.81981
26240,4.16006
26241,3.65979
26242,2.47216
26243,3.38918
26244,4.23763
26245,4.78083
26246,4.11212
26247,4.27049
26248,4.13032
26249,3.02372
26250,3.35391
26251,3.81058
26252,3.47678
26253,2.78559
26254,3.49048
26255,2.62756
26256,4.64568
26257,4.01844
26258,4.54195
26259,2.92459
26260,4.34311
26261,3.28227
26262,2.23864
26263,4.11526
26264,4.69289
26265,4.99413
26266,3.60625
26267,3.77714
26268,2.74473
26269,3.83982
26270,3.40076
26271,4.9068
26272,3.23973
26273,5.0
26274,4.10407
26275,5.0
26276,4.66322
26277,3.95547
26278,3.60088
26279,4.13626
26280,4.05895
26281,3.80216
26282,3.4427
26283,4.12658
26284,5.0
26285,4.81342
26286,4.80494
26287,3.46117
26288,3.04776
26289,3.08527
26290,3.66032
26291,3.87104
26292,2.59374
26293,3.59561
26294,3.01506
26295,3.98597
26296,3.08791
26297,4.17916
26298,4.16342
26299,2.71211
26300,3.89594
26301,3.47848
26302,2.92316
26303,3.45231
26304,3.75214
26305,3.48173
26306,2.5402
26307,4.01518
26308,3.31171
26309,3.69377
26310,3.0171
26311,3.80422
26312,3.31349
26313,3.56197
26314,2.51999
26315,2.42665
26316,3.1061
26317,3.62606
26318,3.50648
26319,3.1986
26320,3.18567
26321,3.76734
26322,1.91464
26323,2.86257
26324,2.98767
26325,3.90148
26326,3.55105
26327,4.27263
26328,3.86919
26329,2.51204
26330,3.54931
26331,3.63722
26332,2.48652
26333,3.5564
26334,2.96783
26335,2.27419
26336,3.20203
26337,3.43885
26338,2.78418
26339,3.18709
26340,4.29327
26341,3.88233
26342,3.29811
26343,3.07652
26344,2.95657
26345,4.00478
26346,3.34913
26347,1.83586
26348,3.38616
26349,2.97372
26350,2.75866
26351,3.09972
26352,3.35274
26353,3.28104
26354,3.04039
26355,3.71013
26356,3.3058
26357,3.61328
26358,2.45263
26359,3.66597
26360,3.37431
26361,3.06188
26362,3.33064
26363,3.55377
26364,3.23273
26365,2.7331
26366,3.40324
26367,2.73875
26368,3.21052
26369,3.18639
26370,3.46554
26371,2.95231
26372,4.01046
26373,2.73789
26374,3.28231
26375,3.45251
26376,3.54394
26377,3.98379
26378,2.84566
26379,3.69527
26380,3.0417
26381,1.29096
26382,3.36142
26383,3.96368
26384,3.96752
26385,3.31011
26386,3.63016
26387,3.52613
26388,3.57552
26389,3.02544
26390,3.59907
26391,4.56199
26392,3.80346
26393,3.24606
26394,3.16166
26395,4.10224
26396,4.02876
26397,1.94187
26398,2.72249
26399,3.1731
26400,4.13025
26401,4.15855
26402,3.90498
26403,3.92425
26404,3.41161
26405,3.24935
26406,3.45736
26407,2.98205
26408,2.99064
26409,2.76007
26410,2.9052
26411,2.93235
26412,3.34685
26413,3.3469
26414,2.85807
26415,3.26777
26416,3.03731
26417,2.29616
26418,2.98182
26419,3.12291
26420,2.48163
26421,2.90153
26422,2.2222
26423,2.96074
26424,3.14269
26425,2.88791
26426,3.1757
26427,3.44208
26428,3.29015
26429,2.95742
26430,3.51034
26431,1.26471
26432,1.04595
26433,2.71733
26434,1.36906
26435,1.0
26436,3.71445
26437,3.1369
26438,2.20295
26439,3.0832
26440,1.77019
26441,1.98944
26442,2.76453
26443,3.04643
26444,1.0
26445,2.27751
26446,3.49375
26447,3.96248
26448,4.19997
26449,4.37338
26450,3.13029
26451,3.42894
26452,2.8766
26453,3.7898
26454,4.36046
26455,2.6889
26456,3.21436
26457,2.64421
26458,3.33862
26459,2.89564
26460,2.47468
26461,2.91259
26462,4.1514
26463,4.17637
26464,3.86892
26465,4.40843
26466,1.82915
26467,2.602
26468,3.67194
26469,4.23763
26470,2.43915
26471,2.95999
26472,3.32467
26473,3.9495
26474,3.63647
26475,3.53995
26476,2.86664
26477,3.51082
26478,2.82917
26479,1.95563
26480,4.49729
26481,4.1101
26482,2.78398
26483,4.05407
26484,3.86981
26485,4.04245
26486,4.38755
26487,4.1062
26488,3.7512
26489,4.25026
26490,4.23583
26491,4.24348
26492,4.25891
26493,3.05734
26494,3.58948
26495,3.24007
26496,3.21587
26497,3.22233
26498,3.43941
26499,1.8782
26500,3.52221
26501,3.5985
26502,3.23189
26503,3.8941
26504,3.19811
26505,3.81007
26506,2.09486
26507,3.64439
26508,3.81551
26509,2.73042
26510,4.11529
26511,2.34541
26512,4.54373
26513,3.60262
26514,4.67504
26515,4.2356
26516,1.83603
26517,2.74625
26518,2.45408
26519,3.14271
26520,4.08802
26521,3.66815
26522,3.58513
26523,2.84506
26524,3.3522
26525,4.41081
26526,3.95884
26527,3.47291
26528,3.86053
26529,3.62288
26530,4.83234
26531,2.49759
26532,3.92734
26533,2.20111
26534,3.46403
26535,4.7204
26536,3.85732
26537,3.5218
26538,4.48172
26539,4.55407
26540,4.31668
26541,1.8976
26542,2.61846
26543,3.25126
26544,4.53652
26545,3.86355
26546,3.82125
26547,3.95562
26548,4.53335
26549,2.78514
26550,4.30988
26551,3.33778
26552,3.04985
26553,4.27704
26554,3.2657
26555,2.47429
26556,4.42417
26557,3.97854
26558,3.56849
26559,3.39955
26560,3.55103
26561,2.27291
26562,2.60036
26563,3.41045
26564,2.94139
26565,3.11826
26566,3.34847
26567,2.89019
26568,2.7052
26569,2.98497
26570,3.11159
26571,2.20702
26572,3.00436
26573,4.858
26574,3.9836
26575,3.84573
26576,4.43823
26577,3.02469
26578,3.53796
26579,3.686
26580,1.92132
26581,3.56349
26582,3.42839
26583,1.69017
26584,2.95659
26585,2.47108
26586,3.59324
26587,4.14645
26588,3.06183
26589,2.65384
26590,2.83013
26591,3.81728
26592,3.80882
26593,3.97265
26594,3.55739
26595,3.16364
26596,2.6782
26597,3.30067
26598,4.52087
26599,1.46071
26600,3.72775
26601,2.41487
26602,3.20907
26603,2.87609
26604,3.35411
26605,3.24451
26606,4.17735
26607,3.7532
26608,2.11858
26609,4.3124
26610,2.76545
26611,3.90964
26612,2.42179
26613,3.30008
26614,3.64505
26615,3.24361
26616,4.26831
26617,2.0044
26618,4.98005
26619,4.14854
26620,4.33029
26621,3.35824
26622,3.60934
26623,3.38299
26624,2.52029
26625,3.89579
26626,3.92305
26627,2.66029
26628,2.90638
26629,2.9574
26630,3.00347
26631,3.12529
26632,2.92334
26633,3.46564
26634,3.31572
26635,1.93403
26636,1.82456
26637,3.29248
26638,2.78016
26639,3.31703
26640,3.35614
26641,3.07378
26642,2.41428
26643,2.89104
26644,2.79956
26645,3.52524
26646,2.85975
26647,3.16006
26648,3.2474
26649,3.67868
26650,2.53795
26651,4.28147
26652,2.52487
26653,3.95863
26654,4.03012
26655,3.65392
26656,1.70427
26657,3.39649
26658,3.92267
26659,1.57131
26660,2.64653
26661,3.69873
26662,2.76097
26663,3.30522
26664,2.33869
26665,2.79913
26666,2.42607
26667,3.45876
26668,3.42264
26669,1.86272
26670,4.23929
26671,2.74162
26672,3.53834
26673,1.20731
26674,3.66781
26675,2.47408
26676,3.83306
26677,2.94324
26678,4.02194
26679,5.0
26680,4.74401
26681,3.93151
26682,4.54516
26683,4.94037
26684,3.93765
26685,4.45815
26686,3.74489
26687,4.78516
26688,4.50771
26689,3.35102
26690,4.17487
26691,4.45501
26692,4.20035
26693,4.57144
26694,2.66949
26695,3.01574
26696,4.31633
26697,3.41979
26698,3.93785
26699,4.40367
26700,4.26524
26701,4.67761
26702,4.38691
26703,4.33239
26704,3.33357
26705,4.34201
26706,1.95621
26707,1.96609
26708,3.1567
26709,4.36506
26710,2.06116
26711,3.04501
26712,1.0
26713,1.16496
26714,2.62644
26715,2.41518
26716,1.0
26717,2.8778
26718,3.27528
26719,1.55658
26720,3.36066
26721,3.21972
26722,4.85664
26723,2.1729
26724,3.65635
26725,2.98133
26726,3.12464
26727,2.09082
26728,4.82075
26729,2.40596
26730,2.60935
26731,4.71974
26732,3.44068
26733,4.96583
26734,4.1522
26735,1.0
26736,2.94646
26737,3.91844
26738,4.4287
26739,4.40245
26740,2.43146
26741,3.97023
26742,3.65332
26743,3.63241
26744,3.45187
26745,3.53888
26746,4.70146
26747,3.42634
26748,3.9457
26749,3.18197
26750,3.1514
26751,4.18157
26752,2.41165
26753,3.06203
26754,3.2423
26755,2.56721
26756,2.46303
26757,3.52429
26758,4.2926
26759,4.22906
26760,3.36694
26761,4.43158
26762,3.03485
26763,3.54859
26764,3.78209
26765,2.7224
26766,2.51997
26767,3.4487
26768,3.90182
26769,1.25677
26770,4.0625
26771,4.1707
26772,4.35515
26773,2.30714
26774,2.69457
26775,2.91269
26776,2.82749
26777,2.89681
26778,4.43837
26779,4.2543
26780,3.20464
26781,3.91838
26782,4.07724
26783,2.89389
26784,2.08986
26785,4.01726
26786,3.10156
26787,3.5458
26788,4.1041
26789,3.54735
26790,4.13426
26791,2.38137
26792,4.14532
26793,3.58956
26794,4.77482
26795,4.12825
26796,3.44659
26797,3.73051
26798,4.46371
26799,4.39326
26800,4.88937
26801,4.55871
26802,3.97873
26803,4.13058
26804,3.56486
26805,3.83368
26806,3.19391
26807,4.05715
26808,3.68206
26809,3.77474
26810,3.8576
26811,4.18912
26812,4.50031
26813,4.09582
26814,3.65849
26815,3.76124
26816,4.23915
26817,4.61766
26818,4.93323
26819,4.11022
26820,4.81098
26821,4.3194
26822,3.86549
26823,3.14807
26824,2.74107
26825,3.43633
26826,3.56743
26827,4.01058
26828,2.56984
26829,1.92424
26830,1.65187
26831,2.02553
26832,1.96341
26833,1.18532
26834,2.26147
26835,2.34351
26836,1.82832
26837,3.10724
26838,1.84536
26839,1.67908
26840,2.73833
26841,3.60524
26842,4.42187
26843,4.62676
26844,2.48364
26845,3.8022
26846,3.85389
26847,3.2032
26848,4.37661
26849,3.9432
26850,3.06037
26851,4.07466
26852,3.98339
26853,4.62986
26854,1.43813
26855,3.40906
26856,4.07887
26857,4.42726
26858,4.63423
26859,3.37386
26860,3.64469
26861,4.01612
26862,3.49322
26863,4.17791
26864,3.69748
26865,4.52322
26866,3.54592
26867,3.94965
26868,2.919
26869,2.80073
26870,1.0
26871,3.52678
26872,3.47102
26873,3.38301
26874,3.87278
26875,3.44123
26876,2.78958
26877,3.10279
26878,1.52071
26879,1.0
26880,1.30613
26881,1.95003
26882,3.90484
26883,3.50442
26884,2.14995
26885,2.66645
26886,2.0902
26887,2.23106
26888,2.77093
26889,1.0
26890,1.9361
26891,1.98056
26892,3.46751
26893,2.52341
26894,3.473
26895,2.93768
26896,2.60948
26897,4.48153
26898,3.93027
26899,2.07253
26900,3.13342
26901,3.18996
26902,3.20796
26903,3.31449
26904,1.5389
26905,1.81782
26906,2.88072
26907,2.85747
26908,3.51209
26909,2.19895
26910,2.96116
26911,2.72803
26912,1.40792
26913,3.83191
26914,1.25937
26915,4.51901
26916,1.39093
26917,2.84285
26918,4.23921
26919,4.18246
26920,3.233
26921,2.27125
26922,3.30004
26923,2.61938
26924,2.76899
26925,2.56491
26926,2.08204
26927,2.0195
26928,3.0047
26929,2.3489
26930,2.64259
26931,3.7379
26932,2.95583
26933,3.32368
26934,2.94384
26935,1.61841
26936,4.03359
26937,2.156
26938,3.64053
26939,3.1546
26940,2.94124
26941,3.81912
26942,2.98025
26943,3.01527
26944,3.22881
26945,4.10085
26946,2.00276
26947,3.35872
26948,4.11795
26949,2.53504
26950,4.0788
26951,3.09661
26952,4.8096
26953,4.24476
26954,3.14547
26955,4.84256
26956,4.43703
26957,4.81529
26958,3.13316
26959,3.43027
26960,3.19715
26961,4.66476
26962,3.68992
26963,4.54681
26964,4.0558
26965,4.00238
26966,5.0
26967,5.0
26968,4.25069
26969,3.67427
26970,3.92135
26971,2.47767
26972,2.60952
26973,2.80561
26974,2.88127
26975,3.62643
26976,2.79259
26977,2.25323
26978,2.37918
26979,4.32077
26980,5.0
26981,2.13419
26982,4.94411
26983,4.18111
26984,4.47205
26985,2.92268
26986,3.1654
26987,2.84251
26988,2.7685
26989,4.22477
26990,5.0
26991,5.0
26992,3.63917
26993,4.12942
26994,4.4601
26995,4.56819
26996,4.03158
26997,1.72718
26998,4.2963
26999,5.0
27000,4.03099
27001,4.8505
27002,3.71661
27003,4.55686
27004,3.46373
27005,4.44484
27006,3.66028
27007,4.22272
27008,2.90931
27009,4.44922
27010,3.70721
27011,3.46645
27012,2.78145
27013,3.29022
27014,3.80902
27015,2.77743
27016,3.57325
27017,3.6495
27018,4.13236
27019,4.41432
27020,3.97593
27021,3.95294
27022,3.72107
27023,4.21798
27024,2.59439
27025,1.70285
27026,3.66592
27027,3.849
27028,3.77465
27029,3.01028
27030,2.18722
27031,2.68157
27032,2.5558
27033,4.45926
27034,3.09527
27035,4.66521
27036,2.78156
27037,3.59336
27038,2.71547
27039,1.28139
27040,4.2278
27041,3.69612
27042,3.13286
27043,2.20692
27044,3.77012
27045,2.75388
27046,1.0
27047,3.02191
27048,2.31259
27049,3.60946
27050,4.09984
27051,3.42673
27052,3.59773
27053,1.78406
27054,4.08609
27055,2.89608
27056,3.68741
27057,4.73977
27058,4.48079
27059,3.17365
27060,2.95112
27061,3.85177
27062,3.08183
27063,3.46059
27064,4.30718
27065,3.19708
27066,3.68796
27067,3.60211
27068,4.24724
27069,3.52176
27070,3.67409
27071,3.46456
27072,3.6096
27073,3.52537
27074,3.55381
27075,3.91382
27076,3.85667
27077,3.30494
27078,2.73664
27079,3.75116
27080,3.82379
27081,3.59106
27082,3.18273
27083,3.15886
27084,2.8703
27085,3.5723
27086,2.6058
27087,4.34603
27088,3.76886
27089,3.65795
27090,3.31124
27091,3.72585
27092,4.08162
27093,3.70346
27094,3.5563
27095,3.62481
27096,4.30607
27097,3.31443
27098,2.92633
27099,3.95605
27100,3.17185
27101,4.1764
27102,3.38167
27103,4.07049
27104,4.08617
27105,3.80974
27106,3.66415
27107,4.24598
27108,3.8201
27109,3.65568
27110,4.21937
27111,3.38017
27112,4.01295
27113,4.37653
27114,3.57831
27115,3.50686
27116,2.92887
27117,2.60613
27118,3.63278
27119,4.71596
27120,4.25978
27121,2.53412
27122,1.94161
27123,1.21756
27124,3.20245
27125,1.48235
27126,2.50147
27127,3.18286
27128,2.90362
27129,2.76034
27130,2.51429
27131,1.65857
27132,2.17751
27133,2.52965
27134,2.77808
27135,2.11859
27136,3.71289
27137,2.35404
27138,3.77476
27139,3.32363
27140,3.26698
27141,2.57117
27142,2.69481
27143,3.38407
27144,3.01699
27145,4.51365
27146,2.3133
27147,2.4159
27148,3.544
27149,3.6627
27150,1.2605
27151,3.29926
27152,2.19614
27153,2.50267
27154,2.833
27155,3.16799
27156,1.62947
27157,2.47834
27158,1.92496
27159,1.99421
27160,2.15768
27161,4.1137
27162,3.16428
27163,3.79958
27164,3.02899
27165,4.22396
27166,3.24465
27167,4.74613
27168,4.72699
27169,4.04334
27170,3.9095
27171,4.01294
27172,4.77959
27173,4.05878
27174,3.77558
27175,5.0
27176,3.95017
27177,4.17403
27178,5.0
27179,4.39459
27180,4.25357
27181,4.10318
27182,4.86027
27183,3.55697
27184,4.29375
27185,5.0
27186,4.16846
27187,4.22253
27188,2.91195
27189,4.97629
27190,5.0
27191,3.07246
27192,2.56725
27193,3.49008
27194,1.41625
27195,4.70372
27196,4.5362
27197,3.80962
27198,4.22026
27199,4.57304
27200,4.91901
27201,4.72622
27202,4.31071
27203,4.92225
27204,4.56684
27205,2.66804
27206,4.67432
27207,4.0601
27208,4.47554
27209,4.5594
27210,4.95194
27211,4.37061
27212,3.20298
27213,4.1726
27214,4.33393
27215,3.67829
27216,3.71727
27217,3.82651
27218,4.86712
27219,3.97873
27220,4.06496
27221,4.40165
27222,3.52631
27223,4.66013
27224,5.0
27225,3.00156
27226,4.49749
27227,3.39061
27228,4.21853
27229,3.86399
27230,3.6754
27231,3.88882
27232,4.14433
27233,4.29111
27234,4.74828
27235,4.92711
27236,3.02941
27237,4.57707
27238,5.0
27239,4.49803
27240,3.22338
27241,3.8378
27242,3.08518
27243,4.67954
27244,3.28667
27245,3.97685
27246,4.6426
27247,3.86902
27248,3.8415
27249,2.18773
27250,2.49516
27251,2.34256
27252,3.50985
27253,3.80378
27254,3.88679
27255,2.42148
27256,4.6468
27257,3.84035
27258,3.96906
27259,3.85821
27260,3.42858
27261,2.63126
27262,3.59978
27263,2.28123
27264,2.93894
27265,2.55812
27266,4.26036
27267,3.07301
27268,3.62417
27269,3.15468
27270,3.42954
27271,2.18452
27272,2.91286
27273,2.62636
27274,2.86692
27275,2.84333
27276,1.97024
27277,3.3794
27278,2.90896
27279,2.27587
27280,3.44156
27281,5.0
27282,2.18055
27283,3.69631
27284,3.03269
27285,3.64139
27286,4.34534
27287,2.79797
27288,2.10266
27289,4.0415
27290,2.4027
27291,3.74821
27292,3.30983
27293,2.96676
27294,3.47199
27295,2.60388
27296,2.55008
27297,2.26178
27298,2.87131
27299,4.55237
27300,2.46713
27301,3.81152
27302,3.33793
27303,3.44767
27304,4.33429
27305,3.27265
27306,3.55619
27307,3.97013
27308,2.95953
27309,1.93273
27310,3.00732
27311,2.80118
27312,2.45285
27313,4.1702
27314,2.53855
27315,3.1783
27316,3.53327
27317,3.99319
27318,3.92231
27319,3.72959
27320,3.66833
27321,3.276
27322,3.4107
27323,3.68275
27324,4.76714
27325,2.84027
27326,3.66941
27327,1.83142
27328,2.19874
27329,2.84614
27330,2.77877
27331,1.75996
27332,1.78553
27333,4.47065
27334,4.06482
27335,3.55309
27336,3.32666
27337,4.20995
27338,3.47491
27339,3.11453
27340,3.36628
27341,3.21636
27342,4.03002
27343,3.87957
27344,4.01956
27345,4.30697
27346,4.01286
27347,4.1344
27348,3.74262
27349,4.08371
27350,3.01143
27351,3.35668
27352,3.20114
27353,2.96335
27354,4.16677
27355,3.78264
27356,3.94606
27357,3.4892
27358,2.93667
27359,2.056
27360,3.37259
27361,4.02161
27362,4.8988
27363,3.80917
27364,3.30179
27365,3.9923
27366,4.16188
27367,3.84554
27368,2.37207
27369,3.02167
27370,3.56793
27371,3.83301
27372,4.77936
27373,3.79482
27374,4.1942
27375,3.50841
27376,2.81518
27377,4.02045
27378,3.66493
27379,3.40361
27380,3.57175
27381,3.10593
27382,4.45416
27383,3.80104
27384,3.74906
27385,3.22139
27386,3.71085
27387,3.72034
27388,3.91563
27389,3.09085
27390,3.4925
27391,3.60631
27392,3.49865
27393,4.69687
27394,3.78067
27395,3.79524
27396,3.46526
27397,4.64015
27398,3.97627
27399,3.5615
27400,2.94802
27401,4.14192
27402,4.46348
27403,2.88895
27404,4.06649
27405,3.37852
27406,3.98528
27407,3.0789
27408,3.58474
27409,4.56496
27410,4.52924
27411,5.0
27412,3.50566
27413,4.20293
27414,4.01244
27415,1.9623
27416,3.23788
27417,1.86
27418,3.7176
27419,2.97953
27420,3.334
27421,3.74407
27422,3.77962
27423,3.74052
27424,3.29913
27425,3.41145
27426,4.00758
27427,3.48532
27428,4.03078
27429,3.48546
27430,3.12387
27431,3.42476
27432,3.85088
27433,3.0272
27434,3.73935
27435,3.51348
27436,3.86648
27437,2.89153
27438,3.29684
27439,3.42265
27440,3.98895
27441,3.60473
27442,3.72401
27443,2.94548
27444,3.01558
27445,3.26406
27446,3.02908
27447,4.06351
27448,2.69718
27449,3.42526
27450,3.10955
27451,3.67953
27452,2.51669
27453,3.74137
27454,2.5447
27455,3.2296
27456,3.41934
27457,4.0282
27458,4.10037
27459,3.83574
27460,3.27028
27461,3.96035
27462,3.85872
27463,2.80166
27464,2.11617
27465,3.11839
27466,2.22409
27467,2.74518
27468,4.12709
27469,4.2257
27470,5.0
27471,4.16762
27472,4.167
27473,3.82454
27474,3.80056
27475,4.53234
27476,2.12332
27477,3.18543
27478,3.34215
27479,1.0
27480,4.89749
27481,5.0
27482,4.06474
27483,3.71646
27484,4.42973
27485,2.22564
27486,2.65013
27487,4.54475
27488,4.2075
27489,2.45462
27490,3.00355
27491,2.23138
27492,4.88355
27493,3.29856
27494,2.741
27495,3.65611
27496,2.8004
27497,3.02141
27498,3.81008
27499,3.18783
27500,2.91662
27501,3.36579
27502,3.11191
27503,2.86821
27504,3.53902
27505,2.72204
27506,3.56844
27507,3.73348
27508,3.49784
27509,2.45767
27510,4.00869
27511,3.43628
27512,2.45172
27513,3.46398
27514,4.1164
27515,3.6053
27516,3.92333
27517,3.72696
27518,3.24546
27519,2.6209
27520,3.89459
27521,3.04327
27522,3.58778
27523,2.9841
27524,2.82021
27525,2.71179
27526,3.6092
27527,3.48229
27528,3.12902
27529,3.60662
27530,3.05005
27531,4.46256
27532,3.44877
27533,3.44435
27534,3.51037
27535,3.81279
27536,4.2619
27537,2.19945
27538,3.62788
27539,3.24887
27540,3.90904
27541,3.4806
27542,2.60325
27543,3.60455
27544,3.27142
27545,3.64985
27546,3.16143
27547,2.92701
27548,3.53715
27549,3.78046
27550,2.77707
27551,3.71988
27552,4.03204
27553,2.62301
27554,3.91312
27555,3.61911
27556,3.79837
27557,2.88269
27558,3.40259
27559,3.61482
27560,2.75315
27561,3.35053
27562,3.07801
27563,3.13419
27564,3.63636
27565,3.21124
27566,3.10255
27567,2.51281
27568,2.02183
27569,3.28471
27570,3.96112
27571,2.8883
27572,3.87835
27573,4.57639
27574,3.82712
27575,4.07396
27576,3.90015
27577,4.04051
27578,3.02075
27579,4.0442
27580,4.46322
27581,4.49691
27582,2.86396
27583,3.83572
27584,1.84577
27585,4.227
27586,3.92804
27587,1.69167
27588,3.22567
27589,5.0
27590,5.0
27591,4.52496
27592,4.9086
27593,3.62155
27594,4.17055
27595,3.48048
27596,3.51876
27597,4.31765
27598,3.54629
27599,4.65299
27600,4.00729
27601,4.58108
27602,4.05396
27603,2.66926
27604,2.82753
27605,3.00122
27606,4.17616
27607,4.53264
27608,4.4637
27609,2.70454
27610,4.1654
27611,4.0392
27612,3.60568
27613,4.78843
27614,4.39782
27615,4.01225
27616,4.6679
27617,2.25022
27618,3.92339
27619,3.39295
27620,2.76289
27621,3.15873
27622,3.76451
27623,5.0
27624,3.56302
27625,4.46018
27626,4.6576
27627,2.85482
27628,3.67982
27629,3.65318
27630,3.25323
27631,3.49808
27632,3.81588
27633,2.27215
27634,4.59371
27635,3.57357
27636,2.86634
27637,4.17237
27638,3.85617
27639,4.06357
27640,4.72183
27641,4.3408
27642,4.41929
27643,3.25591
27644,4.464
27645,3.44149
27646,4.65539
27647,4.10333
27648,4.11836
27649,4.417
27650,2.81703
27651,3.57784
27652,3.98231
27653,3.60567
27654,4.26177
27655,4.10124
27656,4.64868
27657,3.30963
27658,2.25242
27659,3.91848
27660,4.09029
27661,2.99699
27662,1.93875
27663,4.58526
27664,3.43024
27665,4.57661
27666,4.27285
27667,3.7681
27668,4.59751
27669,4.32053
27670,4.47722
27671,3.89558
27672,3.6288
27673,4.56374
27674,3.90871
27675,4.31595
27676,4.17877
27677,4.15145
27678,2.4064
27679,3.99929
27680,1.82895
27681,3.80343
27682,3.37666
27683,3.03151
27684,2.94797
27685,3.7288
27686,4.63137
27687,2.26846
27688,1.77569
27689,2.7054
27690,4.49778
27691,2.70892
27692,4.0655
27693,2.45302
27694,3.82687
27695,2.2958
27696,3.25337
27697,2.06901
27698,2.67783
27699,3.49186
27700,2.1757
27701,3.40395
27702,2.73658
27703,3.25658
27704,3.84191
27705,3.72027
27706,3.2909
27707,3.88738
27708,3.46344
27709,2.89535
27710,3.1332
27711,2.31668
27712,2.78344
27713,3.34628
27714,3.54614
27715,4.23537
27716,2.21205
27717,1.68557
27718,3.88513
27719,2.19654
27720,1.77996
27721,3.20148
27722,2.43977
27723,1.73235
27724,4.67413
27725,3.55685
27726,1.85689
27727,1.51748
27728,3.71526
27729,4.8725
27730,3.28032
27731,5.0
27732,4.4074
27733,5.0
27734,4.16556
27735,3.3553
27736,4.44214
27737,2.77901
27738,2.29811
27739,2.54239
27740,3.44861
27741,3.98468
27742,4.03143
27743,3.96243
27744,4.1786
27745,4.28512
27746,3.17975
27747,4.27848
27748,3.52082
27749,3.5844
27750,3.17268
27751,3.42396
27752,2.50814
27753,2.72535
27754,3.74322
27755,3.11138
27756,3.1391
27757,3.51147
27758,2.69314
27759,3.21999
27760,3.92356
27761,3.75816
27762,3.52812
27763,3.72537
27764,3.07697
27765,2.69168
27766,3.47091
27767,2.61603
27768,3.05662
27769,3.24952
27770,3.73218
27771,4.07243
27772,3.3833
27773,3.88106
27774,3.145
27775,4.26135
27776,4.04989
27777,3.16032
27778,3.94845
27779,2.09758
27780,3.81232
27781,3.14568
27782,3.58536
27783,2.32814
27784,3.36495
27785,2.77088
27786,2.30978
27787,4.1703
27788,3.27128
27789,3.3797
27790,2.49722
27791,2.49874
27792,3.02817
27793,3.01072
27794,3.58443
27795,4.10213
27796,3.53308
27797,3.72797
27798,4.15578
27799,4.18934
27800,2.43544
27801,2.66849
27802,4.8696
27803,3.25862
27804,2.99135
27805,4.40785
27806,2.32134
27807,3.93058
27808,4.09869
27809,4.58936
27810,4.56748
27811,4.12967
27812,2.93543
27813,3.45285
27814,3.70259
27815,3.1425
27816,2.96718
27817,4.65715
27818,4.21366
27819,3.35412
27820,3.81274
27821,1.95246
27822,3.13711
27823,3.57553
27824,3.2719
27825,4.0352
27826,3.09931
27827,3.75981
27828,4.0965
27829,4.52507
27830,2.41638
27831,3.38339
27832,3.30116
27833,3.45385
27834,4.41388
27835,2.76776
27836,3.08482
27837,3.43462
27838,2.79529
27839,4.83437
27840,3.01441
27841,3.48693
27842,3.44245
27843,3.42224
27844,3.19421
27845,2.49716
27846,4.30692
27847,4.39606
27848,4.6876
27849,3.32341
27850,3.79622
27851,2.71237
27852,3.7151
27853,3.79436
27854,3.2303
27855,3.59518
27856,4.27135
27857,2.94075
27858,3.93202
27859,3.87039
27860,3.9288
27861,4.33028
27862,2.8801
27863,3.89881
27864,3.24679
27865,3.76375
27866,3.70344
27867,3.75666
27868,4.14939
27869,4.18859
27870,2.07035
27871,3.63457
27872,3.47704
27873,4.40741
27874,3.17743
27875,3.42241
27876,4.04976
27877,3.58241
27878,3.17281
27879,3.86046
27880,3.71637
27881,2.71137
27882,3.93372
27883,3.20094
27884,2.55619
27885,3.09802
27886,3.69401
27887,4.50612
27888,2.56268
27889,3.8608
27890,3.57091
27891,3.3075
27892,2.79375
27893,3.92741
27894,4.59517
27895,3.33881
27896,4.49845
27897,4.48406
27898,3.97469
27899,4.67833
27900,3.22821
27901,4.63907
27902,3.70064
27903,4.25429
27904,3.46162
27905,3.06837
27906,5.0
27907,4.20479
27908,3.70598
27909,4.06442
27910,3.25802
27911,4.73237
27912,4.04071
27913,4.07489
27914,3.39096
27915,3.51936
27916,2.48843
27917,4.34656
27918,4.03304
27919,3.68967
27920,3.49146
27921,3.27077
27922,3.61977
27923,3.64919
27924,4.10964
27925,4.65381
27926,4.40671
27927,4.50548
27928,3.12123
27929,3.49963
27930,5.0
27931,4.1834
27932,3.86846
27933,4.05305
27934,5.0
27935,3.90136
27936,3.38995
27937,2.54697
27938,2.61521
27939,3.60052
27940,3.7332
27941,3.64698
27942,4.37999
27943,3.66192
27944,3.7043
27945,3.69242
27946,2.78302
27947,2.89654
27948,3.9771
27949,3.69668
27950,4.36231
27951,3.84204
27952,4.20534
27953,3.00049
27954,3.58464
27955,2.30488
27956,3.77122
27957,2.95049
27958,2.20506
27959,3.161
27960,3.34514
27961,2.69889
27962,3.51939
27963,3.47379
27964,3.92014
27965,3.54876
27966,3.48279
27967,3.57491
27968,2.03794
27969,2.69782
27970,4.2652
27971,3.90098
27972,3.07961
27973,2.73463
27974,3.05235
27975,3.95341
27976,3.07265
27977,3.66775
27978,3.46327
27979,3.51354
27980,4.40603
27981,3.66894
27982,2.17704
27983,3.85072
27984,3.07371
27985,3.98088
27986,3.50662
27987,4.15462
27988,3.52542
27989,3.51654
27990,2.83166
27991,1.20083
27992,4.15455
27993,3.96803
27994,3.67046
27995,4.16914
27996,3.48423
27997,3.61608
27998,3.35702
27999,4.16415
28000,4.03837
28001,4.1475
28002,3.80892
28003,2.70939
28004,2.6852
28005,3.79162
28006,2.1761
28007,3.83526
28008,4.84063
28009,4.1701
28010,2.63904
28011,3.16626
28012,3.76151
28013,3.9493
28014,4.60115
28015,4.28192
28016,4.68086
28017,4.40229
28018,3.65605
28019,4.03928
28020,4.58205
28021,3.81607
28022,3.59923
28023,3.85503
28024,3.69494
28025,4.73933
28026,4.35673
28027,4.12837
28028,4.12896
28029,3.68227
28030,3.88159
28031,3.44459
28032,3.9418
28033,3.14486
28034,4.32844
28035,4.29257
28036,4.17669
28037,5.0
28038,4.48702
28039,4.57154
28040,4.91104
28041,3.71931
28042,2.70494
28043,4.10363
28044,5.0
28045,3.84312
28046,4.1902
28047,1.0
28048,3.70379
28049,3.54761
28050,3.99237
28051,1.82113
28052,1.98507
28053,4.44455
28054,1.0
28055,3.82695
28056,4.06242
28057,3.10734
28058,4.79896
28059,2.45923
28060,4.49294
28061,1.0
28062,4.81512
28063,3.85458
28064,3.80402
28065,4.00471
28066,3.41031
28067,4.34354
28068,3.19262
28069,3.54261
28070,3.83592
28071,3.58059
28072,3.35999
28073,4.09744
28074,3.78799
28075,3.63654
28076,3.24446
28077,3.40521
28078,3.73852
28079,3.29149
28080,2.72723
28081,4.20661
28082,3.4098
28083,3.93321
28084,3.16738
28085,3.84643
28086,3.85245
28087,2.83997
28088,3.39858
28089,3.5958
28090,3.66986
28091,3.06936
28092,3.57437
28093,3.44149
28094,3.6058
28095,4.03946
28096,3.7167
28097,2.89411
28098,3.78841
28099,3.70583
28100,3.10517
28101,3.09824
28102,3.75719
28103,3.90213
28104,3.85666
28105,3.87209
28106,3.91141
28107,3.44418
28108,4.07654
28109,3.64138
28110,3.58606
28111,4.5266
28112,3.85197
28113,4.34827
28114,3.62968
28115,4.0484
28116,3.3444
28117,4.17224
28118,3.67502
28119,3.77942
28120,4.03377
28121,3.66874
28122,3.44316
28123,4.46926
28124,3.5779
28125,3.42606
28126,2.83304
28127,4.17145
28128,3.82994
28129,4.90454
28130,3.3908
28131,3.00427
28132,3.82485
28133,3.1504
28134,3.92967
28135,3.71748
28136,4.84441
28137,3.90906
28138,4.62988
28139,3.70184
28140,3.45258
28141,2.44913
28142,1.57267
28143,4.14718
28144,4.08143
28145,3.51616
28146,4.02839
28147,2.64308
28148,2.95946
28149,3.08673
28150,3.05049
28151,3.02587
28152,3.8576
28153,2.78666
28154,2.4416
28155,3.51612
28156,3.50838
28157,3.55626
28158,5.0
28159,3.64146
28160,3.12108
28161,4.36548
28162,4.62422
28163,3.22723
28164,4.0896
28165,3.81068
28166,3.8365
28167,3.55031
28168,3.26367
28169,3.5385
28170,4.24882
28171,4.07547
28172,4.30222
28173,3.8954
28174,3.72983
28175,4.58146
28176,3.53197
28177,3.59582
28178,3.94077
28179,2.68624
28180,4.20869
28181,2.66882
28182,3.95026
28183,4.07244
28184,2.82329
28185,3.66119
28186,3.62788
28187,4.14286
28188,3.80594
28189,3.47064
28190,4.65966
28191,2.77517
28192,2.1452
28193,3.85075
28194,4.52241
28195,4.51732
28196,5.0
28197,4.50476
28198,4.89894
28199,4.73974
28200,4.28785
28201,4.18449
28202,4.8927
28203,4.21411
28204,4.93153
28205,4.1681
28206,5.0
28207,4.83278
28208,5.0
28209,4.65946
28210,4.71838
28211,5.0
28212,4.68633
28213,5.0
28214,4.37765
28215,3.37351
28216,3.70866
28217,4.11079
28218,3.87784
28219,3.51208
28220,3.51201
28221,3.87078
28222,3.74794
28223,3.24744
28224,3.33113
28225,3.93728
28226,3.79647
28227,3.61933
28228,3.76677
28229,3.21706
28230,3.90683
28231,5.0
28232,2.35846
28233,3.94394
28234,3.94634
28235,3.44196
28236,3.35016
28237,3.94027
28238,3.67635
28239,3.36317
28240,3.70392
28241,4.51934
28242,3.93478
28243,4.57238
28244,4.05038
28245,2.82106
28246,4.17945
28247,4.20509
28248,3.15013
28249,2.64552
28250,3.41865
28251,4.40142
28252,3.33885
28253,3.44949
28254,4.28774
28255,3.27741
28256,3.46092
28257,4.07857
28258,2.50268
28259,3.73528
28260,4.30838
28261,2.80322
28262,3.66425
28263,2.79972
28264,3.70544
28265,3.67125
28266,3.59114
28267,3.52928
28268,3.95361
28269,2.87873
28270,3.00838
28271,2.81261
28272,3.83656
28273,2.70989
28274,2.88762
28275,3.08144
28276,2.91063
28277,2.62969
28278,4.25312
28279,4.34769
28280,4.45973
28281,3.80486
28282,4.35229
28283,4.6161
28284,3.94764
28285,3.41846
28286,4.00247
28287,4.00812
28288,3.38016
28289,3.88978
28290,3.72155
28291,1.31281
28292,4.09096
28293,4.1341
28294,3.02868
28295,1.7453
28296,3.66693
28297,4.48383
28298,1.98548
28299,2.7574
28300,4.96036
28301,4.01492
28302,4.06
28303,4.48321
28304,4.18014
28305,2.99495
28306,4.54577
28307,3.39895
28308,3.77418
28309,4.0334
28310,3.68909
28311,2.99734
28312,3.44187
28313,4.25878
28314,3.86969
28315,2.9984
28316,5.0
28317,2.40675
28318,3.30943
28319,3.7729
28320,3.91631
28321,2.54725
28322,3.43251
28323,3.78808
28324,2.86999
28325,3.88917
28326,2.96766
28327,3.21907
28328,2.52948
28329,4.27055
28330,4.37597
28331,3.63128
28332,4.25283
28333,4.88174
28334,4.12193
28335,3.51333
28336,4.72749
28337,4.20176
28338,4.73147
28339,5.0
28340,4.47769
28341,4.04919
28342,4.977
28343,4.57661
28344,3.74167
28345,4.36058
28346,4.1926
28347,3.28079
28348,4.43268
28349,4.77471
28350,4.55331
28351,3.9028
28352,4.4115
28353,4.77453
28354,4.60896
28355,3.65664
28356,2.67704
28357,4.42641
28358,3.89076
28359,4.622
28360,2.51113
28361,4.06515
28362,4.84753
28363,4.30257
28364,4.33077
28365,4.19964
28366,4.28632
28367,4.54158
28368,4.63661
28369,4.00874
28370,4.07574
28371,4.44835
28372,4.2754
28373,3.9195
28374,5.0
28375,4.79394
28376,4.69299
28377,3.87968
28378,4.05016
28379,3.5031
28380,3.74868
28381,3.83418
28382,3.7731
28383,4.38172
28384,3.45995
28385,2.44744
28386,3.58838
28387,3.44294
28388,3.80708
28389,3.60768
28390,4.60618
28391,3.70158
28392,3.88675
28393,3.74514
28394,4.55099
28395,3.36744
28396,3.3368
28397,4.02512
28398,3.5022
28399,2.77284
28400,4.58164
28401,3.32297
28402,2.58564
28403,4.39061
28404,4.68149
28405,2.21839
28406,3.2474
28407,4.26663
28408,4.09009
28409,3.0011
28410,3.97296
28411,4.85109
28412,3.88651
28413,4.21074
28414,4.54842
28415,3.85519
28416,4.25123
28417,2.4928
28418,4.22502
28419,4.12617
28420,3.70956
28421,3.76365
28422,4.28863
28423,4.87751
28424,3.2252
28425,4.71407
28426,2.98456
28427,3.6597
28428,4.96921
28429,3.55631
28430,3.52367
28431,4.37066
28432,3.25602
28433,4.07692
28434,4.5456
28435,3.73488
28436,4.55786
28437,4.21798
28438,4.11055
28439,4.2519
28440,3.25809
28441,4.05309
28442,4.27568
28443,3.78591
28444,4.09096
28445,4.70413
28446,3.15607
28447,3.65545
28448,4.28003
28449,4.70769
28450,4.53585
28451,3.7598
28452,3.65041
28453,3.89638
28454,3.61247
28455,4.27941
28456,4.16968
28457,2.81244
28458,3.90885
28459,4.42529
28460,4.67762
28461,4.83554
28462,3.79295
28463,4.94213
28464,4.68292
28465,3.08895
28466,4.27606
28467,2.83698
28468,4.63698
28469,3.33307
28470,4.79834
28471,3.95158
28472,4.47796
28473,3.58656
28474,4.42999
28475,4.35287
28476,4.66584
28477,4.70334
28478,4.20773
28479,5.0
28480,3.94032
28481,4.18386
28482,4.45842
28483,3.58164
28484,4.31852
28485,2.62458
28486,4.20374
28487,3.90615
28488,3.89008
28489,2.65023
28490,4.14539
28491,3.87586
28492,4.83553
28493,4.62851
28494,3.59239
28495,4.35575
28496,3.88557
28497,3.89477
28498,5.0
28499,4.44051
28500,4.20958
28501,4.46408
28502,4.37893
28503,3.14476
28504,4.52624
28505,4.10852
28506,3.3812
28507,3.65235
28508,3.2118
28509,4.2569
28510,4.17298
28511,3.93459
28512,3.12256
28513,4.46252
28514,2.3874
28515,4.02341
28516,3.05406
28517,3.61672
28518,3.29717
28519,3.50234
28520,3.4089
28521,3.66708
28522,3.96082
28523,2.69789
28524,3.96949
28525,2.26593
28526,3.70649
28527,4.3244
28528,4.00263
28529,3.72236
28530,4.24906
28531,2.72521
28532,3.9934
28533,3.33809
28534,3.52222
28535,3.5344
28536,3.84467
28537,3.72061
28538,4.58634
28539,4.31429
28540,3.77653
28541,3.52461
28542,3.53219
28543,2.52666
28544,3.55788
28545,3.56309
28546,3.03524
28547,3.71245
28548,3.56098
28549,3.97335
28550,3.70822
28551,3.98182
28552,2.09097
28553,1.39102
28554,2.62191
28555,3.71457
28556,3.61418
28557,4.12136
28558,2.70785
28559,3.31201
28560,3.40576
28561,2.93294
28562,4.31101
28563,4.34373
28564,4.61481
28565,4.8405
28566,4.89995
28567,4.37386
28568,4.78407
28569,5.0
28570,5.0
28571,4.00649
28572,2.67087
28573,3.7114
28574,3.19972
28575,4.08614
28576,3.94548
28577,3.6157
28578,4.1939
28579,3.11504
28580,3.83069
28581,3.29205
28582,4.49547
28583,3.13197
28584,3.17259
28585,4.51686
28586,4.01336
28587,3.43612
28588,4.2949
28589,3.01489
28590,2.33016
28591,3.23984
28592,1.96293
28593,4.27332
28594,3.4271
28595,4.34436
28596,4.65792
28597,2.9748
28598,4.22231
28599,3.5824
28600,4.09757
28601,3.29504
28602,3.51379
28603,4.22471
28604,3.74719
28605,4.39393
28606,4.36886
28607,4.48784
28608,4.24702
28609,4.69471
28610,4.63187
28611,4.42635
28612,4.10365
28613,4.67511
28614,5.0
28615,4.70197
28616,3.60919
28617,3.94408
28618,4.47221
28619,4.41899
28620,4.19575
28621,3.76301
28622,3.6978
28623,4.1897
28624,4.07341
28625,3.60498
28626,3.60698
28627,3.04302
28628,3.67856
28629,3.68229
28630,4.08599
28631,1.78223
28632,4.26627
28633,4.10902
28634,3.26143
28635,3.94916
28636,4.29754
28637,3.93002
28638,3.67864
28639,4.1818
28640,4.94423
28641,2.30942
28642,3.3558
28643,2.22327
28644,4.58532
28645,5.0
28646,3.58436
28647,4.72331
28648,3.29155
28649,4.48036
28650,4.03366
28651,4.32469
28652,3.55702
28653,3.3456
28654,3.46251
28655,2.73191
28656,3.64548
28657,3.3161
28658,3.3493
28659,2.97871
28660,3.29997
28661,4.81406
28662,3.38348
28663,3.4956
28664,3.14099
28665,3.54335
28666,4.18717
28667,4.19091
28668,3.95068
28669,2.41643
28670,3.24915
28671,2.29691
28672,3.11223
28673,3.13425
28674,3.80053
28675,3.46972
28676,4.21446
28677,4.75639
28678,2.93231
28679,3.46659
28680,3.15567
28681,3.02817
28682,4.23987
28683,4.19032
28684,3.06081
28685,3.58315
28686,2.79848
28687,4.87625
28688,3.20547
28689,2.5421
28690,2.77847
28691,3.24529
28692,3.4504
28693,2.71304
28694,3.34996
28695,4.671
28696,3.75136
28697,3.51728
28698,3.50643
28699,3.23527
28700,3.11626
28701,2.22259
28702,4.34451
28703,3.09469
28704,3.6205
28705,3.97156
28706,3.838
28707,3.38451
28708,3.6668
28709,3.81051
28710,3.66967
28711,4.68892
28712,3.91241
28713,3.87072
28714,3.95279
28715,4.00957
28716,3.0176
28717,3.14095
28718,3.78155
28719,3.93516
28720,3.86275
28721,3.49505
28722,2.90189
28723,3.35
28724,3.55323
28725,3.35735
28726,3.43081
28727,3.1508
28728,4.31514
28729,4.02224
28730,3.79901
28731,2.71834
28732,3.05901
28733,3.68778
28734,3.4328
28735,3.38783
28736,2.59466
28737,3.8541
28738,3.43853
28739,4.04496
28740,4.17769
28741,4.11086
28742,2.69314
28743,3.84548
28744,4.06896
28745,3.31958
28746,4.41068
28747,1.8929
28748,3.70267
28749,3.40295
28750,4.57333
28751,4.0848
28752,3.09191
28753,4.819
28754,4.63668
28755,4.80845
28756,4.26498
28757,4.74848
28758,4.8591
28759,2.79578
28760,4.40916
28761,2.70876
28762,4.66946
28763,3.4013
28764,3.483
28765,3.78886
28766,3.34908
28767,4.35045
28768,3.72543
28769,3.88321
28770,4.47871
28771,4.38092
28772,4.6309
28773,3.92693
28774,4.5273
28775,3.68063
28776,4.17158
28777,4.01147
28778,2.08434
28779,3.1393
28780,3.90992
28781,3.07459
28782,4.34835
28783,1.41024
28784,4.33344
28785,4.66662
28786,2.47356
28787,3.97482
28788,4.61813
28789,4.43424
28790,2.86239
28791,4.89948
28792,4.6333
28793,4.30496
28794,4.7238
28795,3.87393
28796,3.18465
28797,5.0
28798,4.10434
28799,4.03856
28800,2.3407
28801,2.08
28802,4.42177
28803,4.54809
28804,4.1326
28805,1.77708
28806,4.44142
28807,2.29086
28808,4.22968
28809,1.42074
28810,3.91882
28811,1.60056
28812,3.32015
28813,2.28765
28814,2.78959
28815,2.40059
28816,3.31942
28817,1.0
28818,4.91775
28819,3.93828
28820,2.3376
28821,4.67373
28822,4.59072
28823,3.64776
28824,4.15782
28825,4.72965
28826,4.23982
28827,4.32994
28828,4.20823
28829,3.60749
28830,4.72298
28831,3.98122
28832,4.67461
28833,4.6344
28834,4.52647
28835,4.05684
28836,3.84804
28837,5.0
28838,4.35021
28839,3.63416
28840,3.86774
28841,2.76556
28842,3.06425
28843,3.0744
28844,4.04538
28845,4.75632
28846,5.0
28847,2.96271
28848,2.5248
28849,3.31582
28850,3.46687
28851,4.97669
28852,4.22856
28853,3.60659
28854,4.58616
28855,3.24987
28856,3.19922
28857,4.14194
28858,3.81968
28859,3.28804
28860,3.92284
28861,3.34684
28862,3.72034
28863,3.47022
28864,4.09478
28865,5.0
28866,5.0
28867,4.56091
28868,4.9866
28869,3.31151
28870,3.79306
28871,2.82155
28872,1.4599
28873,3.86847
28874,2.46129
28875,1.30838
28876,1.39407
28877,2.68957
28878,3.98764
28879,1.26525
28880,2.84594
28881,2.98481
28882,1.0
28883,1.0
28884,1.0
28885,2.05881
28886,2.11013
28887,2.86476
28888,2.13162
28889,1.94397
28890,2.36575
28891,1.99486
28892,3.68396
28893,3.2079
28894,4.49046
28895,1.26211
28896,3.7489
28897,1.88392
28898,1.10605
28899,1.00372
28900,3.37901
28901,1.83014
28902,3.28223
28903,2.48313
28904,2.11716
28905,2.44835
28906,4.0276
28907,2.43577
28908,1.29287
28909,1.17565
28910,4.08379
28911,3.95679
28912,4.6319
28913,3.55199
28914,4.40794
28915,3.99395
28916,3.76551
28917,5.0
28918,4.13212
28919,4.49233
28920,3.04255
28921,4.77299
28922,3.55848
28923,4.23927
28924,4.23694
28925,2.42247
28926,4.32462
28927,3.74042
28928,4.1139
28929,3.31496
28930,3.51808
28931,4.54914
28932,4.16611
28933,4.17129
28934,3.44495
28935,4.3014
28936,4.14363
28937,2.43722
28938,4.48148
28939,3.53919
28940,3.79855
28941,4.72129
28942,5.0
28943,4.53801
28944,4.69689
28945,3.30372
28946,3.97662
28947,4.48336
28948,3.64822
28949,3.77763
28950,4.21264
28951,4.31344
28952,3.09193
28953,4.11456
28954,3.3682
28955,3.38142
28956,4.48145
28957,3.99507
28958,3.21255
28959,4.1368
28960,3.70911
28961,3.64298
28962,4.3565
28963,4.51088
28964,4.11052
28965,4.2602
28966,3.89637
28967,3.05398
28968,3.66691
28969,2.91899
28970,3.79475
28971,3.32837
28972,3.59175
28973,2.52254
28974,2.6316
28975,4.71004
28976,3.02095
28977,3.48344
28978,3.85919
28979,4.08201
28980,2.65979
28981,2.72369
28982,4.17743
28983,4.16655
28984,3.94185
28985,5.0
28986,3.83322
28987,4.4788
28988,4.25049
28989,3.95282
28990,3.27498
28991,4.14275
28992,3.2942
28993,3.94598
28994,3.14069
28995,2.66753
28996,2.29497
28997,2.95176
28998,2.92175
28999,4.15233
29000,4.04879
29001,2.75892
29002,3.40793
29003,4.42682
29004,3.26685
29005,2.75096
29006,1.35148
29007,3.88998
29008,4.309
29009,4.22132
29010,2.65991
29011,3.6574
29012,3.3226
29013,4.22881
29014,4.15538
29015,3.58543
29016,4.50899
29017,3.87518
29018,3.64101
29019,3.94814
29020,2.82544
29021,3.0054
29022,4.12625
29023,4.64688
29024,3.65323
29025,3.27175
29026,4.68041
29027,3.76992
29028,2.75281
29029,4.10688
29030,2.80815
29031,3.04001
29032,3.83793
29033,3.30816
29034,3.50135
29035,3.17615
29036,3.35058
29037,2.35505
29038,3.9068
29039,4.08916
29040,3.45084
29041,3.83488
29042,2.57366
29043,4.45566
29044,3.52819
29045,3.47526
29046,4.26478
29047,3.9152
29048,3.26065
29049,4.1732
29050,2.82437
29051,4.33149
29052,3.76601
29053,2.14582
29054,2.17916
29055,4.07606
29056,2.6699
29057,3.01718
29058,2.90122
29059,2.98928
29060,2.7828
29061,4.43988
29062,4.43789
29063,4.16392
29064,4.62254
29065,4.76907
29066,2.49008
29067,3.7156
29068,2.86285
29069,4.2106
29070,3.7085
29071,3.01208
29072,4.36209
29073,3.84276
29074,4.59378
29075,2.84613
29076,4.34247
29077,4.20081
29078,3.51296
29079,2.43176
29080,2.87223
29081,3.35023
29082,3.75441
29083,1.8906
29084,3.52747
29085,3.04823
29086,3.86128
29087,2.6993
29088,3.21401
29089,3.03745
29090,3.64995
29091,3.1596
29092,3.9471
29093,3.20251
29094,4.1149
29095,3.29066
29096,3.75744
29097,2.64204
29098,3.44354
29099,3.29153
29100,2.62521
29101,2.50961
29102,4.562
29103,2.91273
29104,3.54839
29105,2.69694
29106,3.27611
29107,3.79469
29108,4.03106
29109,3.64142
29110,3.36089
29111,3.57887
29112,2.85967
29113,2.65297
29114,2.64601
29115,3.52955
29116,4.30052
29117,3.41771
29118,3.28008
29119,3.2137
29120,2.83866
29121,4.03288
29122,3.346
29123,4.29866
29124,3.36309
29125,3.57697
29126,2.56209
29127,3.84665
29128,4.06275
29129,3.18409
29130,3.34586
29131,3.20101
29132,4.22168
29133,2.66632
29134,3.99451
29135,3.7175
29136,2.0373
29137,2.86143
29138,3.56467
29139,2.84157
29140,2.11115
29141,3.97112
29142,1.74063
29143,4.31544
29144,4.05235
29145,3.3561
29146,3.01351
29147,4.38994
29148,4.22685
29149,4.39027
29150,3.28849
29151,3.39703
29152,3.94024
29153,2.40568
29154,3.07329
29155,3.40601
29156,2.03848
29157,3.28791
29158,3.89726
29159,3.19535
29160,2.56605
29161,3.9196
29162,3.03576
29163,2.75703
29164,3.70674
29165,3.66861
29166,4.28718
29167,2.58159
29168,2.95446
29169,3.70973
29170,4.98105
29171,4.42187
29172,1.76145
29173,3.7367
29174,3.94388
29175,1.88354
29176,3.75383
29177,3.12417
29178,3.14609
29179,4.58305
29180,3.50388
29181,3.00848
29182,4.42113
29183,3.64096
29184,4.69663
29185,3.49842
29186,4.05892
29187,3.83224
29188,2.89233
29189,4.06133
29190,3.83545
29191,3.00358
29192,2.78296
29193,4.78293
29194,3.47612
29195,2.21294
29196,4.56442
29197,4.14597
29198,3.28642
29199,3.80106
29200,3.93325
29201,3.37203
29202,3.33748
29203,3.21139
29204,3.69779
29205,3.4289
29206,3.97542
29207,2.35801
29208,4.79385
29209,5.0
29210,5.0
29211,3.54788
29212,4.6576
29213,4.77185
29214,4.49598
29215,4.28015
29216,1.71245
29217,4.35077
29218,5.0
29219,4.04139
29220,3.5201
29221,2.98448
29222,2.2595
29223,5.0
29224,2.96471
29225,3.2392
29226,4.02248
29227,2.28923
29228,2.50109
29229,3.16509
29230,2.876
29231,3.67453
29232,3.47401
29233,2.22259
29234,3.87494
29235,2.10339
29236,4.04429
29237,4.7945
29238,3.84399
29239,4.16964
29240,3.3828
29241,3.73783
29242,3.9003
29243,3.00465
29244,3.94136
29245,3.54664
29246,4.28047
29247,4.29783
29248,3.98633
29249,3.63046
29250,4.16342
29251,5.0
29252,4.44583
29253,4.16463
29254,2.71467
29255,3.93459
29256,3.85571
29257,3.10349
29258,4.67195
29259,2.87982
29260,4.40958
29261,3.80967
29262,3.93098
29263,4.84746
29264,5.0
29265,3.58289
29266,3.03161
29267,3.64556
29268,2.72943
29269,3.21298
29270,4.3551
29271,3.80278
29272,3.78818
29273,3.98857
29274,4.73166
29275,3.97926
29276,2.5293
29277,2.03992
29278,3.76884
29279,4.461
29280,3.89104
29281,4.87018
29282,2.76058
29283,5.0
29284,4.49234
29285,4.52959
29286,2.49399
29287,4.01959
29288,4.21987
29289,3.88693
29290,4.07023
29291,2.85313
29292,3.93538
29293,4.48597
29294,4.9224
29295,4.00804
29296,5.0
29297,3.5858
29298,3.11527
29299,3.58685
29300,3.57692
29301,2.27926
29302,4.07963
29303,3.79359
29304,5.0
29305,4.86547
29306,4.79319
29307,5.0
29308,4.35326
29309,3.91128
29310,4.91183
29311,4.51975
29312,3.73498
29313,5.0
29314,4.29426
29315,3.5189
29316,4.45547
29317,4.06444
29318,4.62452
29319,4.44309
29320,4.94696
29321,4.64975
29322,4.08742
29323,3.31913
29324,4.19457
29325,4.90503
29326,4.98414
29327,4.19677
29328,3.58505
29329,4.66414
29330,5.0
29331,3.45248
29332,4.51377
29333,4.29583
29334,4.39221
29335,4.56212
29336,3.05166
29337,2.00048
29338,2.60001
29339,1.88507
29340,2.56777
29341,3.25544
29342,2.02208
29343,1.78068
29344,2.62506
29345,3.3859
29346,2.01854
29347,3.30276
29348,3.72503
29349,3.95192
29350,3.95716
29351,3.96633
29352,3.73525
29353,4.09012
29354,4.29735
29355,4.04022
29356,3.07025
29357,3.56044
29358,3.74156
29359,2.87419
29360,3.17069
29361,2.73394
29362,3.95321
29363,3.19896
29364,3.59137
29365,2.66231
29366,2.62262
29367,3.67027
29368,3.98412
29369,3.2964
29370,3.40322
29371,3.65566
29372,3.69392
29373,3.27768
29374,4.18962
29375,2.99865
29376,3.64857
29377,2.59025
29378,3.39527
29379,2.65007
29380,2.80317
29381,3.37155
29382,2.91233
29383,3.49847
29384,2.64271
29385,3.78431
29386,3.63065
29387,3.75768
29388,2.81844
29389,3.06927
29390,3.63474
29391,3.36694
29392,3.92031
29393,2.77047
29394,3.55683
29395,3.63454
29396,3.55883
29397,3.1096
29398,3.91964
29399,3.79335
29400,3.79161
29401,4.0552
29402,3.64272
29403,3.04872
29404,3.46536
29405,3.49233
29406,3.2832
29407,3.36812
29408,4.01217
29409,2.2069
29410,3.26793
29411,2.29216
29412,3.30565
29413,3.32226
29414,2.81327
29415,2.66002
29416,2.45788
29417,4.12731
29418,3.43373
29419,2.50351
29420,3.12064
29421,3.97019
29422,1.6726
29423,2.46072
29424,1.45275
29425,4.49459
29426,3.26252
29427,3.37787
29428,4.10555
29429,3.00344
29430,3.67598
29431,2.10353
29432,3.41401
29433,2.77098
29434,3.01967
29435,2.92957
29436,4.54593
29437,2.40702
29438,3.89423
29439,3.18573
29440,2.80898
29441,2.8688
29442,3.63113
29443,3.33978
29444,1.50428
29445,3.50943
29446,3.66503
29447,1.69012
29448,3.48716
29449,3.40689
29450,3.97233
29451,3.23029
29452,3.07446
29453,2.49411
29454,2.86682
29455,3.21189
29456,2.60141
29457,3.46882
29458,2.89393
29459,3.36041
29460,1.99969
29461,2.6218
29462,3.46471
29463,3.99957
29464,4.05428
29465,2.96301
29466,3.85217
29467,3.5484
29468,3.23325
29469,1.0
29470,4.73899
29471,4.91408
29472,4.51082
29473,3.21547
29474,3.74678
29475,4.17405
29476,4.00181
29477,3.77386
29478,4.24766
29479,4.64515
29480,2.91513
29481,3.91589
29482,3.48151
29483,3.82818
29484,2.08835
29485,2.12635
29486,3.58448
29487,4.72403
29488,4.35705
29489,4.02763
29490,3.26749
29491,3.72892
29492,4.08633
29493,3.53117
29494,4.11765
29495,4.16585
29496,3.98091
29497,3.70024
29498,3.90086
29499,2.20734
29500,3.66202
29501,3.46086
29502,3.79463
29503,4.21569
29504,3.37558
29505,4.6026
29506,4.21139
29507,3.68083
29508,4.05779
29509,4.19604
29510,4.5844
29511,3.6899
29512,4.27498
29513,4.05394
29514,3.16986
29515,4.85722
29516,4.45323
29517,3.95826
29518,3.77411
29519,3.68022
29520,4.06319
29521,4.23406
29522,4.62231
29523,5.0
29524,4.18202
29525,2.49384
29526,3.90506
29527,3.90969
29528,4.58296
29529,3.74488
29530,4.0619
29531,2.19194
29532,3.96604
29533,3.48631
29534,4.19492
29535,3.26615
29536,4.20946
29537,3.88712
29538,3.57298
29539,4.80439
29540,4.89638
29541,3.20327
29542,4.60732
29543,4.06622
29544,1.36259
29545,3.38223
29546,3.89109
29547,4.78781
29548,1.30505
29549,2.76558
29550,3.72795
29551,2.46023
29552,3.82345
29553,3.67384
29554,3.45688
29555,2.86163
29556,1.58105
29557,2.94789
29558,2.85592
29559,2.63459
29560,2.32653
29561,4.1279
29562,4.40384
29563,4.98302
29564,3.50648
29565,3.03752
29566,4.14911
29567,5.0
29568,2.69062
29569,3.4976
29570,3.40979
29571,3.77325
29572,2.96172
29573,3.83938
29574,4.05766
29575,4.24363
29576,4.17209
29577,3.93128
29578,2.22918
29579,2.8642
29580,3.2149
29581,3.98843
29582,4.15393
29583,4.11855
29584,3.06751
29585,3.88598
29586,4.17475
29587,4.39373
29588,5.0
29589,3.90057
29590,4.87996
29591,4.46658
29592,2.74128
29593,3.03267
29594,2.83201
29595,3.8222
29596,1.44313
29597,3.52942
29598,2.9976
29599,3.16185
29600,4.91025
29601,3.00914
29602,4.63899
29603,3.73138
29604,4.10563
29605,3.7732
29606,1.63907
29607,3.80526
29608,5.0
29609,3.36114
29610,3.51161
29611,4.25993
29612,2.69579
29613,3.0449
29614,2.4915
29615,2.27479
29616,3.67692
29617,3.97535
29618,3.53459
29619,2.5028
29620,3.1651
29621,4.61559
29622,4.39578
29623,3.05397
29624,5.0
29625,3.87635
29626,2.06353
29627,3.20667
29628,4.43599
29629,4.07101
29630,4.44735
29631,4.34124
29632,3.58324
29633,3.3782
29634,4.20985
29635,4.28281
29636,4.30216
29637,4.11181
29638,3.22578
29639,4.57039
29640,4.48875
29641,4.69335
29642,4.00308
29643,4.01821
29644,4.77617
29645,3.90775
29646,3.465
29647,4.37196
29648,4.27324
29649,4.0817
29650,4.88956
29651,3.28922
29652,4.43747
29653,4.20784
29654,4.4338
29655,4.2074
29656,4.66688
29657,4.35331
29658,4.2279
29659,4.04578
29660,4.32209
29661,4.46858
29662,3.82321
29663,3.94021
29664,4.95758
29665,5.0
29666,4.78266
29667,4.2493
29668,3.90137
29669,3.17228
29670,3.8276
29671,2.72055
29672,3.69912
29673,3.00907
29674,3.93128
29675,3.39155
29676,3.27132
29677,3.89467
29678,3.51374
29679,3.23405
29680,3.8723
29681,3.40567
29682,3.28602
29683,4.1921
29684,3.88004
29685,2.61459
29686,3.2615
29687,3.62247
29688,4.07364
29689,2.97647
29690,4.06187
29691,3.4618
29692,4.56981
29693,4.27912
29694,2.80057
29695,4.11053
29696,3.25301
29697,3.04619
29698,2.67173
29699,3.77495
29700,3.24216
29701,4.37416
29702,1.15418
29703,2.18393
29704,1.37171
29705,1.74293
29706,1.67085
29707,1.33374
29708,2.07054
29709,1.92273
29710,2.23044
29711,3.23311
29712,1.08281
29713,3.6011
29714,4.30932
29715,3.1447
29716,4.03587
29717,3.60637
29718,3.97076
29719,3.76209
29720,3.44058
29721,4.24755
29722,3.97624
29723,3.8755
29724,5.0
29725,5.0
29726,3.92986
29727,4.17407
29728,3.7408
29729,4.55744
29730,4.18977
29731,4.19501
29732,3.85263
29733,4.30012
29734,3.80059
29735,4.24375
29736,3.67872
29737,4.63743
29738,4.21265
29739,4.0766
29740,4.31604
29741,2.94002
29742,4.74188
29743,3.56408
29744,4.69685
29745,4.52823
29746,4.40779
29747,4.32014
29748,4.10293
29749,4.27086
29750,4.56114
29751,4.19289
29752,4.36839
29753,3.86534
29754,4.24842
29755,4.34309
29756,4.13641
29757,3.69396
29758,4.79934
29759,3.62303
29760,3.50993
29761,4.4386
29762,3.89818
29763,4.0002
29764,4.28422
29765,4.16055
29766,4.35845
29767,3.34578
29768,4.35816
29769,4.54723
29770,3.80146
29771,3.72144
29772,4.95493
29773,3.19871
29774,3.62612
29775,4.58541
29776,3.68963
29777,4.41224
29778,3.92184
29779,4.41655
29780,3.64855
29781,4.4993
29782,4.37037
29783,4.38957
29784,3.17761
29785,2.85355
29786,3.75236
29787,3.85848
29788,3.49773
29789,4.36771
29790,4.72626
29791,4.17234
29792,5.0
29793,2.86244
29794,3.7668
29795,2.85499
29796,4.1568
29797,3.76889
29798,4.15154
29799,4.35468
29800,4.19134
29801,4.669
29802,3.07142
29803,4.02678
29804,3.98819
29805,3.42513
29806,3.80632
29807,4.43766
29808,2.95825
29809,3.53195
29810,4.01886
29811,3.79176
29812,3.83262
29813,3.73171
29814,4.17828
29815,2.79112
29816,3.64575
29817,3.48154
29818,3.81135
29819,4.10026
29820,3.69403
29821,3.77426
29822,3.062
29823,2.69385
29824,4.12297
29825,3.18998
29826,3.90541
29827,3.55388
29828,3.77606
29829,4.48646
29830,2.09453
29831,3.60315
29832,3.45539
29833,3.90996
29834,3.55292
29835,3.26463
29836,4.61226
29837,4.32948
29838,4.53414
29839,4.31642
29840,2.5598
29841,4.97618
29842,2.40997
29843,2.12324
29844,1.8317
29845,2.9109
29846,3.20117
29847,3.49365
29848,4.17728
29849,2.96421
29850,3.48158
29851,3.21631
29852,2.77482
29853,3.23915
29854,2.83703
29855,3.56044
29856,3.03118
29857,3.62169
29858,4.40182
29859,3.91383
29860,4.79726
29861,3.65962
29862,4.3205
29863,3.77067
29864,4.13428
29865,3.5669
29866,5.0
29867,4.33514
29868,3.7688
29869,5.0
29870,3.67598
29871,4.18085
29872,2.59304
29873,1.87767
29874,3.98353
29875,4.23782
29876,3.4748
29877,3.26642
29878,3.59913
29879,2.47109
29880,4.01579
29881,4.53181
29882,3.01874
29883,3.87158
29884,3.9345
29885,2.85262
29886,4.05686
29887,4.52693
29888,3.34229
29889,3.6973
29890,3.39639
29891,3.48312
29892,3.06033
29893,3.0424
29894,4.3095
29895,3.01754
29896,3.87099
29897,3.04654
29898,2.81558
29899,3.64872
29900,2.94701
29901,3.19293
29902,3.69269
29903,3.04044
29904,3.29139
29905,3.22126
29906,3.05733
29907,3.25311
29908,3.43115
29909,2.89306
29910,3.44305
29911,3.04935
29912,3.69778
29913,3.37185
29914,2.77759
29915,2.92273
29916,2.94735
29917,2.62235
29918,3.36467
29919,3.62352
29920,3.235
29921,3.47466
29922,4.25411
29923,3.72043
29924,2.72658
29925,2.88146
29926,3.16658
29927,3.78601
29928,3.37142
29929,3.01363
29930,3.35434
29931,2.79979
29932,3.70377
29933,3.66347
29934,3.44427
29935,3.3295
29936,4.39023
29937,3.46931
29938,3.39174
29939,4.16055
29940,4.03038
29941,4.10343
29942,3.45634
29943,3.48604
29944,3.77176
29945,4.00952
29946,4.04178
29947,2.90621
29948,3.14616
29949,4.11607
29950,2.90189
29951,3.66779
29952,2.21453
29953,2.96986
29954,2.81408
29955,3.35869
29956,3.71008
29957,3.56628
29958,3.5192
29959,3.98207
29960,2.20783
29961,4.41133
29962,3.994
29963,3.51678
29964,2.78419
29965,2.3212
29966,2.61373
29967,2.75874
29968,3.77188
29969,2.39645
29970,4.55688
29971,4.20938
29972,4.11574
29973,1.92495
29974,5.0
29975,4.13972
29976,4.54565
29977,3.45736
29978,3.8399
29979,3.09059
29980,5.0
29981,4.04164
29982,3.18706
29983,3.75088
29984,2.15434
29985,4.22537
29986,4.49146
29987,4.12969
29988,2.55819
29989,3.71268
29990,3.485
29991,2.79863
29992,1.99406
29993,2.94735
29994,2.6757
29995,2.73243
29996,2.30595
29997,4.77792
29998,4.31306
29999,3.88979
30000,4.61459
30001,2.04419
30002,2.61609
30003,3.24907
30004,3.46234
30005,4.378
30006,2.93442
30007,2.56356
30008,2.92453
30009,3.31558
30010,3.20841
30011,2.59924
30012,2.87799
30013,2.45054
30014,3.39434
30015,2.89695
30016,2.63773
30017,3.34272
30018,2.7941
30019,3.11364
30020,2.70081
30021,3.62639
30022,2.82632
30023,3.09004
30024,3.20615
30025,3.69652
30026,2.85714
30027,3.17518
30028,3.29306
30029,1.9355
30030,2.06694
30031,2.66294
30032,2.99295
30033,2.93006
30034,2.6515
30035,2.81443
30036,3.10982
30037,2.42721
30038,3.12278
30039,2.67897
30040,2.41851
30041,3.6701
30042,3.10988
30043,3.08532
30044,3.55893
30045,3.1644
30046,2.33342
30047,2.34697
30048,3.25653
30049,3.68243
30050,2.99594
30051,1.71047
30052,2.12342
30053,3.71207
30054,2.95668
30055,3.95748
30056,2.89999
30057,3.34073
30058,3.23962
30059,2.52794
30060,3.05727
30061,2.76324
30062,3.41422
30063,2.02319
30064,2.81323
30065,3.80758
30066,2.98004
30067,2.31554
30068,2.9704
30069,3.81826
30070,3.53134
30071,2.58503
30072,2.81321
30073,3.76758
30074,3.60403
30075,3.4373
30076,3.21978
30077,3.03912
30078,4.49307
30079,3.39831
30080,4.2436
30081,3.6386
30082,2.34694
30083,1.84106
30084,3.02788
30085,4.03145
30086,2.27298
30087,3.02371
30088,3.86629
30089,3.31541
30090,4.201
30091,4.07236
30092,1.9556
30093,3.06056
30094,3.00301
30095,2.88357
30096,4.28211
30097,4.27161
30098,3.47426
30099,4.0513
30100,4.73559
30101,3.71753
30102,4.37049
30103,2.17215
30104,4.02738
30105,4.40125
30106,3.16677
30107,4.77962
30108,2.93498
30109,5.0
30110,4.12273
30111,4.59209
30112,5.0
30113,3.2957
30114,4.73075
30115,3.15194
30116,3.7234
30117,4.71667
30118,4.30524
30119,5.0
30120,3.85975
30121,3.66988
30122,4.46709
30123,4.03522
30124,4.5829
30125,3.45015
30126,4.27904
30127,5.0
30128,4.6642
30129,3.94634
30130,3.28915
30131,3.57074
30132,3.51515
30133,3.73722
30134,3.15617
30135,4.19376
30136,3.48858
30137,3.29783
30138,3.12518
30139,3.78048
30140,4.61188
30141,4.33513
30142,5.0
30143,3.99739
30144,3.97702
30145,4.1136
30146,5.0
30147,3.95307
30148,3.41145
30149,4.15666
30150,1.83024
30151,4.32487
30152,3.54261
30153,4.84279
30154,2.3102
30155,3.2178
30156,2.803
30157,4.02423
30158,4.22766
30159,4.01565
30160,4.2408
30161,4.70837
30162,4.81132
30163,3.83837
30164,5.0
30165,4.55853
30166,3.28987
30167,3.83809
30168,2.9227
30169,3.10349
30170,3.73853
30171,3.75409
30172,3.02497
30173,1.38467
30174,2.09711
30175,1.52493
30176,4.2483
30177,5.0
30178,2.48548
30179,2.11074
30180,3.73051
30181,2.78123
30182,4.11027
30183,1.20074
30184,4.73884
30185,4.03336
30186,3.91048
30187,3.60625
30188,4.19768
30189,2.03055
30190,3.81676
30191,4.07412
30192,4.1918
30193,4.52982
30194,1.14578
30195,3.37732
30196,4.26581
30197,4.16413
30198,2.26997
30199,3.83763
30200,2.0087
30201,1.92377
30202,2.21548
30203,2.42963
30204,3.36509
30205,1.81953
30206,2.13818
30207,2.11542
30208,1.82358
30209,3.4687
30210,3.70793
30211,3.92465
30212,3.13613
30213,2.37647
30214,2.17568
30215,1.75878
30216,3.21115
30217,1.30822
30218,1.8376
30219,2.8399
30220,3.47116
30221,2.14806
30222,3.15849
30223,3.52487
30224,1.97772
30225,1.70049
30226,1.8123
30227,2.00787
30228,1.25127
30229,2.31299
30230,2.65655
30231,1.30188
30232,1.0907
30233,1.3813
30234,3.0134
30235,3.90372
30236,1.8267
30237,4.17743
30238,1.0
30239,4.95783
30240,3.17066
30241,4.43466
30242,4.48705
30243,4.60905
30244,3.76645
30245,4.71289
30246,3.11384
30247,3.28817
30248,3.77518
30249,4.90551
30250,4.51055
30251,2.94017
30252,4.58954
30253,3.60935
30254,4.48379
30255,3.72767
30256,4.98647
30257,3.8857
30258,4.36837
30259,2.96994
30260,3.98719
30261,5.0
30262,4.13909
30263,3.67638
30264,4.40236
30265,4.67281
30266,4.96891
30267,4.81776
30268,3.59825
30269,4.0481
30270,4.12394
30271,3.69801
30272,4.27795
30273,3.89629
30274,4.66171
30275,4.3454
30276,3.61911
30277,3.29297
30278,3.69662
30279,2.56417
30280,4.22571
30281,4.08421
30282,2.96662
30283,3.668
30284,3.12131
30285,3.39837
30286,4.9507
30287,3.27704
30288,3.76669
30289,3.42936
30290,3.9973
30291,4.01584
30292,3.49184
30293,3.76236
30294,3.90689
30295,4.5719
30296,4.97179
30297,4.56157
30298,3.69527
30299,2.68632
30300,4.2663
30301,4.57275
30302,4.02995
30303,1.60234
30304,3.48183
30305,5.0
30306,3.2859
30307,3.54979
30308,4.58377
30309,1.46143
30310,5.0
30311,3.96008
30312,4.82245
30313,3.74199
30314,5.0
30315,3.07301
30316,3.15965
30317,4.53768
30318,4.34245
30319,3.84783
30320,4.31854
30321,3.42158
30322,4.28918
30323,4.13974
30324,3.86603
30325,4.2078
30326,4.1738
30327,5.0
30328,3.1535
30329,5.0
30330,4.69288
30331,4.54665
30332,3.8978
30333,3.69399
30334,3.75804
30335,1.75872
30336,4.18434
30337,4.55146
30338,5.0
30339,5.0
30340,4.16719
30341,3.35053
30342,3.94496
30343,3.72261
30344,3.03172
30345,3.40907
30346,2.65966
30347,3.20545
30348,3.55738
30349,2.9422
30350,3.0469
30351,3.70428
30352,3.34867
30353,3.92529
30354,3.95827
30355,3.79313
30356,2.70651
30357,3.15928
30358,3.65648
30359,3.01464
30360,4.17842
30361,4.15225
30362,2.85912
30363,3.87835
30364,5.0
30365,3.35291
30366,4.70809
30367,3.559
30368,3.82449
30369,2.34867
30370,2.2361
30371,2.52088
30372,2.85216
30373,2.80538
30374,3.50262
30375,4.12145
30376,2.93054
30377,3.15732
30378,3.30961
30379,3.26943
30380,3.35342
30381,3.85834
30382,4.2478
30383,4.92185
30384,3.52707
30385,3.62837
30386,5.0
30387,4.21291
30388,4.01168
30389,4.87018
30390,4.34632
30391,4.22729
30392,3.34781
30393,4.45146
30394,3.9739
30395,4.03408
30396,2.62906
30397,4.99083
30398,4.31944
30399,4.3296
30400,3.67984
30401,3.75523
30402,4.57193
30403,3.10974
30404,4.20718
30405,3.9171
30406,4.33844
30407,4.4224
30408,3.91194
30409,4.33898
30410,4.12624
30411,4.66101
30412,3.44821
30413,3.86801
30414,4.52349
30415,3.94067
30416,4.432
30417,4.51923
30418,4.69056
30419,4.32216
30420,3.92683
30421,4.32513
30422,3.40176
30423,3.60849
30424,3.81645
30425,3.79142
30426,4.30376
30427,3.27744
30428,3.26641
30429,4.59791
30430,3.73191
30431,3.37384
30432,3.56741
30433,3.50413
30434,3.48646
30435,2.8406
30436,3.29337
30437,4.17853
30438,4.98877
30439,3.9755
30440,3.72106
30441,3.18707
30442,4.67857
30443,1.69406
30444,2.00707
30445,2.79421
30446,4.19029
30447,1.94643
30448,3.01103
30449,4.75026
30450,4.3464
30451,3.97475
30452,3.82915
30453,2.72555
30454,4.39105
30455,3.28482
30456,3.87259
30457,4.23339
30458,3.80948
30459,3.96007
30460,4.69069
30461,4.85441
30462,3.52655
30463,3.9225
30464,4.62967
30465,3.13286
30466,3.14258
30467,4.81696
30468,2.69778
30469,4.16192
30470,3.73565
30471,2.21215
30472,3.54762
30473,3.33375
30474,3.16895
30475,4.28559
30476,4.57199
30477,3.59505
30478,4.52767
30479,3.37221
30480,4.46228
30481,3.77939
30482,4.64957
30483,5.0
30484,3.86306
30485,2.46475
30486,2.92152
30487,3.46574
30488,3.74997
30489,3.36248
30490,3.90155
30491,2.46172
30492,3.70617
30493,4.15536
30494,3.53393
30495,5.0
30496,4.33936
30497,3.81965
30498,4.3516
30499,4.99211
30500,3.09576
30501,4.35037
30502,3.18121
30503,4.9324
30504,3.35097
30505,3.15733
30506,3.74495
30507,3.49899
30508,2.91707
30509,4.25355
30510,2.94399
30511,2.41253
30512,3.74843
30513,4.32489
30514,3.3846
30515,4.05718
30516,4.52141
30517,3.50035
30518,3.51366
30519,4.01756
30520,3.10303
30521,4.18416
30522,5.0
30523,3.99644
30524,3.18283
30525,3.46347
30526,4.2731
30527,4.3536
30528,3.31367
30529,3.34424
30530,4.30396
30531,3.32989
30532,3.49412
30533,5.0
30534,4.19978
30535,3.92582
30536,5.0
30537,4.28088
30538,3.61166
30539,3.34123
30540,4.6198
30541,4.10874
30542,2.96047
30543,1.59029
30544,3.19423
30545,2.14813
30546,3.80918
30547,4.63161
30548,1.82794
30549,3.38556
30550,1.0
30551,1.50171
30552,2.17781
30553,3.45372
30554,4.17274
30555,3.59577
30556,3.40938
30557,3.09193
30558,4.23899
30559,3.63591
30560,3.9376
30561,3.63346
30562,2.01394
30563,3.93091
30564,2.94956
30565,4.15025
30566,3.02592
30567,3.75588
30568,1.59757
30569,4.87953
30570,4.11306
30571,4.64374
30572,3.98411
30573,4.04853
30574,3.54234
30575,3.32873
30576,3.52629
30577,3.15843
30578,3.8804
30579,2.50345
30580,3.82989
30581,2.75906
30582,4.122
30583,2.69851
30584,4.27869
30585,4.03531
30586,4.01137
30587,3.60242
30588,3.58119
30589,3.20054
30590,3.67981
30591,3.57752
30592,2.83953
30593,3.70462
30594,3.4853
30595,4.2574
30596,3.81209
30597,4.962
30598,4.09458
30599,3.77624
30600,4.15333
30601,3.95841
30602,4.09647
30603,4.17218
30604,4.47253
30605,4.45751
30606,3.29077
30607,4.79681
30608,4.10203
30609,2.43891
30610,4.03738
30611,4.20541
30612,2.83486
30613,3.2576
30614,3.26496
30615,4.68748
30616,2.51956
30617,1.59314
30618,1.78327
30619,3.76586
30620,3.17584
30621,3.62127
30622,4.56861
30623,3.31003
30624,2.25147
30625,3.51874
30626,4.02283
30627,1.8189
30628,3.57299
30629,2.46185
30630,3.05351
30631,3.61657
30632,3.90799
30633,4.38672
30634,3.83792
30635,3.46961
30636,4.67146
30637,3.79958
30638,3.57992
30639,3.59083
30640,3.60354
30641,3.99112
30642,4.19799
30643,3.59273
30644,4.78281
30645,3.01268
30646,3.78956
30647,2.52953
30648,3.91894
30649,3.01764
30650,3.53306
30651,1.43802
30652,2.07834
30653,4.9855
30654,3.15554
30655,4.27507
30656,1.46514
30657,3.53288
30658,3.24267
30659,1.06539
30660,2.61545
30661,3.53756
30662,3.90223
30663,3.69546
30664,2.86553
30665,3.17421
30666,2.90117
30667,3.50757
30668,2.86051
30669,3.90913
30670,4.26475
30671,2.58596
30672,2.91621
30673,3.13236
30674,3.99631
30675,3.43275
30676,3.01637
30677,3.69113
30678,2.2611
30679,3.38043
30680,3.96272
30681,2.12752
30682,3.6371
30683,1.54678
30684,2.74919
30685,4.10198
30686,3.25933
30687,4.32513
30688,4.26327
30689,4.49363
30690,2.09875
30691,4.00471
30692,3.25027
30693,3.00415
30694,3.75554
30695,2.49891
30696,2.92026
30697,3.94558
30698,3.06492
30699,4.64267
30700,2.12633
30701,4.85449
30702,3.29076
30703,4.25897
30704,3.5031
30705,4.23486
30706,3.45821
30707,4.75337
30708,4.91733
30709,5.0
30710,3.98659
30711,4.52044
30712,4.15488
30713,4.08552
30714,3.52449
30715,5.0
30716,4.89324
30717,5.0
30718,2.50935
30719,4.58005
30720,5.0
30721,4.80091
30722,3.74866
30723,2.98787
30724,4.76649
30725,3.30177
30726,4.3067
30727,3.9872
30728,3.3053
30729,3.3381
30730,2.86407
30731,3.39332
30732,5.0
30733,4.52932
30734,1.90447
30735,3.62995
30736,3.92685
30737,4.88097
30738,5.0
30739,5.0
30740,4.49314
30741,4.63191
30742,4.33338
30743,4.08883
30744,4.53891
30745,3.2947
30746,5.0
30747,4.15137
30748,4.1935
30749,3.97821
30750,5.0
30751,4.63678
30752,4.53626
30753,5.0
30754,5.0
30755,3.44624
30756,4.51714
30757,4.54521
30758,4.78007
30759,1.95184
30760,3.27809
30761,4.83718
30762,4.45959
30763,4.59108
30764,4.90451
30765,4.07535
30766,3.5962
30767,4.43185
30768,4.19053
30769,4.7558
30770,4.10385
30771,4.96299
30772,4.62626
30773,4.82209
30774,4.63308
30775,4.53406
30776,3.56325
30777,5.0
30778,4.89955
30779,4.7168
30780,4.92464
30781,3.34364
30782,2.2981
30783,4.0982
30784,4.79792
30785,4.79675
30786,4.74605
30787,5.0
30788,4.65178
30789,4.56844
30790,4.82267
30791,4.03792
30792,3.47008
30793,4.08002
30794,3.93828
30795,3.89717
30796,5.0
30797,4.05565
30798,3.6899
30799,3.20588
30800,3.89773
30801,4.15981
30802,3.9802
30803,4.53355
30804,4.70368
30805,3.51698
30806,3.86099
30807,3.76031
30808,3.6937
30809,4.40952
30810,3.94478
30811,3.71507
30812,3.70393
30813,3.49605
30814,4.40964
30815,3.77088
30816,3.75023
30817,4.20288
30818,3.99921
30819,4.22667
30820,4.19404
30821,4.43044
30822,3.96736
30823,4.35556
30824,3.97827
30825,4.81557
30826,4.56239
30827,3.10926
30828,2.98127
30829,4.30597
30830,4.1436
30831,3.26156
30832,3.87336
30833,3.10826
30834,3.47485
30835,4.99183
30836,4.42243
30837,3.68929
30838,3.86226
30839,2.63458
30840,3.20283
30841,3.59484
30842,3.15224
30843,2.32153
30844,3.39041
30845,3.21778
30846,3.19547
30847,3.92476
30848,1.69335
30849,3.61468
30850,2.44216
30851,3.49517
30852,2.42083
30853,3.89191
30854,3.86031
30855,2.19847
30856,2.31686
30857,3.54056
30858,4.39366
30859,3.59924
30860,3.58651
30861,4.05738
30862,3.3266
30863,4.14756
30864,3.11468
30865,1.61247
30866,3.92502
30867,2.15117
30868,3.47121
30869,2.69216
30870,3.76748
30871,3.94071
30872,2.71572
30873,3.12943
30874,2.68552
30875,3.66053
30876,4.41203
30877,3.56995
30878,3.8235
30879,3.24657
30880,4.08004
30881,2.74869
30882,1.97042
30883,3.92401
30884,3.32601
30885,4.54968
30886,3.31056
30887,3.97736
30888,3.77946
30889,4.64455
30890,3.16314
30891,4.07021
30892,3.93712
30893,3.54418
30894,4.37448
30895,4.54092
30896,4.86008
30897,2.72966
30898,2.84601
30899,4.82928
30900,3.39059
30901,3.60582
30902,3.72756
30903,2.88247
30904,3.74718
30905,3.59152
30906,3.09008
30907,3.35754
30908,2.48885
30909,2.786
30910,4.26418
30911,3.30881
30912,4.48028
30913,3.80599
30914,3.87917
30915,4.44823
30916,4.639
30917,3.25309
30918,3.7428
30919,3.52826
30920,3.51285
30921,3.50017
30922,2.33152
30923,3.48391
30924,3.8373
30925,3.13621
30926,3.18916
30927,2.67602
30928,4.33715
30929,2.32248
30930,2.71646
30931,4.33336
30932,4.18648
30933,2.47011
30934,3.31985
30935,2.94574
30936,2.32343
30937,2.30433
30938,3.34488
30939,2.21286
30940,1.98374
30941,2.87318
30942,3.85439
30943,3.43612
30944,4.79029
30945,4.81594
30946,4.7913
30947,3.25984
30948,4.33156
30949,4.59987
30950,2.94416
30951,3.7442
30952,3.8544
30953,4.10288
30954,3.35813
30955,3.46266
30956,4.2482
30957,4.32679
30958,4.4138
30959,2.65006
30960,3.96456
30961,3.25969
30962,3.81211
30963,4.35933
30964,3.85196
30965,3.75115
30966,3.87735
30967,3.57591
30968,3.94707
30969,4.02245
30970,4.24423
30971,1.9582
30972,2.15479
30973,2.98421
30974,3.11884
30975,5.0
30976,3.80587
30977,4.33055
30978,5.0
30979,4.33049
30980,4.29048
30981,4.53039
30982,3.70869
30983,4.99038
30984,3.92425
30985,4.05158
30986,5.0
30987,3.81514
30988,3.69998
30989,4.54747
30990,3.79204
30991,3.89728
30992,4.48922
30993,3.6796
30994,3.93522
30995,4.06767
30996,3.81775
30997,2.10206
30998,4.75361
30999,3.79773
31000,3.08796
31001,2.4708
31002,3.79436
31003,2.54771
31004,3.93057
31005,3.48212
31006,2.43141
31007,4.10391
31008,3.75095
31009,3.37835
31010,3.13419
31011,2.8794
31012,3.7986
31013,3.36641
31014,3.52776
31015,2.85159
31016,3.18714
31017,2.82369
31018,3.49312
31019,3.24047
31020,3.34061
31021,4.07674
31022,2.34641
31023,4.30038
31024,4.81267
31025,2.70935
31026,3.69884
31027,3.96753
31028,2.0648
31029,3.73341
31030,4.85139
31031,3.08415
31032,3.5798
31033,4.55397
31034,4.78091
31035,5.0
31036,3.28424
31037,4.61416
31038,4.92739
31039,4.52423
31040,3.3398
31041,3.63691
31042,3.65197
31043,4.42908
31044,3.66644
31045,4.27829
31046,3.13772
31047,1.39771
31048,3.71823
31049,2.93114
31050,2.58564
31051,1.95777
31052,2.83093
31053,2.4504
31054,1.10264
31055,3.54529
31056,2.38223
31057,1.44161
31058,3.63304
31059,2.72667
31060,1.66504
31061,1.61888
31062,2.16329
31063,1.61921
31064,2.96563
31065,3.07087
31066,2.80689
31067,2.98275
31068,3.29748
31069,2.38995
31070,1.87945
31071,2.48261
31072,2.81883
31073,2.79194
31074,2.61974
31075,1.42884
31076,2.68887
31077,3.10919
31078,3.44516
31079,2.97784
31080,2.43324
31081,4.36123
31082,1.87109
31083,3.34539
31084,2.39788
31085,2.2229
31086,3.06644
31087,1.95165
31088,2.80758
31089,2.11363
31090,2.58968
31091,3.26128
31092,3.87869
31093,2.96024
31094,3.09799
31095,2.49051
31096,2.85686
31097,3.43212
31098,2.11908
31099,4.007
31100,2.95439
31101,3.04896
31102,3.38991
31103,4.22783
31104,4.51178
31105,4.22165
31106,4.68905
31107,3.06665
31108,4.1768
31109,4.07254
31110,4.17526
31111,3.97555
31112,3.90484
31113,3.79759
31114,4.54168
31115,3.68773
31116,4.3731
31117,4.42003
31118,2.00237
31119,3.22202
31120,1.32094
31121,2.5758
31122,3.59323
31123,3.06101
31124,2.85802
31125,3.32746
31126,2.35634
31127,1.56411
31128,3.16537
31129,1.30296
31130,3.49933
31131,3.44502
31132,2.77935
31133,2.83404
31134,2.803
31135,1.83485
31136,2.51313
31137,2.65786
31138,2.72325
31139,1.85931
31140,2.02918
31141,2.45268
31142,2.82201
31143,1.62672
31144,2.45182
31145,2.52021
31146,4.32788
31147,3.11032
31148,3.72305
31149,3.29832
31150,2.50438
31151,3.69889
31152,3.57976
31153,4.81649
31154,4.98238
31155,4.83389
31156,4.4519
31157,4.8004
31158,4.0735
31159,5.0
31160,4.12363
31161,4.54976
31162,5.0
31163,5.0
31164,4.37368
31165,3.79228
31166,3.82637
31167,4.77222
31168,3.63891
31169,3.84534
31170,3.87908
31171,1.0
31172,4.37765
31173,4.41308
31174,4.60773
31175,4.87548
31176,4.47334
31177,3.15321
31178,3.53878
31179,2.71112
31180,3.88694
31181,3.70446
31182,4.08695
31183,3.26157
31184,3.7249
31185,3.11694
31186,1.74408
31187,3.33717
31188,2.81391
31189,2.91577
31190,2.68588
31191,3.73308
31192,2.34474
31193,3.58835
31194,2.62188
31195,3.0652
31196,3.12381
31197,3.05839
31198,3.4268
31199,3.66795
31200,3.16907
31201,2.51234
31202,1.88883
31203,2.96406
31204,4.34563
31205,3.67565
31206,3.42574
31207,3.25906
31208,3.61222
31209,3.88307
31210,3.98417
31211,3.49088
31212,3.15875
31213,3.05908
31214,3.84171
31215,3.34558
31216,4.11212
31217,3.80958
31218,4.1221
31219,3.91939
31220,3.74014
31221,4.08843
31222,3.30549
31223,3.28164
31224,3.27828
31225,3.37673
31226,2.84718
31227,3.13709
31228,3.48088
31229,4.01424
31230,3.85654
31231,2.73196
31232,4.1889
31233,2.89529
31234,2.9156
31235,2.97603
31236,3.59089
31237,3.23639
31238,3.73916
31239,2.8019
31240,3.71268
31241,2.71928
31242,3.85704
31243,3.47058
31244,2.93944
31245,3.31696
31246,3.46978
31247,3.33304
31248,3.73928
31249,2.74661
31250,3.38817
31251,2.35149
31252,3.1235
31253,2.34947
31254,3.41811
31255,3.43127
31256,3.07356
31257,3.37407
31258,4.4628
31259,3.63502
31260,4.75876
31261,4.02332
31262,4.86762
31263,4.72601
31264,5.0
31265,4.38016
31266,4.31178
31267,4.10675
31268,4.57567
31269,4.85952
31270,4.4996
31271,4.56954
31272,2.32788
31273,3.34309
31274,3.54693
31275,2.81018
31276,3.9298
31277,4.03177
31278,3.32653
31279,3.72611
31280,3.84063
31281,3.38517
31282,3.55508
31283,3.80115
31284,3.75439
31285,4.05484
31286,3.77994
31287,3.70339
31288,3.90455
31289,3.86035
31290,3.53013
31291,3.68685
31292,3.72559
31293,3.68563
31294,3.23871
31295,3.05743
31296,3.58056
31297,2.33604
31298,3.86447
31299,3.60686
31300,3.32213
31301,3.47657
31302,3.82267
31303,3.97968
31304,4.43555
31305,3.63006
31306,3.13715
31307,3.57557
31308,4.12589
31309,3.93433
31310,3.88811
31311,3.95993
31312,4.68494
31313,4.35592
31314,4.3077
31315,4.93417
31316,3.13883
31317,4.27788
31318,4.62717
31319,3.99563
31320,4.70633
31321,4.30983
31322,3.16409
31323,3.25943
31324,2.93297
31325,2.95196
31326,4.29754
31327,3.28449
31328,3.55746
31329,2.82518
31330,3.09165
31331,3.05423
31332,4.35416
31333,4.07102
31334,4.14717
31335,2.8525
31336,3.76261
31337,3.8566
31338,4.44827
31339,4.25561
31340,3.8628
31341,1.51184
31342,2.64018
31343,2.92621
31344,4.70691
31345,3.47568
31346,4.6495
31347,3.98883
31348,3.93051
31349,4.24001
31350,4.00444
31351,3.75669
31352,4.151
31353,2.5656
31354,3.21892
31355,3.30566
31356,3.3912
31357,4.75226
31358,3.23461
31359,4.06389
31360,2.02404
31361,4.33348
31362,3.76281
31363,4.24277
31364,4.32399
31365,4.29981
31366,3.33457
31367,3.61128
31368,3.71913
31369,3.38091
31370,3.33131
31371,3.74574
31372,2.8995
31373,3.72895
31374,3.52405
31375,3.81414
31376,3.72681
31377,3.62256
31378,3.44254
31379,3.35846
31380,3.9031
31381,4.11726
31382,3.13034
31383,3.00804
31384,3.59046
31385,2.24908
31386,3.23835
31387,3.49018
31388,3.7007
31389,3.90615
31390,3.98748
31391,4.31149
31392,2.96106
31393,4.01038
31394,3.67914
31395,4.16804
31396,4.33538
31397,4.32716
31398,3.66753
31399,2.5074
31400,3.02394
31401,4.30122
31402,3.83846
31403,3.82068
31404,3.15797
31405,2.3517
31406,2.91659
31407,3.50734
31408,4.22897
31409,2.14163
31410,2.38068
31411,3.1299
31412,4.1587
31413,3.69576
31414,3.74477
31415,2.52639
31416,2.76889
31417,4.35594
31418,4.35625
31419,2.96602
31420,4.16674
31421,3.22438
31422,2.89817
31423,1.122
31424,3.26153
31425,3.41024
31426,4.12697
31427,4.90887
31428,3.18517
31429,3.88145
31430,4.20455
31431,2.98249
31432,4.14237
31433,3.31009
31434,1.52136
31435,2.70027
31436,2.84011
31437,2.84144
31438,4.15878
31439,3.34652
31440,1.54875
31441,2.63577
31442,2.73488
31443,2.1155
31444,3.51439
31445,2.07763
31446,2.87495
31447,4.82485
31448,4.73129
31449,2.95265
31450,3.31252
31451,4.11024
31452,2.92499
31453,4.65932
31454,2.93015
31455,3.12774
31456,3.81205
31457,3.54464
31458,3.62135
31459,3.45204
31460,3.96014
31461,4.89836
31462,3.70577
31463,3.51024
31464,4.337
31465,3.92852
31466,2.69177
31467,3.78669
31468,5.0
31469,4.76355
31470,4.27242
31471,3.30402
31472,4.31148
31473,4.17069
31474,3.37601
31475,4.48897
31476,4.86185
31477,4.32932
31478,5.0
31479,4.77671
31480,4.70938
31481,2.75938
31482,3.73264
31483,2.92739
31484,2.7429
31485,4.57795
31486,3.8286
31487,2.28275
31488,3.54821
31489,3.44501
31490,2.64034
31491,4.01316
31492,2.15423
31493,4.33051
31494,2.07045
31495,3.06124
31496,2.38348
31497,2.90446
31498,3.34206
31499,3.71399
31500,3.38042
31501,3.51788
31502,3.28621
31503,2.21906
31504,3.86541
31505,3.81303
31506,3.03121
31507,3.60166
31508,3.2735
31509,3.13291
31510,3.25753
31511,2.23358
31512,3.74783
31513,3.26262
31514,3.04531
31515,2.8264
31516,3.41732
31517,3.56254
31518,4.54983
31519,2.78313
31520,3.3179
31521,4.06836
31522,3.52061
31523,3.46485
31524,2.08713
31525,3.90253
31526,3.93302
31527,3.10245
31528,2.44207
31529,3.76867
31530,3.51385
31531,3.20435
31532,2.76851
31533,3.74482
31534,2.86336
31535,1.66148
31536,2.09117
31537,3.13008
31538,3.10126
31539,1.7806
31540,3.63098
31541,3.89036
31542,3.82351
31543,3.04037
31544,3.49202
31545,3.07874
31546,2.087
31547,3.5677
31548,3.7513
31549,3.34936
31550,3.74723
31551,3.76035
31552,3.80217
31553,3.46277
31554,3.15579
31555,3.95061
31556,3.26675
31557,2.05307
31558,4.02421
31559,2.4443
31560,3.64911
31561,3.75307
31562,4.21346
31563,3.6969
31564,2.86379
31565,4.22857
31566,2.7399
31567,3.88571
31568,3.10178
31569,2.60366
31570,3.39024
31571,1.99886
31572,2.71208
31573,3.80043
31574,3.98483
31575,3.71595
31576,5.0
31577,4.63523
31578,4.10939
31579,5.0
31580,3.38182
31581,4.67772
31582,3.88158
31583,3.59788
31584,3.74727
31585,3.7985
31586,3.81202
31587,3.82946
31588,3.78497
31589,4.22864
31590,3.95385
31591,4.00454
31592,3.65571
31593,4.28482
31594,3.28898
31595,3.68252
31596,2.76128
31597,3.52783
31598,3.86909
31599,3.88622
31600,4.43837
31601,4.071
31602,3.79024
31603,3.79651
31604,3.23082
31605,3.57502
31606,3.19511
31607,3.62754
31608,3.29684
31609,3.37596
31610,3.42758
31611,3.64591
31612,3.3382
31613,2.54619
31614,2.92666
31615,3.26886
31616,3.2993
31617,3.14786
31618,3.64022
31619,2.83523
31620,2.57041
31621,3.64028
31622,4.05299
31623,3.46238
31624,2.79433
31625,2.74377
31626,3.6808
31627,3.12001
31628,2.89277
31629,3.0898
31630,3.30501
31631,3.53953
31632,2.87552
31633,4.6771
31634,3.74957
31635,3.16567
31636,2.44298
31637,3.17193
31638,4.037
31639,3.72389
31640,3.54054
31641,3.65266
31642,3.5997
31643,2.6693
31644,3.32512
31645,3.74286
31646,3.97943
31647,3.38987
31648,3.89639
31649,4.49329
31650,4.42975
31651,3.87861
31652,4.27152
31653,4.02294
31654,2.93979
31655,4.16965
31656,3.84259
31657,4.38347
31658,4.39691
31659,4.55026
31660,4.22479
31661,4.08992
31662,3.9554
31663,4.13364
31664,4.46955
31665,3.51338
31666,3.50939
31667,3.65657
31668,3.61891
31669,3.36779
31670,3.18032
31671,4.34671
31672,4.12472
31673,4.43086
31674,3.41846
31675,3.78029
31676,3.42634
31677,4.39695
31678,3.89905
31679,2.43602
31680,3.60144
31681,3.83442
31682,4.23754
31683,3.5978
31684,4.20915
31685,3.90056
31686,2.72918
31687,3.55014
31688,4.35278
31689,3.21093
31690,4.14457
31691,2.57813
31692,3.78816
31693,3.30918
31694,3.65091
31695,4.1484
31696,3.96468
31697,3.90271
31698,3.89849
31699,4.29603
31700,3.02496
31701,4.47644
31702,3.55974
31703,3.74268
31704,2.97895
31705,4.23385
31706,3.54351
31707,3.9682
31708,3.63906
31709,4.13501
31710,3.52222
31711,4.03558
31712,3.91924
31713,3.727
31714,3.81488
31715,4.21827
31716,4.22391
31717,3.98467
31718,4.17365
31719,4.44616
31720,3.57773
31721,1.94527
31722,4.66539
31723,4.6448
31724,5.0
31725,2.33241
31726,3.64758
31727,3.29455
31728,4.30168
31729,3.32182
31730,2.21012
31731,3.20501
31732,3.78033
31733,3.12545
31734,3.43156
31735,2.7312
31736,3.76904
31737,4.0233
31738,4.25224
31739,2.48587
31740,3.61602
31741,2.78681
31742,2.26323
31743,3.23638
31744,2.70382
31745,3.74866
31746,3.30037
31747,2.98625
31748,3.31675
31749,3.04064
31750,2.62965
31751,3.18443
31752,3.77512
31753,3.00339
31754,2.98422
31755,2.98304
31756,3.07476
31757,3.12318
31758,3.22058
31759,3.60634
31760,3.43647
31761,2.86412
31762,2.94129
31763,3.30478
31764,3.24591
31765,2.46469
31766,3.99509
31767,3.03336
31768,3.52545
31769,3.3939
31770,3.71508
31771,3.562
31772,3.31993
31773,3.08113
31774,3.39572
31775,3.19108
31776,2.72079
31777,3.5815
31778,3.7653
31779,2.3881
31780,2.57675
31781,3.18513
31782,3.23658
31783,3.57443
31784,2.97027
31785,2.93024
31786,2.74568
31787,3.19877
31788,3.43767
31789,2.57016
31790,2.06603
31791,2.47787
31792,4.04718
31793,3.21174
31794,3.95291
31795,3.14119
31796,2.56925
31797,3.551
31798,3.24013
31799,3.94274
31800,3.39453
31801,3.79847
31802,3.91933
31803,3.52412
31804,3.59901
31805,1.97944
31806,3.74475
31807,3.77006
31808,3.58641
31809,3.19624
31810,3.69475
31811,3.42191
31812,3.94336
31813,3.09373
31814,3.55405
31815,3.5492
31816,3.8035
31817,3.61072
31818,3.68748
31819,3.25081
31820,4.15265
31821,4.04751
31822,3.34359
31823,3.50041
31824,3.85344
31825,3.54398
31826,3.84338
31827,3.69447
31828,3.99931
31829,3.00017
31830,4.06223
31831,3.43193
31832,2.29517
31833,3.56586
31834,2.72341
31835,4.43822
31836,3.76812
31837,3.27008
31838,4.06373
31839,3.47094
31840,3.84535
31841,3.53601
31842,3.60653
31843,3.70067
31844,3.52122
31845,2.44968
31846,2.92743
31847,3.69165
31848,3.86816
31849,2.84979
31850,3.47011
31851,3.2907
31852,3.79189
31853,3.01061
31854,3.69293
31855,4.58746
31856,3.75778
31857,4.70189
31858,3.75255
31859,4.83009
31860,5.0
31861,4.22565
31862,4.31953
31863,4.24316
31864,4.71602
31865,4.32203
31866,4.91366
31867,4.22434
31868,4.25676
31869,4.22069
31870,3.76121
31871,4.33231
31872,3.57154
31873,4.34526
31874,4.913
31875,5.0
31876,4.07742
31877,3.63598
31878,3.36287
31879,3.86336
31880,4.73513
31881,4.38806
31882,4.02801
31883,3.92585
31884,4.42264
31885,4.50258
31886,4.52642
31887,4.23765
31888,3.95837
31889,4.00135
31890,3.62488
31891,3.78414
31892,4.06541
31893,3.55904
31894,2.52851
31895,3.84297
31896,3.15464
31897,4.48431
31898,4.12036
31899,3.66523
31900,4.0477
31901,3.84192
31902,4.38751
31903,3.64036
31904,3.513
31905,2.97446
31906,4.06385
31907,3.63701
31908,3.95962
31909,2.72539
31910,4.02467
31911,4.27506
31912,3.63537
31913,3.70319
31914,3.80437
31915,3.30805
31916,3.51894
31917,4.02795
31918,3.72922
31919,3.79692
31920,4.05131
31921,3.02312
31922,4.07928
31923,3.94918
31924,3.41519
31925,3.10348
31926,3.66076
31927,3.26302
31928,3.02594
31929,3.80264
31930,4.06959
31931,3.91931
31932,4.11362
31933,3.97504
31934,3.23026
31935,4.09832
31936,3.79616
31937,3.78585
31938,3.21761
31939,3.19845
31940,3.94982
31941,3.60244
31942,3.60831
31943,3.61607
31944,2.25754
31945,3.89027
31946,3.85736
31947,1.62548
31948,3.9992
31949,3.91492
31950,3.6304
31951,4.01768
31952,4.07057
31953,3.4814
31954,2.76226
31955,3.95505
31956,3.32614
31957,3.16582
31958,4.03117
31959,3.43323
31960,4.10658
31961,3.00784
31962,3.50098
31963,3.16714
31964,4.7025
31965,3.2126
31966,4.00123
31967,4.2735
31968,3.96037
31969,4.24071
31970,4.24621
31971,4.98245
31972,4.86558
31973,4.06053
31974,4.36092
31975,4.07667
31976,3.7487
31977,3.42252
31978,3.76303
31979,3.77052
31980,4.3283
31981,4.10773
31982,4.53066
31983,4.40666
31984,4.29992
31985,3.74596
31986,3.54345
31987,3.95936
31988,3.34044
31989,3.94462
31990,4.41556
31991,3.46518
31992,4.2188
31993,4.23699
31994,3.78039
31995,3.41452
31996,4.55987
31997,4.0305
31998,3.99356
31999,4.10943
32000,3.39648
32001,2.97494
32002,4.03032
32003,4.19167
32004,4.29513
32005,2.62812
32006,3.6919
32007,3.76163
32008,3.22462
32009,3.89046
32010,3.40236
32011,2.87088
32012,4.10576
32013,3.84049
32014,3.7619
32015,3.21098
32016,2.81669
32017,3.59883
32018,3.59355
32019,3.47009
32020,3.79749
32021,2.72254
32022,3.57161
32023,4.06062
32024,3.74116
32025,3.76827
32026,4.18021
32027,3.66798
32028,3.45682
32029,3.57752
32030,3.87888
32031,2.35374
32032,3.94214
32033,3.40124
32034,3.33833
32035,3.76517
32036,3.74118
32037,4.18734
32038,3.91206
32039,3.9958
32040,4.07851
32041,3.14496
32042,4.18198
32043,2.95225
32044,3.98071
32045,3.99562
32046,4.34008
32047,3.83684
32048,3.54432
32049,4.27203
32050,3.35257
32051,5.0
32052,5.0
32053,4.7054
32054,4.69039
32055,4.12183
32056,3.9986
32057,4.65366
32058,3.17832
32059,3.86708
32060,4.08868
32061,4.06193
32062,3.64342
32063,4.61605
32064,4.27905
32065,4.59756
32066,3.97287
32067,3.88904
32068,4.57513
32069,3.90145
32070,3.60175
32071,4.21288
32072,3.43574
32073,2.79002
32074,3.87574
32075,3.19039
32076,4.97136
32077,2.67604
32078,2.95193
32079,4.34573
32080,3.5273
32081,3.46145
32082,4.36993
32083,4.60614
32084,3.35161
32085,3.48097
32086,2.74894
32087,3.22611
32088,3.72718
32089,3.31922
32090,4.74146
32091,3.60739
32092,2.70737
32093,2.84627
32094,3.64628
32095,4.06625
32096,3.91129
32097,4.26097
32098,3.76197
32099,4.57817
32100,4.66044
32101,4.03954
32102,4.5687
32103,3.69148
32104,4.20012
32105,4.4008
32106,3.68379
32107,4.09504
32108,3.70617
32109,3.61813
32110,4.54457
32111,4.39051
32112,3.75274
32113,2.80809
32114,3.95284
32115,3.82722
32116,3.38837
32117,3.49866
32118,3.58344
32119,3.67888
32120,2.75653
32121,1.73643
32122,2.7084
32123,2.00226
32124,3.38911
32125,3.67711
32126,3.6047
32127,4.23581
32128,4.24058
32129,2.59638
32130,3.12983
32131,3.12171
32132,3.80881
32133,4.33636
32134,2.36956
32135,4.08811
32136,2.43162
32137,1.62944
32138,2.52503
32139,3.07057
32140,4.19676
32141,3.92311
32142,4.31292
32143,2.28726
32144,3.94476
32145,3.53928
32146,3.82934
32147,4.79917
32148,3.21199
32149,4.19499
32150,4.32968
32151,4.22176
32152,4.20699
32153,3.63243
32154,3.07669
32155,2.84467
32156,3.67215
32157,3.33101
32158,3.04304
32159,2.75732
32160,2.54189
32161,3.29891
32162,3.6495
32163,3.08929
32164,3.26873
32165,2.7377
32166,2.13994
32167,4.1424
32168,2.98698
32169,2.79436
32170,3.13403
32171,2.01461
32172,2.99585
32173,3.49013
32174,2.92743
32175,3.4423
32176,3.77179
32177,3.22413
32178,3.66618
32179,2.10404
32180,2.0974
32181,4.09834
32182,3.93618
32183,4.11305
32184,3.39768
32185,3.52026
32186,3.90444
32187,3.15686
32188,3.10029
32189,3.04276
32190,4.16687
32191,2.9785
32192,3.84063
32193,2.13182
32194,2.2113
32195,3.01159
32196,2.71532
32197,2.9026
32198,1.89436
32199,2.51807
32200,2.775
32201,2.87149
32202,2.29495
32203,1.23149
32204,3.02343
32205,2.26117
32206,3.36406
32207,2.96053
32208,2.66308
32209,3.36821
32210,3.31588
32211,2.38048
32212,3.33029
32213,2.4753
32214,1.33101
32215,1.0
32216,2.52576
32217,2.98303
32218,1.52214
32219,2.56515
32220,2.64645
32221,2.53668
32222,2.57771
32223,3.34757
32224,4.04154
32225,3.01606
32226,2.50387
32227,1.33466
32228,1.62988
32229,2.58783
32230,2.907
32231,3.46617
32232,1.92005
32233,1.86189
32234,3.21698
32235,2.12445
32236,2.47996
32237,2.84318
32238,3.18251
32239,1.9298
32240,2.27954
32241,1.71491
32242,3.30637
32243,1.97836
32244,2.18878
32245,1.41218
32246,2.59003
32247,2.58499
32248,2.99319
32249,3.019
32250,1.93835
32251,1.90545
32252,2.66519
32253,2.24425
32254,1.66208
32255,2.74704
32256,3.00862
32257,2.05605
32258,2.06866
32259,1.8226
32260,3.22143
32261,2.345
32262,2.70387
32263,2.64576
32264,3.03637
32265,2.83617
32266,3.25465
32267,2.3209
32268,1.64957
32269,2.90254
32270,3.75117
32271,1.35863
32272,2.92549
32273,2.35997
32274,2.95514
32275,2.20177
32276,3.0473
32277,3.28981
32278,2.56065
32279,2.80348
32280,3.00056
32281,1.55241
32282,1.1942
32283,2.84078
32284,3.09772
32285,2.91642
32286,3.27636
32287,2.47712
32288,4.04082
32289,3.98822
32290,3.70853
32291,3.92144
32292,2.8017
32293,3.99499
32294,4.1636
32295,3.86779
32296,2.22664
32297,3.4387
32298,4.16787
32299,5.0
32300,3.87536
32301,3.31808
32302,3.39852
32303,3.76157
32304,4.36431
32305,3.72788
32306,3.85911
32307,2.94196
32308,4.09476
32309,3.81474
32310,3.33156
32311,3.54445
32312,4.25422
32313,3.57459
32314,3.55949
32315,4.01645
32316,3.27027
32317,4.34506
32318,3.73547
32319,4.28686
32320,4.289
32321,4.52934
32322,3.83565
32323,4.15222
32324,4.323
32325,3.67857
32326,4.82013
32327,2.94154
32328,4.50159
32329,4.09986
32330,4.00106
32331,3.68874
32332,4.62949
32333,4.15455
32334,3.97832
32335,4.02734
32336,4.89668
32337,3.91502
32338,4.20796
32339,2.56796
32340,4.53031
32341,4.3263
32342,5.0
32343,4.28101
32344,4.807
32345,3.50736
32346,5.0
32347,2.16558
32348,2.51303
32349,3.82986
32350,4.02496
32351,3.87677
32352,2.43872
32353,3.34398
32354,3.44739
32355,4.10793
32356,3.56406
32357,3.43842
32358,3.61162
32359,3.78746
32360,4.01967
32361,3.23544
32362,3.37367
32363,4.00887
32364,2.9834
32365,3.58216
32366,3.67533
32367,4.51132
32368,2.76974
32369,3.34507
32370,3.82371
32371,3.1606
32372,4.49685
32373,4.0336
32374,3.80624
32375,3.50586
32376,2.83638
32377,2.49258
32378,3.04712
32379,3.97303
32380,2.60208
32381,3.22582
32382,3.85198
32383,3.79324
32384,2.4244
32385,2.42706
32386,3.40101
32387,2.57382
32388,3.65166
32389,3.09302
32390,3.70456
32391,3.41626
32392,2.64288
32393,4.04008
32394,3.20099
32395,4.31495
32396,3.09437
32397,3.38317
32398,2.99418
32399,3.87884
32400,3.48834
32401,3.68198
32402,4.2118
32403,4.30842
32404,3.35317
32405,3.59669
32406,3.07712
32407,3.76422
32408,3.57482
32409,3.38489
32410,3.12765
32411,3.80737
32412,4.02874
32413,2.9852
32414,3.23109
32415,3.84119
32416,4.69212
32417,1.80193
32418,4.15722
32419,4.50926
32420,3.24993
32421,3.69568
32422,4.25709
32423,3.88201
32424,3.95187
32425,4.2386
32426,3.97264
32427,4.13365
32428,2.91514
32429,3.73658
32430,3.33163
32431,2.04007
32432,2.816
32433,3.34427
32434,4.15303
32435,2.11955
32436,3.40538
32437,3.98048
32438,2.64309
32439,3.45648
32440,3.19339
32441,2.6794
32442,3.43502
32443,3.73823
32444,3.42852
32445,4.47044
32446,2.751
32447,2.65368
32448,3.46488
32449,3.40412
32450,3.61928
32451,4.22481
32452,4.1798
32453,2.00474
32454,3.92083
32455,2.81807
32456,3.63548
32457,3.10837
32458,3.68534
32459,4.01041
32460,3.81928
32461,4.06428
32462,3.14458
32463,3.97378
32464,3.66605
32465,3.85358
32466,2.92824
32467,4.04017
32468,3.89785
32469,2.91161
32470,2.29708
32471,2.40669
32472,4.07519
32473,3.62749
32474,4.08644
32475,2.82816
32476,3.40976
32477,1.59112
32478,3.27106
32479,2.73169
32480,3.83521
32481,3.58708
32482,4.19714
32483,2.82229
32484,4.10758
32485,3.53389
32486,3.57632
32487,3.12336
32488,3.17601
32489,3.93886
32490,3.92099
32491,4.85473
32492,2.60122
32493,4.09113
32494,3.78237
32495,3.57631
32496,4.13989
32497,3.95854
32498,3.31598
32499,3.17025
32500,3.83106
32501,3.68041
32502,3.83886
32503,3.83884
32504,3.71619
32505,3.94925
32506,3.8107
32507,3.97388
32508,4.35366
32509,3.20491
32510,2.61482
32511,4.88705
32512,2.93876
32513,4.11447
32514,4.73424
32515,4.46814
32516,4.65392
32517,4.56753
32518,4.89579
32519,4.69731
32520,3.93153
32521,3.84074
32522,3.51868
32523,3.64254
32524,3.74213
32525,4.67896
32526,3.48262
32527,4.46468
32528,4.04089
32529,3.94629
32530,3.21989
32531,3.63352
32532,4.30156
32533,3.29864
32534,4.03675
32535,4.18089
32536,3.74508
32537,4.31456
32538,3.52653
32539,3.88098
32540,1.84181
32541,4.81504
32542,4.93737
32543,3.19829
32544,2.98113
32545,4.87478
32546,4.32193
32547,2.94649
32548,3.84708
32549,3.99105
32550,4.625
32551,4.54217
32552,4.17934
32553,3.89325
32554,4.33451
32555,4.42504
32556,3.94964
32557,3.67368
32558,3.4048
32559,4.32243
32560,3.5416
32561,3.61771
32562,4.37203
32563,4.33464
32564,2.97136
32565,4.57821
32566,4.79938
32567,3.72373
32568,4.05792
32569,4.54683
32570,4.74763
32571,5.0
32572,4.49765
32573,2.80916
32574,2.90557
32575,3.66722
32576,4.38413
32577,3.62657
32578,4.31245
32579,4.51867
32580,3.5659
32581,3.1638
32582,4.26698
32583,3.50946
32584,3.88542
32585,3.923
32586,4.11185
32587,3.8784
32588,3.50943
32589,4.19655
32590,3.78033
32591,4.18439
32592,4.11732
32593,4.15829
32594,4.31629
32595,4.1988
32596,3.7563
32597,2.64807
32598,3.51417
32599,2.51948
32600,3.27597
32601,3.38413
32602,3.40471
32603,2.73287
32604,3.45832
32605,3.40269
32606,4.66467
32607,3.43558
32608,4.21046
32609,3.3749
32610,3.58056
32611,2.42383
32612,3.0101
32613,3.2005
32614,2.22591
32615,1.86076
32616,3.47858
32617,3.29523
32618,3.03625
32619,3.19375
32620,4.26798
32621,3.36263
32622,3.41374
32623,4.40864
32624,2.86182
32625,4.19971
32626,3.8014
32627,2.90438
32628,2.49787
32629,3.09105
32630,3.45182
32631,3.0405
32632,3.98039
32633,3.67011
32634,3.4993
32635,3.6825
32636,3.39789
32637,4.63865
32638,2.57934
32639,4.38653
32640,3.63617
32641,1.05639
32642,3.49906
32643,4.80311
32644,5.0
32645,2.62497
32646,3.56082
32647,2.38647
32648,3.06672
32649,3.20844
32650,3.9183
32651,3.34896
32652,1.94477
32653,1.88904
32654,2.78898
32655,3.59563
32656,3.40891
32657,3.32086
32658,3.25528
32659,4.365
32660,4.18951
32661,3.405
32662,4.45749
32663,3.92948
32664,3.53205
32665,2.52355
32666,3.85742
32667,3.20446
32668,3.24325
32669,2.54918
32670,2.72301
32671,2.68116
32672,2.88458
32673,2.82798
32674,3.65669
32675,4.78206
32676,3.05788
32677,3.9195
32678,3.07003
32679,3.41063
32680,3.86933
32681,3.21324
32682,3.72746
32683,3.00192
32684,4.21088
32685,3.18905
32686,2.92348
32687,3.0413
32688,4.07034
32689,3.78852
32690,3.56652
32691,3.25595
32692,3.62907
32693,3.63424
32694,3.7004
32695,3.13348
32696,2.91103
32697,2.34891
32698,2.90687
32699,2.78552
32700,4.18329
32701,2.99996
32702,2.95404
32703,3.10249
32704,3.2056
32705,3.67687
32706,2.64644
32707,2.99376
32708,3.32615
32709,4.5622
32710,3.62654
32711,4.2113
32712,4.07342
32713,4.3696
32714,3.62052
32715,3.28925
32716,4.04897
32717,3.29941
32718,4.44793
32719,2.76191
32720,4.18437
32721,4.28958
32722,3.93099
32723,3.8478
32724,3.85726
32725,3.56939
32726,3.60453
32727,4.48017
32728,3.17158
32729,4.61757
32730,3.76294
32731,4.30339
32732,2.75326
32733,4.75216
32734,4.99634
32735,5.0
32736,4.65225
32737,4.27468
32738,4.17976
32739,3.41956
32740,2.64531
32741,3.49486
32742,3.90571
32743,1.0
32744,3.20466
32745,1.34236
32746,3.86835
32747,1.68383
32748,3.37178
32749,2.34698
32750,3.98802
32751,4.20531
32752,2.96374
32753,4.36937
32754,4.72933
32755,3.32544
32756,4.53043
32757,5.0
32758,4.22629
32759,2.43078
32760,1.55499
32761,2.98191
32762,4.27619
32763,2.03574
32764,3.48858
32765,3.18558
32766,3.52729
32767,2.75697
32768,3.7401
32769,2.92322
32770,2.19849
32771,2.91796
32772,2.05711
32773,2.15073
32774,3.53212
32775,2.96184
32776,2.79593
32777,3.10969
32778,3.00254
32779,3.64296
32780,3.53844
32781,2.66414
32782,3.5458
32783,3.17378
32784,4.20593
32785,3.77223
32786,3.23183
32787,2.00379
32788,2.19681
32789,2.18856
32790,2.06873
32791,3.2562
32792,3.55716
32793,2.73995
32794,2.34484
32795,1.0
32796,2.73501
32797,3.50118
32798,2.76551
32799,2.94629
32800,3.15209
32801,2.81866
32802,1.90149
32803,2.87718
32804,3.86642
32805,2.51944
32806,3.43076
32807,2.20826
32808,2.24989
32809,2.39926
32810,2.5036
32811,1.48008
32812,1.90423
32813,2.86556
32814,3.62261
32815,3.83469
32816,2.76297
32817,3.36219
32818,2.66663
32819,2.11051
32820,1.91764
32821,3.04567
32822,3.96987
32823,4.09821
32824,2.5537
32825,4.03716
32826,4.2118
32827,3.30339
32828,3.20162
32829,3.05695
32830,2.29713
32831,2.82548
32832,2.59873
32833,1.62496
32834,1.68501
32835,2.32368
32836,2.09029
32837,1.6188
32838,3.5197
32839,2.45747
32840,3.4002
32841,3.56756
32842,3.02114
32843,2.30943
32844,2.20031
32845,2.16402
32846,3.10469
32847,1.92763
32848,3.6789
32849,2.62631
32850,2.65738
32851,2.61268
32852,2.15851
32853,4.58179
32854,1.97742
32855,3.66698
32856,1.92201
32857,3.81677
32858,2.84516
32859,4.58653
32860,2.78932
32861,2.68278
32862,3.9828
32863,3.36251
32864,2.29199
32865,2.38471
32866,3.7978
32867,3.37105
32868,3.56262
32869,2.92879
32870,2.28603
32871,1.81045
32872,2.89023
32873,3.17437
32874,3.18681
32875,1.49325
32876,2.25824
32877,2.90662
32878,2.95727
32879,1.64798
32880,1.67128
32881,1.47131
32882,3.15492
32883,4.45531
32884,3.74482
32885,3.19167
32886,3.56007
32887,2.07835
32888,3.03561
32889,2.22732
32890,1.89919
32891,3.98699
32892,3.46757
32893,4.00364
32894,2.33123
32895,3.94374
32896,3.25582
32897,2.34417
32898,2.98076
32899,3.14277
32900,3.44267
32901,3.51583
32902,4.55688
32903,2.41902
32904,3.31541
32905,3.20929
32906,4.38174
32907,3.83974
32908,4.39304
32909,3.43003
32910,4.20184
32911,3.65624
32912,2.84885
32913,3.75387
32914,3.32707
32915,4.16932
32916,4.51722
32917,3.42702
32918,4.33202
32919,3.12178
32920,3.91341
32921,1.75096
32922,2.63471
32923,3.3951
32924,4.02966
32925,2.77103
32926,2.50963
32927,4.11825
32928,4.60992
32929,2.89082
32930,3.91614
32931,1.0
32932,3.97564
32933,3.84072
32934,3.77516
32935,3.75732
32936,2.92017
32937,4.69327
32938,4.04361
32939,2.96793
32940,4.02514
32941,3.98927
32942,4.3247
32943,3.61228
32944,1.70303
32945,2.45748
32946,2.91297
32947,4.07552
32948,3.13298
32949,4.41066
32950,4.29766
32951,4.10474
32952,3.85539
32953,3.49759
32954,2.4108
32955,3.63045
32956,3.95142
32957,4.01517
32958,3.76858
32959,3.95999
32960,3.09432
32961,3.69943
32962,3.66514
32963,3.05187
32964,3.45008
32965,3.95151
32966,4.30944
32967,2.01061
32968,4.54941
32969,3.57469
32970,3.93316
32971,3.60914
32972,3.45515
32973,4.71363
32974,3.40933
32975,3.57801
32976,4.52499
32977,3.54465
32978,2.93426
32979,2.93688
32980,2.80036
32981,2.6251
32982,2.48039
32983,2.53657
32984,3.10907
32985,3.16249
32986,3.99428
32987,3.39791
32988,3.74586
32989,3.91289
32990,3.87584
32991,1.0
32992,4.82616
32993,4.53422
32994,4.55371
32995,3.6216
32996,3.79985
32997,3.69246
32998,4.6246
32999,4.32971
33000,4.18441
33001,3.9702
33002,4.48437
33003,3.7874
33004,4.65797
33005,4.2292
33006,4.04678
33007,3.82658
33008,4.35315
33009,2.74459
33010,2.80395
33011,2.04533
33012,2.74789
33013,5.0
33014,4.11322
33015,3.95456
33016,4.10032
33017,2.56891
33018,4.04745
33019,2.51691
33020,4.06938
33021,3.10303
33022,4.17695
33023,4.15288
33024,4.29202
33025,4.01759
33026,4.19025
33027,3.2716
33028,3.4198
33029,4.2357
33030,4.17464
33031,5.0
33032,3.71662
33033,4.97775
33034,4.30462
33035,4.89493
33036,4.96158
33037,4.62772
33038,2.97555
33039,2.03973
33040,2.99387
33041,3.71244
33042,2.55968
33043,3.93961
33044,2.9
33045,4.47098
33046,4.4232
33047,3.4363
33048,3.75641
33049,3.50895
33050,1.22068
33051,1.7773
33052,4.37926
33053,4.04902
33054,3.6245
33055,3.96883
33056,2.73622
33057,1.76525
33058,1.88048
33059,3.70378
33060,2.2116
33061,1.91634
33062,2.10385
33063,3.61317
33064,2.61132
33065,3.30615
33066,2.32058
33067,3.58454
33068,3.15904
33069,3.84541
33070,3.91116
33071,2.67091
33072,4.31614
33073,4.57242
33074,3.36549
33075,2.08312
33076,2.79352
33077,3.63738
33078,3.37116
33079,3.63601
33080,4.74051
33081,3.48283
33082,4.14777
33083,4.24758
33084,3.00339
33085,4.41621
33086,2.63384
33087,4.73708
33088,2.46452
33089,1.59127
33090,4.07533
33091,3.35175
33092,4.7075
33093,3.91115
33094,4.18701
33095,4.23083
33096,3.68671
33097,4.22323
33098,4.16317
33099,3.55602
33100,3.70386
33101,4.35311
33102,4.27487
33103,3.60919
33104,3.80348
33105,3.66218
33106,2.46995
33107,3.42954
33108,2.47551
33109,1.02998
33110,2.72486
33111,3.27752
33112,4.13835
33113,4.09489
33114,2.48043
33115,1.92703
33116,4.20078
33117,3.69343
33118,3.7646
33119,3.73835
33120,3.67332
33121,2.82061
33122,4.35011
33123,2.64758
33124,3.44252
33125,4.4022
33126,3.90434
33127,3.60047
33128,3.61298
33129,1.93597
33130,3.85748
33131,3.53329
33132,3.32334
33133,2.12301
33134,2.69443
33135,3.67543
33136,2.25613
33137,3.30654
33138,2.22414
33139,2.67147
33140,3.05909
33141,3.84679
33142,3.4921
33143,2.8965
33144,2.30369
33145,3.69655
33146,3.30433
33147,2.48971
33148,3.42705
33149,3.53073
33150,3.53488
33151,3.39387
33152,3.20956
33153,3.29496
33154,4.77781
33155,3.84137
33156,3.25354
33157,3.63064
33158,3.41733
33159,3.12614
33160,3.40514
33161,3.46143
33162,3.60368
33163,3.66022
33164,3.8154
33165,2.73111
33166,3.2425
33167,3.08478
33168,3.06793
33169,3.91067
33170,3.18972
33171,3.29466
33172,3.5442
33173,3.25061
33174,2.80441
33175,2.08288
33176,2.32803
33177,2.75114
33178,2.59025
33179,2.00131
33180,4.25746
33181,2.73602
33182,3.1502
33183,3.50255
33184,1.7487
33185,3.14442
33186,3.09422
33187,3.14014
33188,3.00868
33189,3.91669
33190,3.28238
33191,3.158
33192,2.7099
33193,3.69718
33194,3.93704
33195,3.7387
33196,2.79398
33197,2.85495
33198,3.45753
33199,3.74989
33200,4.19838
33201,2.99466
33202,2.2101
33203,3.99701
33204,2.80851
33205,3.93174
33206,5.0
33207,4.05504
33208,4.68865
33209,3.59222
33210,5.0
33211,4.8899
33212,4.21452
33213,3.85951
33214,3.43945
33215,4.74498
33216,3.92534
33217,4.4351
33218,3.7928
33219,2.73656
33220,4.56511
33221,2.86018
33222,3.54388
33223,3.36578
33224,3.38579
33225,4.16228
33226,3.1084
33227,3.12919
33228,4.70455
33229,3.81048
33230,2.60009
33231,4.29876
33232,3.93887
33233,3.85912
33234,3.69584
33235,4.01261
33236,3.63507
33237,3.02448
33238,4.37364
33239,3.4113
33240,4.16982
33241,4.02305
33242,3.1261
33243,3.71658
33244,3.05893
33245,2.60199
33246,2.58994
33247,2.83736
33248,1.93737
33249,2.49711
33250,2.78237
33251,1.85477
33252,2.61302
33253,2.02267
33254,2.54565
33255,2.40128
33256,3.08223
33257,2.40689
33258,3.5438
33259,3.49517
33260,2.46057
33261,2.68416
33262,3.95399
33263,3.0466
33264,2.1854
33265,2.76181
33266,2.66089
33267,2.50059
33268,3.78186
33269,3.26152
33270,1.36867
33271,3.75179
33272,3.72092
33273,2.55917
33274,2.94402
33275,2.58937
33276,2.83625
33277,1.0
33278,3.06336
33279,2.56155
33280,1.92752
33281,2.76742
33282,2.50675
33283,3.53206
33284,1.8503
33285,1.8811
33286,2.57681
33287,1.84194
33288,4.04741
33289,3.14616
33290,3.04748
33291,3.00337
33292,3.65776
33293,2.80687
33294,1.74616
33295,2.29027
33296,3.2124
33297,4.28337
33298,3.47647
33299,4.43072
33300,3.62731
33301,4.55012
33302,3.51774
33303,4.67895
33304,4.26255
33305,4.72011
33306,3.22916
33307,3.80176
33308,3.21709
33309,1.56685
33310,1.75812
33311,4.20401
33312,4.0171
33313,4.78176
33314,2.78588
33315,4.29864
33316,4.31098
33317,1.99996
33318,3.83456
33319,2.00743
33320,4.0631
33321,2.62416
33322,4.10917
33323,1.47157
33324,3.42711
33325,1.81142
33326,3.08928
33327,2.96648
33328,3.12857
33329,3.15344
33330,2.62453
33331,2.20705
33332,2.53257
33333,1.92314
33334,2.6444
33335,3.73491
33336,2.7383
33337,2.88367
33338,2.97057
33339,3.06035
33340,3.06238
33341,2.59572
33342,3.13748
33343,2.37163
33344,4.21864
33345,2.65158
33346,4.8187
33347,2.39134
33348,3.40427
33349,2.70297
33350,3.27988
33351,2.4089
33352,2.43394
33353,2.78497
33354,2.9941
33355,1.62273
33356,2.06112
33357,1.92282
33358,3.35078
33359,2.74332
33360,3.83537
33361,1.84897
33362,2.94679
33363,2.70126
33364,4.57398
33365,4.25321
33366,3.92093
33367,3.45715
33368,4.39421
33369,3.59352
33370,4.12781
33371,3.4642
33372,3.01978
33373,3.59861
33374,4.26189
33375,4.37448
33376,4.36336
33377,4.2429
33378,3.6775
33379,3.87209
33380,3.00659
33381,3.94557
33382,3.41268
33383,4.06918
33384,3.52021
33385,3.88468
33386,3.1654
33387,4.89568
33388,4.42416
33389,3.87491
33390,5.0
33391,4.66695
33392,4.41932
33393,4.00768
33394,3.11727
33395,3.34821
33396,4.40317
33397,3.24307
33398,4.05969
33399,2.86748
33400,2.69063
33401,3.76557
33402,3.87746
33403,3.61526
33404,2.5453
33405,3.84477
33406,4.72627
33407,3.80252
33408,2.85484
33409,2.93983
33410,4.51039
33411,3.8149
33412,3.19786
33413,4.27404
33414,3.82414
33415,3.8332
33416,4.77346
33417,4.18586
33418,3.05197
33419,2.07602
33420,3.22031
33421,4.60593
33422,4.28657
33423,5.0
33424,4.52525
33425,4.54189
33426,3.81754
33427,3.06048
33428,4.75971
33429,4.51511
33430,4.03474
33431,4.54511
33432,3.75532
33433,3.50174
33434,4.88201
33435,4.80071
33436,3.48806
33437,3.88339
33438,4.12416
33439,3.405
33440,4.60142
33441,3.58879
33442,3.47707
33443,4.38978
33444,2.6683
33445,4.22541
33446,4.5509
33447,4.01978
33448,3.52957
33449,4.18406
33450,3.85234
33451,4.50672
33452,3.35851
33453,3.63818
33454,2.659
33455,4.25062
33456,3.46871
33457,3.61982
33458,4.13084
33459,3.6977
33460,4.08662
33461,4.01134
33462,3.59231
33463,4.04699
33464,4.07781
33465,4.48189
33466,3.03169
33467,4.16952
33468,3.75265
33469,3.21258
33470,3.08773
33471,4.17235
33472,3.48822
33473,2.3343
33474,4.13516
33475,3.86937
33476,3.84955
33477,3.93909
33478,3.56779
33479,3.19381
33480,3.04641
33481,3.63601
33482,3.3455
33483,3.85065
33484,4.22846
33485,4.35254
33486,3.37359
33487,3.64299
33488,4.74776
33489,3.63348
33490,2.53871
33491,2.95821
33492,4.58941
33493,3.85016
33494,4.0883
33495,4.07723
33496,3.66897
33497,4.09864
33498,4.00072
33499,3.83369
33500,4.20794
33501,1.85619
33502,4.73716
33503,4.82758
33504,3.53579
33505,4.27849
33506,4.08443
33507,3.85573
33508,4.43576
33509,4.07105
33510,3.57932
33511,3.43983
33512,4.7538
33513,4.35103
33514,4.47846
33515,1.66696
33516,3.51184
33517,4.02177
33518,4.05283
33519,3.97541
33520,2.65458
33521,3.63327
33522,4.40962
33523,3.49416
33524,4.42618
33525,5.0
33526,3.92193
33527,2.82206
33528,3.85979
33529,2.2217
33530,3.35547
33531,2.47905
33532,3.55796
33533,4.2618
33534,3.17528
33535,4.1976
33536,5.0
33537,4.22274
33538,4.21104
33539,4.62328
33540,2.41062
33541,5.0
33542,3.50809
33543,2.64525
33544,4.18627
33545,3.0512
33546,4.7407
33547,1.47155
33548,3.3102
33549,3.76927
33550,4.06216
33551,3.29996
33552,3.28961
33553,2.8859
33554,2.65696
33555,3.69226
33556,4.15913
33557,1.31664
33558,2.69143
33559,3.25151
33560,2.26719
33561,3.99324
33562,2.8006
33563,2.85602
33564,3.19691
33565,4.81908
33566,3.62168
33567,3.70196
33568,3.60815
33569,1.98762
33570,3.99894
33571,3.38079
33572,3.77981
33573,2.8061
33574,1.74093
33575,2.50228
33576,2.60535
33577,2.02762
33578,2.05518
33579,2.23496
33580,3.70044
33581,3.09716
33582,3.05451
33583,2.30785
33584,1.52353
33585,3.68301
33586,2.67952
33587,3.6217
33588,3.62348
33589,3.60465
33590,3.62252
33591,4.2867
33592,3.20236
33593,2.89489
33594,2.3281
33595,3.87498
33596,3.80001
33597,2.83054
33598,3.31215
33599,2.60296
33600,3.50477
33601,2.95527
33602,2.7149
33603,4.2061
33604,4.22132
33605,2.24092
33606,3.49251
33607,1.60999
33608,4.19517
33609,3.90253
33610,1.58357
33611,4.10488
33612,2.93526
33613,3.34882
33614,2.51987
33615,3.62916
33616,3.87141
33617,4.33916
33618,3.5168
33619,4.02643
33620,4.13233
33621,2.25129
33622,3.97886
33623,2.82274
33624,4.30261
33625,4.31185
33626,2.41178
33627,4.7813
33628,3.32092
33629,2.59931
33630,3.77829
33631,3.75512
33632,4.74666
33633,3.33795
33634,4.0472
33635,3.19055
33636,1.85966
33637,4.15063
33638,4.27395
33639,3.55197
33640,3.13598
33641,4.14566
33642,3.21382
33643,3.86613
33644,3.14
33645,3.06459
33646,3.64599
33647,3.54082
33648,4.95084
33649,3.31442
33650,3.52781
33651,3.54864
33652,4.24163
33653,4.44333
33654,3.11036
33655,3.69023
33656,4.15247
33657,2.13967
33658,4.2124
33659,4.27908
33660,3.77938
33661,3.96581
33662,2.89644
33663,3.15631
33664,2.65486
33665,4.30275
33666,3.71523
33667,3.84705
33668,1.94683
33669,4.38229
33670,3.8289
33671,3.35554
33672,3.99292
33673,2.71217
33674,3.96683
33675,3.63492
33676,2.65051
33677,3.1999
33678,4.02948
33679,3.64338
33680,4.36619
33681,4.21311
33682,4.35975
33683,4.4584
33684,3.7086
33685,2.52234
33686,3.7561
33687,5.0
33688,2.80656
33689,4.04755
33690,3.99079
33691,3.68414
33692,3.61704
33693,4.70422
33694,4.27406
33695,4.24671
33696,3.66419
33697,3.16876
33698,4.86732
33699,4.12045
33700,3.72583
33701,4.42487
33702,4.08507
33703,2.76212
33704,5.0
33705,2.91447
33706,3.95431
33707,3.69872
33708,4.91801
33709,3.92567
33710,3.8001
33711,4.42525
33712,3.02559
33713,3.98553
33714,4.89953
33715,2.91565
33716,3.68796
33717,3.92964
33718,3.78948
33719,4.56415
33720,4.71081
33721,4.54664
33722,4.28508
33723,4.89498
33724,4.36246
33725,4.77434
33726,3.77473
33727,4.76297
33728,4.49788
33729,4.80309
33730,5.0
33731,4.63204
33732,4.78934
33733,4.55301
33734,3.47635
33735,3.44403
33736,2.82406
33737,3.99975
33738,2.88802
33739,3.65522
33740,3.12694
33741,3.47059
33742,3.92974
33743,2.49842
33744,4.09665
33745,3.80883
33746,4.11682
33747,3.25983
33748,3.60297
33749,3.83231
33750,2.03556
33751,3.92066
33752,3.93746
33753,3.31849
33754,3.58323
33755,3.57204
33756,4.19392
33757,4.20198
33758,4.00787
33759,3.58265
33760,4.08719
33761,3.88151
33762,2.30294
33763,3.7166
33764,3.18962
33765,3.69633
33766,4.03449
33767,4.01706
33768,4.31014
33769,3.50873
33770,3.95979
33771,2.72942
33772,3.67392
33773,2.96912
33774,3.50643
33775,3.21369
33776,3.52216
33777,3.63193
33778,3.23401
33779,5.0
33780,3.69904
33781,4.3256
33782,4.57912
33783,3.66303
33784,4.24652
33785,3.19691
33786,4.12387
33787,2.81733
33788,3.24398
33789,3.55763
33790,2.01405
33791,4.05985
33792,3.12383
33793,4.23719
33794,3.9818
33795,3.83735
33796,3.71412
33797,2.8128
33798,3.87483
33799,2.15566
33800,2.10399
33801,2.42143
33802,3.96249
33803,3.15938
33804,2.75053
33805,2.89194
33806,2.70148
33807,3.80319
33808,4.38871
33809,3.9803
33810,4.8034
33811,4.10371
33812,3.9852
33813,3.83314
33814,4.20627
33815,3.07151
33816,3.75552
33817,3.84087
33818,4.40172
33819,4.08516
33820,2.83733
33821,4.4413
33822,4.50554
33823,3.69237
33824,3.86369
33825,4.17346
33826,3.04398
33827,3.38669
33828,2.66588
33829,3.85126
33830,3.57453
33831,3.32016
33832,4.10508
33833,3.69716
33834,3.93465
33835,4.07956
33836,4.0037
33837,3.36395
33838,3.41773
33839,3.52098
33840,3.72188
33841,3.76744
33842,3.3352
33843,3.76379
33844,3.89768
33845,3.74133
33846,4.19765
33847,3.95538
33848,3.77667
33849,3.0403
33850,4.31006
33851,4.42154
33852,1.79702
33853,4.41197
33854,4.49854
33855,4.54574
33856,4.07831
33857,2.8236
33858,2.28705
33859,2.82442
33860,3.15128
33861,3.29348
33862,3.41858
33863,2.98921
33864,3.55332
33865,2.39973
33866,1.0
33867,3.8941
33868,3.94668
33869,2.38968
33870,2.98913
33871,2.36111
33872,2.90377
33873,3.51603
33874,3.5293
33875,3.35914
33876,3.40638
33877,3.65994
33878,2.66909
33879,3.63721
33880,4.78409
33881,3.13976
33882,1.54573
33883,4.97682
33884,1.54637
33885,5.0
33886,4.54602
33887,4.71388
33888,3.93753
33889,3.8465
33890,1.93092
33891,3.46423
33892,3.7804
33893,4.09237
33894,3.9926
33895,5.0
33896,4.57674
33897,3.65772
33898,3.2743
33899,4.62149
33900,4.56239
33901,4.21464
33902,3.09091
33903,2.84798
33904,3.89005
33905,3.98672
33906,4.122
33907,4.47245
33908,3.14698
33909,4.0088
33910,3.31792
33911,3.82799
33912,3.47367
33913,3.58699
33914,3.6712
33915,3.89277
33916,3.41328
33917,4.16621
33918,4.13947
33919,3.9208
33920,4.04894
33921,3.04986
33922,3.8083
33923,3.28895
33924,3.70856
33925,4.02395
33926,4.22114
33927,3.8601
33928,3.60521
33929,4.48564
33930,4.37279
33931,3.42424
33932,3.3559
33933,4.44771
33934,4.01191
33935,4.04607
33936,3.86391
33937,4.10139
33938,4.05481
33939,4.08423
33940,3.61869
33941,3.32763
33942,3.78728
33943,4.13979
33944,3.89389
33945,3.93296
33946,2.59511
33947,3.106
33948,2.71239
33949,2.84119
33950,4.04371
33951,4.33679
33952,3.33134
33953,2.79512
33954,3.40603
33955,4.65664
33956,1.69576
33957,3.01671
33958,2.90613
33959,3.88532
33960,4.70361
33961,4.1183
33962,4.91902
33963,3.60596
33964,3.50549
33965,3.17053
33966,3.45805
33967,4.61513
33968,4.19023
33969,4.08371
33970,4.61896
33971,4.58623
33972,4.50684
33973,3.29271
33974,3.25851
33975,2.73987
33976,4.56789
33977,4.26369
33978,3.94531
33979,5.0
33980,3.75813
33981,4.64111
33982,4.41341
33983,4.07818
33984,3.86857
33985,2.76514
33986,4.12915
33987,5.0
33988,3.97715
33989,3.94151
33990,3.36939
33991,3.06513
33992,3.98048
33993,2.33376
33994,3.33594
33995,2.85674
33996,2.53006
33997,1.96028
33998,2.92356
33999,2.69274
34000,2.46
34001,2.94107
34002,2.58363
34003,4.37229
34004,4.5738
34005,3.66532
34006,4.30619
34007,3.74868
34008,4.75512
34009,3.64198
34010,3.63025
34011,4.19322
34012,4.06795
34013,4.38498
34014,1.32525
34015,3.19839
34016,3.6471
34017,2.46304
34018,4.48707
34019,3.99735
34020,3.21053
34021,4.07375
34022,4.27632
34023,3.55131
34024,2.52516
34025,3.70156
34026,3.97807
34027,3.98021
34028,3.46036
34029,2.25974
34030,3.69282
34031,3.76389
34032,3.99867
34033,2.90272
34034,2.83698
34035,4.11336
34036,2.95321
34037,3.32233
34038,2.3792
34039,2.91182
34040,1.01838
34041,2.98161
34042,3.38765
34043,3.00667
34044,1.20008
34045,2.30111
34046,1.39451
34047,2.95901
34048,1.69708
34049,2.8809
34050,2.87618
34051,2.01091
34052,2.66897
34053,3.0097
34054,1.1874
34055,2.41885
34056,1.30872
34057,3.65081
34058,2.19759
34059,1.47971
34060,2.1164
34061,1.97918
34062,3.98921
34063,3.08889
34064,1.88253
34065,4.11912
34066,3.11903
34067,1.77394
34068,1.23974
34069,2.61019
34070,2.18601
34071,3.58485
34072,3.60774
34073,3.0569
34074,3.75821
34075,2.20825
34076,2.42212
34077,3.35629
34078,3.17661
34079,2.55592
34080,2.6612
34081,1.0
34082,3.29451
34083,2.86995
34084,2.89308
34085,2.69588
34086,1.57424
34087,1.19812
34088,1.80125
34089,2.19483
34090,3.54757
34091,3.8025
34092,3.52912
34093,2.57696
34094,1.65181
34095,1.43855
34096,1.6712
34097,1.24954
34098,1.99706
34099,4.27115
34100,4.35554
34101,3.46031
34102,3.68485
34103,3.36817
34104,3.61114
34105,2.11472
34106,1.0
34107,1.69941
34108,3.9185
34109,4.00564
34110,4.15218
34111,2.92586
34112,4.04172
34113,2.63135
34114,3.62484
34115,3.51413
34116,4.05801
34117,4.04666
34118,3.78123
34119,4.16101
34120,3.92812
34121,3.37911
34122,3.33834
34123,4.11964
34124,3.49432
34125,3.95652
34126,4.03307
34127,4.35263
34128,3.22879
34129,4.61008
34130,3.86354
34131,4.17623
34132,1.96459
34133,2.785
34134,2.93763
34135,3.17332
34136,2.79237
34137,2.97728
34138,2.91847
34139,3.78365
34140,2.04666
34141,2.89501
34142,3.40607
34143,3.26851
34144,2.38952
34145,2.38553
34146,2.94795
34147,4.29413
34148,3.60524
34149,3.01762
34150,2.66782
34151,2.44099
34152,1.98362
34153,2.32203
34154,3.23014
34155,3.31847
34156,2.85926
34157,3.64724
34158,2.22071
34159,3.31642
34160,3.80227
34161,1.90446
34162,1.56337
34163,2.15681
34164,2.84221
34165,2.36175
34166,3.63848
34167,2.06764
34168,1.47944
34169,1.89709
34170,1.49991
34171,2.9745
34172,3.0952
34173,2.60608
34174,2.86888
34175,2.69405
34176,3.78595
34177,2.51605
34178,3.02801
34179,2.80822
34180,1.64442
34181,2.57198
34182,2.6961
34183,3.50062
34184,2.88877
34185,3.37898
34186,2.66672
34187,3.56546
34188,4.86376
34189,3.76714
34190,3.87899
34191,2.86374
34192,3.19419
34193,4.22115
34194,4.09213
34195,3.65188
34196,2.93123
34197,4.67735
34198,2.50419
34199,4.06823
34200,4.33741
34201,4.15319
34202,3.98635
34203,4.40177
34204,4.11644
34205,3.22843
34206,2.1712
34207,2.77521
34208,2.3809
34209,2.4676
34210,3.29924
34211,1.78388
34212,3.72712
34213,2.51254
34214,5.0
34215,4.41304
34216,4.1133
34217,2.36544
34218,3.04302
34219,2.28258
34220,3.92734
34221,3.07283
34222,3.49637
34223,2.04817
34224,2.00684
34225,1.72384
34226,2.32925
34227,4.51601
34228,3.22397
34229,3.244
34230,4.50082
34231,3.05234
34232,4.91537
34233,2.86832
34234,2.28142
34235,2.81854
34236,1.98732
34237,2.94234
34238,2.60717
34239,1.86406
34240,3.12436
34241,1.38343
34242,2.42105
34243,3.72464
34244,4.1485
34245,3.69429
34246,4.32125
34247,4.52905
34248,3.7081
34249,4.01509
34250,2.3596
34251,1.94879
34252,3.12912
34253,3.32081
34254,3.26447
34255,1.81643
34256,4.14859
34257,3.05846
34258,2.74041
34259,3.32738
34260,3.60063
34261,4.07602
34262,3.42547
34263,2.44788
34264,4.4949
34265,1.40159
34266,3.88345
34267,3.15544
34268,2.50504
34269,1.80696
34270,2.98247
34271,4.07452
34272,3.0099
34273,2.42486
34274,2.50074
34275,3.42434
34276,2.6531
34277,4.14712
34278,3.3281
34279,3.40281
34280,1.0
34281,3.80476
34282,3.21336
34283,4.40001
34284,2.22141
34285,2.13004
34286,2.9298
34287,3.89064
34288,2.83589
34289,2.12758
34290,3.77951
34291,3.06515
34292,3.54174
34293,3.44416
34294,3.81031
34295,1.78798
34296,4.20527
34297,3.96094
34298,3.8698
34299,4.25795
34300,3.95285
34301,4.14709
34302,4.35625
34303,3.60642
34304,4.15506
34305,3.27581
34306,3.4868
34307,3.71588
34308,3.92466
34309,4.1532
34310,3.85432
34311,4.19389
34312,3.85189
34313,3.56159
34314,3.94303
34315,4.04018
34316,3.95616
34317,4.53808
34318,4.05971
34319,4.53596
34320,3.53257
34321,4.14751
34322,3.34847
34323,4.27725
34324,4.41273
34325,4.25877
34326,4.04394
34327,4.05387
34328,3.72109
34329,4.2547
34330,3.78949
34331,3.6803
34332,2.78674
34333,3.54492
34334,4.5393
34335,3.3222
34336,2.7752
34337,4.80387
34338,4.14862
34339,4.18024
34340,4.57454
34341,3.96233
34342,4.30435
34343,4.45721
34344,4.69666
34345,4.59048
34346,4.87786
34347,4.5572
34348,3.2445
34349,4.52597
34350,3.86315
34351,4.45275
34352,4.43846
34353,4.15867
34354,3.93118
34355,4.32276
34356,4.20978
34357,3.7547
34358,4.46196
34359,4.35497
34360,3.32572
34361,3.88723
34362,3.80039
34363,3.66475
34364,2.81873
34365,3.61839
34366,3.07662
34367,4.73384
34368,3.56813
34369,3.77397
34370,4.35237
34371,3.6411
34372,4.05867
34373,4.27698
34374,4.61678
34375,3.59187
34376,4.01668
34377,4.22171
34378,3.57643
34379,4.40449
34380,4.10509
34381,3.46585
34382,4.25734
34383,2.29958
34384,3.88142
34385,4.13733
34386,4.55562
34387,4.26526
34388,4.67144
34389,3.69097
34390,3.8309
34391,4.55909
34392,2.65517
34393,3.50115
34394,4.36639
34395,4.01799
34396,3.04394
34397,3.55695
34398,3.91452
34399,3.31014
34400,3.37401
34401,4.27885
34402,3.02038
34403,3.40561
34404,3.4679
34405,2.81333
34406,3.60627
34407,3.84447
34408,3.22145
34409,2.79332
34410,3.93363
34411,2.52607
34412,3.9771
34413,3.48758
34414,5.0
34415,3.71592
34416,2.97919
34417,3.26208
34418,4.14344
34419,2.02347
34420,1.66944
34421,3.09939
34422,2.52977
34423,3.84559
34424,2.69382
34425,4.06745
34426,3.75292
34427,4.47753
34428,3.84259
34429,4.18254
34430,4.2572
34431,3.28833
34432,3.67454
34433,4.12788
34434,3.31483
34435,3.88374
34436,3.01757
34437,3.65633
34438,3.57447
34439,3.93645
34440,3.73156
34441,4.59811
34442,4.59662
34443,4.02367
34444,4.81137
34445,3.20149
34446,4.68371
34447,1.95772
34448,3.59059
34449,4.07315
34450,4.48208
34451,4.554
34452,5.0
34453,3.59737
34454,3.31168
34455,3.12531
34456,3.13774
34457,3.87824
34458,4.05784
34459,3.10719
34460,4.27389
34461,5.0
34462,4.08214
34463,3.28811
34464,3.67694
34465,5.0
34466,4.25201
34467,4.84888
34468,3.94412
34469,3.67793
34470,5.0
34471,4.30022
34472,4.06757
34473,3.32201
34474,2.69048
34475,4.17597
34476,3.3361
34477,3.85154
34478,4.54476
34479,3.36293
34480,4.28112
34481,4.4697
34482,4.7964
34483,3.69762
34484,3.99102
34485,4.13827
34486,4.16165
34487,4.11269
34488,3.78447
34489,4.40078
34490,4.22178
34491,4.55434
34492,3.6861
34493,3.19805
34494,4.47556
34495,4.64967
34496,3.95074
34497,2.76627
34498,5.0
34499,4.0305
34500,4.38865
34501,4.12472
34502,4.01157
34503,3.9974
34504,3.27486
34505,3.69805
34506,2.64568
34507,4.21808
34508,2.20842
34509,3.13197
34510,4.13835
34511,3.63517
34512,3.49476
34513,3.37789
34514,3.31772
34515,3.96894
34516,2.75162
34517,4.19788
34518,3.08295
34519,4.61802
34520,4.40786
34521,3.77825
34522,4.74927
34523,4.45973
34524,2.95503
34525,4.22507
34526,4.70187
34527,3.44722
34528,4.74582
34529,3.62183
34530,2.94861
34531,3.96807
34532,3.75773
34533,3.15349
34534,4.13901
34535,3.90137
34536,4.44298
34537,3.54938
34538,3.51227
34539,3.96649
34540,4.38986
34541,4.51655
34542,3.59657
34543,2.7991
34544,3.60356
34545,4.19243
34546,4.14475
34547,3.34116
34548,3.65144
34549,3.96694
34550,2.99682
34551,2.80484
34552,2.62362
34553,4.06104
34554,3.4539
34555,3.04486
34556,3.50556
34557,3.42874
34558,3.6515
34559,4.52666
34560,4.19069
34561,4.16943
34562,4.32584
34563,4.34898
34564,4.71164
34565,3.8871
34566,4.59341
34567,3.18171
34568,5.0
34569,4.09791
34570,3.15032
34571,3.5739
34572,4.93979
34573,3.61895
34574,2.71129
34575,2.75883
34576,3.33538
34577,3.39008
34578,3.68786
34579,3.23147
34580,2.78303
34581,2.92994
34582,4.90858
34583,4.40642
34584,3.83351
34585,2.15351
34586,3.64185
34587,1.89841
34588,3.43896
34589,2.27433
34590,3.47884
34591,3.37037
34592,1.89482
34593,2.92503
34594,3.09195
34595,4.68743
34596,4.84603
34597,3.81472
34598,4.76293
34599,4.12951
34600,3.5063
34601,4.01626
34602,3.21688
34603,4.08466
34604,4.62339
34605,2.66372
34606,3.55452
34607,3.64742
34608,4.45486
34609,4.43757
34610,4.59257
34611,3.37812
34612,3.62972
34613,4.59873
34614,4.26949
34615,3.27623
34616,4.25949
34617,4.02092
34618,3.33874
34619,3.81924
34620,4.24089
34621,4.27288
34622,4.47169
34623,4.36186
34624,4.18079
34625,4.84456
34626,3.68944
34627,4.16656
34628,3.42478
34629,3.99286
34630,4.43486
34631,3.93552
34632,4.80691
34633,2.68249
34634,3.95431
34635,3.89664
34636,3.22831
34637,3.69951
34638,4.53597
34639,4.16227
34640,3.60533
34641,4.60304
34642,3.5242
34643,4.49406
34644,5.0
34645,4.54146
34646,5.0
34647,4.42423
34648,4.73326
34649,3.08354
34650,3.24956
34651,2.79403
34652,4.51364
34653,3.41865
34654,4.43866
34655,3.76757
34656,3.79219
34657,4.30216
34658,3.84136
34659,3.12132
34660,1.71414
34661,3.55923
34662,3.76611
34663,3.50995
34664,3.82264
34665,2.60718
34666,3.9417
34667,3.52334
34668,2.84909
34669,3.39463
34670,4.07111
34671,3.53573
34672,4.09616
34673,4.272
34674,4.07058
34675,4.09394
34676,4.71854
34677,4.01031
34678,3.90706
34679,1.27588
34680,2.51852
34681,4.15057
34682,2.56454
34683,4.62993
34684,4.36915
34685,3.0983
34686,3.93635
34687,1.3312
34688,4.75271
34689,3.85505
34690,3.90274
34691,3.34265
34692,2.89085
34693,3.81258
34694,3.5205
34695,3.55898
34696,3.61226
34697,2.65936
34698,3.44044
34699,3.82595
34700,3.91116
34701,3.41352
34702,3.74427
34703,2.50789
34704,3.54212
34705,3.11402
34706,3.85648
34707,3.78291
34708,4.21631
34709,4.36458
34710,4.37992
34711,3.2587
34712,3.0357
34713,4.36577
34714,4.34242
34715,4.09124
34716,2.90659
34717,4.21399
34718,3.94568
34719,4.49393
34720,4.49309
34721,4.36784
34722,4.52155
34723,4.31754
34724,3.45526
34725,4.15376
34726,3.90844
34727,4.22741
34728,4.28479
34729,3.95232
34730,4.27573
34731,3.4139
34732,3.1823
34733,3.49363
34734,4.08029
34735,4.10819
34736,4.02796
34737,3.97168
34738,4.66405
34739,3.98233
34740,4.08805
34741,3.85126
34742,4.37659
34743,4.18606
34744,4.04476
34745,4.42386
34746,4.18039
34747,4.19983
34748,3.63096
34749,4.08616
34750,4.31734
34751,3.08002
34752,3.27165
34753,4.14599
34754,3.40376
34755,3.72354
34756,4.13298
34757,4.43089
34758,3.64567
34759,2.32958
34760,4.04452
34761,3.91178
34762,4.04586
34763,2.72177
34764,2.89547
34765,2.24294
34766,4.1766
34767,2.82291
34768,3.14744
34769,2.90465
34770,3.96357
34771,4.00334
34772,3.85147
34773,1.61939
34774,2.74073
34775,4.28718
34776,2.86686
34777,3.14159
34778,3.89371
34779,3.32458
34780,3.94485
34781,3.54157
34782,3.68525
34783,4.18999
34784,3.24155
34785,3.84971
34786,3.59008
34787,3.77447
34788,4.24769
34789,4.15755
34790,4.0619
34791,2.40848
34792,2.79873
34793,3.84982
34794,4.07856
34795,3.61135
34796,3.66483
34797,3.06123
34798,3.63711
34799,3.51673
34800,1.16228
34801,3.11063
34802,1.6322
34803,3.17351
34804,3.09051
34805,3.76498
34806,3.50285
34807,4.07419
34808,3.77522
34809,3.08945
34810,3.57886
34811,4.35842
34812,4.15982
34813,3.7306
34814,3.15643
34815,3.1086
34816,3.02582
34817,3.97373
34818,3.59989
34819,3.93915
34820,3.25513
34821,4.20633
34822,3.38892
34823,3.77399
34824,3.90065
34825,3.99674
34826,2.73068
34827,3.08703
34828,3.72889
34829,3.82543
34830,4.01009
34831,3.76283
34832,4.04345
34833,2.69091
34834,4.53122
34835,3.43414
34836,3.70385
34837,2.99953
34838,1.84859
34839,3.00531
34840,3.66064
34841,2.16356
34842,3.44982
34843,3.96018
34844,2.47969
34845,3.09557
34846,2.72206
34847,2.7083
34848,3.0185
34849,3.30517
34850,2.24989
34851,2.17936
34852,2.49945
34853,2.26635
34854,2.48056
34855,4.07318
34856,3.97103
34857,4.36107
34858,4.38325
34859,2.82731
34860,2.50698
34861,3.27302
34862,3.37309
34863,2.12852
34864,1.78496
34865,4.25432
34866,3.0139
34867,2.65031
34868,1.35569
34869,3.89934
34870,4.16574
34871,3.89139
34872,4.7974
34873,5.0
34874,3.47538
34875,2.95234
34876,4.27564
34877,4.0346
34878,3.11682
34879,3.98954
34880,3.28059
34881,4.50375
34882,4.79855
34883,3.42595
34884,2.89411
34885,4.96221
34886,5.0
34887,4.7052
34888,3.20837
34889,3.78909
34890,2.32269
34891,4.6809
34892,3.97666
34893,3.0392
34894,3.76701
34895,2.14878
34896,3.43566
34897,4.09281
34898,3.00856
34899,2.96446
34900,4.3168
34901,3.2241
34902,3.38653
34903,4.00049
34904,3.39908
34905,3.41656
34906,4.08094
34907,3.98508
34908,3.89957
34909,2.90089
34910,4.14262
34911,4.98881
34912,4.77613
34913,4.52905
34914,4.79151
34915,3.93521
34916,3.57547
34917,4.77048
34918,4.06771
34919,3.94288
34920,4.24735
34921,3.64795
34922,4.06228
34923,3.3484
34924,2.83958
34925,3.51779
34926,3.28088
34927,3.45267
34928,3.94748
34929,4.09909
34930,2.64005
34931,3.68405
34932,4.4396
34933,3.99001
34934,3.76717
34935,3.71426
34936,3.13727
34937,3.11142
34938,3.51853
34939,4.37888
34940,4.15985
34941,3.54778
34942,4.64586
34943,3.55599
34944,3.51493
34945,3.64239
34946,3.19339
34947,2.81383
34948,4.43437
34949,2.12294
34950,4.20023
34951,2.947
34952,4.1393
34953,3.76856
34954,3.32788
34955,4.19605
34956,3.66724
34957,3.73894
34958,3.84135
34959,3.09933
34960,2.2472
34961,3.94746
34962,3.64063
34963,3.75117
34964,1.56842
34965,3.01662
34966,3.80796
34967,2.93904
34968,3.24639
34969,2.41153
34970,3.79735
34971,2.9832
34972,4.78966
34973,3.18648
34974,4.81084
34975,3.71295
34976,3.61898
34977,3.10024
34978,2.29379
34979,3.02932
34980,2.86664
34981,3.08135
34982,4.21974
34983,3.0983
34984,3.14519
34985,4.02574
34986,3.79492
34987,3.80011
34988,3.16205
34989,3.23707
34990,2.62498
34991,2.24882
34992,3.29049
34993,4.72244
34994,3.22221
34995,2.57331
34996,2.03612
34997,2.86029
34998,3.59892
34999,3.76022
35000,3.66712
35001,2.38964
35002,3.58072
35003,4.04334
35004,4.17714
35005,2.97032
35006,4.09112
35007,4.46304
35008,3.98148
35009,4.55175
35010,4.31237
35011,4.61613
35012,4.45188
35013,4.48632
35014,3.66375
35015,2.7955
35016,4.04566
35017,4.82073
35018,5.0
35019,4.24238
35020,5.0
35021,3.59362
35022,4.79363
35023,4.27466
35024,4.75095
35025,4.33767
35026,3.98312
35027,4.54449
35028,5.0
35029,3.27423
35030,4.10194
35031,4.42158
35032,4.56978
35033,3.50503
35034,3.86317
35035,3.45358
35036,4.91266
35037,3.9297
35038,4.44615
35039,2.76534
35040,5.0
35041,4.32088
35042,4.77124
35043,3.64912
35044,4.61506
35045,3.24641
35046,4.09972
35047,3.75461
35048,4.8238
35049,4.28252
35050,3.78805
35051,4.75974
35052,2.40966
35053,3.09195
35054,3.7022
35055,3.74285
35056,3.43455
35057,3.07319
35058,1.51019
35059,4.43857
35060,3.92564
35061,3.84843
35062,2.39253
35063,4.24463
35064,3.19652
35065,4.58924
35066,2.05783
35067,2.76224
35068,2.87071
35069,3.17723
35070,3.26194
35071,4.05964
35072,3.32057
35073,4.42791
35074,3.57461
35075,3.84734
35076,2.86659
35077,4.12176
35078,3.62633
35079,3.07937
35080,3.07124
35081,2.67057
35082,2.56584
35083,4.75862
35084,4.55558
35085,3.86366
35086,3.60283
35087,2.39666
35088,2.8596
35089,3.59798
35090,3.06247
35091,3.24889
35092,2.99541
35093,3.28054
35094,2.83366
35095,2.93679
35096,2.71482
35097,2.37023
35098,3.16012
35099,3.83327
35100,3.21009
35101,2.72979
35102,3.07437
35103,3.40946
35104,2.33376
35105,3.19462
35106,4.00092
35107,3.1196
35108,3.30782
35109,3.50874
35110,2.78098
35111,2.87588
35112,3.00925
35113,4.29758
35114,4.19762
35115,3.83255
35116,3.82158
35117,3.87379
35118,4.07481
35119,4.54033
35120,3.76781
35121,4.07397
35122,4.85447
35123,2.44016
35124,2.61425
35125,4.06348
35126,2.54842
35127,3.10315
35128,1.85964
35129,2.84206
35130,3.78066
35131,2.44007
35132,2.5746
35133,2.58365
35134,3.37604
35135,1.87624
35136,3.30318
35137,2.35346
35138,2.77479
35139,2.99578
35140,2.71343
35141,3.48173
35142,3.57201
35143,2.79435
35144,3.22209
35145,2.81407
35146,3.45261
35147,2.58752
35148,2.71758
35149,2.72658
35150,2.20748
35151,2.50998
35152,2.75177
35153,2.21218
35154,3.61372
35155,3.11467
35156,3.28218
35157,2.88278
35158,2.72086
35159,3.63215
35160,2.48256
35161,3.6211
35162,2.21154
35163,2.99948
35164,2.78605
35165,3.53342
35166,2.21004
35167,1.16722
35168,2.44565
35169,2.43492
35170,2.76832
35171,2.14674
35172,2.83692
35173,1.8888
35174,3.02703
35175,2.56251
35176,2.84397
35177,3.03505
35178,2.59277
35179,3.02595
35180,2.35223
35181,3.03774
35182,3.19307
35183,3.94712
35184,2.79844
35185,2.84399
35186,3.40068
35187,3.47318
35188,2.56015
35189,2.55182
35190,2.7484
35191,3.77711
35192,2.44649
35193,3.79285
35194,3.29873
35195,2.08837
35196,3.0785
35197,3.92085
35198,3.39446
35199,2.97842
35200,3.11535
35201,2.68132
35202,3.45368
35203,2.9482
35204,2.92983
35205,3.14296
35206,2.23187
35207,2.48131
35208,2.95567
35209,3.61442
35210,2.77014
35211,2.40682
35212,3.46796
35213,3.83588
35214,3.13366
35215,2.89325
35216,2.55564
35217,2.14647
35218,4.47204
35219,2.40583
35220,3.41328
35221,2.19686
35222,3.93408
35223,2.754
35224,3.16468
35225,2.73466
35226,3.24747
35227,2.89298
35228,2.78616
35229,3.125
35230,3.45983
35231,2.83028
35232,2.52233
35233,3.4019
35234,4.633
35235,3.23446
35236,2.40743
35237,2.57034
35238,2.29352
35239,2.66904
35240,3.34709
35241,2.17626
35242,2.55956
35243,3.48233
35244,2.85367
35245,3.17115
35246,2.88548
35247,2.52699
35248,3.29197
35249,3.03154
35250,3.21453
35251,3.38223
35252,2.62107
35253,3.19132
35254,3.44392
35255,2.08883
35256,3.60265
35257,2.6958
35258,4.40219
35259,5.0
35260,4.15373
35261,5.0
35262,4.81945
35263,3.96781
35264,4.88494
35265,2.55055
35266,4.58748
35267,3.32425
35268,4.45244
35269,4.70807
35270,3.10973
35271,3.5935
35272,4.77496
35273,3.03773
35274,3.04163
35275,2.00538
35276,3.1797
35277,4.03162
35278,2.71756
35279,2.48338
35280,4.44327
35281,3.61971
35282,4.34818
35283,3.96434
35284,4.78277
35285,4.90947
35286,3.91895
35287,3.52972
35288,3.98016
35289,2.89293
35290,3.23006
35291,3.86208
35292,2.85765
35293,3.59243
35294,3.14778
35295,3.06245
35296,4.22285
35297,3.41453
35298,3.57212
35299,3.63744
35300,3.89358
35301,4.1515
35302,3.02527
35303,4.31016
35304,3.8019
35305,3.59698
35306,3.93534
35307,3.82205
35308,3.16207
35309,4.05143
35310,4.78078
35311,3.62315
35312,4.18045
35313,3.21769
35314,4.08529
35315,3.2565
35316,4.59446
35317,2.98082
35318,3.78729
35319,3.4802
35320,4.60496
35321,3.32364
35322,4.25525
35323,4.46729
35324,2.91962
35325,3.56323
35326,3.35868
35327,4.86639
35328,4.04132
35329,3.63425
35330,4.67717
35331,4.98417
35332,5.0
35333,4.64068
35334,3.90194
35335,3.72612
35336,4.97296
35337,3.6527
35338,2.84122
35339,3.81858
35340,3.07051
35341,3.40263
35342,3.48865
35343,2.26095
35344,3.14459
35345,2.15419
35346,3.21526
35347,3.23286
35348,3.95159
35349,3.70818
35350,4.34519
35351,3.45706
35352,3.56761
35353,3.62837
35354,3.88695
35355,4.50466
35356,3.12544
35357,3.67068
35358,3.3112
35359,4.00128
35360,3.59528
35361,4.39947
35362,3.9355
35363,4.07328
35364,4.05991
35365,4.50936
35366,3.70315
35367,3.66721
35368,3.51093
35369,4.10342
35370,3.37299
35371,3.95397
35372,3.98586
35373,4.61059
35374,4.39562
35375,4.40708
35376,4.46162
35377,3.7536
35378,3.53281
35379,4.53204
35380,3.59441
35381,4.20415
35382,5.0
35383,3.55975
35384,4.61663
35385,3.5571
35386,2.14345
35387,3.656
35388,4.18132
35389,4.64911
35390,4.56801
35391,4.53871
35392,3.91923
35393,4.57227
35394,3.64522
35395,5.0
35396,3.75016
35397,2.98214
35398,1.21316
35399,3.38241
35400,3.49007
35401,4.92175
35402,4.07814
35403,3.4877
35404,2.66547
35405,4.19828
35406,3.38504
35407,4.29159
35408,2.46537
35409,4.60754
35410,4.39899
35411,3.03246
35412,2.52176
35413,3.79449
35414,3.85151
35415,5.0
35416,4.18797
35417,5.0
35418,2.13654
35419,4.06848
35420,2.72174
35421,3.92454
35422,3.00778
35423,2.17942
35424,4.37144
35425,1.22181
35426,4.59669
35427,4.33731
35428,4.45246
35429,3.93511
35430,5.0
35431,4.55909
35432,4.07948
35433,2.2856
35434,4.38607
35435,2.44949
35436,3.16158
35437,2.02844
35438,3.88331
35439,3.97043
35440,2.28475
35441,3.14689
35442,2.67698
35443,2.42589
35444,2.13958
35445,3.57
35446,3.55777
35447,5.0
35448,4.31424
35449,2.64084
35450,2.53163
35451,3.4938
35452,2.56443
35453,4.39776
35454,2.48772
35455,4.44839
35456,2.86549
35457,4.27353
35458,3.51495
35459,4.1162
35460,3.26776
35461,2.42772
35462,2.90985
35463,3.53064
35464,4.38579
35465,3.53168
35466,3.54078
35467,1.89476
35468,1.92182
35469,3.34317
35470,2.54833
35471,3.91702
35472,2.1548
35473,4.0632
35474,3.84386
35475,3.31016
35476,4.099
35477,2.12633
35478,3.12112
35479,2.76196
35480,3.41331
35481,2.40965
35482,2.45055
35483,2.79624
35484,2.6068
35485,3.77245
35486,2.17286
35487,1.76253
35488,3.52248
35489,3.80755
35490,2.32875
35491,2.66015
35492,3.09589
35493,3.87442
35494,3.48159
35495,4.14754
35496,2.25702
35497,3.21822
35498,2.12943
35499,4.11267
35500,2.55523
35501,4.39258
35502,3.55556
35503,2.97787
35504,4.34427
35505,2.3439
35506,1.58814
35507,4.12491
35508,3.39201
35509,1.70682
35510,2.67817
35511,2.57861
35512,3.32511
35513,2.7545
35514,3.13018
35515,3.48781
35516,4.08785
35517,3.48366
35518,4.14153
35519,3.0114
35520,2.88129
35521,3.06483
35522,4.75145
35523,3.40125
35524,4.12446
35525,3.50747
35526,4.14387
35527,3.81075
35528,3.34302
35529,2.19441
35530,3.37317
35531,3.33636
35532,3.40167
35533,4.36803
35534,4.39536
35535,4.13426
35536,2.76722
35537,3.69719
35538,4.16602
35539,4.60251
35540,3.83996
35541,2.76108
35542,2.76936
35543,3.35894
35544,3.93573
35545,1.93188
35546,1.58824
35547,3.261
35548,4.47918
35549,1.70639
35550,4.01094
35551,5.0
35552,4.20022
35553,3.75234
35554,2.70529
35555,3.28018
35556,1.66389
35557,2.81566
35558,4.67348
35559,4.54839
35560,4.65033
35561,4.77496
35562,4.24927
35563,4.89791
35564,4.54166
35565,4.22348
35566,5.0
35567,4.32291
35568,3.68923
35569,3.6318
35570,4.00184
35571,3.90111
35572,4.08477
35573,4.14123
35574,3.78104
35575,4.64492
35576,3.3238
35577,3.41912
35578,3.71724
35579,3.67281
35580,3.87763
35581,3.72878
35582,4.12387
35583,4.05866
35584,4.46479
35585,3.85533
35586,3.45712
35587,5.0
35588,4.79936
35589,4.12539
35590,3.9273
35591,3.28618
35592,2.93119
35593,5.0
35594,3.43512
35595,4.14286
35596,4.18868
35597,4.16354
35598,2.91523
35599,4.80009
35600,3.82061
35601,2.12169
35602,4.0303
35603,3.72314
35604,3.69338
35605,3.41332
35606,3.7626
35607,3.73717
35608,3.76468
35609,3.37291
35610,3.50034
35611,2.86993
35612,3.39743
35613,3.60594
35614,4.57861
35615,2.34518
35616,3.23786
35617,3.81859
35618,2.4037
35619,3.03512
35620,2.26065
35621,4.58563
35622,4.10385
35623,4.34555
35624,4.94851
35625,4.67211
35626,2.06303
35627,3.44637
35628,2.5881
35629,4.70637
35630,2.45165
35631,3.38982
35632,4.81018
35633,5.0
35634,4.60886
35635,4.73315
35636,4.19232
35637,2.42607
35638,4.83791
35639,4.20299
35640,3.72503
35641,2.60913
35642,2.63309
35643,3.47332
35644,3.9009
35645,4.65094
35646,4.1242
35647,3.63682
35648,3.00209
35649,4.34299
35650,3.49767
35651,4.66254
35652,4.11923
35653,3.1364
35654,4.28711
35655,4.36789
35656,3.83234
35657,4.39022
35658,5.0
35659,3.53422
35660,3.03426
35661,4.69416
35662,2.93425
35663,4.90893
35664,4.32894
35665,4.38903
35666,3.57921
35667,3.73462
35668,4.12688
35669,4.24393
35670,4.3271
35671,2.88181
35672,4.23723
35673,3.8952
35674,5.0
35675,2.88339
35676,3.9907
35677,2.7875
35678,2.96974
35679,4.41017
35680,3.80713
35681,3.21991
35682,3.39881
35683,3.59104
35684,4.86888
35685,2.98856
35686,3.93422
35687,3.77556
35688,3.78193
35689,4.21602
35690,4.09589
35691,3.63928
35692,4.02416
35693,3.09949
35694,4.74454
35695,4.53869
35696,2.81701
35697,4.41979
35698,4.61893
35699,4.53485
35700,3.37606
35701,3.45982
35702,2.61373
35703,4.44362
35704,3.72958
35705,5.0
35706,4.67862
35707,3.87353
35708,4.53426
35709,3.60782
35710,3.57896
35711,3.9952
35712,4.18557
35713,2.78749
35714,4.0317
35715,3.22296
35716,3.23502
35717,3.27879
35718,2.3644
35719,3.90204
35720,4.38327
35721,3.40711
35722,3.03497
35723,4.27012
35724,3.56599
35725,3.68984
35726,3.21393
35727,3.97273
35728,3.19219
35729,3.83149
35730,3.40028
35731,3.49847
35732,2.78257
35733,3.70556
35734,3.52107
35735,4.19072
35736,3.22717
35737,3.32979
35738,2.48825
35739,3.57249
35740,3.17582
35741,3.90808
35742,3.04235
35743,3.55774
35744,2.43647
35745,3.68615
35746,3.39781
35747,3.96621
35748,4.22284
35749,3.18493
35750,2.57398
35751,3.41662
35752,4.11526
35753,3.61407
35754,3.39426
35755,3.67753
35756,2.553
35757,3.25695
35758,3.18404
35759,3.98498
35760,3.68019
35761,3.49768
35762,3.29008
35763,3.28685
35764,4.48213
35765,2.82283
35766,3.49975
35767,2.84811
35768,3.60362
35769,3.43141
35770,3.91197
35771,3.89964
35772,3.2111
35773,3.99938
35774,3.5825
35775,2.53223
35776,4.29253
35777,3.77645
35778,3.92574
35779,2.07873
35780,3.34125
35781,3.74014
35782,3.24972
35783,3.69782
35784,3.35349
35785,4.16315
35786,2.72787
35787,4.08695
35788,3.63551
35789,1.23564
35790,3.91553
35791,2.40068
35792,3.84577
35793,2.61746
35794,4.03434
35795,3.81159
35796,3.89052
35797,3.71566
35798,2.91326
35799,4.05079
35800,2.66714
35801,1.52759
35802,3.98551
35803,3.29247
35804,4.74326
35805,5.0
35806,4.49947
35807,3.97499
35808,3.61756
35809,4.56346
35810,4.40209
35811,4.63555
35812,2.2523
35813,3.94938
35814,4.11575
35815,4.41201
35816,3.96962
35817,4.2241
35818,3.22663
35819,3.60387
35820,4.00567
35821,2.19054
35822,3.71786
35823,4.77508
35824,3.5716
35825,3.14347
35826,3.26622
35827,4.55743
35828,3.57725
35829,1.98614
35830,2.90895
35831,3.02579
35832,3.19256
35833,3.8926
35834,4.33416
35835,4.24231
35836,3.78308
35837,3.64264
35838,3.13281
35839,2.5906
35840,3.8144
35841,3.77986
35842,2.57216
35843,2.49727
35844,1.91796
35845,3.95987
35846,3.87263
35847,2.7546
35848,3.17834
35849,3.56094
35850,2.93645
35851,3.84533
35852,3.31537
35853,2.09603
35854,2.75944
35855,2.87896
35856,3.33673
35857,2.75555
35858,2.43777
35859,2.45518
35860,3.44325
35861,2.05597
35862,2.72563
35863,3.96483
35864,3.81121
35865,2.7352
35866,1.69032
35867,3.97566
35868,4.4016
35869,2.58333
35870,4.21227
35871,4.32345
35872,2.931
35873,3.34988
35874,3.08797
35875,4.27317
35876,4.27957
35877,4.0136
35878,4.61953
35879,3.01863
35880,3.00312
35881,3.45636
35882,3.70902
35883,2.98006
35884,4.72195
35885,2.93593
35886,3.82253
35887,3.73446
35888,3.95587
35889,4.30093
35890,4.11669
35891,4.62061
35892,3.99445
35893,3.36952
35894,3.77166
35895,4.33322
35896,4.35442
35897,3.52196
35898,3.06395
35899,4.40712
35900,4.01231
35901,3.46805
35902,3.95942
35903,2.8699
35904,3.5042
35905,3.78193
35906,4.07507
35907,3.51005
35908,3.61936
35909,2.00688
35910,3.5145
35911,3.40099
35912,2.21756
35913,2.85846
35914,1.85166
35915,4.16476
35916,3.86008
35917,3.25908
35918,1.86932
35919,1.06446
35920,3.22973
35921,2.73083
35922,3.05011
35923,2.24269
35924,2.08728
35925,1.6716
35926,1.73211
35927,3.78263
35928,1.94547
35929,3.18179
35930,1.67006
35931,3.14869
35932,3.22222
35933,1.94892
35934,2.24831
35935,4.21112
35936,2.55567
35937,2.99238
35938,1.9144
35939,3.03188
35940,4.08445
35941,2.72531
35942,1.59185
35943,1.0
35944,2.87118
35945,2.11811
35946,2.42496
35947,3.41059
35948,3.54339
35949,3.51907
35950,2.54576
35951,1.67345
35952,3.00143
35953,1.75195
35954,2.87328
35955,2.81137
35956,2.48418
35957,2.24953
35958,2.81404
35959,3.07885
35960,1.1497
35961,3.60434
35962,3.10803
35963,4.00113
35964,1.95693
35965,2.90282
35966,2.42946
35967,3.62298
35968,3.82243
35969,3.63231
35970,4.40043
35971,3.71409
35972,3.74699
35973,4.30174
35974,4.50925
35975,3.22834
35976,3.66546
35977,3.36265
35978,1.90917
35979,5.0
35980,3.49131
35981,2.69539
35982,2.96426
35983,2.66533
35984,4.33094
35985,4.44842
35986,3.35039
35987,3.96653
35988,4.32487
35989,2.30718
35990,3.61161
35991,3.29689
35992,3.09979
35993,3.68568
35994,3.37804
35995,3.44481
35996,2.97938
35997,3.15057
35998,2.5844
35999,2.59082
36000,4.86107
36001,2.66284
36002,2.82265
36003,3.47212
36004,3.04282
36005,2.99878
36006,2.99697
36007,2.59674
36008,2.41245
36009,1.88425
36010,3.75447
36011,3.25142
36012,3.36384
36013,4.11048
36014,2.74861
36015,2.98418
36016,3.16754
36017,3.5585
36018,2.08731
36019,1.86298
36020,3.16712
36021,3.33822
36022,3.062
36023,2.31336
36024,2.88561
36025,3.6449
36026,3.80379
36027,3.43972
36028,3.94389
36029,3.49274
36030,3.15383
36031,4.01728
36032,4.44134
36033,2.50681
36034,2.36581
36035,1.65737
36036,2.51997
36037,1.64901
36038,2.05927
36039,1.94946
36040,1.40503
36041,1.0
36042,1.34422
36043,1.3375
36044,2.5617
36045,2.67886
36046,1.7085
36047,2.26247
36048,2.37931
36049,3.80914
36050,2.63945
36051,1.9949
36052,1.18563
36053,1.19233
36054,1.15919
36055,2.63407
36056,2.36071
36057,3.18465
36058,2.46642
36059,3.21263
36060,2.78121
36061,3.11577
36062,3.12828
36063,1.72304
36064,2.79057
36065,1.78407
36066,1.68482
36067,1.32072
36068,2.77564
36069,1.38662
36070,1.0
36071,1.0
36072,2.83182
36073,1.99635
36074,1.0
36075,1.83186
36076,3.41646
36077,3.16583
36078,1.29138
36079,3.20491
36080,1.89542
36081,3.79171
36082,3.21247
36083,1.21808
36084,2.77221
36085,1.47928
36086,2.76438
36087,2.63476
36088,1.88914
36089,1.77733
36090,3.60964
36091,2.40285
36092,3.2029
36093,2.41309
36094,1.6683
36095,2.06392
36096,1.03405
36097,2.04405
36098,2.64893
36099,1.44396
36100,1.0
36101,1.64018
36102,3.80234
36103,1.81055
36104,2.61302
36105,1.85373
36106,2.02446
36107,2.39561
36108,1.47405
36109,2.14575
36110,3.42661
36111,2.20948
36112,1.0
36113,2.00681
36114,2.91942
36115,1.19256
36116,2.10747
36117,1.27053
36118,3.24792
36119,1.8674
36120,2.00472
36121,1.81354
36122,2.6
36123,3.52632
36124,1.93032
36125,3.62924
36126,5.0
36127,1.80936
36128,4.73085
36129,4.26493
36130,1.98445
36131,2.74393
36132,2.69721
36133,3.41524
36134,3.78106
36135,3.52349
36136,2.18675
36137,2.96994
36138,2.80737
36139,4.17809
36140,2.07569
36141,3.55185
36142,3.80445
36143,2.99468
36144,3.05492
36145,3.25293
36146,3.38107
36147,2.8989
36148,2.88694
36149,2.97328
36150,3.60162
36151,3.41449
36152,3.94316
36153,3.2699
36154,2.49715
36155,2.97612
36156,3.60584
36157,1.79921
36158,2.01998
36159,2.36293
36160,1.59807
36161,2.69474
36162,3.0314
36163,3.05029
36164,3.40467
36165,4.52614
36166,1.96205
36167,2.58316
36168,1.86249
36169,3.62466
36170,3.42604
36171,2.65467
36172,3.24269
36173,2.46114
36174,1.21352
36175,1.83584
36176,2.4377
36177,4.19533
36178,2.9179
36179,2.43922
36180,2.75757
36181,3.82655
36182,3.1166
36183,1.74366
36184,3.26776
36185,2.65205
36186,2.58361
36187,3.43005
36188,3.71085
36189,3.09018
36190,3.58162
36191,2.96313
36192,2.34493
36193,3.39404
36194,1.65147
36195,1.76321
36196,3.43571
36197,3.63056
36198,2.33371
36199,3.36359
36200,4.44471
36201,1.93054
36202,2.47461
36203,2.86994
36204,3.59124
36205,4.41047
36206,2.88899
36207,4.18931
36208,3.76409
36209,1.8008
36210,4.05823
36211,3.86758
36212,3.36315
36213,2.36151
36214,2.95629
36215,2.14742
36216,3.69281
36217,4.58315
36218,3.86886
36219,2.47726
36220,3.21513
36221,3.40239
36222,3.04277
36223,2.98791
36224,3.4496
36225,3.72829
36226,3.99469
36227,3.8836
36228,3.86929
36229,2.21424
36230,3.44978
36231,2.07841
36232,3.83593
36233,4.17396
36234,2.58936
36235,3.43788
36236,4.32787
36237,4.4382
36238,2.62824
36239,3.56744
36240,4.03387
36241,3.1702
36242,2.56703
36243,3.54889
36244,3.8793
36245,3.71683
36246,3.35166
36247,3.73005
36248,3.43697
36249,3.56816
36250,2.8414
36251,4.5715
36252,4.36023
36253,3.12419
36254,3.94825
36255,4.25818
36256,4.56563
36257,2.97116
36258,4.33691
36259,4.46848
36260,2.77464
36261,4.18471
36262,3.79804
36263,3.79321
36264,4.29546
36265,3.86068
36266,2.63671
36267,4.28287
36268,4.69856
36269,4.08115
36270,3.17322
36271,3.81263
36272,3.64798
36273,3.44323
36274,3.87096
36275,3.63199
36276,3.67196
36277,3.79535
36278,4.193
36279,4.34421
36280,3.39254
36281,3.93993
36282,3.39881
36283,3.21634
36284,3.09259
36285,3.40233
36286,3.08629
36287,2.9309
36288,2.95568
36289,3.60784
36290,3.53308
36291,4.09012
36292,2.58919
36293,3.35823
36294,3.45659
36295,3.8383
36296,3.02018
36297,3.15676
36298,2.60329
36299,3.6093
36300,4.23044
36301,3.84709
36302,2.85691
36303,3.45384
36304,3.87916
36305,3.99711
36306,4.20954
36307,4.54658
36308,4.10375
36309,3.38691
36310,3.87852
36311,3.51526
36312,3.80495
36313,3.73011
36314,3.98937
36315,2.9011
36316,2.70421
36317,3.37849
36318,4.41019
36319,3.56213
36320,2.86937
36321,3.72313
36322,3.52743
36323,4.03947
36324,4.08993
36325,3.82091
36326,3.32149
36327,3.6431
36328,3.74134
36329,2.89447
36330,3.43633
36331,3.33721
36332,4.0881
36333,3.24021
36334,3.68504
36335,3.99386
36336,3.78039
36337,3.52258
36338,3.90325
36339,3.46154
36340,3.10767
36341,4.27786
36342,3.61421
36343,4.27724
36344,2.75577
36345,3.122
36346,3.4733
36347,3.66125
36348,2.97398
36349,3.9544
36350,3.41872
36351,2.52711
36352,3.25507
36353,3.42154
36354,3.49796
36355,4.15447
36356,2.79407
36357,5.0
36358,5.0
36359,4.49259
36360,2.90586
36361,4.282
36362,5.0
36363,4.90074
36364,4.7322
36365,4.15458
36366,5.0
36367,4.13506
36368,4.9722
36369,5.0
36370,3.04512
36371,3.90045
36372,3.36922
36373,2.86508
36374,2.58098
36375,3.45964
36376,2.88179
36377,3.74434
36378,4.11641
36379,2.99158
36380,4.01528
36381,2.45367
36382,4.13527
36383,3.22102
36384,3.30265
36385,3.9379
36386,3.97665
36387,4.20386
36388,3.28777
36389,2.84874
36390,3.39719
36391,2.64773
36392,3.47108
36393,4.06657
36394,3.20747
36395,3.39079
36396,3.89196
36397,3.40228
36398,1.88876
36399,2.64686
36400,3.56928
36401,3.08623
36402,3.33665
36403,4.56115
36404,3.58588
36405,4.07137
36406,1.44029
36407,4.61108
36408,4.12079
36409,3.96639
36410,2.62343
36411,3.56516
36412,3.45671
36413,3.61088
36414,2.44342
36415,4.17488
36416,3.48678
36417,4.92194
36418,1.72749
36419,3.68502
36420,4.04045
36421,3.95219
36422,3.88563
36423,3.28194
36424,3.60785
36425,4.6084
36426,4.23936
36427,4.00792
36428,1.50984
36429,4.44178
36430,3.65413
36431,3.92351
36432,3.99884
36433,3.37546
36434,2.43572
36435,2.72371
36436,3.32021
36437,2.95513
36438,3.96569
36439,3.86135
36440,4.00894
36441,3.93245
36442,2.65558
36443,3.55306
36444,4.81302
36445,4.53549
36446,4.25414
36447,4.20954
36448,4.59779
36449,4.10197
36450,4.68599
36451,4.08925
36452,4.55163
36453,4.91679
36454,4.4678
36455,4.39464
36456,3.27038
36457,4.48455
36458,3.12962
36459,4.65959
36460,4.08151
36461,3.94199
36462,3.35034
36463,4.25088
36464,5.0
36465,3.8436
36466,4.34126
36467,3.20428
36468,3.88684
36469,3.16589
36470,3.24662
36471,4.80028
36472,4.44924
36473,3.86964
36474,5.0
36475,4.62085
36476,4.16556
36477,3.45368
36478,4.06852
36479,4.10284
36480,4.50662
36481,3.58833
36482,3.12472
36483,2.61073
36484,3.58389
36485,2.99679
36486,2.89041
36487,3.80579
36488,3.37201
36489,4.3418
36490,3.58794
36491,4.2096
36492,5.0
36493,4.43506
36494,4.87191
36495,4.21874
36496,4.42503
36497,4.00621
36498,4.00765
36499,3.78952
36500,2.79103
36501,3.48519
36502,3.73063
36503,4.57043
36504,4.13873
36505,5.0
36506,4.67825
36507,4.40334
36508,4.27076
36509,3.94723
36510,3.35286
36511,4.60267
36512,3.41536
36513,3.01828
36514,4.15307
36515,3.41785
36516,4.29251
36517,2.9973
36518,3.06489
36519,4.12704
36520,5.0
36521,3.26494
36522,3.14935
36523,3.9538
36524,3.35102
36525,2.82103
36526,2.80681
36527,4.30398
36528,4.61642
36529,3.95071
36530,3.40914
36531,4.50415
36532,3.29038
36533,2.1338
36534,2.01529
36535,2.14993
36536,3.51521
36537,3.12507
36538,2.83779
36539,2.1085
36540,2.41758
36541,2.64456
36542,2.41818
36543,3.00907
36544,4.40579
36545,3.58105
36546,3.15121
36547,3.57394
36548,3.40457
36549,3.32254
36550,2.37097
36551,2.946
36552,3.53826
36553,3.48825
36554,2.76859
36555,3.57379
36556,2.96911
36557,2.9634
36558,2.49863
36559,4.24313
36560,2.74598
36561,3.82281
36562,4.13613
36563,2.3791
36564,3.41954
36565,3.65037
36566,3.99379
36567,2.07345
36568,2.72715
36569,3.30527
36570,1.7667
36571,2.91303
36572,2.71073
36573,4.04478
36574,2.74764
36575,1.82421
36576,1.42762
36577,2.99824
36578,4.15181
36579,3.04299
36580,3.96707
36581,3.31225
36582,2.79232
36583,3.29539
36584,4.42561
36585,2.7372
36586,3.21182
36587,3.08477
36588,3.65257
36589,4.0774
36590,3.37901
36591,4.28328
36592,4.13103
36593,4.59677
36594,2.94344
36595,4.103
36596,3.35251
36597,3.12243
36598,2.72399
36599,3.33486
36600,2.07973
36601,2.91402
36602,3.27838
36603,3.57433
36604,3.69315
36605,3.54194
36606,2.858
36607,3.04439
36608,3.10427
36609,3.78569
36610,2.45168
36611,3.54438
36612,3.21415
36613,3.35502
36614,2.10761
36615,2.94461
36616,4.52038
36617,4.26144
36618,3.55802
36619,3.23499
36620,3.56832
36621,3.37636
36622,3.59874
36623,3.20995
36624,2.03583
36625,2.3854
36626,1.92269
36627,3.3672
36628,4.01149
36629,2.80491
36630,3.02476
36631,4.44331
36632,4.04901
36633,3.64753
36634,3.06923
36635,2.86408
36636,2.17169
36637,2.72761
36638,2.7283
36639,2.75824
36640,3.18988
36641,2.93924
36642,2.79236
36643,3.9043
36644,3.51461
36645,4.05292
36646,3.29492
36647,3.21691
36648,3.94028
36649,3.73058
36650,4.18967
36651,3.72516
36652,3.10325
36653,4.30969
36654,4.00901
36655,2.8904
36656,4.05956
36657,2.73313
36658,3.76616
36659,4.18274
36660,4.31494
36661,3.86932
36662,4.1083
36663,4.3888
36664,3.79522
36665,4.50189
36666,4.04788
36667,3.95239
36668,4.45983
36669,3.476
36670,3.10048
36671,3.71847
36672,4.37662
36673,3.37895
36674,2.57905
36675,3.71283
36676,3.10132
36677,3.03823
36678,4.57313
36679,3.32938
36680,3.80391
36681,3.87397
36682,2.8261
36683,2.93866
36684,5.0
36685,5.0
36686,4.43218
36687,3.97985
36688,4.17411
36689,4.39165
36690,3.77271
36691,3.6049
36692,4.49626
36693,4.16438
36694,3.95531
36695,3.96051
36696,3.33248
36697,3.34282
36698,3.51507
36699,3.10131
36700,3.8633
36701,3.55642
36702,3.33143
36703,3.61602
36704,2.71485
36705,3.14995
36706,3.53917
36707,4.06003
36708,3.76728
36709,4.16358
36710,3.63561
36711,3.74051
36712,2.50108
36713,3.35596
36714,4.89662
36715,2.57053
36716,3.31842
36717,2.52238
36718,2.60085
36719,1.63157
36720,3.17159
36721,4.19253
36722,2.57294
36723,1.977
36724,1.74827
36725,2.84301
36726,2.03651
36727,3.60647
36728,4.22237
36729,3.56592
36730,2.51251
36731,3.14126
36732,2.7382
36733,3.85787
36734,3.28263
36735,3.2526
36736,3.21696
36737,3.75755
36738,4.08862
36739,3.84366
36740,4.51071
36741,3.50034
36742,3.32246
36743,2.45958
36744,3.78763
36745,4.40587
36746,5.0
36747,3.7209
36748,3.78756
36749,3.73612
36750,4.13865
36751,2.89311
36752,4.25582
36753,5.0
36754,5.0
36755,5.0
36756,3.52178
36757,4.41398
36758,5.0
36759,4.76065
36760,4.07645
36761,4.01292
36762,4.41012
36763,3.18131
36764,3.54955
36765,1.84732
36766,2.12398
36767,3.36422
36768,2.99903
36769,3.6896
36770,3.39974
36771,4.16166
36772,3.45774
36773,2.79777
36774,2.08718
36775,1.86126
36776,3.11535
36777,3.87628
36778,3.46964
36779,1.8163
36780,3.74666
36781,4.84712
36782,4.59473
36783,3.06817
36784,3.45521
36785,4.28444
36786,4.72866
36787,2.98919
36788,4.27281
36789,3.8551
36790,3.59584
36791,4.25854
36792,3.96761
36793,3.13144
36794,3.32184
36795,3.90724
36796,3.98034
36797,3.03687
36798,3.33033
36799,4.32405
36800,4.36616
36801,4.43623
36802,4.04202
36803,3.97027
36804,4.27104
36805,4.08813
36806,2.88984
36807,3.93134
36808,3.68844
36809,3.84105
36810,4.49641
36811,2.65518
36812,3.02516
36813,4.64004
36814,4.39913
36815,3.92485
36816,3.04527
36817,3.22582
36818,2.79071
36819,3.31396
36820,2.51065
36821,3.12496
36822,3.50022
36823,3.92535
36824,4.7334
36825,2.29662
36826,3.36128
36827,3.61306
36828,3.7454
36829,3.74915
36830,3.27227
36831,2.66066
36832,3.88886
36833,3.42827
36834,3.86799
36835,3.51957
36836,4.31822
36837,3.71544
36838,4.71702
36839,2.36018
36840,4.53143
36841,3.50156
36842,3.43199
36843,3.60611
36844,4.32865
36845,2.93449
36846,5.0
36847,4.00577
36848,4.24112
36849,2.77377
36850,4.21171
36851,3.56439
36852,3.9506
36853,3.88852
36854,5.0
36855,4.73864
36856,4.29639
36857,4.10616
36858,4.2849
36859,4.50494
36860,3.14093
36861,5.0
36862,3.44064
36863,4.6247
36864,4.39974
36865,5.0
36866,5.0
36867,3.77747
36868,3.67281
36869,4.10735
36870,4.59717
36871,2.6793
36872,3.25999
36873,3.69518
36874,3.11348
36875,2.76364
36876,4.18261
36877,3.07351
36878,3.8697
36879,3.63675
36880,3.4459
36881,3.10731
36882,3.56285
36883,4.27234
36884,2.79982
36885,2.68186
36886,3.79297
36887,3.48062
36888,2.4808
36889,3.68417
36890,3.19941
36891,2.65545
36892,2.83824
36893,3.93001
36894,2.62052
36895,3.73982
36896,3.40135
36897,4.43913
36898,2.79512
36899,3.0929
36900,3.09328
36901,3.86954
36902,4.03273
36903,2.95981
36904,3.87034
36905,1.74933
36906,1.52259
36907,3.08744
36908,2.94955
36909,4.69172
36910,3.4882
36911,3.88546
36912,3.01066
36913,4.63807
36914,4.50261
36915,4.30494
36916,4.29133
36917,3.89917
36918,3.91845
36919,4.16331
36920,3.50027
36921,3.60159
36922,4.45107
36923,3.73648
36924,4.28707
36925,4.11738
36926,5.0
36927,4.82788
36928,4.29116
36929,5.0
36930,4.06015
36931,3.74708
36932,3.1144
36933,3.86776
36934,3.42111
36935,4.30021
36936,2.89944
36937,4.61596
36938,4.0988
36939,4.37394
36940,3.88151
36941,3.73022
36942,3.04719
36943,3.63566
36944,4.32541
36945,3.85715
36946,4.14396
36947,4.49813
36948,3.60536
36949,3.33572
36950,4.16468
36951,4.06378
36952,3.68174
36953,2.94823
36954,3.31438
36955,4.32094
36956,4.58355
36957,3.42358
36958,3.34189
36959,2.21641
36960,3.7884
36961,4.91433
36962,3.79494
36963,2.65016
36964,4.35538
36965,2.66592
36966,4.48745
36967,5.0
36968,2.2629
36969,4.31624
36970,4.65829
36971,4.21739
36972,3.3487
36973,3.10382
36974,3.4788
36975,3.9783
36976,3.66154
36977,2.88378
36978,3.49465
36979,3.66425
36980,3.24903
36981,3.68666
36982,2.4962
36983,2.71777
36984,3.15961
36985,3.36745
36986,2.66587
36987,3.13135
36988,2.86396
36989,3.54452
36990,3.34008
36991,3.89248
36992,3.53285
36993,4.08599
36994,3.51976
36995,2.88159
36996,3.43929
36997,3.83508
36998,3.55401
36999,4.18974
37000,3.85191
37001,3.30656
37002,2.68538
37003,3.22674
37004,3.45465
37005,2.88293
37006,4.19347
37007,4.16145
37008,3.26787
37009,2.61365
37010,4.3797
37011,3.12049
37012,4.67722
37013,4.30967
37014,3.79886
37015,3.58516
37016,3.84275
37017,3.15168
37018,5.0
37019,5.0
37020,4.03403
37021,3.93335
37022,4.56972
37023,4.21126
37024,3.57746
37025,4.28676
37026,2.94897
37027,4.46291
37028,3.97739
37029,3.7489
37030,3.4263
37031,4.03384
37032,3.29466
37033,5.0
37034,2.96956
37035,5.0
37036,4.77437
37037,4.11125
37038,4.77219
37039,4.84117
37040,2.88562
37041,4.43187
37042,2.18144
37043,2.82362
37044,3.04482
37045,2.99119
37046,2.76526
37047,4.06832
37048,3.9066
37049,3.16545
37050,3.25342
37051,4.03279
37052,3.22911
37053,3.25296
37054,4.16633
37055,3.1957
37056,4.2785
37057,3.2732
37058,5.0
37059,4.18319
37060,4.43205
37061,2.70077
37062,2.35566
37063,1.05916
37064,1.29913
37065,4.35674
37066,2.44386
37067,1.66518
37068,2.24513
37069,1.0
37070,2.20216
37071,3.65947
37072,3.14025
37073,2.02206
37074,1.0
37075,1.46905
37076,2.79267
37077,2.70234
37078,3.40368
37079,1.88049
37080,2.55894
37081,2.71312
37082,1.88666
37083,1.68218
37084,3.47448
37085,3.88346
37086,4.78626
37087,2.53504
37088,4.17707
37089,4.04511
37090,3.88102
37091,4.17868
37092,2.85727
37093,4.0078
37094,4.00112
37095,3.77322
37096,3.43202
37097,2.97891
37098,3.61705
37099,4.07051
37100,3.58771
37101,3.99039
37102,1.79166
37103,4.07007
37104,3.74798
37105,3.95192
37106,4.99985
37107,3.728
37108,4.25387
37109,3.98763
37110,3.3559
37111,3.85882
37112,3.84202
37113,2.95918
37114,4.20014
37115,4.37692
37116,3.0219
37117,4.16306
37118,3.0635
37119,2.88669
37120,4.86969
37121,4.42689
37122,3.54309
37123,3.67736
37124,4.81174
37125,4.12781
37126,4.16992
37127,2.93908
37128,3.61539
37129,3.64143
37130,4.6156
37131,4.05626
37132,2.53426
37133,3.34966
37134,3.65629
37135,4.54058
37136,5.0
37137,4.66236
37138,4.75953
37139,5.0
37140,4.33996
37141,4.39254
37142,4.39911
37143,4.94935
37144,3.97879
37145,3.33882
37146,3.92514
37147,3.89863
37148,2.92303
37149,3.10315
37150,4.27371
37151,3.34063
37152,3.72096
37153,2.04582
37154,2.96629
37155,2.98015
37156,3.8187
37157,1.51329
37158,2.41721
37159,3.74181
37160,3.22803
37161,2.87994
37162,3.4924
37163,2.35391
37164,1.96141
37165,2.7077
37166,3.4412
37167,2.54003
37168,3.34167
37169,2.62663
37170,2.90713
37171,1.72032
37172,3.77746
37173,4.09852
37174,3.07668
37175,3.41293
37176,1.93252
37177,3.01841
37178,3.85046
37179,3.66848
37180,4.062
37181,1.90685
37182,3.65676
37183,3.05332
37184,3.36315
37185,2.9614
37186,2.70492
37187,3.69022
37188,4.35838
37189,2.20236
37190,2.43409
37191,2.80302
37192,4.28524
37193,4.05074
37194,3.99117
37195,4.30491
37196,3.49555
37197,3.47642
37198,3.9895
37199,3.93743
37200,4.02762
37201,4.31066
37202,3.78114
37203,4.30643
37204,4.63385
37205,3.68531
37206,3.31071
37207,3.87
37208,2.40642
37209,4.09201
37210,4.21052
37211,3.82415
37212,3.10977
37213,4.29598
37214,4.50516
37215,4.02279
37216,3.25204
37217,4.25346
37218,4.34177
37219,3.63015
37220,4.35821
37221,4.29135
37222,4.43942
37223,3.28417
37224,3.54522
37225,3.766
37226,2.66671
37227,4.23929
37228,3.34538
37229,3.35736
37230,4.49655
37231,3.90052
37232,3.88988
37233,3.18491
37234,3.71002
37235,3.35502
37236,4.15253
37237,3.14274
37238,4.09081
37239,2.6117
37240,3.70604
37241,3.24653
37242,4.42335
37243,4.65103
37244,3.70372
37245,4.18492
37246,3.07509
37247,5.0
37248,4.49032
37249,4.56673
37250,3.53653
37251,4.39707
37252,4.57839
37253,4.25401
37254,4.47074
37255,4.2059
37256,4.7687
37257,4.01687
37258,4.96405
37259,4.41055
37260,4.34336
37261,3.23594
37262,5.0
37263,4.58478
37264,5.0
37265,3.9863
37266,4.60435
37267,4.81802
37268,3.77394
37269,4.03279
37270,4.2748
37271,4.01994
37272,4.82813
37273,4.86687
37274,4.2174
37275,3.97452
37276,3.80879
37277,3.76479
37278,4.46411
37279,2.37144
37280,3.80054
37281,3.4721
37282,3.19447
37283,3.42337
37284,4.66202
37285,2.91669
37286,3.90249
37287,3.59194
37288,3.99059
37289,3.79421
37290,3.77805
37291,4.09368
37292,4.75576
37293,3.72109
37294,4.11127
37295,4.7295
37296,4.84104
37297,4.66739
37298,4.48995
37299,4.47304
37300,4.64789
37301,3.9536
37302,3.7566
37303,4.80285
37304,4.3668
37305,3.82788
37306,4.16298
37307,4.65271
37308,4.56575
37309,4.17798
37310,4.79679
37311,4.34532
37312,4.21977
37313,2.78197
37314,3.91405
37315,3.31666
37316,3.77822
37317,3.5691
37318,2.69708
37319,4.17052
37320,4.19548
37321,2.80723
37322,2.36289
37323,2.7628
37324,2.99592
37325,2.88713
37326,3.37283
37327,1.0
37328,3.99622
37329,2.92691
37330,3.79319
37331,2.82132
37332,2.61672
37333,2.33968
37334,2.24899
37335,4.17789
37336,2.70604
37337,2.89677
37338,3.74779
37339,3.26931
37340,2.88927
37341,4.19799
37342,2.18241
37343,3.33016
37344,2.51569
37345,2.0647
37346,3.24609
37347,3.45283
37348,3.83176
37349,1.84339
37350,2.21185
37351,2.834
37352,2.95913
37353,1.0
37354,2.97891
37355,3.48528
37356,3.15179
37357,3.12265
37358,2.5534
37359,1.41206
37360,3.28862
37361,2.21885
37362,3.63887
37363,3.63106
37364,2.56132
37365,3.81086
37366,3.15372
37367,4.19958
37368,4.4046
37369,3.76413
37370,3.92392
37371,3.96818
37372,3.21565
37373,3.51969
37374,2.68827
37375,4.63182
37376,4.15986
37377,4.22737
37378,3.07948
37379,3.98096
37380,3.97997
37381,3.16004
37382,4.14626
37383,3.23279
37384,3.50287
37385,3.10512
37386,3.85037
37387,3.4669
37388,3.04842
37389,1.7925
37390,3.39804
37391,3.5718
37392,3.1193
37393,1.91083
37394,3.37466
37395,3.31503
37396,3.83645
37397,4.09254
37398,3.6765
37399,3.07656
37400,2.87468
37401,4.09328
37402,2.22158
37403,3.34581
37404,4.86164
37405,3.41204
37406,3.42549
37407,2.37407
37408,3.75291
37409,3.61413
37410,3.78448
37411,3.85545
37412,3.68084
37413,3.53379
37414,3.56865
37415,4.82759
37416,3.4402
37417,3.27428
37418,3.93231
37419,4.41471
37420,3.36274
37421,3.33635
37422,3.82842
37423,1.99967
37424,3.41874
37425,2.62589
37426,3.38453
37427,3.9947
37428,2.37535
37429,3.5569
37430,1.99822
37431,3.65447
37432,3.72263
37433,2.84519
37434,3.05032
37435,3.59147
37436,4.66852
37437,4.38751
37438,3.77789
37439,4.2068
37440,3.78219
37441,3.88881
37442,1.84082
37443,3.45203
37444,2.64515
37445,3.69085
37446,1.3531
37447,4.24478
37448,2.80513
37449,4.08901
37450,4.85565
37451,4.66023
37452,1.86601
37453,4.31742
37454,3.42679
37455,3.93726
37456,2.93478
37457,3.91262
37458,4.17395
37459,3.57848
37460,3.58195
37461,2.57747
37462,3.29254
37463,4.70712
37464,3.87726
37465,4.08749
37466,2.07662
37467,5.0
37468,4.63862
37469,4.66334
37470,4.87666
37471,4.6338
37472,4.25656
37473,4.37065
37474,4.46626
37475,4.47028
37476,4.14272
37477,4.56306
37478,4.0054
37479,3.18568
37480,3.56907
37481,4.48858
37482,4.0721
37483,4.74262
37484,4.29119
37485,3.90102
37486,3.55364
37487,4.56796
37488,2.86379
37489,4.54888
37490,4.03654
37491,4.49005
37492,3.808
37493,4.51514
37494,4.58798
37495,3.56564
37496,3.58104
37497,3.46453
37498,2.52206
37499,4.88713
37500,3.57159
37501,3.51198
37502,1.84642
37503,2.64617
37504,1.80197
37505,1.9285
37506,3.39477
37507,3.89493
37508,4.99226
37509,2.18854
37510,4.2382
37511,2.82721
37512,3.04185
37513,2.57364
37514,4.45488
37515,3.28663
37516,5.0
37517,2.79655
37518,2.86706
37519,2.80358
37520,3.08644
37521,4.2616
37522,4.09479
37523,4.51458
37524,4.04709
37525,5.0
37526,4.43626
37527,3.92099
37528,2.9778
37529,3.99784
37530,3.12375
37531,3.60375
37532,2.6336
37533,3.7695
37534,3.16978
37535,2.48061
37536,3.75576
37537,3.92387
37538,4.04207
37539,3.68653
37540,2.85041
37541,3.45468
37542,2.89972
37543,3.28824
37544,3.0758
37545,2.87765
37546,3.9591
37547,2.92462
37548,3.84084
37549,3.28014
37550,1.21348
37551,3.5034
37552,2.86587
37553,4.05682
37554,2.81937
37555,2.19614
37556,3.90978
37557,1.79863
37558,3.16583
37559,4.15793
37560,3.51618
37561,3.13882
37562,3.45413
37563,2.99272
37564,3.69026
37565,3.23487
37566,2.35935
37567,3.08235
37568,1.57738
37569,2.65305
37570,2.32466
37571,3.65738
37572,2.95021
37573,3.24873
37574,2.7575
37575,2.23149
37576,1.58891
37577,3.15387
37578,3.64912
37579,3.82197
37580,3.72234
37581,3.52084
37582,1.65882
37583,3.55538
37584,4.40578
37585,4.42593
37586,4.19386
37587,3.79262
37588,2.83339
37589,5.0
37590,3.14989
37591,4.00749
37592,4.23555
37593,4.70289
37594,3.08726
37595,4.10013
37596,4.6379
37597,4.5171
37598,3.13759
37599,4.15038
37600,3.94127
37601,4.03475
37602,3.85469
37603,2.2293
37604,3.3957
37605,4.58539
37606,3.75464
37607,3.0921
37608,3.26603
37609,4.1735
37610,4.72009
37611,4.06551
37612,3.45518
37613,3.79176
37614,4.3178
37615,5.0
37616,2.95029
37617,1.88861
37618,3.42992
37619,3.9262
37620,2.01029
37621,3.47512
37622,3.4307
37623,2.64582
37624,3.67558
37625,2.94416
37626,5.0
37627,4.03361
37628,3.81844
37629,1.45918
37630,2.66508
37631,3.39073
37632,2.10825
37633,4.17004
37634,2.86101
37635,3.74224
37636,5.0
37637,3.97152
37638,3.91756
37639,1.98666
37640,4.18873
37641,5.0
37642,4.62136
37643,3.86562
37644,2.39135
37645,4.21584
37646,3.97853
37647,3.64212
37648,2.22409
37649,3.77079
37650,3.9086
37651,4.51729
37652,3.83147
37653,5.0
37654,4.72016
37655,5.0
37656,3.88895
37657,3.64194
37658,4.55689
37659,3.01107
37660,4.56317
37661,4.22003
37662,3.30183
37663,3.83756
37664,4.15013
37665,3.03833
37666,3.37794
37667,2.63762
37668,4.11404
37669,2.59154
37670,2.54729
37671,2.44829
37672,4.01182
37673,1.66697
37674,4.41542
37675,2.21104
37676,1.78711
37677,1.91545
37678,4.06998
37679,2.4067
37680,4.8148
37681,3.83841
37682,3.57202
37683,3.12802
37684,3.62901
37685,2.16135
37686,1.71761
37687,2.44758
37688,2.64516
37689,4.98914
37690,4.06782
37691,4.04374
37692,3.73486
37693,4.19919
37694,4.94833
37695,3.57058
37696,2.58947
37697,3.78298
37698,4.02468
37699,4.41428
37700,2.98273
37701,3.13034
37702,4.98115
37703,4.31698
37704,4.333
37705,3.89652
37706,4.40424
37707,4.85799
37708,2.9719
37709,4.93795
37710,4.5958
37711,3.69524
37712,3.5055
37713,4.11918
37714,3.80648
37715,2.92372
37716,4.50703
37717,2.90923
37718,2.95736
37719,4.0742
37720,3.92099
37721,3.97208
37722,4.16301
37723,4.42227
37724,4.00686
37725,4.47829
37726,2.97808
37727,4.09849
37728,2.74031
37729,3.15323
37730,4.55694
37731,5.0
37732,4.17726
37733,5.0
37734,4.08541
37735,4.4039
37736,4.99119
37737,3.83505
37738,3.4417
37739,4.66813
37740,4.14549
37741,2.90085
37742,3.43618
37743,4.85613
37744,3.60593
37745,2.53058
37746,2.94835
37747,2.67735
37748,3.85099
37749,4.09846
37750,4.31903
37751,4.2002
37752,3.77895
37753,5.0
37754,4.03912
37755,4.07651
37756,4.5562
37757,4.13386
37758,3.67585
37759,2.55005
37760,3.77536
37761,3.76456
37762,3.88627
37763,3.11695
37764,2.72537
37765,3.31922
37766,2.7396
37767,2.43194
37768,3.23136
37769,3.9644
37770,2.86585
37771,3.50893
37772,3.01986
37773,3.36812
37774,3.20221
37775,4.12071
37776,2.73266
37777,2.31427
37778,3.0429
37779,1.6905
37780,3.06296
37781,2.82956
37782,2.86437
37783,2.70182
37784,3.4116
37785,3.34176
37786,3.74123
37787,3.26359
37788,1.78029
37789,2.99659
37790,2.85982
37791,3.15069
37792,2.92773
37793,2.23731
37794,3.0841
37795,3.03384
37796,2.7678
37797,2.98525
37798,3.55521
37799,2.82154
37800,3.53868
37801,3.44888
37802,2.31635
37803,2.17743
37804,2.70442
37805,2.88969
37806,2.11479
37807,3.82609
37808,3.44829
37809,3.29517
37810,4.243
37811,4.38849
37812,3.87872
37813,3.8865
37814,3.73111
37815,4.49708
37816,2.3122
37817,4.47968
37818,2.77378
37819,2.79748
37820,4.03316
37821,5.0
37822,3.14664
37823,2.71314
37824,2.45499
37825,3.31356
37826,4.83998
37827,3.51006
37828,2.32199
37829,4.44638
37830,2.58251
37831,4.49936
37832,3.3744
37833,3.35538
37834,4.22483
37835,2.62925
37836,2.28097
37837,4.24672
37838,3.18061
37839,3.4756
37840,1.00286
37841,3.82117
37842,4.38995
37843,3.10719
37844,2.78957
37845,3.79073
37846,3.82091
37847,3.16018
37848,2.97981
37849,4.05444
37850,2.82919
37851,4.33121
37852,4.60243
37853,5.0
37854,3.81403
37855,3.89911
37856,3.44292
37857,4.36465
37858,3.95228
37859,3.88354
37860,4.60926
37861,4.32044
37862,4.28848
37863,3.66171
37864,4.18498
37865,3.40578
37866,4.51366
37867,3.36396
37868,4.07178
37869,4.19879
37870,3.59551
37871,4.5569
37872,3.90811
37873,4.00117
37874,2.74271
37875,4.75181
37876,3.28416
37877,3.53496
37878,4.46087
37879,3.0219
37880,4.10162
37881,3.91032
37882,4.12601
37883,4.5027
37884,4.1471
37885,3.90522
37886,3.59636
37887,4.19715
37888,4.3747
37889,3.17445
37890,3.25967
37891,3.01977
37892,3.32056
37893,2.83957
37894,2.81243
37895,2.52281
37896,3.99598
37897,3.41696
37898,3.51171
37899,3.80133
37900,4.44186
37901,4.64479
37902,3.63276
37903,3.50727
37904,4.3253
37905,3.04124
37906,4.55076
37907,4.6891
37908,3.63142
37909,4.47821
37910,2.54427
37911,4.0329
37912,4.21222
37913,3.29653
37914,2.89145
37915,3.38611
37916,3.1316
37917,3.72147
37918,4.69927
37919,3.61418
37920,3.53972
37921,3.60755
37922,3.12961
37923,3.94647
37924,2.81608
37925,2.55143
37926,4.00665
37927,3.67701
37928,3.21452
37929,3.26381
37930,3.31599
37931,2.73204
37932,3.48835
37933,3.49066
37934,4.29714
37935,3.92885
37936,3.94468
37937,2.35217
37938,2.26471
37939,4.30791
37940,3.04267
37941,3.49605
37942,3.55265
37943,4.13279
37944,4.21165
37945,3.59189
37946,3.67723
37947,2.83387
37948,3.93674
37949,4.68175
37950,2.61648
37951,3.9016
37952,3.22086
37953,2.95988
37954,3.93447
37955,3.22499
37956,3.67645
37957,4.43993
37958,4.19761
37959,3.68585
37960,1.65735
37961,3.17259
37962,4.3927
37963,4.31575
37964,4.66356
37965,3.15082
37966,4.81485
37967,4.5729
37968,2.97659
37969,2.83857
37970,2.84907
37971,4.07864
37972,3.27013
37973,3.46779
37974,2.66563
37975,4.02052
37976,3.95713
37977,4.00699
37978,3.15364
37979,3.73579
37980,3.78579
37981,4.66946
37982,3.4366
37983,3.83173
37984,3.10636
37985,3.39531
37986,3.48131
37987,4.31355
37988,3.30886
37989,3.65865
37990,4.90836
37991,2.99703
37992,2.60689
37993,4.4128
37994,2.40407
37995,3.5003
37996,2.85375
37997,4.10469
37998,3.34414
37999,4.1209
38000,3.18688
38001,4.00879
38002,4.10204
38003,3.10373
38004,3.79491
38005,2.83904
38006,4.66566
38007,3.78251
38008,2.6069
38009,2.68141
38010,2.61104
38011,2.17855
38012,2.53405
38013,2.35036
38014,2.93978
38015,3.36493
38016,2.57889
38017,2.60504
38018,2.30465
38019,1.78617
38020,3.46127
38021,3.766
38022,1.82192
38023,2.53815
38024,3.10017
38025,2.53596
38026,4.33536
38027,3.41833
38028,3.4088
38029,4.35427
38030,2.12274
38031,2.6584
38032,3.16096
38033,2.69986
38034,2.47721
38035,3.33528
38036,3.14969
38037,1.5416
38038,1.67727
38039,2.1862
38040,2.64812
38041,4.19605
38042,3.5191
38043,2.67754
38044,2.40476
38045,2.86346
38046,1.22974
38047,3.2494
38048,3.80095
38049,2.8379
38050,3.83812
38051,2.709
38052,3.58017
38053,3.89108
38054,3.77754
38055,3.57525
38056,2.65369
38057,2.7538
38058,4.37305
38059,3.76502
38060,3.88077
38061,3.57816
38062,3.88735
38063,3.95832
38064,4.29643
38065,3.53834
38066,3.77934
38067,1.83052
38068,4.29886
38069,2.42298
38070,3.45689
38071,3.22951
38072,3.91797
38073,2.4456
38074,2.79934
38075,2.74109
38076,2.50405
38077,1.56265
38078,3.8306
38079,2.07658
38080,1.98999
38081,3.61151
38082,3.05215
38083,2.21804
38084,3.02601
38085,3.83278
38086,3.43824
38087,1.45138
38088,4.08843
38089,4.12947
38090,1.32706
38091,3.54304
38092,2.50166
38093,4.25036
38094,2.84939
38095,3.87419
38096,2.64123
38097,3.83372
38098,2.85173
38099,3.36351
38100,3.69241
38101,3.82847
38102,5.0
38103,4.024
38104,4.21198
38105,2.48633
38106,3.37258
38107,1.61753
38108,3.48486
38109,2.88564
38110,4.49516
38111,4.11795
38112,3.19332
38113,4.93939
38114,2.40937
38115,2.42674
38116,2.4518
38117,2.65464
38118,3.99667
38119,3.88874
38120,3.9209
38121,3.04053
38122,3.24881
38123,3.34466
38124,2.92134
38125,3.50281
38126,3.42166
38127,3.35462
38128,3.00073
38129,3.1194
38130,2.91851
38131,3.5122
38132,2.50749
38133,3.08442
38134,3.62324
38135,2.9946
38136,2.42092
38137,3.32928
38138,3.15727
38139,2.44993
38140,3.25648
38141,2.67921
38142,3.21107
38143,2.86635
38144,2.82535
38145,3.78392
38146,4.07492
38147,3.59119
38148,4.11507
38149,2.37209
38150,3.7234
38151,4.27966
38152,3.33677
38153,4.09063
38154,3.82991
38155,4.00419
38156,3.94518
38157,4.15312
38158,3.13503
38159,3.4801
38160,3.74745
38161,4.00481
38162,3.71255
38163,4.78471
38164,3.46012
38165,3.69604
38166,4.19901
38167,3.93923
38168,3.31311
38169,3.54768
38170,2.57831
38171,3.94684
38172,4.05561
38173,3.629
38174,3.85261
38175,3.7227
38176,3.99227
38177,3.33656
38178,3.09872
38179,3.47409
38180,3.05596
38181,2.95999
38182,3.98995
38183,3.28213
38184,3.43897
38185,3.56291
38186,4.24028
38187,3.10664
38188,4.01499
38189,4.49487
38190,3.00726
38191,4.24141
38192,4.09958
38193,3.75765
38194,4.48125
38195,3.76431
38196,3.66435
38197,4.83929
38198,4.6188
38199,4.46836
38200,4.19824
38201,3.29761
38202,4.12059
38203,4.3509
38204,4.49951
38205,4.1341
38206,3.9294
38207,3.86138
38208,4.0705
38209,4.38919
38210,4.15219
38211,4.77215
38212,3.85561
38213,4.41004
38214,4.12569
38215,4.77304
38216,4.25339
38217,3.34329
38218,4.56032
38219,4.83265
38220,2.49653
38221,3.97006
38222,2.3056
38223,3.26439
38224,2.85865
38225,2.90065
38226,3.22312
38227,3.4252
38228,3.07237
38229,2.8008
38230,3.4334
38231,3.62456
38232,3.29171
38233,3.00118
38234,2.95038
38235,3.65746
38236,3.20267
38237,3.60376
38238,2.52449
38239,3.1044
38240,3.86209
38241,3.53613
38242,4.48182
38243,3.79595
38244,3.63107
38245,3.3938
38246,3.76358
38247,4.31441
38248,3.35424
38249,3.82906
38250,4.32876
38251,3.26472
38252,3.61419
38253,5.0
38254,3.41552
38255,3.58104
38256,3.10318
38257,4.90862
38258,4.38304
38259,3.3432
38260,4.28436
38261,4.09422
38262,3.0745
38263,3.17546
38264,3.95659
38265,4.66672
38266,4.26477
38267,4.34142
38268,4.25399
38269,4.59906
38270,3.86856
38271,4.89262
38272,3.735
38273,4.03053
38274,3.74437
38275,4.44072
38276,3.25314
38277,4.142
38278,3.68663
38279,3.55735
38280,3.25733
38281,4.4566
38282,3.41713
38283,4.79188
38284,2.56304
38285,4.36503
38286,3.72325
38287,4.39621
38288,4.76157
38289,4.18135
38290,3.65807
38291,4.24527
38292,3.77063
38293,4.02307
38294,3.96586
38295,3.55684
38296,4.44254
38297,4.09099
38298,2.76339
38299,4.00566
38300,4.27297
38301,3.53291
38302,3.56543
38303,5.0
38304,4.46729
38305,3.78513
38306,4.17699
38307,3.91875
38308,3.94836
38309,4.09458
38310,3.4301
38311,4.11051
38312,3.95481
38313,1.0
38314,3.80376
38315,4.53944
38316,2.53928
38317,3.12703
38318,3.23694
38319,4.13956
38320,4.5076
38321,3.19982
38322,4.1573
38323,3.93531
38324,4.57955
38325,3.59853
38326,3.54337
38327,3.29721
38328,4.74838
38329,4.24895
38330,3.44831
38331,4.0204
38332,4.75986
38333,4.65322
38334,4.49279
38335,3.92794
38336,4.5729
38337,3.98317
38338,3.72301
38339,4.45618
38340,4.65763
38341,4.18419
38342,3.81549
38343,4.48778
38344,4.47134
38345,4.17509
38346,4.54721
38347,3.30996
38348,2.86266
38349,4.24924
38350,4.28121
38351,4.51759
38352,4.57312
38353,4.46067
38354,1.9972
38355,4.75173
38356,4.1684
38357,4.0687
38358,3.53792
38359,3.74535
38360,2.2613
38361,3.07062
38362,2.57425
38363,4.04374
38364,3.27153
38365,3.62716
38366,4.00089
38367,3.16207
38368,4.44268
38369,4.42433
38370,3.69051
38371,4.51921
38372,3.51897
38373,3.22948
38374,3.31872
38375,3.58137
38376,3.31168
38377,2.33846
38378,3.64404
38379,4.08381
38380,3.94897
38381,2.3281
38382,3.47386
38383,3.29309
38384,3.63618
38385,3.57308
38386,4.33722
38387,4.69225
38388,5.0
38389,4.91942
38390,4.08737
38391,3.92027
38392,4.27856
38393,3.07107
38394,4.74194
38395,1.08197
38396,4.4578
38397,4.78612
38398,4.84443
38399,4.26119
38400,4.86521
38401,4.65616
38402,3.53284
38403,4.16177
38404,1.0
38405,4.51963
38406,1.0
38407,1.88354
38408,3.21201
38409,4.96708
38410,1.0
38411,5.0
38412,3.96499
38413,1.54217
38414,4.46974
38415,4.86062
38416,4.36185
38417,4.41794
38418,3.78279
38419,4.41444
38420,1.0
38421,3.69075
38422,1.0
38423,1.0
38424,1.51579
38425,4.41245
38426,2.00225
38427,4.20617
38428,4.73914
38429,2.1659
38430,1.0
38431,3.0733
38432,1.41762
38433,4.01959
38434,1.22461
38435,1.18903
38436,2.98899
38437,3.61917
38438,2.37885
38439,2.75392
38440,2.57544
38441,3.04768
38442,3.75042
38443,5.0
38444,3.73671
38445,2.85193
38446,2.05027
38447,4.22664
38448,3.02244
38449,3.25649
38450,4.36101
38451,3.5672
38452,3.58493
38453,3.47288
38454,2.37471
38455,2.68388
38456,3.40298
38457,4.62394
38458,3.12573
38459,3.64962
38460,4.35601
38461,3.68453
38462,3.69886
38463,4.64251
38464,3.77272
38465,3.31696
38466,3.30473
38467,4.12573
38468,3.85745
38469,4.32685
38470,4.18152
38471,4.09006
38472,4.2233
38473,3.92452
38474,3.49077
38475,4.00114
38476,3.21297
38477,4.40661
38478,3.86104
38479,3.4329
38480,4.11234
38481,4.20238
38482,4.35942
38483,3.74581
38484,4.23399
38485,4.75049
38486,3.57585
38487,4.22484
38488,3.5696
38489,3.45596
38490,3.6855
38491,3.77236
38492,5.0
38493,3.78227
38494,3.72655
38495,4.27977
38496,3.42301
38497,4.27523
38498,3.43434
38499,3.0221
38500,3.3689
38501,4.30278
38502,3.23896
38503,3.96604
38504,3.54797
38505,3.74531
38506,4.11352
38507,1.30489
38508,1.32591
38509,4.82787
38510,4.8032
38511,4.2697
38512,4.15042
38513,3.25586
38514,4.62089
38515,2.93443
38516,2.94356
38517,2.90495
38518,3.81118
38519,3.92612
38520,3.0188
38521,3.68812
38522,4.0843
38523,1.99738
38524,2.92001
38525,3.19478
38526,2.1028
38527,3.36602
38528,3.81847
38529,1.6118
38530,3.53784
38531,4.07001
38532,4.09091
38533,4.829
38534,3.5247
38535,2.72957
38536,4.38765
38537,4.13931
38538,4.43479
38539,4.19344
38540,4.71441
38541,4.42418
38542,2.41574
38543,3.75878
38544,2.44589
38545,3.82005
38546,4.41522
38547,3.73162
38548,2.59067
38549,4.48023
38550,3.29836
38551,3.71694
38552,4.93668
38553,4.05736
38554,3.28733
38555,4.376
38556,3.04368
38557,4.31446
38558,4.3171
38559,4.11607
38560,4.65989
38561,4.70776
38562,4.32686
38563,4.27797
38564,3.58593
38565,4.44356
38566,4.1992
38567,2.95493
38568,3.18077
38569,1.78622
38570,3.63356
38571,3.84109
38572,2.1172
38573,3.74826
38574,4.26707
38575,2.63741
38576,4.0276
38577,4.25632
38578,4.46321
38579,4.21436
38580,3.93035
38581,4.42014
38582,3.27314
38583,5.0
38584,4.17413
38585,3.78087
38586,3.28967
38587,2.24882
38588,2.75545
38589,3.98788
38590,4.18754
38591,4.27898
38592,4.1291
38593,4.32031
38594,3.64765
38595,2.85175
38596,4.41086
38597,2.75479
38598,3.5364
38599,3.58901
38600,3.0548
38601,4.21436
38602,4.34797
38603,2.83086
38604,2.31975
38605,2.90584
38606,3.23769
38607,3.12328
38608,4.72521
38609,3.72082
38610,4.72927
38611,2.87325
38612,4.43887
38613,3.08616
38614,3.49855
38615,2.80263
38616,4.01078
38617,3.21268
38618,3.80127
38619,2.63109
38620,3.62727
38621,3.44005
38622,4.08541
38623,4.56784
38624,4.12222
38625,4.46453
38626,4.06212
38627,4.19618
38628,4.69489
38629,5.0
38630,4.90769
38631,3.80515
38632,4.59285
38633,4.63403
38634,5.0
38635,4.56023
38636,4.63121
38637,4.81508
38638,3.73811
38639,3.31397
38640,4.53342
38641,4.39349
38642,4.47144
38643,4.01789
38644,4.64347
38645,4.71984
38646,3.84063
38647,4.80622
38648,4.15439
38649,2.47533
38650,3.67202
38651,3.24066
38652,1.76075
38653,2.77832
38654,3.45379
38655,2.9545
38656,3.71693
38657,3.9102
38658,2.86864
38659,3.40598
38660,5.0
38661,3.72657
38662,3.6425
38663,1.90217
38664,4.03267
38665,1.39662
38666,5.0
38667,4.09935
38668,4.00237
38669,3.66854
38670,1.96942
38671,5.0
38672,2.76649
38673,2.26846
38674,3.76047
38675,2.28669
38676,1.81424
38677,5.0
38678,2.80877
38679,4.39739
38680,3.23295
38681,3.84968
38682,4.78559
38683,3.75056
38684,3.99726
38685,2.2714
38686,4.26613
38687,4.29229
38688,3.8058
38689,3.44919
38690,2.62414
38691,4.25187
38692,2.93003
38693,3.9629
38694,2.92503
38695,3.64817
38696,4.22032
38697,3.02377
38698,4.57243
38699,3.3325
38700,3.95621
38701,3.36779
38702,4.87147
38703,3.80595
38704,2.72081
38705,4.84439
38706,4.71872
38707,3.76758
38708,2.32178
38709,3.45645
38710,4.02557
38711,4.58549
38712,4.93681
38713,4.39972
38714,4.35806
38715,4.27542
38716,4.26303
38717,4.3131
38718,3.182
38719,3.15591
38720,3.28013
38721,3.81606
38722,3.15034
38723,3.11777
38724,3.59506
38725,3.51897
38726,3.55373
38727,3.34401
38728,3.21607
38729,4.12012
38730,3.24244
38731,4.04742
38732,3.44132
38733,2.59568
38734,2.55813
38735,2.6693
38736,3.90346
38737,2.67381
38738,4.1143
38739,4.10067
38740,3.63676
38741,4.04924
38742,4.27747
38743,4.07635
38744,4.46996
38745,4.13881
38746,3.05996
38747,3.40013
38748,3.01905
38749,3.78505
38750,3.46438
38751,3.83956
38752,4.35395
38753,2.84786
38754,3.56107
38755,2.82768
38756,3.3159
38757,3.79827
38758,3.80081
38759,3.53531
38760,2.593
38761,4.0886
38762,3.77104
38763,3.55522
38764,4.90393
38765,4.61486
38766,3.79871
38767,4.84656
38768,3.94348
38769,2.81583
38770,2.78845
38771,2.9618
38772,3.99892
38773,3.7121
38774,5.0
38775,2.81826
38776,4.54775
38777,3.62658
38778,2.50962
38779,3.22805
38780,3.78384
38781,3.77952
38782,3.69382
38783,4.18292
38784,4.67541
38785,3.86581
38786,3.9483
38787,4.83977
38788,2.84192
38789,3.68295
38790,3.37444
38791,4.69231
38792,3.91211
38793,2.80255
38794,4.23134
38795,4.19561
38796,3.70704
38797,4.1614
38798,4.22117
38799,4.78612
38800,4.71049
38801,4.00768
38802,4.52929
38803,3.9535
38804,4.27847
38805,3.66097
38806,3.77131
38807,3.97178
38808,3.53741
38809,3.70848
38810,3.16201
38811,4.2734
38812,3.96828
38813,3.90304
38814,4.34609
38815,4.03044
38816,4.58429
38817,4.51095
38818,3.6321
38819,3.35042
38820,3.72998
38821,3.23775
38822,4.04726
38823,4.3348
38824,4.23405
38825,4.27298
38826,3.95166
38827,4.39186
38828,4.79438
38829,4.453
38830,4.31162
38831,3.56178
38832,3.39755
38833,3.4718
38834,3.92543
38835,3.80707
38836,4.16236
38837,4.49013
38838,5.0
38839,3.04832
38840,5.0
38841,4.68369
38842,3.80938
38843,4.22439
38844,2.79828
38845,2.36483
38846,4.47774
38847,4.09763
38848,3.54383
38849,4.56852
38850,2.66547
38851,3.88092
38852,4.80302
38853,3.84374
38854,4.41015
38855,2.82953
38856,3.67433
38857,3.45462
38858,2.53795
38859,2.95395
38860,4.51772
38861,4.76713
38862,4.2906
38863,4.74197
38864,4.58167
38865,4.04273
38866,4.22421
38867,4.79328
38868,2.96302
38869,3.41482
38870,4.42636
38871,3.9902
38872,3.56779
38873,3.82878
38874,4.42356
38875,4.01377
38876,1.91512
38877,3.40972
38878,3.46185
38879,3.82986
38880,3.04288
38881,4.62912
38882,3.98682
38883,3.67598
38884,3.98629
38885,2.07372
38886,2.93769
38887,3.54748
38888,2.3435
38889,3.21603
38890,4.5257
38891,4.34336
38892,2.61756
38893,3.46772
38894,1.84236
38895,4.50657
38896,4.18755
38897,4.14363
38898,2.19603
38899,2.90236
38900,3.94204
38901,4.05039
38902,3.88669
38903,3.78506
38904,3.01426
38905,4.33855
38906,3.85817
38907,3.57521
38908,3.90739
38909,4.0606
38910,4.14537
38911,4.43344
38912,3.80204
38913,4.37627
38914,4.26548
38915,2.95581
38916,4.12193
38917,3.70278
38918,4.13764
38919,3.87525
38920,4.14726
38921,4.23678
38922,4.8767
38923,4.73014
38924,4.17201
38925,4.10422
38926,3.93929
38927,4.32051
38928,4.55485
38929,2.62542
38930,4.75809
38931,4.38952
38932,3.49793
38933,4.44302
38934,3.5178
38935,2.82903
38936,4.1016
38937,4.56425
38938,3.19178
38939,4.26836
38940,3.7832
38941,3.36675
38942,4.47956
38943,4.53343
38944,4.06027
38945,4.25207
38946,4.12367
38947,3.74652
38948,3.55801
38949,4.4634
38950,3.80042
38951,2.67282
38952,3.96638
38953,4.92578
38954,3.32891
38955,5.0
38956,3.55756
38957,3.6712
38958,3.43541
38959,1.58041
38960,4.74679
38961,3.99178
38962,3.71328
38963,3.49795
38964,2.8975
38965,3.27032
38966,2.12266
38967,4.02798
38968,2.6837
38969,4.15392
38970,3.46515
38971,2.5545
38972,4.57908
38973,5.0
38974,3.60488
38975,4.88876
38976,1.0
38977,4.36197
38978,1.0
38979,3.57022
38980,1.44452
38981,4.61511
38982,4.38088
38983,4.09637
38984,3.61259
38985,4.4019
38986,1.81112
38987,3.56087
38988,2.56233
38989,1.42037
38990,1.86953
38991,2.50682
38992,1.0
38993,1.0
38994,3.32583
38995,2.55595
38996,1.84531
38997,3.59496
38998,3.54598
38999,2.54804
39000,3.22335
39001,3.94494
39002,4.20501
39003,1.85241
39004,3.08689
39005,3.03894
39006,4.7192
39007,3.74459
39008,2.53214
39009,2.27119
39010,3.68573
39011,2.1977
39012,3.23258
39013,4.48468
39014,1.1086
39015,2.78168
39016,3.15475
39017,1.0
39018,2.6356
39019,3.89743
39020,1.37197
39021,1.68394
39022,1.70478
39023,4.9656
39024,3.09994
39025,3.4258
39026,3.89423
39027,2.37303
39028,4.30994
39029,3.93262
39030,3.33042
39031,2.83557
39032,3.51337
39033,2.3616
39034,3.93228
39035,3.74609
39036,3.06013
39037,3.42046
39038,2.17994
39039,2.86489
39040,2.46382
39041,3.32076
39042,3.62896
39043,3.64481
39044,3.31302
39045,3.56269
39046,1.95039
39047,3.26377
39048,3.43553
39049,3.93612
39050,4.01576
39051,3.87074
39052,3.3093
39053,3.76581
39054,2.05223
39055,2.19666
39056,4.77034
39057,4.90703
39058,4.58659
39059,4.44535
39060,5.0
39061,4.99826
39062,5.0
39063,4.38021
39064,4.4427
39065,2.03024
39066,4.22994
39067,3.81308
39068,4.92057
39069,3.50785
39070,4.34587
39071,4.04238
39072,4.0899
39073,4.14345
39074,4.48991
39075,4.2133
39076,4.58298
39077,4.78168
39078,4.32673
39079,4.05592
39080,4.31464
39081,5.0
39082,4.65913
39083,4.71343
39084,3.89439
39085,3.96931
39086,3.51767
39087,3.83739
39088,4.29379
39089,4.06129
39090,4.42604
39091,4.05287
39092,4.67862
39093,3.92764
39094,4.12067
39095,4.75012
39096,4.14856
39097,4.84347
39098,3.28031
39099,4.64386
39100,4.31125
39101,3.63952
39102,2.51653
39103,3.01035
39104,4.3759
39105,4.02333
39106,4.1866
39107,3.41632
39108,2.27333
39109,3.45654
39110,2.65057
39111,2.88412
39112,2.238
39113,1.49178
39114,3.05043
39115,3.43161
39116,4.29484
39117,2.21197
39118,5.0
39119,4.32696
39120,4.31778
39121,4.17895
39122,4.02863
39123,3.71385
39124,4.56105
39125,3.80317
39126,4.8576
39127,3.77049
39128,2.72874
39129,3.76931
39130,3.98207
39131,3.17742
39132,3.69826
39133,3.14757
39134,3.31324
39135,3.75097
39136,4.19255
39137,4.14316
39138,3.53883
39139,2.99065
39140,3.54234
39141,3.19364
39142,3.23861
39143,2.16198
39144,3.7146
39145,3.94179
39146,3.75269
39147,3.44333
39148,3.84199
39149,4.54712
39150,4.45007
39151,4.38127
39152,4.34714
39153,4.07993
39154,4.25347
39155,4.23557
39156,4.33881
39157,3.83584
39158,3.42823
39159,4.00711
39160,4.54165
39161,4.04945
39162,4.72138
39163,3.84436
39164,4.60385
39165,3.31
39166,3.36515
39167,3.77628
39168,4.21758
39169,4.12568
39170,3.21564
39171,3.41269
39172,3.81557
39173,4.6367
39174,3.82838
39175,4.11316
39176,4.23143
39177,4.19595
39178,4.31425
39179,4.25782
39180,3.73109
39181,3.79524
39182,4.12854
39183,3.61422
39184,3.99602
39185,3.76127
39186,4.03511
39187,4.37133
39188,3.46046
39189,3.32552
39190,3.41401
39191,3.61792
39192,3.91317
39193,3.34179
39194,3.68218
39195,3.41057
39196,3.64951
39197,3.16013
39198,3.79364
39199,4.08698
39200,3.16793
39201,4.60002
39202,3.30877
39203,3.50598
39204,3.82728
39205,3.59465
39206,4.0435
39207,3.13677
39208,3.09835
39209,3.15091
39210,3.7465
39211,3.45858
39212,3.86285
39213,3.88891
39214,3.82379
39215,3.39072
39216,4.48025
39217,4.23772
39218,3.85759
39219,3.18756
39220,3.07258
39221,3.24528
39222,3.61787
39223,3.70436
39224,3.69377
39225,3.08327
39226,3.94232
39227,2.4419
39228,3.89347
39229,4.33137
39230,3.5279
39231,3.36982
39232,3.43403
39233,2.75635
39234,3.65921
39235,3.50216
39236,3.30059
39237,3.44798
39238,3.18763
39239,4.25132
39240,4.38961
39241,4.19589
39242,4.0572
39243,3.46422
39244,3.9531
39245,3.42077
39246,3.50583
39247,3.46056
39248,4.09196
39249,3.42304
39250,3.97005
39251,3.07929
39252,3.62191
39253,3.51846
39254,3.30646
39255,2.98793
39256,2.4321
39257,4.49167
39258,4.16491
39259,3.52384
39260,4.05557
39261,3.7252
39262,3.27242
39263,3.75934
39264,3.74779
39265,3.60607
39266,3.86801
39267,3.87356
39268,3.05704
39269,2.77187
39270,2.71866
39271,3.43358
39272,3.0013
39273,3.62805
39274,3.89539
39275,4.38661
39276,4.43759
39277,2.44625
39278,4.50163
39279,3.4251
39280,4.44152
39281,2.86681
39282,4.94064
39283,4.90153
39284,4.42365
39285,3.21524
39286,4.21037
39287,5.0
39288,3.66572
39289,5.0
39290,4.55027
39291,2.24434
39292,3.83578
39293,3.91816
39294,4.97505
39295,3.51591
39296,3.88644
39297,4.70296
39298,4.27663
39299,3.39385
39300,4.61455
39301,4.49827
39302,4.2521
39303,3.77504
39304,3.57068
39305,3.1621
39306,3.4121
39307,3.46917
39308,3.39815
39309,3.37822
39310,3.49614
39311,3.80606
39312,3.22639
39313,3.75675
39314,3.90578
39315,3.99042
39316,4.15904
39317,3.38496
39318,4.43005
39319,3.10116
39320,4.23351
39321,3.5767
39322,3.14835
39323,2.96297
39324,4.99871
39325,3.77259
39326,3.95914
39327,3.68311
39328,4.2116
39329,4.60717
39330,3.44096
39331,4.32431
39332,4.20043
39333,3.59888
39334,3.89422
39335,3.72794
39336,3.57553
39337,4.72631
39338,4.65048
39339,5.0
39340,4.74524
39341,2.91465
39342,3.21714
39343,3.91607
39344,4.55408
39345,2.16025
39346,2.82308
39347,3.70187
39348,3.583
39349,4.39198
39350,4.32073
39351,4.59701
39352,3.7157
39353,4.3138
39354,4.63491
39355,3.71974
39356,3.88958
39357,4.44308
39358,4.36525
39359,4.43978
39360,3.35507
39361,4.32464
39362,4.56091
39363,4.42144
39364,2.68215
39365,3.74709
39366,4.44088
39367,4.49289
39368,5.0
39369,4.27869
39370,2.5686
39371,2.10817
39372,2.34928
39373,2.84367
39374,2.14001
39375,3.1374
39376,2.45176
39377,2.80409
39378,3.06258
39379,4.25509
39380,3.58258
39381,4.01157
39382,4.13596
39383,3.15795
39384,3.77235
39385,2.4846
39386,2.34443
39387,3.22887
39388,3.13735
39389,3.94147
39390,3.89059
39391,3.94216
39392,2.95077
39393,3.6377
39394,4.1704
39395,3.53173
39396,4.07648
39397,3.95888
39398,3.50583
39399,3.23581
39400,4.23995
39401,3.08453
39402,3.91319
39403,4.01235
39404,3.61519
39405,3.05439
39406,4.3194
39407,4.41029
39408,4.1465
39409,4.47627
39410,4.16124
39411,4.05303
39412,3.56035
39413,3.66778
39414,3.31096
39415,4.28424
39416,4.48751
39417,3.73071
39418,4.75376
39419,3.80128
39420,4.2234
39421,3.40904
39422,4.18104
39423,4.00515
39424,2.96265
39425,2.67826
39426,2.18411
39427,3.10155
39428,3.29494
39429,4.16732
39430,4.49539
39431,3.08625
39432,3.43881
39433,3.05348
39434,4.17733
39435,3.96345
39436,4.88512
39437,3.228
39438,4.19039
39439,4.68925
39440,3.68833
39441,4.74457
39442,4.32943
39443,4.259
39444,3.2129
39445,4.62408
39446,4.30017
39447,2.78202
39448,3.0046
39449,3.9401
39450,3.83838
39451,4.81702
39452,1.95643
39453,2.44271
39454,3.08785
39455,3.54437
39456,3.34693
39457,3.4695
39458,3.01288
39459,2.93759
39460,3.8207
39461,3.71637
39462,3.11516
39463,3.02951
39464,2.02637
39465,2.93757
39466,3.32449
39467,2.64809
39468,3.17242
39469,3.15335
39470,2.61523
39471,1.53404
39472,3.319
39473,1.36999
39474,2.52666
39475,3.75379
39476,3.78712
39477,1.76742
39478,2.99016
39479,3.96156
39480,2.49528
39481,4.58432
39482,2.72002
39483,3.29856
39484,4.11369
39485,4.18542
39486,4.57981
39487,3.71769
39488,4.10228
39489,4.05082
39490,3.64503
39491,4.3652
39492,4.58236
39493,2.90516
39494,3.8558
39495,3.87242
39496,4.43883
39497,3.22764
39498,3.57845
39499,4.16814
39500,3.60186
39501,3.74238
39502,3.79716
39503,4.28251
39504,3.74085
39505,3.0432
39506,3.2263
39507,3.9821
39508,3.72384
39509,3.52571
39510,3.56906
39511,4.05927
39512,3.85947
39513,3.61531
39514,2.99187
39515,3.89251
39516,3.35859
39517,4.12193
39518,3.26905
39519,3.30481
39520,3.65519
39521,3.65713
39522,3.78931
39523,3.41356
39524,3.7641
39525,4.10719
39526,3.40917
39527,4.01367
39528,3.94981
39529,3.03478
39530,3.63922
39531,4.07647
39532,4.56946
39533,3.49639
39534,3.91815
39535,4.04142
39536,2.36464
39537,3.12891
39538,3.00638
39539,1.87228
39540,3.74754
39541,4.03092
39542,3.52996
39543,4.47895
39544,4.57951
39545,4.33771
39546,4.41077
39547,4.82216
39548,3.3185
39549,3.36457
39550,4.13872
39551,3.43192
39552,4.38372
39553,4.46611
39554,4.21281
39555,4.22273
39556,3.82365
39557,3.99754
39558,4.02594
39559,2.86809
39560,3.09951
39561,3.60879
39562,3.53591
39563,4.50212
39564,3.41534
39565,2.69115
39566,3.99121
39567,4.02074
39568,5.0
39569,1.80831
39570,4.05958
39571,4.01619
39572,4.96444
39573,5.0
39574,5.0
39575,5.0
39576,4.96977
39577,4.76531
39578,3.56662
39579,3.78429
39580,3.55259
39581,3.79591
39582,4.15632
39583,4.7583
39584,5.0
39585,4.51887
39586,3.81526
39587,4.56359
39588,3.71042
39589,4.66744
39590,4.31691
39591,3.88274
39592,3.40042
39593,4.11138
39594,2.84739
39595,4.5807
39596,4.58109
39597,5.0
39598,4.74141
39599,4.54363
39600,3.7265
39601,4.97354
39602,4.64584
39603,4.64522
39604,3.74155
39605,3.89653
39606,4.87187
39607,4.95978
39608,4.85404
39609,4.261
39610,4.1956
39611,2.60078
39612,3.30576
39613,4.07222
39614,3.30674
39615,3.57272
39616,4.69118
39617,4.22427
39618,4.75903
39619,4.55397
39620,1.37891
39621,3.89613
39622,4.54499
39623,3.94288
39624,4.32883
39625,4.82426
39626,3.47331
39627,2.90674
39628,3.29957
39629,3.50227
39630,3.63834
39631,3.18056
39632,4.06928
39633,3.27538
39634,3.67189
39635,3.89044
39636,3.28623
39637,4.12413
39638,3.94105
39639,3.84123
39640,3.08059
39641,2.65634
39642,3.43804
39643,3.97702
39644,2.8468
39645,3.17439
39646,4.10477
39647,4.52536
39648,3.5432
39649,4.23087
39650,4.10135
39651,4.03313
39652,3.39587
39653,3.06415
39654,3.01351
39655,3.79125
39656,3.54778
39657,3.35049
39658,3.13933
39659,3.15342
39660,2.97144
39661,2.90184
39662,3.31037
39663,3.25885
39664,3.629
39665,2.94381
39666,2.52894
39667,3.28223
39668,2.92203
39669,3.25317
39670,3.11066
39671,2.76903
39672,2.75099
39673,2.94096
39674,3.74854
39675,3.85141
39676,3.31756
39677,3.5311
39678,3.54923
39679,2.94517
39680,2.16151
39681,1.47821
39682,2.40174
39683,2.17185
39684,2.33592
39685,3.59298
39686,3.19025
39687,2.31488
39688,3.60155
39689,3.6465
39690,4.45877
39691,3.65523
39692,4.48355
39693,4.39248
39694,3.31995
39695,3.95339
39696,4.09389
39697,2.95065
39698,3.29424
39699,4.11402
39700,3.23645
39701,4.73566
39702,4.05374
39703,5.0
39704,3.99441
39705,3.15018
39706,3.91355
39707,3.67154
39708,2.63665
39709,3.64489
39710,2.22231
39711,3.86749
39712,3.38138
39713,4.34994
39714,4.76127
39715,1.17472
39716,2.66216
39717,3.27692
39718,3.01164
39719,2.371
39720,2.74787
39721,2.32948
39722,2.75393
39723,1.71602
39724,2.05862
39725,1.51622
39726,3.01382
39727,2.51125
39728,4.07117
39729,3.65365
39730,3.74296
39731,5.0
39732,3.40746
39733,3.46871
39734,3.75165
39735,3.20094
39736,4.0455
39737,3.26683
39738,3.37965
39739,3.79741
39740,2.74188
39741,3.32121
39742,3.8838
39743,4.26375
39744,3.75473
39745,4.06119
39746,1.78392
39747,4.69474
39748,3.20034
39749,3.69139
39750,3.47151
39751,3.5444
39752,1.58633
39753,3.79872
39754,4.69765
39755,4.19098
39756,4.6034
39757,4.34399
39758,3.20762
39759,3.22106
39760,3.79335
39761,4.35002
39762,3.91157
39763,3.88106
39764,2.37875
39765,4.22281
39766,1.82766
39767,2.86602
39768,2.8345
39769,3.68112
39770,2.7058
39771,4.15714
39772,3.38457
39773,3.61642
39774,3.13964
39775,3.86886
39776,3.97144
39777,3.59312
39778,2.56162
39779,3.36562
39780,2.86748
39781,3.57154
39782,4.03696
39783,2.10045
39784,4.08953
39785,3.80216
39786,2.93244
39787,4.4712
39788,3.89465
39789,3.68287
39790,3.2318
39791,4.57199
39792,4.30844
39793,4.36376
39794,3.19005
39795,3.59197
39796,4.39188
39797,5.0
39798,2.9974
39799,3.78677
39800,4.35151
39801,3.42803
39802,3.32756
39803,4.60131
39804,4.64681
39805,4.3831
39806,3.49911
39807,3.25423
39808,3.96877
39809,3.81389
39810,3.43362
39811,4.30786
39812,3.0242
39813,3.64706
39814,4.25332
39815,3.43827
39816,4.46824
39817,4.58552
39818,3.69185
39819,3.89963
39820,4.47277
39821,4.24881
39822,4.6048
39823,3.9911
39824,4.5068
39825,5.0
39826,3.731
39827,4.77498
39828,4.12132
39829,3.66266
39830,4.0173
39831,4.55753
39832,3.85886
39833,4.37387
39834,4.37937
39835,3.85028
39836,4.46206
39837,5.0
39838,4.42804
39839,5.0
39840,5.0
39841,4.68615
39842,2.38299
39843,4.18598
39844,2.59935
39845,3.04846
39846,4.38841
39847,4.35753
39848,3.4537
39849,4.31691
39850,3.33701
39851,4.00493
39852,4.0463
39853,4.55579
39854,3.53033
39855,3.61807
39856,3.75624
39857,3.92707
39858,4.43149
39859,3.03013
39860,1.77724
39861,4.01648
39862,4.32014
39863,4.78871
39864,4.08154
39865,4.64503
39866,4.03832
39867,4.38438
39868,4.59847
39869,4.18639
39870,4.67891
39871,3.42712
39872,3.4407
39873,4.08024
39874,3.35271
39875,3.87158
39876,3.33401
39877,4.44901
39878,4.34444
39879,5.0
39880,3.67495
39881,4.26275
39882,3.99452
39883,3.63788
39884,3.51295
39885,4.96716
39886,4.46587
39887,4.09504
39888,4.46031
39889,4.11842
39890,4.42008
39891,4.43675
39892,1.85592
39893,1.89154
39894,2.88988
39895,3.85125
39896,4.02
39897,2.65441
39898,3.74475
39899,2.35547
39900,4.06512
39901,3.60024
39902,4.20445
39903,1.668
39904,4.61141
39905,4.09081
39906,1.62506
39907,4.13993
39908,2.59578
39909,4.08391
39910,3.73826
39911,3.37562
39912,3.9107
39913,2.9473
39914,4.05204
39915,4.1148
39916,2.45326
39917,3.6816
39918,2.52659
39919,2.65098
39920,3.40765
39921,4.20694
39922,1.48898
39923,3.661
39924,4.17457
39925,3.72755
39926,2.82915
39927,4.4099
39928,3.74155
39929,4.22766
39930,4.08
39931,3.04557
39932,4.0741
39933,4.1342
39934,3.82464
39935,4.34508
39936,3.7539
39937,4.32186
39938,3.98588
39939,3.83098
39940,4.49799
39941,2.98895
39942,3.57694
39943,2.55812
39944,3.79661
39945,2.83606
39946,2.66201
39947,2.94581
39948,2.91437
39949,3.86169
39950,3.84263
39951,2.1382
39952,2.519
39953,3.07597
39954,2.68892
39955,1.92497
39956,4.16336
39957,4.22894
39958,4.19417
39959,1.59483
39960,4.27029
39961,2.61366
39962,1.65879
39963,3.55244
39964,2.14704
39965,3.86996
39966,4.29493
39967,1.33973
39968,4.13007
39969,3.69792
39970,3.81755
39971,3.77338
39972,3.83249
39973,3.5693
39974,3.29966
39975,4.03969
39976,3.62246
39977,2.22091
39978,3.03999
39979,3.49003
39980,2.6772
39981,1.83511
39982,3.25985
39983,2.12775
39984,3.81685
39985,3.69913
39986,3.26611
39987,3.45747
39988,3.78747
39989,2.92693
39990,2.08526
39991,3.15489
39992,4.01992
39993,3.70866
39994,3.40952
39995,3.12897
39996,4.02979
39997,2.93209
39998,3.76684
39999,4.03979
40000,2.64968
40001,1.0
40002,3.05928
40003,4.89549
40004,4.51245
40005,3.904
40006,4.71669
40007,3.38253
40008,3.34517
40009,3.70973
40010,3.72328
40011,3.48211
40012,4.08367
40013,3.65009
40014,2.58684
40015,3.35077
40016,3.29448
40017,3.52178
40018,3.77143
40019,3.36935
40020,3.80841
40021,3.8765
40022,4.20165
40023,4.2408
40024,3.42347
40025,3.68071
40026,2.73328
40027,2.77144
40028,3.91602
40029,3.88338
40030,2.95984
40031,3.09531
40032,3.70765
40033,3.33327
40034,4.49066
40035,3.84784
40036,2.71214
40037,3.26325
40038,3.74778
40039,2.9864
40040,3.70262
40041,3.11788
40042,3.82437
40043,3.69449
40044,3.81492
40045,4.01073
40046,2.44792
40047,3.12797
40048,2.1067
40049,3.30514
40050,4.83519
40051,3.16395
40052,3.54298
40053,4.45903
40054,2.90532
40055,3.5529
40056,3.7909
40057,3.12126
40058,3.70881
40059,4.5992
40060,3.51085
40061,3.98474
40062,4.30682
40063,3.71238
40064,4.2755
40065,3.02708
40066,3.62868
40067,4.5556
40068,4.16314
40069,3.03029
40070,3.84986
40071,3.06876
40072,3.76679
40073,4.37192
40074,3.8931
40075,4.02708
40076,4.29531
40077,4.88569
40078,3.67547
40079,4.96393
40080,4.22008
40081,4.72478
40082,4.42658
40083,3.31246
40084,4.00773
40085,4.00756
40086,4.45734
40087,4.59772
40088,3.91305
40089,3.1539
40090,3.65752
40091,3.92955
40092,5.0
40093,3.74079
40094,3.9339
40095,3.70523
40096,4.07279
40097,3.57532
40098,3.85527
40099,3.28225
40100,4.36187
40101,3.311
40102,4.49364
40103,4.89194
40104,3.53162
40105,4.18408
40106,4.78503
40107,3.98589
40108,3.4769
40109,4.23947
40110,3.7209
40111,4.07738
40112,3.28675
40113,2.41513
40114,3.96034
40115,3.3629
40116,4.29954
40117,4.19616
40118,3.01353
40119,4.85096
40120,4.17221
40121,3.47322
40122,4.09843
40123,4.55048
40124,3.44852
40125,4.42184
40126,3.53705
40127,4.87269
40128,4.45694
40129,4.41913
40130,2.90585
40131,3.43334
40132,3.73476
40133,4.33588
40134,3.53666
40135,3.67443
40136,4.22903
40137,4.3979
40138,4.45524
40139,3.71317
40140,4.06448
40141,4.15577
40142,3.96861
40143,4.05906
40144,3.32597
40145,4.35882
40146,4.19889
40147,3.70192
40148,4.2774
40149,3.87402
40150,3.1687
40151,4.40668
40152,4.34701
40153,2.82018
40154,4.35018
40155,4.22176
40156,4.06461
40157,4.06288
40158,2.99689
40159,3.17029
40160,3.35477
40161,3.43447
40162,3.59127
40163,1.0
40164,3.43201
40165,4.06553
40166,4.43377
40167,4.30668
40168,3.37956
40169,3.17353
40170,3.46611
40171,4.123
40172,3.95439
40173,4.68141
40174,4.6064
40175,3.67351
40176,3.58121
40177,4.29355
40178,2.76109
40179,3.97539
40180,4.62408
40181,2.68747
40182,3.40749
40183,2.59752
40184,3.26941
40185,4.28692
40186,5.0
40187,4.11584
40188,3.73825
40189,3.71852
40190,4.45943
40191,3.3215
40192,4.48669
40193,3.7246
40194,5.0
40195,2.34026
40196,4.17701
40197,4.15533
40198,3.6662
40199,2.86632
40200,4.26881
40201,2.42053
40202,2.86042
40203,3.85159
40204,4.66395
40205,4.41666
40206,4.18429
40207,4.16297
40208,4.94152
40209,3.61807
40210,4.50244
40211,4.51707
40212,3.56854
40213,3.03334
40214,3.77568
40215,3.78441
40216,2.83869
40217,2.53717
40218,4.05233
40219,2.63947
40220,2.42689
40221,2.94502
40222,2.20483
40223,3.5341
40224,4.01209
40225,3.54768
40226,2.98405
40227,2.9281
40228,3.07632
40229,1.85009
40230,2.89751
40231,3.59813
40232,3.73012
40233,2.33635
40234,3.661
40235,3.36426
40236,1.73007
40237,3.74449
40238,2.7563
40239,3.34283
40240,1.78342
40241,3.29841
40242,2.64328
40243,3.43388
40244,3.5807
40245,4.00513
40246,2.17696
40247,1.83506
40248,3.40343
40249,2.53135
40250,3.79084
40251,3.56018
40252,3.11408
40253,3.10166
40254,2.31775
40255,3.31052
40256,3.88014
40257,4.41671
40258,3.64795
40259,2.94757
40260,4.38472
40261,3.57054
40262,3.2209
40263,3.75723
40264,3.5278
40265,2.92652
40266,3.59833
40267,3.4776
40268,3.91851
40269,3.62627
40270,3.38603
40271,4.2102
40272,3.41715
40273,3.52619
40274,3.08908
40275,3.26313
40276,3.54122
40277,3.79814
40278,3.34738
40279,4.02673
40280,4.09058
40281,4.17632
40282,3.89729
40283,5.0
40284,2.20226
40285,2.48511
40286,2.7021
40287,3.76792
40288,2.90867
40289,3.76913
40290,3.15056
40291,3.09937
40292,3.3351
40293,3.78359
40294,3.45367
40295,4.28951
40296,4.33111
40297,3.97096
40298,3.8263
40299,5.0
40300,4.13326
40301,4.33526
40302,3.3613
40303,4.50847
40304,2.84855
40305,3.83739
40306,4.32165
40307,4.54734
40308,4.67181
40309,4.30133
40310,3.82627
40311,4.32096
40312,4.23988
40313,3.47349
40314,4.70932
40315,3.0226
40316,3.92314
40317,3.81974
40318,4.03094
40319,4.16004
40320,4.1494
40321,4.55937
40322,3.80554
40323,4.29198
40324,4.10436
40325,3.19822
40326,3.96247
40327,4.33376
40328,4.36693
40329,3.22516
40330,4.46595
40331,3.1521
40332,3.74241
40333,3.64939
40334,3.81234
40335,4.1272
40336,3.7658
40337,3.99718
40338,3.61567
40339,3.82964
40340,4.43996
40341,3.99373
40342,3.80947
40343,4.71517
40344,3.81115
40345,3.64567
40346,3.48394
40347,2.69025
40348,4.22125
40349,3.70043
40350,3.06321
40351,4.11158
40352,4.18176
40353,4.62983
40354,4.05885
40355,4.33472
40356,3.27414
40357,3.725
40358,3.00258
40359,4.15639
40360,3.51193
40361,3.21063
40362,2.92308
40363,3.70018
40364,2.66476
40365,4.01383
40366,5.0
40367,3.68449
40368,1.95364
40369,3.61115
40370,3.14332
40371,4.16039
40372,3.32419
40373,3.76166
40374,3.50993
40375,2.05749
40376,3.66916
40377,4.45767
40378,3.22035
40379,3.26476
40380,4.65482
40381,3.72715
40382,4.47464
40383,3.45562
40384,3.3752
40385,3.81476
40386,3.35227
40387,2.88534
40388,1.0
40389,3.6191
40390,4.03673
40391,4.6682
40392,4.93318
40393,4.01204
40394,3.56126
40395,3.40526
40396,3.75863
40397,4.6936
40398,2.71687
40399,3.3556
40400,3.93096
40401,3.62868
40402,4.17909
40403,4.80058
40404,4.26424
40405,3.92561
40406,3.66041
40407,3.77525
40408,5.0
40409,5.0
40410,4.19975
40411,3.62663
40412,4.19361
40413,3.45516
40414,4.16504
40415,2.86927
40416,3.41075
40417,3.50911
40418,4.07692
40419,4.4935
40420,3.36792
40421,4.92073
40422,5.0
40423,4.33497
40424,3.79626
40425,3.73753
40426,3.82874
40427,2.12109
40428,3.60415
40429,3.65928
40430,3.90084
40431,3.90005
40432,3.22056
40433,4.29203
40434,3.99679
40435,3.86494
40436,2.85116
40437,2.00803
40438,4.17639
40439,3.3949
40440,3.03343
40441,2.36813
40442,2.78498
40443,2.83704
40444,3.94898
40445,2.81689
40446,4.2537
40447,3.63018
40448,2.72913
40449,3.94079
40450,3.54218
40451,2.36549
40452,1.95325
40453,4.17293
40454,2.87588
40455,4.2902
40456,2.2493
40457,3.95484
40458,3.00117
40459,4.18824
40460,3.30374
40461,2.62854
40462,3.97757
40463,1.42566
40464,3.26951
40465,3.46011
40466,4.07617
40467,3.8151
40468,4.34102
40469,3.81891
40470,3.73607
40471,2.36685
40472,3.2893
40473,3.09818
40474,4.34517
40475,2.50368
40476,3.27827
40477,3.03549
40478,2.94256
40479,3.07493
40480,3.40584
40481,2.98531
40482,2.78077
40483,4.33131
40484,4.5716
40485,4.90969
40486,4.56291
40487,4.91005
40488,3.84344
40489,3.93678
40490,4.85164
40491,3.74568
40492,3.88094
40493,4.719
40494,3.70616
40495,5.0
40496,3.67985
40497,4.31421
40498,4.2332
40499,4.55519
40500,4.04668
40501,3.05185
40502,4.25007
40503,4.58256
40504,4.55655
40505,3.53154
40506,2.63442
40507,2.3398
40508,2.3944
40509,2.48758
40510,2.99659
40511,3.41944
40512,4.31683
40513,4.27228
40514,3.12764
40515,2.76276
40516,2.82419
40517,3.88908
40518,3.57063
40519,3.61661
40520,3.16393
40521,3.61096
40522,3.69914
40523,2.76866
40524,3.98506
40525,3.98717
40526,4.16648
40527,4.49502
40528,5.0
40529,3.91479
40530,3.76255
40531,3.06487
40532,4.10852
40533,2.9629
40534,3.06329
40535,3.94886
40536,3.51353
40537,3.99586
40538,3.42247
40539,3.86307
40540,4.11761
40541,3.48196
40542,4.64463
40543,2.9397
40544,3.08357
40545,2.80463
40546,3.87155
40547,2.72707
40548,1.5616
40549,4.70046
40550,3.27772
40551,4.98523
40552,3.98642
40553,3.66457
40554,3.25065
40555,4.18182
40556,4.05009
40557,3.82449
40558,2.90662
40559,2.86325
40560,3.7104
40561,4.19217
40562,5.0
40563,3.18169
40564,3.01367
40565,5.0
40566,3.87407
40567,3.93877
40568,3.94328
40569,3.82917
40570,4.33701
40571,3.86112
40572,4.52109
40573,3.65992
40574,3.46594
40575,2.97926
40576,1.55325
40577,4.45982
40578,3.58521
40579,3.50696
40580,4.55612
40581,3.27494
40582,3.50418
40583,4.41832
40584,2.49974
40585,4.95006
40586,3.39208
40587,3.74309
40588,2.77188
40589,4.27045
40590,3.11488
40591,4.11815
40592,3.70547
40593,2.22828
40594,3.62416
40595,3.32804
40596,2.27825
40597,2.31529
40598,3.66462
40599,4.10217
40600,3.093
40601,4.56462
40602,2.95344
40603,4.37768
40604,4.06554
40605,4.54864
40606,4.10097
40607,2.70137
40608,3.72741
40609,4.04841
40610,3.54396
40611,3.20107
40612,3.98973
40613,4.37324
40614,3.40183
40615,4.12949
40616,4.13991
40617,3.52853
40618,3.52992
40619,2.85049
40620,3.11554
40621,3.89252
40622,3.67007
40623,3.53816
40624,3.23802
40625,3.59616
40626,4.24866
40627,3.45926
40628,4.03239
40629,2.89528
40630,2.93757
40631,2.25287
40632,3.23929
40633,5.0
40634,3.8558
40635,3.01577
40636,3.87319
40637,4.97935
40638,1.52478
40639,2.24566
40640,3.90905
40641,1.69672
40642,2.72693
40643,2.6732
40644,4.06488
40645,3.26863
40646,2.05037
40647,3.16389
40648,1.00966
40649,3.91156
40650,4.7225
40651,3.73282
40652,2.26474
40653,2.71591
40654,5.0
40655,4.35338
40656,3.67999
40657,3.95011
40658,2.31791
40659,1.80432
40660,4.94949
40661,2.85358
40662,2.91162
40663,1.48453
40664,1.9726
40665,3.34595
40666,1.0
40667,3.16279
40668,4.05837
40669,4.4658
40670,4.06749
40671,3.34194
40672,4.35499
40673,3.88152
40674,3.04081
40675,2.90454
40676,4.45129
40677,3.23104
40678,3.19821
40679,2.97437
40680,3.88351
40681,3.86911
40682,4.36029
40683,2.31449
40684,2.31637
40685,4.55962
40686,3.96366
40687,4.46963
40688,3.22676
40689,3.85525
40690,1.77362
40691,3.37321
40692,3.46292
40693,4.50581
40694,3.1274
40695,3.75582
40696,3.4046
40697,4.12681
40698,4.18175
40699,1.63431
40700,2.88746
40701,4.19623
40702,3.5155
40703,3.38388
40704,2.89574
40705,4.41457
40706,3.93642
40707,4.21759
40708,2.71089
40709,3.89181
40710,4.91624
40711,4.72508
40712,4.52703
40713,4.32033
40714,3.48014
40715,4.41538
40716,3.8802
40717,2.40484
40718,2.91142
40719,2.96204
40720,4.05492
40721,5.0
40722,3.48415
40723,4.92271
40724,4.13426
40725,1.95569
40726,3.67472
40727,4.88005
40728,4.11687
40729,3.74714
40730,3.55319
40731,4.63322
40732,4.3616
40733,3.75335
40734,4.49754
40735,3.99904
40736,3.76661
40737,2.70898
40738,3.05432
40739,3.05194
40740,3.92769
40741,4.44825
40742,4.32164
40743,3.83033
40744,3.04693
40745,4.03276
40746,4.39974
40747,4.5804
40748,3.98614
40749,4.20701
40750,4.99794
40751,2.87621
40752,3.48838
40753,2.6691
40754,3.96299
40755,2.08708
40756,4.10573
40757,4.11362
40758,3.37696
40759,3.30297
40760,4.49084
40761,2.91874
40762,3.52142
40763,4.80002
40764,3.50309
40765,4.43679
40766,3.86886
40767,1.02066
40768,2.52827
40769,3.5326
40770,4.0124
40771,2.82007
40772,3.13414
40773,3.96974
40774,4.17951
40775,3.4437
40776,2.75287
40777,2.64306
40778,3.11484
40779,3.52117
40780,3.42279
40781,1.3619
40782,2.74123
40783,1.7898
40784,3.47747
40785,2.80866
40786,4.42375
40787,4.34816
40788,4.69439
40789,4.23412
40790,4.68767
40791,2.73566
40792,3.88517
40793,3.60405
40794,4.01442
40795,3.99855
40796,4.24865
40797,3.75549
40798,3.5919
40799,2.97056
40800,3.75795
40801,3.131
40802,3.71066
40803,4.03913
40804,4.20936
40805,4.19529
40806,3.8094
40807,3.42613
40808,2.92702
40809,3.0326
40810,2.91021
40811,3.90674
40812,3.2715
40813,4.25719
40814,3.64997
40815,2.53795
40816,3.92921
40817,3.46821
40818,3.82861
40819,2.66189
40820,2.72075
40821,2.94824
40822,3.19733
40823,3.03268
40824,3.44366
40825,3.07733
40826,2.48158
40827,3.13762
40828,3.51023
40829,3.9905
40830,3.68148
40831,4.36508
40832,3.44427
40833,4.18813
40834,4.35854
40835,3.46819
40836,3.20458
40837,3.35787
40838,3.44829
40839,3.87775
40840,4.29334
40841,4.21832
40842,3.11587
40843,3.39821
40844,4.00463
40845,4.47765
40846,3.5073
40847,3.34673
40848,3.63894
40849,3.23837
40850,4.24556
40851,3.12614
40852,3.39029
40853,3.62285
40854,4.04892
40855,3.55082
40856,4.31813
40857,2.53576
40858,3.55232
40859,3.81972
40860,3.69562
40861,3.01635
40862,3.15147
40863,3.51654
40864,3.76125
40865,3.44176
40866,4.17482
40867,3.80631
40868,3.77283
40869,4.1406
40870,2.72304
40871,3.03512
40872,2.87164
40873,2.49159
40874,3.48021
40875,2.65628
40876,3.33194
40877,3.32522
40878,3.25943
40879,3.16931
40880,3.21049
40881,4.15535
40882,3.6523
40883,2.2651
40884,3.28004
40885,2.75751
40886,3.61455
40887,1.0
40888,2.44055
40889,2.88226
40890,1.0
40891,3.27193
40892,1.09167
40893,4.21732
40894,1.71877
40895,1.69736
40896,2.38507
40897,1.70071
40898,2.45307
40899,3.43595
40900,3.81929
40901,3.65147
40902,2.58795
40903,4.27329
40904,3.3605
40905,3.05442
40906,3.61755
40907,2.84977
40908,3.11258
40909,3.69242
40910,2.62272
40911,2.9392
40912,2.73551
40913,2.59998
40914,3.54238
40915,2.80579
40916,2.11345
40917,4.09768
40918,3.09391
40919,3.23302
40920,2.94234
40921,4.24022
40922,3.68592
40923,3.4333
40924,2.81401
40925,2.86642
40926,2.98433
40927,1.8091
40928,3.94724
40929,3.16421
40930,2.52965
40931,2.2455
40932,3.57946
40933,3.0151
40934,2.40131
40935,3.02876
40936,1.20841
40937,4.01467
40938,3.11101
40939,1.80102
40940,3.81444
40941,1.95184
40942,3.75941
40943,3.76788
40944,2.98043
40945,3.26009
40946,3.42088
40947,2.88897
40948,3.7332
40949,2.2611
40950,2.7187
40951,2.99364
40952,3.53981
40953,2.0074
40954,3.70179
40955,2.58442
40956,3.13689
40957,3.12241
40958,3.34082
40959,2.8209
40960,2.73296
40961,3.72349
40962,2.51632
40963,3.41724
40964,3.0749
40965,2.24129
40966,3.81925
40967,2.90288
40968,3.16489
40969,2.49124
40970,2.74167
40971,3.15215
40972,3.20399
40973,3.85196
40974,4.2732
40975,1.42187
40976,3.01703
40977,2.75535
40978,3.12157
40979,3.62867
40980,2.94463
40981,1.98942
40982,2.98481
40983,2.87591
40984,4.2642
40985,3.80609
40986,4.19128
40987,2.20709
40988,3.09425
40989,2.97674
40990,3.71184
40991,3.72549
40992,3.622
40993,4.19718
40994,5.0
40995,3.01223
40996,4.44904
40997,3.11333
40998,2.55459
40999,1.61849
41000,3.7232
41001,4.82114
41002,1.70314
41003,1.84389
41004,3.94247
41005,3.537
41006,2.3176
41007,3.43464
41008,3.69164
41009,4.022
41010,3.86606
41011,3.06108
41012,4.35025
41013,3.43968
41014,4.17314
41015,2.65593
41016,2.52759
41017,3.80159
41018,1.67961
41019,4.39402
41020,3.99104
41021,2.56578
41022,5.0
41023,4.28228
41024,4.18138
41025,4.01108
41026,3.3572
41027,4.43081
41028,4.19121
41029,4.58111
41030,4.23894
41031,3.66881
41032,3.47263
41033,3.86929
41034,2.6728
41035,3.64357
41036,4.04094
41037,3.53258
41038,3.92338
41039,4.44539
41040,3.6968
41041,4.42457
41042,3.21708
41043,4.84524
41044,3.02642
41045,3.93634
41046,4.38985
41047,3.5416
41048,4.04717
41049,2.64931
41050,4.05609
41051,3.78531
41052,2.54872
41053,4.02643
41054,3.77096
41055,3.45226
41056,3.24936
41057,3.89759
41058,3.24664
41059,2.7948
41060,2.36018
41061,2.68269
41062,2.91028
41063,2.55533
41064,3.46978
41065,2.14477
41066,2.84646
41067,2.34171
41068,3.51937
41069,3.12731
41070,2.97581
41071,3.51133
41072,3.48534
41073,2.82268
41074,4.74299
41075,4.22026
41076,4.70932
41077,4.82024
41078,4.21
41079,3.91832
41080,3.627
41081,4.18542
41082,4.45081
41083,4.73017
41084,4.34371
41085,4.2412
41086,4.79495
41087,4.58234
41088,4.42486
41089,3.86613
41090,4.66404
41091,3.8576
41092,4.38373
41093,4.61591
41094,4.09202
41095,4.16528
41096,4.61588
41097,5.0
41098,1.0
41099,4.18013
41100,2.80478
41101,2.08019
41102,2.50684
41103,3.33265
41104,4.46373
41105,2.22928
41106,1.87751
41107,1.89568
41108,4.08049
41109,2.31399
41110,3.30455
41111,1.58294
41112,2.43724
41113,3.17638
41114,1.0
41115,3.53342
41116,4.51474
41117,2.72994
41118,3.42234
41119,3.95587
41120,3.85293
41121,4.4301
41122,3.15892
41123,4.82535
41124,3.8107
41125,4.456
41126,4.12933
41127,4.3142
41128,4.28196
41129,4.811
41130,4.05893
41131,4.09828
41132,3.31094
41133,4.28899
41134,3.8174
41135,3.9808
41136,3.8994
41137,4.547
41138,3.57045
41139,3.18198
41140,2.90322
41141,3.32798
41142,3.41594
41143,3.70914
41144,3.09493
41145,4.11221
41146,3.9278
41147,3.5568
41148,3.96755
41149,4.18559
41150,3.6754
41151,3.48062
41152,3.66555
41153,3.00861
41154,4.67623
41155,3.94971
41156,3.37468
41157,3.99166
41158,3.89139
41159,3.42587
41160,3.61925
41161,4.20521
41162,1.53419
41163,2.85993
41164,3.47542
41165,4.18861
41166,3.79949
41167,3.85872
41168,3.75082
41169,3.25718
41170,3.5568
41171,4.02931
41172,2.77849
41173,5.0
41174,4.51558
41175,3.66438
41176,4.27978
41177,4.27057
41178,4.58367
41179,5.0
41180,5.0
41181,4.05866
41182,4.9942
41183,5.0
41184,4.6873
41185,5.0
41186,4.79754
41187,2.99022
41188,3.96799
41189,4.22669
41190,2.82138
41191,5.0
41192,2.65016
41193,4.87152
41194,4.58026
41195,5.0
41196,3.42114
41197,3.72037
41198,3.97574
41199,2.84977
41200,3.4057
41201,3.83704
41202,3.45244
41203,3.87862
41204,2.38748
41205,4.09027
41206,2.26668
41207,3.16845
41208,2.54435
41209,3.45296
41210,3.44318
41211,2.97906
41212,3.18798
41213,2.59839
41214,4.05743
41215,3.39256
41216,3.96263
41217,3.82078
41218,3.27317
41219,2.85268
41220,3.57254
41221,4.01744
41222,4.21563
41223,3.12894
41224,3.18205
41225,3.82197
41226,3.05804
41227,3.70357
41228,4.91024
41229,3.53555
41230,4.14157
41231,4.89758
41232,3.46584
41233,4.30304
41234,4.22918
41235,3.79677
41236,4.32363
41237,4.02161
41238,3.70579
41239,3.16659
41240,3.83511
41241,4.49328
41242,3.63598
41243,3.4121
41244,3.83919
41245,3.84759
41246,2.81225
41247,3.39958
41248,4.89291
41249,3.74109
41250,3.90976
41251,3.86353
41252,3.89213
41253,3.73796
41254,4.65113
41255,4.10746
41256,3.88649
41257,3.73546
41258,4.81784
41259,4.11504
41260,4.86444
41261,3.65113
41262,2.46189
41263,2.47901
41264,4.06042
41265,2.28682
41266,3.44667
41267,3.61853
41268,3.05347
41269,3.39309
41270,3.31627
41271,2.26217
41272,3.58449
41273,3.49096
41274,2.26913
41275,2.61359
41276,2.36141
41277,3.44661
41278,3.41238
41279,3.0971
41280,2.8297
41281,5.0
41282,2.45449
41283,3.59554
41284,3.49589
41285,3.93256
41286,4.30361
41287,3.4161
41288,3.56092
41289,2.35768
41290,3.23992
41291,2.75034
41292,2.65838
41293,3.72049
41294,2.33634
41295,2.93707
41296,3.15839
41297,3.47792
41298,2.42663
41299,3.63747
41300,2.56023
41301,4.36878
41302,2.38754
41303,3.20874
41304,3.49559
41305,4.56051
41306,4.05698
41307,4.83064
41308,2.92994
41309,2.55652
41310,3.1948
41311,3.51064
41312,4.43764
41313,3.84734
41314,3.44613
41315,2.89583
41316,2.86034
41317,3.95129
41318,4.0512
41319,3.44685
41320,3.24631
41321,3.8306
41322,4.02246
41323,3.70085
41324,3.48605
41325,4.6965
41326,2.50712
41327,3.56874
41328,2.39927
41329,3.91892
41330,4.02381
41331,3.79037
41332,4.38945
41333,3.72765
41334,3.38287
41335,4.01115
41336,4.05588
41337,3.91171
41338,3.78992
41339,3.27198
41340,3.61149
41341,4.1978
41342,4.12144
41343,3.54276
41344,3.72442
41345,3.39362
41346,4.22464
41347,3.56985
41348,3.22472
41349,3.51518
41350,4.25812
41351,3.88319
41352,3.1442
41353,3.64772
41354,3.25425
41355,4.16492
41356,4.38755
41357,2.96375
41358,3.60864
41359,3.77957
41360,3.46807
41361,2.8767
41362,3.62305
41363,3.3387
41364,3.32065
41365,3.43137
41366,3.25371
41367,2.62225
41368,3.54245
41369,3.30243
41370,3.1186
41371,4.17257
41372,3.69242
41373,3.3892
41374,3.57324
41375,3.27615
41376,3.34416
41377,4.10532
41378,3.20222
41379,3.35275
41380,2.88029
41381,3.08484
41382,3.12505
41383,3.51627
41384,3.42327
41385,3.15773
41386,3.01736
41387,3.37439
41388,3.14782
41389,3.69788
41390,3.07813
41391,4.02472
41392,3.15728
41393,3.08097
41394,3.08043
41395,3.4771
41396,3.97273
41397,4.30632
41398,2.49294
41399,1.20152
41400,3.74287
41401,3.70854
41402,4.06098
41403,2.23235
41404,2.32676
41405,2.73334
41406,1.04797
41407,4.00957
41408,1.0
41409,4.27372
41410,3.27856
41411,4.22122
41412,3.65669
41413,3.69651
41414,4.1836
41415,2.93875
41416,1.82532
41417,4.39941
41418,2.87149
41419,3.48605
41420,4.33574
41421,3.14576
41422,4.37949
41423,3.6197
41424,3.19473
41425,3.86213
41426,4.31398
41427,3.44901
41428,3.44752
41429,3.14754
41430,2.53387
41431,3.84725
41432,2.60896
41433,2.58179
41434,3.30052
41435,3.50616
41436,2.50176
41437,3.37465
41438,3.36998
41439,2.85211
41440,4.24979
41441,3.52898
41442,3.19809
41443,3.17767
41444,1.36655
41445,3.17184
41446,3.62747
41447,2.59465
41448,3.24818
41449,3.26372
41450,2.49105
41451,3.2166
41452,2.02499
41453,2.55476
41454,3.42728
41455,2.88848
41456,2.58587
41457,3.50901
41458,1.41898
41459,3.5258
41460,4.24613
41461,3.4657
41462,2.67271
41463,3.52281
41464,3.49867
41465,3.35482
41466,2.44127
41467,3.61563
41468,3.76426
41469,3.24667
41470,3.49726
41471,1.82441
41472,2.85742
41473,2.48509
41474,3.6102
41475,3.63742
41476,2.88188
41477,2.76237
41478,3.71016
41479,3.63105
41480,3.86366
41481,3.84672
41482,2.86116
41483,3.4607
41484,2.31314
41485,3.56334
41486,2.77796
41487,5.0
41488,4.84515
41489,4.59645
41490,4.22771
41491,3.86581
41492,4.08777
41493,5.0
41494,3.99195
41495,4.81646
41496,4.36849
41497,4.86139
41498,4.93653
41499,2.36109
41500,3.3671
41501,4.07495
41502,2.49835
41503,3.54897
41504,3.10894
41505,3.38023
41506,2.87598
41507,2.93368
41508,3.87306
41509,2.59049
41510,3.8483
41511,2.76726
41512,2.83286
41513,2.96544
41514,4.15015
41515,4.11701
41516,2.91019
41517,3.97752
41518,3.34877
41519,3.9321
41520,3.35402
41521,3.70195
41522,3.7802
41523,1.88975
41524,3.74249
41525,2.89889
41526,3.46644
41527,3.9014
41528,3.85657
41529,4.05293
41530,4.01326
41531,3.47796
41532,2.92201
41533,4.94333
41534,3.99818
41535,2.0035
41536,2.75168
41537,1.7067
41538,4.41453
41539,3.80086
41540,4.45598
41541,4.09803
41542,3.58892
41543,4.36437
41544,3.90488
41545,3.94658
41546,3.85189
41547,3.58219
41548,3.34332
41549,2.59693
41550,3.21192
41551,2.0318
41552,2.00498
41553,3.38597
41554,2.48174
41555,2.14192
41556,3.01576
41557,4.37591
41558,2.18958
41559,2.73715
41560,3.09317
41561,2.67013
41562,2.65943
41563,2.52673
41564,4.06336
41565,4.47893
41566,4.05344
41567,3.57905
41568,3.12046
41569,3.72532
41570,3.51896
41571,3.92417
41572,3.13302
41573,4.32255
41574,4.77951
41575,3.97182
41576,3.97304
41577,2.71205
41578,3.90966
41579,3.57644
41580,2.60409
41581,4.12968
41582,2.43872
41583,4.12337
41584,2.8272
41585,2.50975
41586,3.89617
41587,3.90645
41588,4.44486
41589,3.84374
41590,3.76787
41591,4.00042
41592,4.63012
41593,3.54848
41594,3.39844
41595,3.25424
41596,4.49024
41597,3.73723
41598,3.05073
41599,2.95881
41600,4.14337
41601,3.4883
41602,3.42367
41603,3.7641
41604,2.88202
41605,4.06814
41606,2.12696
41607,3.53159
41608,2.18488
41609,4.27911
41610,3.91059
41611,3.76077
41612,2.94799
41613,3.17943
41614,4.06111
41615,3.02719
41616,2.27577
41617,3.30599
41618,3.57355
41619,1.32819
41620,3.4401
41621,4.86742
41622,3.37223
41623,3.99795
41624,3.83414
41625,4.92362
41626,4.29802
41627,3.58438
41628,4.08357
41629,4.21275
41630,4.30267
41631,4.76093
41632,3.93034
41633,3.46245
41634,4.55819
41635,3.98642
41636,4.59982
41637,3.84708
41638,4.96791
41639,4.98893
41640,3.45943
41641,4.97349
41642,3.90648
41643,4.28947
41644,4.36131
41645,2.04383
41646,3.11554
41647,2.20949
41648,3.03857
41649,3.61706
41650,2.60058
41651,4.2832
41652,4.11698
41653,4.51778
41654,3.59431
41655,4.64074
41656,4.4231
41657,4.60148
41658,4.40868
41659,3.82597
41660,3.97346
41661,3.76322
41662,4.12508
41663,3.82568
41664,4.08588
41665,3.9452
41666,2.52875
41667,3.60389
41668,4.31674
41669,3.6971
41670,3.64763
41671,4.14515
41672,2.7985
41673,3.3399
41674,4.06479
41675,3.11557
41676,2.67202
41677,3.94243
41678,4.38341
41679,3.452
41680,3.533
41681,4.2258
41682,4.01069
41683,2.50143
41684,3.89233
41685,3.97946
41686,4.42827
41687,3.23667
41688,4.16882
41689,4.59267
41690,4.69544
41691,5.0
41692,4.32135
41693,3.58914
41694,2.73668
41695,4.45448
41696,2.5148
41697,4.1811
41698,4.90232
41699,3.97988
41700,4.22559
41701,4.45001
41702,2.94913
41703,4.67436
41704,2.93682
41705,2.50684
41706,4.58054
41707,3.71704
41708,2.62118
41709,2.45987
41710,4.05867
41711,3.31572
41712,2.70723
41713,3.49227
41714,3.04858
41715,3.27635
41716,3.44077
41717,3.90493
41718,4.26281
41719,4.14858
41720,4.11128
41721,2.48928
41722,4.47225
41723,4.29969
41724,4.57527
41725,2.03529
41726,4.10902
41727,4.23659
41728,4.98956
41729,4.92199
41730,3.33103
41731,4.35135
41732,4.72996
41733,4.579
41734,4.2662
41735,3.87671
41736,4.66846
41737,5.0
41738,4.61675
41739,4.36279
41740,3.96633
41741,2.73176
41742,3.99592
41743,3.79146
41744,3.42145
41745,2.73767
41746,3.12396
41747,3.86654
41748,2.82128
41749,2.60244
41750,3.42589
41751,3.74949
41752,3.94831
41753,4.76443
41754,2.87445
41755,3.87202
41756,3.84374
41757,4.06762
41758,3.55136
41759,4.44479
41760,3.03948
41761,3.12622
41762,4.59859
41763,4.45061
41764,3.33803
41765,5.0
41766,3.56584
41767,4.10716
41768,4.88629
41769,3.43313
41770,5.0
41771,3.23009
41772,4.11155
41773,4.31235
41774,3.843
41775,2.43887
41776,2.45531
41777,3.33081
41778,2.97024
41779,4.35136
41780,4.17485
41781,3.78171
41782,3.86614
41783,3.56824
41784,4.18129
41785,4.51418
41786,3.80015
41787,4.00933
41788,4.36619
41789,4.57856
41790,3.41481
41791,3.93333
41792,2.72246
41793,3.17189
41794,3.40745
41795,4.39241
41796,3.81025
41797,2.50713
41798,3.28081
41799,4.83687
41800,2.8204
41801,4.4641
41802,4.17008
41803,2.95485
41804,4.21826
41805,4.32659
41806,2.25143
41807,1.97736
41808,3.41166
41809,3.72088
41810,3.31427
41811,4.49354
41812,3.49908
41813,3.6719
41814,4.36463
41815,2.94643
41816,3.81195
41817,3.63684
41818,3.09043
41819,3.89066
41820,4.54633
41821,4.00214
41822,3.27545
41823,4.32416
41824,4.13251
41825,4.19879
41826,4.50763
41827,3.41592
41828,3.51631
41829,4.09519
41830,3.81148
41831,3.44123
41832,3.98445
41833,3.98408
41834,2.35402
41835,3.82634
41836,3.5367
41837,3.85894
41838,3.62424
41839,3.68646
41840,3.86778
41841,4.07523
41842,3.52492
41843,4.34544
41844,3.88737
41845,3.9745
41846,3.81542
41847,3.87768
41848,4.31831
41849,3.7198
41850,4.15149
41851,3.56813
41852,3.41088
41853,3.76472
41854,3.786
41855,3.93504
41856,3.52231
41857,3.8731
41858,4.04326
41859,3.65653
41860,4.05336
41861,3.72493
41862,3.99003
41863,3.0477
41864,3.0897
41865,3.64885
41866,3.82796
41867,3.45613
41868,3.70878
41869,3.7463
41870,3.69281
41871,3.7682
41872,3.33326
41873,3.04379
41874,3.72393
41875,4.09412
41876,4.20248
41877,3.21167
41878,3.24094
41879,3.71382
41880,3.61315
41881,3.59851
41882,2.3946
41883,3.7176
41884,3.79058
41885,3.56503
41886,3.85513
41887,3.37503
41888,4.21014
41889,4.07356
41890,3.70355
41891,3.79396
41892,3.87514
41893,3.48582
41894,3.47334
41895,3.7513
41896,3.55784
41897,3.09739
41898,4.01596
41899,4.11337
41900,3.83874
41901,4.2067
41902,3.40614
41903,3.95331
41904,3.66223
41905,3.57247
41906,4.07972
41907,3.77997
41908,2.67572
41909,4.31518
41910,4.04281
41911,3.86712
41912,3.11876
41913,3.88197
41914,5.0
41915,4.3971
41916,4.04589
41917,3.39932
41918,2.63376
41919,4.33324
41920,2.3798
41921,4.06102
41922,3.44746
41923,4.18685
41924,4.2271
41925,4.38927
41926,3.89103
41927,3.6523
41928,4.10918
41929,4.06171
41930,4.31577
41931,4.27038
41932,3.5026
41933,4.4849
41934,4.46306
41935,3.06486
41936,3.9324
41937,1.0
41938,3.8976
41939,3.91549
41940,3.50874
41941,3.05435
41942,4.42745
41943,3.9333
41944,4.32038
41945,3.97971
41946,3.69989
41947,3.79938
41948,2.92912
41949,3.99716
41950,2.23563
41951,3.69017
41952,3.6212
41953,1.99781
41954,4.1862
41955,3.45387
41956,3.32842
41957,4.07124
41958,4.1116
41959,2.61294
41960,3.61625
41961,3.39643
41962,3.47233
41963,2.48947
41964,3.82473
41965,3.50458
41966,3.09372
41967,2.28986
41968,3.06819
41969,1.19468
41970,1.80146
41971,2.93823
41972,1.77377
41973,2.9809
41974,3.168
41975,3.50931
41976,2.96629
41977,3.419
41978,4.90771
41979,3.58863
41980,1.8381
41981,2.53348
41982,1.49513
41983,1.59165
41984,2.92386
41985,3.2166
41986,3.37534
41987,3.57545
41988,2.14465
41989,3.38519
41990,4.56304
41991,1.69241
41992,1.03356
41993,3.70976
41994,2.5957
41995,1.589
41996,2.9801
41997,3.83967
41998,1.54098
41999,4.31035
42000,3.88823
42001,4.16329
42002,3.50342
42003,2.74337
42004,1.35445
42005,3.44756
42006,4.13994
42007,3.3238
42008,3.60739
42009,3.38727
42010,3.97339
42011,4.39904
42012,3.19215
42013,4.41156
42014,4.69569
42015,4.15011
42016,4.00651
42017,4.43628
42018,3.99785
42019,3.78093
42020,4.2172
42021,1.87726
42022,3.86122
42023,3.79627
42024,4.64875
42025,3.85808
42026,4.51532
42027,4.56857
42028,2.89575
42029,3.77991
42030,4.04627
42031,4.2277
42032,3.96846
42033,3.94327
42034,3.87625
42035,3.47026
42036,3.33125
42037,4.5797
42038,3.01864
42039,2.99647
42040,2.79431
42041,4.00472
42042,3.10356
42043,4.40245
42044,3.46782
42045,4.35102
42046,3.12261
42047,2.72829
42048,3.18621
42049,2.39921
42050,3.86096
42051,3.41829
42052,2.85968
42053,3.88782
42054,2.77065
42055,3.97475
42056,3.91005
42057,3.58099
42058,4.43276
42059,2.5626
42060,2.98158
42061,3.27675
42062,3.37762
42063,4.92252
42064,4.24125
42065,4.9218
42066,3.96982
42067,4.29549
42068,2.55645
42069,4.20436
42070,2.87799
42071,3.8648
42072,4.35583
42073,4.15608
42074,3.69171
42075,4.1048
42076,3.86355
42077,3.58601
42078,4.10904
42079,3.75045
42080,3.59803
42081,3.4042
42082,4.18946
42083,3.47708
42084,4.00918
42085,3.52369
42086,3.90978
42087,3.20807
42088,3.31347
42089,3.11418
42090,4.26664
42091,2.76898
42092,4.09604
42093,4.1186
42094,4.05469
42095,3.91972
42096,4.47604
42097,3.66469
42098,3.71534
42099,4.30723
42100,3.85424
42101,4.28361
42102,3.59216
42103,3.23781
42104,3.59709
42105,4.2119
42106,3.77219
42107,3.94952
42108,3.39154
42109,3.50719
42110,3.06865
42111,3.58749
42112,3.68641
42113,3.96555
42114,3.52048
42115,4.03749
42116,3.67601
42117,3.91949
42118,3.26623
42119,3.55996
42120,3.9118
42121,3.91491
42122,3.74315
42123,2.19235
42124,2.82357
42125,3.16941
42126,3.75149
42127,3.53472
42128,4.06415
42129,3.88088
42130,3.75781
42131,3.74306
42132,4.51067
42133,3.5336
42134,3.90459
42135,3.79623
42136,3.76893
42137,3.80625
42138,3.76564
42139,1.97386
42140,4.01725
42141,4.73402
42142,4.37029
42143,3.86842
42144,3.57735
42145,3.37742
42146,3.08696
42147,3.25994
42148,3.37733
42149,3.47279
42150,3.26111
42151,3.44438
42152,2.88064
42153,3.51165
42154,2.98577
42155,3.84661
42156,4.44945
42157,3.94572
42158,4.45386
42159,3.95727
42160,3.83575
42161,3.40707
42162,4.26594
42163,3.80403
42164,3.65567
42165,3.64539
42166,4.33386
42167,4.84945
42168,3.69832
42169,4.53497
42170,3.91636
42171,4.19201
42172,4.27771
42173,4.89424
42174,4.17432
42175,1.23632
42176,2.42806
42177,3.78942
42178,3.39385
42179,3.22684
42180,3.83673
42181,4.17305
42182,3.27825
42183,3.19726
42184,4.00716
42185,4.0808
42186,2.63831
42187,3.99768
42188,4.38308
42189,3.37243
42190,3.86839
42191,4.06389
42192,3.79216
42193,3.85314
42194,3.57105
42195,3.68165
42196,3.16071
42197,4.86334
42198,4.30447
42199,4.06438
42200,3.79816
42201,3.00449
42202,3.74665
42203,4.0596
42204,3.88819
42205,2.68143
42206,2.84797
42207,4.82214
42208,3.56901
42209,4.07416
42210,4.21697
42211,2.53102
42212,3.93241
42213,3.91456
42214,3.7317
42215,3.657
42216,3.53683
42217,3.12471
42218,3.34789
42219,3.72002
42220,3.74002
42221,3.84486
42222,2.72313
42223,4.34323
42224,2.55579
42225,3.03917
42226,3.54077
42227,4.11159
42228,4.02949
42229,3.0425
42230,4.37085
42231,3.79338
42232,3.4569
42233,3.36902
42234,2.99437
42235,2.87355
42236,3.44219
42237,3.83114
42238,2.76881
42239,4.9313
42240,3.77203
42241,3.55241
42242,4.78368
42243,3.274
42244,2.90991
42245,3.59987
42246,3.39953
42247,3.82725
42248,3.96548
42249,4.50715
42250,3.54529
42251,4.61425
42252,3.62897
42253,4.41279
42254,3.05219
42255,4.1276
42256,3.63471
42257,4.42168
42258,3.75053
42259,3.47926
42260,4.39179
42261,5.0
42262,4.03835
42263,2.18696
42264,3.72708
42265,4.00636
42266,3.83651
42267,3.32835
42268,3.43293
42269,3.89994
42270,4.30126
42271,4.46279
42272,4.39991
42273,4.59224
42274,4.23775
42275,3.51636
42276,3.42385
42277,4.07585
42278,3.84382
42279,4.12507
42280,3.93707
42281,4.14287
42282,4.05391
42283,2.85686
42284,3.45122
42285,4.05106
42286,4.11663
42287,3.88473
42288,3.54104
42289,3.25796
42290,2.97172
42291,3.16987
42292,3.50797
42293,3.77403
42294,3.06782
42295,3.03415
42296,3.51214
42297,4.28873
42298,3.87526
42299,3.90013
42300,3.32863
42301,3.6504
42302,3.95583
42303,3.62177
42304,4.97729
42305,4.35616
42306,3.52347
42307,2.38214
42308,3.77386
42309,2.77447
42310,3.78096
42311,2.98062
42312,3.3995
42313,4.17334
42314,2.35919
42315,4.2012
42316,4.48294
42317,3.73938
42318,4.09057
42319,3.16085
42320,3.34069
42321,3.61099
42322,3.27586
42323,3.1952
42324,4.0008
42325,2.37709
42326,3.868
42327,3.3896
42328,2.79516
42329,2.74572
42330,4.85698
42331,5.0
42332,3.73384
42333,3.44435
42334,3.72587
42335,3.36719
42336,3.2829
42337,3.81814
42338,3.83439
42339,3.18844
42340,2.49134
42341,3.40419
42342,2.45909
42343,2.60465
42344,3.60665
42345,3.67791
42346,3.48451
42347,3.79651
42348,3.90514
42349,2.89402
42350,3.12012
42351,2.2458
42352,2.862
42353,2.98877
42354,3.17214
42355,3.32652
42356,4.29271
42357,3.73242
42358,3.495
42359,3.97885
42360,3.16188
42361,3.6795
42362,3.20317
42363,3.65776
42364,3.92019
42365,3.91566
42366,3.16409
42367,2.97964
42368,3.95121
42369,3.73252
42370,3.65632
42371,3.43038
42372,3.32417
42373,3.41108
42374,3.49834
42375,3.53439
42376,3.17995
42377,3.64142
42378,2.44271
42379,3.35528
42380,4.2858
42381,3.41389
42382,3.09814
42383,3.4555
42384,3.74874
42385,3.37148
42386,3.75643
42387,3.20607
42388,3.68731
42389,3.7767
42390,3.90272
42391,3.95241
42392,2.42812
42393,3.819
42394,4.75762
42395,3.58078
42396,3.35436
42397,4.42142
42398,4.30582
42399,3.00346
42400,2.25764
42401,3.34279
42402,3.21859
42403,3.28532
42404,3.58466
42405,1.8223
42406,3.92729
42407,3.93858
42408,3.26056
42409,4.13478
42410,4.20835
42411,2.86467
42412,3.46159
42413,4.13678
42414,4.14245
42415,2.9763
42416,3.87973
42417,4.60546
42418,5.0
42419,3.63312
42420,4.41988
42421,4.71858
42422,3.62917
42423,3.72915
42424,3.95733
42425,2.29869
42426,4.3984
42427,4.43128
42428,3.7579
42429,4.85287
42430,4.80726
42431,4.19717
42432,4.90608
42433,3.25545
42434,4.31245
42435,3.87569
42436,4.69119
42437,2.76949
42438,4.62425
42439,4.3959
42440,4.65186
42441,4.6315
42442,5.0
42443,4.61467
42444,4.70564
42445,3.27601
42446,3.29993
42447,2.74813
42448,3.76618
42449,4.52895
42450,3.46475
42451,4.09382
42452,4.67965
42453,3.467
42454,3.49164
42455,3.21083
42456,3.52653
42457,3.17584
42458,4.64575
42459,3.63781
42460,4.2779
42461,2.88513
42462,3.30882
42463,3.042
42464,2.59615
42465,1.61116
42466,3.15701
42467,2.9824
42468,1.55088
42469,2.46775
42470,3.83042
42471,2.67923
42472,3.65844
42473,2.8967
42474,2.89875
42475,1.17679
42476,1.72001
42477,4.22267
42478,4.2867
42479,2.05689
42480,3.1057
42481,3.39136
42482,3.23336
42483,4.26911
42484,2.60847
42485,3.88228
42486,3.36468
42487,2.01959
42488,3.48279
42489,1.94043
42490,2.83587
42491,3.40244
42492,4.105
42493,3.60014
42494,3.74495
42495,4.72022
42496,3.485
42497,3.64038
42498,4.13876
42499,4.39642
42500,4.00707
42501,3.91812
42502,4.14057
42503,3.81199
42504,4.33808
42505,3.58185
42506,4.48724
42507,3.55812
42508,4.10209
42509,3.31194
42510,3.42513
42511,3.30985
42512,3.45463
42513,3.85518
42514,4.80235
42515,3.50748
42516,3.55946
42517,4.63271
42518,4.49177
42519,4.20892
42520,3.24819
42521,4.63457
42522,4.21526
42523,4.40709
42524,3.94104
42525,2.99672
42526,4.79746
42527,3.77
42528,3.94562
42529,4.73414
42530,3.00558
42531,4.39631
42532,2.66795
42533,4.17286
42534,3.97981
42535,3.68612
42536,4.28385
42537,2.74445
42538,4.53769
42539,4.91766
42540,3.625
42541,3.14341
42542,4.16038
42543,4.56234
42544,4.06359
42545,4.90637
42546,4.68142
42547,2.99744
42548,3.94566
42549,4.70525
42550,4.28398
42551,4.1547
42552,4.29422
42553,2.74881
42554,4.03632
42555,4.54711
42556,4.82764
42557,4.58114
42558,4.26274
42559,4.70205
42560,4.20662
42561,4.58377
42562,4.0272
42563,4.33395
42564,4.42051
42565,4.31638
42566,4.1258
42567,3.74967
42568,3.91594
42569,2.41602
42570,3.89947
42571,3.46659
42572,4.28894
42573,4.1219
42574,4.51117
42575,4.60937
42576,4.80397
42577,4.53814
42578,3.79282
42579,3.88218
42580,4.63203
42581,4.12143
42582,4.63536
42583,3.91458
42584,4.54097
42585,4.17143
42586,5.0
42587,4.33422
42588,3.11359
42589,4.50607
42590,4.28777
42591,4.25344
42592,4.27738
42593,3.21036
42594,3.41625
42595,3.20064
42596,4.08205
42597,2.69704
42598,3.49345
42599,3.92347
42600,3.39811
42601,4.74851
42602,3.58668
42603,3.27529
42604,3.94915
42605,4.55642
42606,3.85352
42607,3.88896
42608,2.58497
42609,3.04073
42610,3.94271
42611,4.07499
42612,2.62821
42613,2.4763
42614,4.19441
42615,3.57635
42616,3.76187
42617,3.68274
42618,3.39656
42619,3.62833
42620,3.3585
42621,4.40345
42622,3.20892
42623,3.24178
42624,2.65133
42625,3.89439
42626,3.20246
42627,3.47823
42628,4.176
42629,3.81884
42630,3.96958
42631,3.53052
42632,3.65117
42633,3.23117
42634,4.74183
42635,3.22141
42636,2.85521
42637,3.1828
42638,4.0684
42639,2.41986
42640,3.38872
42641,3.63183
42642,4.45743
42643,4.15258
42644,5.0
42645,1.65449
42646,2.47088
42647,1.99371
42648,4.48744
42649,2.42744
42650,4.36476
42651,3.6663
42652,1.52593
42653,3.09975
42654,2.01946
42655,2.94921
42656,4.02984
42657,2.56556
42658,3.47347
42659,3.22211
42660,3.17114
42661,3.66923
42662,3.4898
42663,2.14882
42664,2.42797
42665,2.3658
42666,4.3175
42667,4.6162
42668,2.49347
42669,3.76708
42670,3.11626
42671,4.32245
42672,3.88033
42673,3.95346
42674,4.30219
42675,3.48586
42676,3.80515
42677,3.36272
42678,2.90256
42679,4.99516
42680,4.20858
42681,3.76296
42682,3.70526
42683,4.05053
42684,3.8703
42685,3.93314
42686,3.29088
42687,4.33191
42688,3.91313
42689,2.85407
42690,3.77398
42691,3.81393
42692,3.3471
42693,3.32372
42694,2.74328
42695,2.9182
42696,3.77071
42697,3.48733
42698,3.40389
42699,3.83761
42700,3.78662
42701,3.24196
42702,3.61473
42703,3.01116
42704,2.64626
42705,4.07715
42706,3.27491
42707,4.06745
42708,2.30377
42709,2.9363
42710,3.34929
42711,3.88831
42712,4.37654
42713,3.42368
42714,4.60208
42715,3.1008
42716,4.07208
42717,3.98753
42718,5.0
42719,4.76622
42720,4.13825
42721,4.61016
42722,4.18917
42723,4.66576
42724,4.6362
42725,3.44159
42726,4.28798
42727,4.63045
42728,4.95777
42729,4.59372
42730,2.301
42731,3.69127
42732,2.8176
42733,3.23316
42734,3.56219
42735,2.67039
42736,2.86083
42737,1.0
42738,1.86518
42739,2.34426
42740,2.12493
42741,3.57735
42742,2.98878
42743,3.83967
42744,3.04322
42745,3.88689
42746,2.46484
42747,3.92529
42748,3.24004
42749,3.89208
42750,4.28394
42751,3.87317
42752,3.50296
42753,3.3788
42754,3.25966
42755,4.75246
42756,1.93609
42757,4.10407
42758,4.19387
42759,3.72071
42760,4.59759
42761,4.27879
42762,4.37584
42763,3.24333
42764,4.14455
42765,4.0418
42766,3.42376
42767,3.66761
42768,2.507
42769,3.75103
42770,4.00407
42771,4.0713
42772,2.73344
42773,2.706
42774,4.26603
42775,2.56076
42776,3.34014
42777,4.32077
42778,4.05296
42779,3.74535
42780,2.86091
42781,2.9517
42782,4.16644
42783,3.0856
42784,3.37311
42785,3.79575
42786,3.44237
42787,2.97908
42788,3.45831
42789,4.21808
42790,4.40761
42791,3.56585
42792,2.91993
42793,3.8882
42794,1.10901
42795,3.33029
42796,2.89003
42797,3.70811
42798,1.87087
42799,1.037
42800,3.21532
42801,5.0
42802,4.59911
42803,2.77005
42804,3.77042
42805,2.84692
42806,3.23415
42807,3.58275
42808,4.53776
42809,3.28571
42810,4.29767
42811,4.07991
42812,4.05377
42813,3.54197
42814,3.65354
42815,4.61903
42816,4.33501
42817,4.09872
42818,4.39341
42819,4.6674
42820,4.73917
42821,4.12227
42822,3.41646
42823,3.9539
42824,4.11472
42825,4.14652
42826,4.23561
42827,3.9177
42828,4.78586
42829,3.85179
42830,3.68988
42831,3.89969
42832,4.16307
42833,4.58687
42834,3.98743
42835,3.73586
42836,3.55061
42837,3.71588
42838,4.51342
42839,3.57689
42840,3.96582
42841,4.62276
42842,4.17279
42843,4.42562
42844,4.78349
42845,3.79319
42846,4.58461
42847,3.92373
42848,3.37486
42849,4.72211
42850,4.32703
42851,4.23966
42852,4.10193
42853,3.99678
42854,4.21718
42855,4.14189
42856,3.91857
42857,4.46368
42858,4.69412
42859,2.69353
42860,4.19942
42861,4.2185
42862,3.58745
42863,4.0955
42864,4.25031
42865,4.08776
42866,4.24996
42867,3.88138
42868,3.20174
42869,3.99878
42870,4.52654
42871,4.01926
42872,4.96667
42873,4.79429
42874,3.90383
42875,4.46
42876,4.03066
42877,4.61471
42878,4.35229
42879,4.34943
42880,3.76772
42881,4.8031
42882,4.62182
42883,4.18265
42884,3.92838
42885,4.12251
42886,4.41724
42887,5.0
42888,4.3272
42889,4.04022
42890,4.22789
42891,5.0
42892,2.55589
42893,2.73187
42894,2.87722
42895,2.98188
42896,3.23454
42897,4.28422
42898,3.90942
42899,3.50602
42900,4.30415
42901,3.6228
42902,3.69174
42903,3.21198
42904,2.70085
42905,3.19674
42906,3.1604
42907,3.42056
42908,3.41019
42909,3.81223
42910,4.64801
42911,1.95134
42912,3.25465
42913,2.46586
42914,3.02161
42915,3.20202
42916,1.38036
42917,4.7881
42918,3.6618
42919,3.34849
42920,1.61659
42921,3.77179
42922,3.17716
42923,3.73691
42924,3.00904
42925,3.77878
42926,3.70858
42927,5.0
42928,3.20292
42929,4.16679
42930,1.99576
42931,3.08495
42932,4.75978
42933,4.894
42934,3.47179
42935,3.15025
42936,3.19663
42937,3.61652
42938,2.37548
42939,3.75867
42940,3.79439
42941,2.33439
42942,2.74721
42943,3.57841
42944,4.4909
42945,4.26377
42946,3.82791
42947,4.04744
42948,4.5049
42949,3.86336
42950,2.16567
42951,3.31145
42952,3.31504
42953,2.49042
42954,4.42485
42955,3.51635
42956,2.36392
42957,4.47943
42958,2.89799
42959,2.88668
42960,2.61993
42961,3.5078
42962,3.37088
42963,3.43712
42964,3.42425
42965,4.23861
42966,4.2059
42967,3.37715
42968,1.7146
42969,2.98376
42970,4.11661
42971,4.29678
42972,4.52562
42973,4.5643
42974,3.29391
42975,4.58835
42976,4.495
42977,3.2443
42978,4.22466
42979,4.11284
42980,3.28763
42981,4.23669
42982,4.20886
42983,4.04707
42984,3.82131
42985,4.99073
42986,3.46367
42987,3.79804
42988,3.11807
42989,2.94471
42990,3.19403
42991,3.94739
42992,3.76769
42993,4.32522
42994,4.36041
42995,2.42711
42996,3.56335
42997,3.60499
42998,2.83861
42999,2.53779
43000,3.17156
43001,2.77383
43002,2.93492
43003,4.09615
43004,3.07064
43005,3.29514
43006,2.36244
43007,2.31412
43008,3.24912
43009,2.52331
43010,2.47652
43011,3.63076
43012,2.24318
43013,3.89446
43014,3.12993
43015,3.50991
43016,3.27846
43017,3.51582
43018,1.41106
43019,3.35332
43020,2.96121
43021,2.82003
43022,3.18617
43023,2.4933
43024,2.9881
43025,2.68908
43026,2.71174
43027,2.96182
43028,3.82672
43029,3.9504
43030,4.30997
43031,1.86572
43032,4.80517
43033,2.11224
43034,2.41939
43035,3.25741
43036,3.76026
43037,4.12455
43038,4.4383
43039,4.6293
43040,4.22336
43041,4.46113
43042,4.49149
43043,4.17546
43044,4.49052
43045,4.07857
43046,4.22667
43047,3.63803
43048,4.06093
43049,3.93628
43050,3.32205
43051,4.53332
43052,4.40113
43053,3.81824
43054,4.70233
43055,3.12227
43056,4.32829
43057,4.42261
43058,4.08166
43059,4.70982
43060,4.12722
43061,4.25814
43062,4.06994
43063,4.29716
43064,4.65575
43065,3.8953
43066,3.64472
43067,2.96021
43068,3.21227
43069,3.24193
43070,3.12414
43071,3.58093
43072,3.48391
43073,4.93029
43074,3.48765
43075,2.84818
43076,3.25943
43077,3.36119
43078,2.79318
43079,3.99917
43080,4.70588
43081,4.26658
43082,4.72898
43083,3.80992
43084,4.16734
43085,3.4929
43086,3.93013
43087,3.64941
43088,2.8488
43089,3.70151
43090,3.72452
43091,2.70232
43092,2.42415
43093,2.66184
43094,3.36258
43095,3.32443
43096,3.09644
43097,3.5769
43098,3.03556
43099,2.99479
43100,3.91689
43101,3.46973
43102,3.96066
43103,2.80763
43104,2.86727
43105,3.74307
43106,3.84662
43107,2.98286
43108,3.13567
43109,3.40605
43110,3.93083
43111,3.60876
43112,3.5633
43113,2.46528
43114,2.67905
43115,3.47436
43116,3.25314
43117,3.84021
43118,2.09845
43119,3.28972
43120,3.35917
43121,2.24298
43122,3.59877
43123,3.70491
43124,2.74593
43125,2.63356
43126,3.52176
43127,3.85636
43128,2.70128
43129,3.78132
43130,3.67294
43131,3.19969
43132,3.96233
43133,3.24344
43134,3.37298
43135,2.57808
43136,4.12632
43137,2.93822
43138,4.16113
43139,3.70369
43140,2.17764
43141,4.24319
43142,3.20499
43143,2.86799
43144,3.78276
43145,1.78249
43146,3.52383
43147,2.01949
43148,3.19855
43149,4.19677
43150,4.90759
43151,3.22233
43152,3.92532
43153,4.4774
43154,3.61534
43155,4.46721
43156,4.26562
43157,3.91661
43158,3.09671
43159,2.91941
43160,3.95411
43161,3.96735
43162,3.17152
43163,3.36161
43164,4.01216
43165,3.59567
43166,2.7842
43167,4.36993
43168,3.66665
43169,3.68188
43170,4.07732
43171,3.30756
43172,3.53266
43173,4.6188
43174,5.0
43175,4.46426
43176,3.68988
43177,3.92879
43178,4.64238
43179,3.11138
43180,2.9948
43181,4.03535
43182,3.08539
43183,4.22131
43184,3.30257
43185,5.0
43186,5.0
43187,3.38147
43188,3.99749
43189,4.30834
43190,5.0
43191,4.7279
43192,3.72468
43193,3.79778
43194,3.03206
43195,3.68282
43196,3.77479
43197,3.18996
43198,5.0
43199,3.58095
43200,4.56221
43201,4.20078
43202,3.98486
43203,4.92624
43204,5.0
43205,3.64532
43206,3.33124
43207,4.36749
43208,2.90546
43209,4.30981
43210,3.58787
43211,4.21591
43212,4.27583
43213,3.33406
43214,4.62663
43215,3.99538
43216,3.51983
43217,4.47698
43218,4.10665
43219,4.86013
43220,3.92991
43221,3.41728
43222,3.66486
43223,3.53276
43224,4.2263
43225,4.16431
43226,4.37897
43227,3.1884
43228,4.05904
43229,1.76468
43230,1.70541
43231,3.43158
43232,2.48396
43233,2.63872
43234,2.23183
43235,4.27482
43236,3.2047
43237,5.0
43238,3.43076
43239,4.09425
43240,4.62488
43241,4.14708
43242,3.60156
43243,3.57578
43244,2.6538
43245,3.78891
43246,3.59296
43247,2.97682
43248,3.3421
43249,3.29696
43250,3.81852
43251,2.95088
43252,2.92749
43253,3.39187
43254,1.85477
43255,2.76782
43256,3.25933
43257,3.55473
43258,2.75799
43259,1.88134
43260,3.39527
43261,2.60233
43262,3.30844
43263,2.97657
43264,3.68322
43265,2.86535
43266,3.42684
43267,1.68476
43268,2.62224
43269,3.1316
43270,2.7117
43271,4.55647
43272,3.03801
43273,3.20453
43274,3.49506
43275,4.17629
43276,2.84277
43277,2.79117
43278,2.36527
43279,3.22689
43280,3.45845
43281,3.5981
43282,4.52844
43283,3.69709
43284,3.01151
43285,3.32317
43286,3.40936
43287,3.477
43288,1.92122
43289,2.28009
43290,3.45099
43291,2.87787
43292,3.78775
43293,3.29109
43294,3.50195
43295,2.99198
43296,1.47782
43297,2.86252
43298,4.0919
43299,4.84062
43300,3.45194
43301,5.0
43302,4.49668
43303,4.10608
43304,4.25907
43305,4.33735
43306,4.65105
43307,3.46448
43308,4.31813
43309,3.87512
43310,2.47802
43311,4.28076
43312,3.30621
43313,4.47082
43314,3.61274
43315,4.42972
43316,4.17685
43317,4.41735
43318,4.13007
43319,3.73693
43320,4.08619
43321,4.53001
43322,4.84639
43323,4.76381
43324,4.14819
43325,2.27995
43326,4.36582
43327,3.14988
43328,3.30126
43329,4.15277
43330,4.94348
43331,4.99383
43332,4.36444
43333,5.0
43334,4.59308
43335,3.97383
43336,4.08376
43337,3.52063
43338,3.83584
43339,4.54768
43340,3.48022
43341,3.42546
43342,3.77917
43343,3.4567
43344,3.98729
43345,3.59957
43346,4.16279
43347,3.23398
43348,3.77067
43349,3.53125
43350,3.22072
43351,3.19359
43352,2.65784
43353,3.27541
43354,2.91719
43355,2.20186
43356,1.59904
43357,3.08337
43358,3.2795
43359,3.62345
43360,4.15689
43361,3.22364
43362,2.74818
43363,3.85245
43364,3.60618
43365,3.1492
43366,4.57437
43367,3.03238
43368,3.15532
43369,4.17979
43370,3.06988
43371,3.32522
43372,3.68338
43373,3.41773
43374,3.91445
43375,3.06564
43376,2.35604
43377,2.38902
43378,3.40093
43379,2.70111
43380,3.77678
43381,3.73177
43382,2.61492
43383,4.1361
43384,4.10521
43385,3.33874
43386,3.41372
43387,3.69279
43388,3.25802
43389,3.04042
43390,4.75703
43391,3.72994
43392,4.06243
43393,3.46376
43394,3.3013
43395,3.21885
43396,3.91308
43397,1.39853
43398,3.47964
43399,4.49101
43400,4.32176
43401,4.31595
43402,3.60421
43403,3.64708
43404,4.20705
43405,4.13078
43406,4.31676
43407,2.28336
43408,3.09444
43409,3.44236
43410,1.9079
43411,2.99126
43412,3.49821
43413,3.45893
43414,4.74656
43415,3.20862
43416,3.69103
43417,3.62503
43418,2.80872
43419,4.04441
43420,4.81249
43421,5.0
43422,5.0
43423,4.15438
43424,3.40593
43425,4.54092
43426,3.48801
43427,2.91865
43428,3.4529
43429,4.31269
43430,3.98098
43431,3.92964
43432,3.7689
43433,4.45788
43434,3.40755
43435,3.28852
43436,2.89398
43437,3.61797
43438,2.71349
43439,2.50564
43440,3.01929
43441,2.9966
43442,3.13342
43443,2.80934
43444,2.3841
43445,3.52638
43446,2.43849
43447,4.03344
43448,2.66116
43449,3.00428
43450,3.14862
43451,3.18584
43452,2.34053
43453,3.4156
43454,2.92518
43455,4.44935
43456,4.73298
43457,4.37911
43458,3.43289
43459,3.84061
43460,4.52514
43461,3.62734
43462,3.74036
43463,2.6169
43464,3.41629
43465,3.71521
43466,3.3244
43467,3.48268
43468,3.29003
43469,2.69675
43470,3.3916
43471,4.17692
43472,3.57611
43473,3.08104
43474,4.02968
43475,3.77833
43476,3.21186
43477,4.62575
43478,4.79248
43479,3.7866
43480,4.52484
43481,4.39764
43482,4.30789
43483,3.85874
43484,4.266
43485,3.61667
43486,3.85994
43487,4.43088
43488,3.38518
43489,3.32415
43490,2.8452
43491,2.57183
43492,2.17347
43493,3.2442
43494,2.34535
43495,2.91683
43496,4.20139
43497,4.79301
43498,4.24286
43499,3.78087
43500,4.35062
43501,3.70187
43502,4.53235
43503,3.73283
43504,5.0
43505,5.0
43506,4.53863
43507,3.65761
43508,4.46352
43509,4.37945
43510,4.41928
43511,4.44196
43512,4.27465
43513,3.42816
43514,5.0
43515,3.71107
43516,4.3081
43517,4.5943
43518,4.81544
43519,3.43823
43520,4.00699
43521,3.50303
43522,3.77217
43523,4.49594
43524,4.56608
43525,4.37562
43526,4.73166
43527,4.02299
43528,4.43977
43529,3.87556
43530,3.95547
43531,4.6114
43532,4.15998
43533,3.94733
43534,4.02676
43535,3.86183
43536,4.51698
43537,1.90648
43538,3.42082
43539,3.98136
43540,3.80144
43541,2.08964
43542,2.9972
43543,3.66587
43544,2.99409
43545,3.98614
43546,3.37845
43547,3.60308
43548,3.93342
43549,3.16084
43550,4.51511
43551,4.31724
43552,3.90337
43553,3.36024
43554,3.13245
43555,3.74673
43556,2.82482
43557,3.54148
43558,3.85096
43559,4.18111
43560,3.52574
43561,3.54735
43562,3.78695
43563,3.62667
43564,4.47348
43565,3.85989
43566,4.0443
43567,1.46161
43568,2.81033
43569,3.39307
43570,2.88872
43571,2.46595
43572,3.30305
43573,4.3198
43574,3.31234
43575,2.47509
43576,1.98184
43577,3.63526
43578,4.47564
43579,3.0478
43580,2.8224
43581,3.79111
43582,2.66725
43583,3.85082
43584,4.21383
43585,4.1956
43586,2.1888
43587,3.78633
43588,2.26348
43589,3.55937
43590,2.49281
43591,3.82045
43592,2.97701
43593,1.37015
43594,3.32929
43595,2.51349
43596,3.59724
43597,2.66413
43598,4.11068
43599,2.65007
43600,3.45626
43601,3.99681
43602,1.80641
43603,2.82788
43604,4.12403
43605,2.23583
43606,4.46668
43607,4.16676
43608,4.56542
43609,1.11549
43610,3.77744
43611,3.76173
43612,1.30513
43613,2.88778
43614,3.60728
43615,3.6555
43616,4.46209
43617,2.76456
43618,3.46053
43619,2.19161
43620,2.65971
43621,3.60652
43622,3.68462
43623,3.33776
43624,2.77894
43625,1.89904
43626,2.43814
43627,1.55317
43628,3.41726
43629,3.33645
43630,2.05729
43631,2.8844
43632,2.36314
43633,3.54195
43634,3.21862
43635,3.09842
43636,3.78018
43637,4.01361
43638,2.47422
43639,3.26745
43640,2.70219
43641,3.48454
43642,2.70133
43643,3.44329
43644,5.0
43645,2.66974
43646,3.95354
43647,2.6982
43648,3.68315
43649,3.07802
43650,2.75702
43651,2.53084
43652,2.00623
43653,1.8018
43654,3.02508
43655,4.44844
43656,3.78246
43657,3.06891
43658,3.15328
43659,2.50506
43660,4.48536
43661,4.38645
43662,1.27613
43663,1.98808
43664,2.73881
43665,3.30777
43666,4.78161
43667,4.10435
43668,3.62086
43669,2.95592
43670,1.85618
43671,2.32265
43672,2.8299
43673,4.27231
43674,2.52235
43675,3.89894
43676,4.23863
43677,2.98248
43678,2.46045
43679,3.92946
43680,2.4732
43681,3.71108
43682,3.11656
43683,4.25191
43684,3.90542
43685,4.188
43686,4.3417
43687,4.00142
43688,3.43191
43689,3.99055
43690,3.86982
43691,3.57303
43692,4.30996
43693,3.41569
43694,3.61123
43695,4.13606
43696,2.43749
43697,3.89057
43698,3.89025
43699,3.99119
43700,3.91554
43701,3.61848
43702,2.97287
43703,3.40732
43704,3.80832
43705,3.99544
43706,3.98829
43707,3.42954
43708,3.00345
43709,3.38257
43710,3.65994
43711,3.84398
43712,3.22569
43713,2.42914
43714,3.84699
43715,3.37163
43716,2.05829
43717,3.13616
43718,3.68496
43719,4.13386
43720,3.96791
43721,3.7823
43722,3.62818
43723,2.60722
43724,3.22275
43725,3.33037
43726,3.61019
43727,3.77075
43728,3.81362
43729,4.54669
43730,4.21175
43731,3.46606
43732,3.56871
43733,3.71403
43734,3.611
43735,4.0279
43736,4.26419
43737,2.3987
43738,2.98308
43739,3.14908
43740,2.72874
43741,3.47619
43742,3.29651
43743,3.07387
43744,3.29311
43745,2.59329
43746,3.27445
43747,3.00607
43748,4.1734
43749,3.50906
43750,4.18199
43751,2.91322
43752,3.67299
43753,3.80386
43754,3.66093
43755,3.57797
43756,3.87275
43757,3.46214
43758,2.80442
43759,3.65229
43760,1.93222
43761,4.28467
43762,3.22261
43763,3.52657
43764,3.43572
43765,1.85966
43766,3.49835
43767,4.34576
43768,4.72811
43769,5.0
43770,4.35507
43771,4.30881
43772,4.53165
43773,4.7344
43774,4.26517
43775,4.29676
43776,4.20393
43777,4.14589
43778,4.31122
43779,4.27292
43780,4.57147
43781,2.93357
43782,2.78886
43783,3.46144
43784,3.04911
43785,4.81116
43786,4.38315
43787,4.37
43788,4.06251
43789,4.35183
43790,4.4696
43791,3.85346
43792,3.78531
43793,4.22015
43794,3.93857
43795,4.25349
43796,3.83828
43797,4.46637
43798,4.14416
43799,4.43936
43800,3.89947
43801,3.99736
43802,3.76623
43803,3.86206
43804,3.5119
43805,4.18552
43806,4.24194
43807,4.19893
43808,3.71892
43809,4.07355
43810,2.86827
43811,4.09826
43812,3.10071
43813,3.21648
43814,3.65094
43815,4.26745
43816,3.74349
43817,3.99344
43818,4.17333
43819,4.22168
43820,4.12645
43821,4.52743
43822,4.6267
43823,4.10609
43824,2.65649
43825,4.77869
43826,3.11693
43827,3.93059
43828,3.70991
43829,4.10963
43830,3.99403
43831,4.13544
43832,3.2316
43833,3.16818
43834,4.73855
43835,3.9207
43836,2.95174
43837,2.95097
43838,3.90235
43839,4.0365
43840,4.76993
43841,2.88234
43842,4.33091
43843,2.48744
43844,4.43158
43845,4.31282
43846,4.52475
43847,3.21633
43848,4.05784
43849,3.56932
43850,4.40927
43851,4.34865
43852,2.69406
43853,4.08019
43854,4.26134
43855,3.71776
43856,2.21548
43857,3.75886
43858,3.52769
43859,3.7713
43860,4.34379
43861,2.90256
43862,3.86289
43863,3.73698
43864,2.56997
43865,4.03339
43866,3.0833
43867,2.98304
43868,4.15349
43869,4.35338
43870,2.65565
43871,3.72097
43872,3.87338
43873,3.62269
43874,3.11335
43875,4.69314
43876,3.22696
43877,2.00452
43878,2.53414
43879,2.52102
43880,3.93297
43881,3.22616
43882,2.56716
43883,3.3596
43884,3.47439
43885,3.8962
43886,4.97506
43887,2.95479
43888,3.46058
43889,3.70111
43890,3.30936
43891,4.40059
43892,4.22038
43893,4.114
43894,4.16944
43895,2.54613
43896,2.79223
43897,1.07398
43898,2.51015
43899,2.18793
43900,1.3635
43901,3.26391
43902,2.27316
43903,1.72876
43904,2.36647
43905,4.52463
43906,4.49113
43907,4.60914
43908,5.0
43909,4.5548
43910,4.33097
43911,3.32447
43912,4.33548
43913,3.76079
43914,4.72518
43915,3.57816
43916,4.92603
43917,4.307
43918,4.4589
43919,3.51507
43920,4.23401
43921,3.91919
43922,4.78083
43923,4.38188
43924,4.70885
43925,4.80056
43926,4.16749
43927,4.89466
43928,4.46835
43929,4.70272
43930,3.62783
43931,4.4836
43932,4.20913
43933,2.79216
43934,4.25404
43935,4.10877
43936,3.08922
43937,3.62819
43938,3.71852
43939,3.53198
43940,3.38619
43941,3.67926
43942,3.79313
43943,4.21693
43944,3.21746
43945,3.03157
43946,3.7452
43947,3.27608
43948,3.27944
43949,2.03396
43950,4.17816
43951,4.02448
43952,3.58445
43953,3.65453
43954,4.07315
43955,3.62401
43956,4.06327
43957,3.08577
43958,4.43907
43959,3.38435
43960,2.63535
43961,4.13252
43962,3.19959
43963,2.33321
43964,3.84284
43965,4.05814
43966,4.35253
43967,3.34682
43968,1.71465
43969,3.17366
43970,3.26207
43971,4.13004
43972,1.42101
43973,1.64409
43974,2.36414
43975,4.12856
43976,3.77275
43977,2.77453
43978,2.00203
43979,3.65667
43980,3.67574
43981,3.26082
43982,3.52658
43983,3.26178
43984,3.18775
43985,3.13541
43986,3.66391
43987,3.63269
43988,4.47145
43989,3.72123
43990,3.45172
43991,4.60058
43992,4.39051
43993,4.10839
43994,4.82385
43995,5.0
43996,4.8369
43997,5.0
43998,5.0
43999,4.23023
44000,2.84591
44001,4.54727
44002,4.85851
44003,4.90718
44004,4.91536
44005,5.0
44006,4.71485
44007,5.0
44008,4.52633
44009,3.47452
44010,4.77968
44011,5.0
44012,5.0
44013,4.6786
44014,5.0
44015,4.12706
44016,4.33274
44017,3.95685
44018,4.49831
44019,5.0
44020,4.34449
44021,3.9665
44022,4.61052
44023,5.0
44024,5.0
44025,5.0
44026,4.87395
44027,4.19014
44028,4.26342
44029,3.9987
44030,3.3084
44031,3.26417
44032,3.87591
44033,5.0
44034,3.79524
44035,3.44574
44036,3.72547
44037,4.08161
44038,3.47465
44039,3.03362
44040,4.28275
44041,2.57574
44042,4.03624
44043,3.99392
44044,4.05858
44045,1.87777
44046,2.5522
44047,4.25228
44048,4.03226
44049,3.81032
44050,3.81032
44051,3.5227
44052,3.70611
44053,3.77693
44054,4.6104
44055,5.0
44056,4.78744
44057,4.92127
44058,4.74641
44059,3.71034
44060,5.0
44061,4.1075
44062,4.43924
44063,3.45411
44064,3.84905
44065,4.39867
44066,2.05424
44067,1.68731
44068,4.38784
44069,4.06134
44070,5.0
44071,4.2261
44072,3.58948
44073,4.16629
44074,4.35853
44075,3.66377
44076,3.35753
44077,4.32458
44078,4.14162
44079,4.16427
44080,4.24671
44081,3.38581
44082,3.62285
44083,4.03205
44084,3.86335
44085,3.52306
44086,4.60134
44087,3.90763
44088,2.83922
44089,4.14047
44090,4.02872
44091,3.90502
44092,4.07193
44093,2.27255
44094,3.12409
44095,4.25519
44096,2.89133
44097,1.88694
44098,2.41801
44099,2.03649
44100,3.87238
44101,1.48855
44102,5.0
44103,2.8006
44104,3.26783
44105,2.61554
44106,3.26277
44107,3.55443
44108,2.27694
44109,3.05909
44110,3.74769
44111,3.19598
44112,3.8301
44113,2.97521
44114,3.13726
44115,4.33756
44116,3.42195
44117,2.64162
44118,2.81755
44119,2.4889
44120,3.91549
44121,3.91721
44122,3.09724
44123,3.12703
44124,3.17239
44125,3.40195
44126,4.60198
44127,3.77877
44128,4.25392
44129,2.32189
44130,2.7355
44131,1.26339
44132,3.13971
44133,3.89465
44134,4.65421
44135,4.39557
44136,4.43465
44137,3.16903
44138,2.89696
44139,3.58323
44140,3.62752
44141,4.30607
44142,4.46543
44143,4.50679
44144,3.81571
44145,3.85165
44146,3.31688
44147,3.68239
44148,4.3146
44149,3.18474
44150,2.99593
44151,3.15993
44152,3.24388
44153,2.42922
44154,3.66064
44155,3.73343
44156,3.7957
44157,1.87649
44158,1.79012
44159,2.16744
44160,4.32394
44161,4.4679
44162,3.94963
44163,1.0
44164,3.40921
44165,1.77172
44166,2.65457
44167,3.1334
44168,2.78935
44169,3.93399
44170,3.23244
44171,4.28087
44172,3.37513
44173,3.05489
44174,2.38195
44175,2.49812
44176,4.89319
44177,3.69587
44178,3.61368
44179,3.84037
44180,4.09612
44181,3.1175
44182,3.70725
44183,3.71461
44184,4.99571
44185,4.35128
44186,4.37418
44187,3.07514
44188,4.32722
44189,3.309
44190,4.09611
44191,4.61547
44192,3.63658
44193,4.65852
44194,4.48794
44195,4.11215
44196,3.38013
44197,4.6746
44198,2.97731
44199,3.40261
44200,4.4184
44201,4.95631
44202,4.63776
44203,3.84223
44204,4.33719
44205,4.8866
44206,4.41605
44207,4.6946
44208,4.17765
44209,4.59726
44210,4.22449
44211,4.79198
44212,4.12797
44213,4.30393
44214,4.05731
44215,3.47203
44216,4.31455
44217,4.08971
44218,3.85154
44219,3.47214
44220,2.72964
44221,3.07978
44222,4.81635
44223,3.45716
44224,3.29921
44225,3.6272
44226,2.89072
44227,3.29234
44228,2.88922
44229,3.34597
44230,2.40768
44231,2.89677
44232,4.55289
44233,3.08759
44234,4.81831
44235,3.88692
44236,3.02799
44237,3.85633
44238,4.40908
44239,3.07946
44240,4.70343
44241,4.53208
44242,2.8151
44243,4.08669
44244,2.77038
44245,3.93831
44246,4.51824
44247,4.10298
44248,3.21567
44249,4.55046
44250,2.73323
44251,3.8858
44252,3.41886
44253,3.99553
44254,3.31862
44255,2.83309
44256,4.36661
44257,4.57814
44258,4.30124
44259,4.49597
44260,4.87722
44261,4.84389
44262,4.66751
44263,4.54441
44264,3.48948
44265,2.53551
44266,2.36507
44267,4.69692
44268,3.14231
44269,3.38468
44270,4.90745
44271,3.59935
44272,4.10984
44273,3.20934
44274,3.60484
44275,2.86733
44276,3.04974
44277,3.82913
44278,2.1244
44279,2.22294
44280,4.81056
44281,4.24001
44282,4.37662
44283,4.51535
44284,4.07791
44285,3.88915
44286,4.56881
44287,4.88924
44288,4.02548
44289,3.8518
44290,3.2463
44291,3.86129
44292,4.15543
44293,3.51281
44294,4.64566
44295,3.61721
44296,3.90051
44297,3.12527
44298,4.22745
44299,3.88288
44300,4.39368
44301,3.9248
44302,3.47021
44303,3.79487
44304,3.90816
44305,4.3389
44306,3.35663
44307,4.38405
44308,3.99528
44309,4.01858
44310,5.0
44311,4.65693
44312,3.65321
44313,4.1585
44314,3.80312
44315,3.53472
44316,4.56537
44317,3.05034
44318,4.11452
44319,4.13618
44320,5.0
44321,4.66034
44322,4.21675
44323,4.43218
44324,4.53539
44325,4.24076
44326,4.23007
44327,4.04675
44328,4.3769
44329,3.18541
44330,4.72825
44331,4.4561
44332,3.3229
44333,4.74463
44334,4.50088
44335,4.37336
44336,3.78966
44337,4.39547
44338,4.85617
44339,4.83192
44340,3.70958
44341,3.84773
44342,4.02138
44343,3.06889
44344,4.10137
44345,3.79873
44346,3.72863
44347,4.20258
44348,3.83877
44349,4.3789
44350,4.54382
44351,4.14247
44352,3.86981
44353,2.63271
44354,2.72886
44355,2.45124
44356,4.33071
44357,3.6541
44358,3.75611
44359,4.05987
44360,2.23871
44361,1.0
44362,3.24303
44363,3.49904
44364,4.02037
44365,4.28757
44366,3.59526
44367,3.22246
44368,3.52565
44369,3.38276
44370,4.11103
44371,3.09674
44372,4.12081
44373,3.02569
44374,4.17652
44375,3.40892
44376,4.03997
44377,3.94741
44378,4.12399
44379,3.72165
44380,4.31409
44381,3.2571
44382,2.8752
44383,4.48177
44384,3.75212
44385,3.27224
44386,4.10113
44387,3.84191
44388,4.08194
44389,3.43411
44390,3.00766
44391,3.83185
44392,3.04446
44393,4.12816
44394,3.79573
44395,4.3667
44396,4.34606
44397,3.84286
44398,2.11098
44399,3.78753
44400,3.3474
44401,2.45672
44402,2.37444
44403,3.20831
44404,3.7469
44405,4.375
44406,4.72424
44407,4.19815
44408,3.89931
44409,3.43882
44410,4.20293
44411,4.45935
44412,2.21412
44413,4.09746
44414,4.86074
44415,3.50785
44416,4.59903
44417,3.11563
44418,3.22503
44419,4.04111
44420,4.26506
44421,2.87484
44422,3.94649
44423,3.0261
44424,2.96593
44425,2.92832
44426,4.07529
44427,4.30583
44428,2.71699
44429,3.78597
44430,3.29044
44431,3.1567
44432,3.00834
44433,4.12114
44434,4.17217
44435,4.78203
44436,2.39002
44437,3.14532
44438,2.6608
44439,2.00495
44440,2.79538
44441,2.93257
44442,3.72942
44443,2.55995
44444,2.72259
44445,4.49633
44446,3.13982
44447,4.04183
44448,3.96021
44449,3.90495
44450,3.76659
44451,4.57915
44452,3.19378
44453,3.84199
44454,3.63008
44455,2.41742
44456,3.29311
44457,4.20078
44458,3.65291
44459,2.79697
44460,3.42267
44461,3.70979
44462,3.36307
44463,2.58152
44464,3.68517
44465,3.84058
44466,3.52206
44467,2.91277
44468,4.75469
44469,4.04727
44470,3.39228
44471,3.45685
44472,3.90308
44473,3.22312
44474,3.18882
44475,3.39575
44476,3.11393
44477,3.93265
44478,4.70524
44479,3.96932
44480,4.32432
44481,2.87553
44482,3.1691
44483,3.54431
44484,3.6735
44485,2.32326
44486,3.62427
44487,3.68383
44488,3.18655
44489,4.74286
44490,3.53027
44491,1.90801
44492,1.0
44493,1.0
44494,1.35941
44495,1.96573
44496,1.0
44497,1.0
44498,1.34389
44499,1.16221
44500,1.0
44501,1.0
44502,1.76695
44503,2.48974
44504,1.0
44505,4.0892
44506,4.15174
44507,4.10374
44508,3.92249
44509,4.03418
44510,3.70807
44511,3.89949
44512,2.79663
44513,3.80687
44514,4.07625
44515,3.87024
44516,3.25357
44517,3.02733
44518,3.68166
44519,3.67603
44520,3.69858
44521,3.39033
44522,3.46652
44523,4.16003
44524,4.07289
44525,4.00521
44526,3.38173
44527,3.94086
44528,3.58359
44529,3.39587
44530,5.0
44531,4.01482
44532,4.55158
44533,4.41438
44534,3.47316
44535,4.7487
44536,4.6034
44537,5.0
44538,4.19113
44539,3.81583
44540,4.27178
44541,4.7645
44542,4.9877
44543,4.9553
44544,3.53083
44545,4.15489
44546,3.81871
44547,1.922
44548,5.0
44549,3.98621
44550,1.71263
44551,3.37479
44552,2.44131
44553,4.33112
44554,2.76519
44555,4.21727
44556,3.28418
44557,4.15991
44558,2.73945
44559,4.56447
44560,4.36629
44561,2.83375
44562,2.82483
44563,3.18751
44564,1.49304
44565,3.16416
44566,1.05979
44567,2.09129
44568,2.9055
44569,1.97922
44570,1.1153
44571,3.12308
44572,2.38861
44573,4.71012
44574,1.9599
44575,2.37408
44576,1.28976
44577,3.71224
44578,4.10968
44579,3.29152
44580,2.85007
44581,4.07049
44582,4.04354
44583,3.77042
44584,2.92514
44585,4.8779
44586,2.92881
44587,3.97421
44588,4.69047
44589,4.64885
44590,4.135
44591,4.30346
44592,4.53747
44593,4.42566
44594,4.12844
44595,4.75398
44596,4.24215
44597,4.15002
44598,3.99616
44599,4.13857
44600,4.21187
44601,4.18269
44602,4.37935
44603,4.59526
44604,4.29406
44605,4.55016
44606,3.70342
44607,2.90016
44608,3.6519
44609,3.66268
44610,3.19758
44611,2.70531
44612,2.70424
44613,2.34076
44614,3.17133
44615,3.53551
44616,3.55437
44617,3.66597
44618,3.86464
44619,4.17349
44620,3.67942
44621,3.40108
44622,4.01055
44623,4.3231
44624,3.96245
44625,3.36223
44626,3.51724
44627,3.57324
44628,2.83095
44629,3.69015
44630,2.5882
44631,3.24254
44632,3.30953
44633,3.96368
44634,3.48886
44635,2.11824
44636,3.58228
44637,3.92074
44638,4.55783
44639,2.79118
44640,3.11883
44641,3.59243
44642,1.7331
44643,3.7752
44644,1.0
44645,4.94336
44646,2.5438
44647,1.82032
44648,3.52152
44649,3.74754
44650,3.05398
44651,3.69304
44652,3.47366
44653,3.96622
44654,3.49734
44655,2.94591
44656,3.11978
44657,2.40065
44658,4.05862
44659,3.56625
44660,2.9703
44661,4.08452
44662,3.83545
44663,4.13809
44664,2.23339
44665,3.53796
44666,3.453
44667,3.93831
44668,4.56418
44669,4.48997
44670,4.40556
44671,3.8209
44672,4.51152
44673,3.91439
44674,4.29972
44675,4.54829
44676,4.11166
44677,3.90017
44678,4.03061
44679,3.43614
44680,3.76725
44681,4.30556
44682,3.70176
44683,4.33088
44684,3.79874
44685,3.77543
44686,3.78894
44687,2.76899
44688,3.86584
44689,3.36117
44690,4.04784
44691,3.74657
44692,3.24976
44693,3.95011
44694,3.76707
44695,2.9262
44696,3.91489
44697,3.74547
44698,4.44436
44699,3.86878
44700,3.6324
44701,4.03701
44702,4.13856
44703,4.09037
44704,3.99658
44705,3.3461
44706,4.12906
44707,4.11568
44708,3.80472
44709,3.48616
44710,4.61437
44711,3.91117
44712,3.98069
44713,3.87597
44714,3.37018
44715,4.39526
44716,3.58406
44717,3.37105
44718,2.68861
44719,2.0814
44720,2.66926
44721,5.0
44722,5.0
44723,4.59021
44724,4.54056
44725,4.89283
44726,3.67597
44727,3.75841
44728,3.25069
44729,2.72136
44730,3.28384
44731,2.86967
44732,4.28618
44733,3.43469
44734,3.77619
44735,4.43098
44736,4.09693
44737,3.56354
44738,3.96874
44739,3.92881
44740,3.28434
44741,3.94095
44742,3.5408
44743,4.19064
44744,3.74521
44745,4.66366
44746,4.88212
44747,4.88246
44748,4.5692
44749,4.74749
44750,4.18573
44751,3.32307
44752,4.56461
44753,4.30307
44754,3.75482
44755,4.57696
44756,3.20037
44757,4.15178
44758,3.64199
44759,4.49106
44760,3.24146
44761,4.51686
44762,4.21732
44763,4.53863
44764,2.07452
44765,4.50148
44766,3.51896
44767,3.91574
44768,4.12092
44769,4.04589
44770,3.63627
44771,3.80212
44772,4.13989
44773,4.55451
44774,4.42261
44775,4.61463
44776,4.53352
44777,4.42406
44778,2.61078
44779,3.83771
44780,2.83647
44781,3.41861
44782,4.33147
44783,1.83879
44784,2.52444
44785,3.31825
44786,2.72395
44787,3.16694
44788,3.28348
44789,5.0
44790,2.5589
44791,2.14679
44792,3.12846
44793,3.31209
44794,3.99894
44795,3.74407
44796,2.55476
44797,3.60199
44798,3.61535
44799,4.70647
44800,3.00682
44801,3.16545
44802,3.28571
44803,2.91624
44804,2.71143
44805,2.95377
44806,3.87166
44807,3.21574
44808,3.08726
44809,2.90401
44810,3.57088
44811,3.7153
44812,4.47538
44813,3.27824
44814,4.33855
44815,3.02906
44816,2.62333
44817,4.43473
44818,3.27442
44819,3.90914
44820,3.3321
44821,4.74166
44822,4.9199
44823,4.38934
44824,4.08082
44825,3.74953
44826,3.62427
44827,4.69772
44828,4.92923
44829,4.70843
44830,4.64766
44831,4.3945
44832,4.31691
44833,5.0
44834,4.52937
44835,3.9346
44836,3.48324
44837,3.9003
44838,3.99258
44839,4.6308
44840,3.71512
44841,4.40291
44842,4.22968
44843,5.0
44844,3.69784
44845,4.81058
44846,4.2322
44847,5.0
44848,4.66491
44849,4.38222
44850,4.70304
44851,4.3986
44852,4.24192
44853,4.38667
44854,4.31476
44855,4.38884
44856,4.55978
44857,4.03696
44858,3.5997
44859,2.89812
44860,4.41172
44861,4.83791
44862,4.45813
44863,4.02843
44864,4.11362
44865,4.07095
44866,4.21118
44867,3.14601
44868,3.5244
44869,3.33039
44870,2.25411
44871,3.82478
44872,3.03884
44873,3.20402
44874,3.14902
44875,3.57804
44876,2.94726
44877,3.5565
44878,3.1279
44879,3.67936
44880,4.01094
44881,4.09625
44882,3.75926
44883,2.96782
44884,3.55276
44885,4.59419
44886,4.46352
44887,4.40918
44888,4.93468
44889,4.42649
44890,3.36491
44891,2.7214
44892,4.70468
44893,4.05443
44894,3.97225
44895,3.1167
44896,3.60649
44897,1.87478
44898,4.10743
44899,4.00103
44900,3.51371
44901,5.0
44902,4.07305
44903,4.1164
44904,4.37063
44905,4.59882
44906,3.71959
44907,4.10455
44908,4.1372
44909,4.63307
44910,2.76179
44911,2.15971
44912,4.24137
44913,3.61789
44914,2.47768
44915,4.22714
44916,3.7784
44917,4.37095
44918,3.58812
44919,3.96314
44920,4.9211
44921,3.53702
44922,3.16774
44923,3.97501
44924,3.45495
44925,3.17323
44926,2.97515
44927,1.53827
44928,2.27524
44929,3.47488
44930,2.84696
44931,2.32069
44932,3.35014
44933,3.0797
44934,3.46248
44935,1.92617
44936,2.83925
44937,3.41939
44938,1.6941
44939,2.55848
44940,2.53187
44941,2.85783
44942,1.74165
44943,2.78183
44944,2.15249
44945,2.49793
44946,3.19614
44947,3.15844
44948,1.99468
44949,2.97119
44950,3.26436
44951,3.03176
44952,3.19783
44953,1.51274
44954,3.61148
44955,3.91914
44956,2.54988
44957,3.75748
44958,2.7268
44959,4.00307
44960,3.03782
44961,3.80292
44962,4.16241
44963,3.8234
44964,3.07364
44965,3.94512
44966,4.43103
44967,3.07756
44968,4.15758
44969,3.84074
44970,4.04639
44971,4.2198
44972,4.24222
44973,4.14966
44974,3.42916
44975,3.62883
44976,3.34346
44977,3.96355
44978,3.99871
44979,4.18678
44980,3.88927
44981,4.7597
44982,4.42117
44983,2.58251
44984,4.34546
44985,4.18708
44986,4.54588
44987,3.71029
44988,4.1678
44989,3.87362
44990,3.59137
44991,4.41894
44992,3.46883
44993,3.87518
44994,3.37235
44995,4.09608
44996,3.03777
44997,3.72402
44998,3.57643
44999,4.03207
45000,4.19378
45001,3.80715
45002,3.33439
45003,4.25143
45004,4.71648
45005,4.13761
45006,4.60962
45007,5.0
45008,3.77368
45009,4.11566
45010,4.38185
45011,4.11725
45012,4.33351
45013,4.34713
45014,2.80271
45015,4.67397
45016,4.34087
45017,3.51718
45018,2.19855
45019,2.79468
45020,4.26933
45021,3.94906
45022,3.48791
45023,2.77224
45024,4.87484
45025,3.66107
45026,1.73443
45027,4.06872
45028,4.4422
45029,4.13968
45030,4.18701
45031,4.3156
45032,1.69475
45033,3.34722
45034,4.53916
45035,3.21669
45036,4.05071
45037,3.07731
45038,3.84394
45039,4.09655
45040,3.8928
45041,3.46975
45042,4.55675
45043,4.47911
45044,4.85501
45045,3.12687
45046,4.27054
45047,3.89002
45048,3.87567
45049,3.67246
45050,3.54714
45051,4.46691
45052,2.89517
45053,3.00776
45054,3.82809
45055,2.73431
45056,3.57518
45057,3.82703
45058,3.65097
45059,3.20923
45060,3.89475
45061,3.60941
45062,1.48201
45063,2.85767
45064,3.03285
45065,3.41032
45066,2.84286
45067,2.85952
45068,3.82208
45069,3.68587
45070,3.07706
45071,2.95856
45072,3.60105
45073,2.6516
45074,3.2231
45075,2.82022
45076,3.11184
45077,4.31016
45078,3.48224
45079,3.37881
45080,2.39687
45081,2.80202
45082,3.40928
45083,2.60859
45084,2.83114
45085,3.25665
45086,3.87006
45087,2.71359
45088,2.55953
45089,3.39331
45090,3.29217
45091,3.45033
45092,4.65052
45093,4.21867
45094,3.13681
45095,4.16918
45096,3.29128
45097,3.84772
45098,2.89257
45099,4.17754
45100,5.0
45101,2.34886
45102,3.16399
45103,3.896
45104,3.692
45105,3.51867
45106,4.82821
45107,4.21502
45108,4.16502
45109,4.46621
45110,3.51622
45111,4.22939
45112,3.73115
45113,3.72577
45114,3.53132
45115,3.41345
45116,3.74665
45117,3.62104
45118,4.07591
45119,4.75591
45120,2.78171
45121,3.672
45122,2.62904
45123,3.97715
45124,3.3474
45125,4.57439
45126,4.0384
45127,4.05318
45128,2.77636
45129,4.24936
45130,4.483
45131,3.54903
45132,3.28861
45133,4.05675
45134,3.89229
45135,3.94916
45136,3.71964
45137,4.21671
45138,4.04518
45139,3.63462
45140,4.44237
45141,3.12124
45142,4.32312
45143,3.43918
45144,4.62127
45145,4.88145
45146,4.11099
45147,2.63898
45148,4.12605
45149,4.09897
45150,4.3259
45151,4.47413
45152,3.76994
45153,3.01946
45154,4.4741
45155,3.96115
45156,4.50387
45157,4.53504
45158,3.70089
45159,4.43934
45160,3.79208
45161,3.6084
45162,3.71548
45163,4.5444
45164,4.14814
45165,3.99121
45166,4.12772
45167,4.20912
45168,4.46095
45169,3.82879
45170,4.71378
45171,3.78694
45172,4.76349
45173,3.90702
45174,3.56035
45175,3.65208
45176,4.18749
45177,3.80281
45178,4.69833
45179,3.84792
45180,4.36564
45181,4.20626
45182,4.4517
45183,3.17334
45184,4.6159
45185,3.48134
45186,3.77255
45187,4.00464
45188,4.67728
45189,3.7406
45190,3.75166
45191,4.5114
45192,4.47854
45193,3.41205
45194,3.9143
45195,2.18992
45196,4.23842
45197,4.12755
45198,3.56968
45199,4.56679
45200,2.97882
45201,2.81314
45202,4.29487
45203,2.60632
45204,4.80553
45205,3.57234
45206,4.05454
45207,4.31959
45208,3.96599
45209,3.96103
45210,4.66781
45211,3.99847
45212,5.0
45213,4.2175
45214,3.65232
45215,2.338
45216,4.70136
45217,4.03911
45218,5.0
45219,4.31045
45220,3.61951
45221,3.6131
45222,2.88171
45223,3.09148
45224,3.22278
45225,2.84226
45226,3.37806
45227,3.03189
45228,3.27822
45229,3.43648
45230,3.07344
45231,2.73457
45232,3.07511
45233,3.4255
45234,2.83769
45235,3.06642
45236,3.35333
45237,4.93334
45238,4.5109
45239,4.18568
45240,4.89335
45241,4.28583
45242,4.65822
45243,4.15077
45244,4.37597
45245,2.99393
45246,3.6523
45247,3.94042
45248,4.32739
45249,4.11976
45250,4.22832
45251,3.58062
45252,3.24763
45253,4.06198
45254,4.58392
45255,3.91137
45256,2.22212
45257,5.0
45258,4.34409
45259,3.82544
45260,4.52399
45261,4.06344
45262,4.98325
45263,4.79797
45264,4.28564
45265,4.2983
45266,4.68586
45267,4.57726
45268,3.31408
45269,3.70714
45270,4.9128
45271,3.72593
45272,3.95611
45273,3.99708
45274,2.80003
45275,4.97598
45276,3.53783
45277,4.14615
45278,5.0
45279,4.40794
45280,4.87656
45281,4.07932
45282,4.66568
45283,4.81694
45284,4.845
45285,4.60214
45286,3.32728
45287,4.63557
45288,4.61895
45289,4.19497
45290,5.0
45291,4.19055
45292,3.91967
45293,4.11264
45294,3.77462
45295,5.0
45296,5.0
45297,4.16972
45298,3.36015
45299,4.38934
45300,5.0
45301,4.63631
45302,4.09074
45303,3.1617
45304,4.16002
45305,3.26044
45306,4.11788
45307,4.17227
45308,4.45586
45309,4.53654
45310,4.6772
45311,4.8127
45312,4.69551
45313,3.86492
45314,5.0
45315,4.89302
45316,5.0
45317,4.81983
45318,4.93887
45319,2.8069
45320,3.63329
45321,3.81601
45322,1.21721
45323,2.7923
45324,2.95968
45325,3.19992
45326,3.88673
45327,1.70785
45328,2.45138
45329,3.85188
45330,3.24307
45331,2.26822
45332,1.97233
45333,2.84779
45334,1.74647
45335,3.40389
45336,3.54621
45337,2.36676
45338,3.2236
45339,4.43567
45340,4.18824
45341,4.6735
45342,4.74674
45343,3.57355
45344,4.3044
45345,4.84298
45346,4.80241
45347,4.63087
45348,4.40626
45349,4.48369
45350,4.21217
45351,3.71985
45352,3.62469
45353,4.05277
45354,4.38551
45355,3.82421
45356,4.70973
45357,3.00242
45358,4.50786
45359,4.65614
45360,3.94603
45361,3.76552
45362,3.75945
45363,3.6559
45364,3.93047
45365,3.84891
45366,3.75749
45367,4.29945
45368,3.64361
45369,3.80399
45370,4.12859
45371,4.65983
45372,3.99079
45373,4.62842
45374,4.2151
45375,3.98884
45376,4.51156
45377,3.74106
45378,4.43287
45379,4.09965
45380,4.02538
45381,3.39013
45382,5.0
45383,3.65672
45384,3.95796
45385,3.85103
45386,4.2204
45387,3.9944
45388,3.25727
45389,4.35807
45390,3.99421
45391,4.40828
45392,3.22677
45393,3.80459
45394,3.77737
45395,4.36491
45396,4.61054
45397,4.00894
45398,4.14342
45399,4.22878
45400,4.18949
45401,4.024
45402,4.14416
45403,4.4673
45404,4.3702
45405,3.97069
45406,4.33235
45407,4.88005
45408,3.71304
45409,4.21003
45410,3.75837
45411,5.0
45412,4.1278
45413,4.79984
45414,3.88654
45415,4.64574
45416,4.33882
45417,3.73668
45418,4.32975
45419,3.36975
45420,4.37179
45421,3.88836
45422,4.53724
45423,3.99856
45424,3.99502
45425,4.33183
45426,4.39071
45427,3.26686
45428,3.83765
45429,4.44934
45430,3.93543
45431,3.19021
45432,3.7922
45433,4.19881
45434,3.52615
45435,4.12315
45436,3.08193
45437,2.935
45438,3.95022
45439,3.28534
45440,3.25807
45441,3.37341
45442,3.66589
45443,3.17698
45444,3.34383
45445,1.19729
45446,2.94691
45447,1.0
45448,2.7789
45449,2.30657
45450,2.53772
45451,1.3858
45452,2.36883
45453,3.90412
45454,1.07736
45455,2.21801
45456,2.18696
45457,3.0677
45458,1.58174
45459,1.0
45460,3.11284
45461,2.59192
45462,4.15959
45463,1.7043
45464,2.56163
45465,2.86345
45466,1.43738
45467,3.49544
45468,2.48717
45469,1.34698
45470,1.51659
45471,2.32908
45472,2.90324
45473,2.85757
45474,3.25653
45475,2.7523
45476,3.37524
45477,1.80295
45478,2.67579
45479,2.5562
45480,1.91344
45481,2.89035
45482,3.31761
45483,1.25411
45484,3.6763
45485,1.42814
45486,3.84788
45487,4.08606
45488,2.63414
45489,3.39306
45490,4.32396
45491,4.1476
45492,4.06484
45493,4.34408
45494,3.22801
45495,1.82676
45496,3.77447
45497,3.07831
45498,3.69444
45499,4.23539
45500,3.49482
45501,2.68788
45502,2.90701
45503,2.75237
45504,3.28606
45505,2.06031
45506,2.79468
45507,2.70148
45508,2.1811
45509,1.80879
45510,3.02194
45511,2.21872
45512,3.13684
45513,4.51187
45514,2.20969
45515,4.23129
45516,4.24993
45517,4.21099
45518,4.24468
45519,3.75082
45520,3.25762
45521,2.65246
45522,3.91159
45523,4.73436
45524,4.13904
45525,4.3983
45526,4.0825
45527,3.29642
45528,3.22862
45529,3.02991
45530,2.82717
45531,3.90451
45532,3.92397
45533,5.0
45534,4.63403
45535,4.41079
45536,4.62339
45537,3.72524
45538,3.54964
45539,4.45118
45540,3.78368
45541,4.15902
45542,4.64424
45543,3.96157
45544,3.96941
45545,3.03519
45546,4.18875
45547,3.77609
45548,3.58712
45549,4.79526
45550,3.91015
45551,3.64362
45552,4.44273
45553,3.96117
45554,4.21892
45555,3.35684
45556,3.97308
45557,3.84477
45558,3.96919
45559,4.50213
45560,4.37633
45561,4.29734
45562,2.08891
45563,4.38498
45564,3.52938
45565,3.59625
45566,2.38233
45567,1.17314
45568,3.24984
45569,3.73295
45570,2.07834
45571,3.91947
45572,3.87978
45573,3.03317
45574,3.55256
45575,3.441
45576,4.03997
45577,1.0
45578,3.86955
45579,2.43343
45580,4.13406
45581,3.02539
45582,3.99242
45583,4.08493
45584,4.64193
45585,1.87555
45586,3.39955
45587,3.24359
45588,2.99647
45589,3.71485
45590,2.61556
45591,2.73629
45592,3.88866
45593,3.40023
45594,4.02088
45595,3.17923
45596,1.78361
45597,3.7182
45598,2.91756
45599,3.58005
45600,4.42856
45601,3.04071
45602,4.87182
45603,4.11716
45604,3.68195
45605,4.13937
45606,4.01854
45607,4.76158
45608,3.97446
45609,5.0
45610,5.0
45611,3.96679
45612,4.88878
45613,3.18234
45614,4.21072
45615,4.91894
45616,4.48512
45617,3.5929
45618,4.35756
45619,4.51741
45620,4.51334
45621,4.53451
45622,3.81335
45623,4.64445
45624,4.29305
45625,3.95763
45626,4.60804
45627,3.7125
45628,2.88209
45629,3.69784
45630,2.85363
45631,4.04076
45632,3.58326
45633,3.94616
45634,3.3651
45635,3.57428
45636,4.04525
45637,3.83843
45638,3.54847
45639,2.42339
45640,2.37676
45641,3.92784
45642,2.79466
45643,4.05009
45644,3.09888
45645,4.09453
45646,2.96366
45647,2.63688
45648,3.48976
45649,3.11622
45650,4.15964
45651,3.34119
45652,2.31127
45653,3.84748
45654,3.96401
45655,4.31258
45656,3.25035
45657,4.65509
45658,3.69272
45659,4.00608
45660,3.53568
45661,3.74771
45662,3.3884
45663,3.04751
45664,5.0
45665,3.96071
45666,3.63233
45667,3.92532
45668,4.45501
45669,3.46635
45670,3.55372
45671,4.47983
45672,4.14804
45673,4.31563
45674,3.58058
45675,3.88113
45676,3.42486
45677,3.9656
45678,4.13044
45679,2.88368
45680,4.1119
45681,4.12488
45682,3.58218
45683,3.61929
45684,3.06023
45685,3.72432
45686,3.86835
45687,3.30029
45688,2.69552
45689,4.23435
45690,4.63608
45691,4.15228
45692,2.33363
45693,3.21119
45694,4.13351
45695,3.7848
45696,4.19537
45697,3.06413
45698,4.13603
45699,3.46992
45700,4.83951
45701,4.26214
45702,4.74257
45703,4.1052
45704,4.75868
45705,3.79793
45706,4.00618
45707,3.67091
45708,2.69083
45709,3.56286
45710,3.70407
45711,3.41956
45712,4.38978
45713,4.37312
45714,4.26873
45715,4.1012
45716,5.0
45717,3.44146
45718,4.06215
45719,3.67082
45720,5.0
45721,5.0
45722,3.77909
45723,4.27306
45724,3.86314
45725,3.53184
45726,3.80308
45727,3.66811
45728,2.98481
45729,2.92052
45730,3.38014
45731,3.62723
45732,3.78369
45733,3.87356
45734,3.34987
45735,3.33675
45736,3.00144
45737,3.93839
45738,3.7717
45739,4.46982
45740,3.70138
45741,3.69873
45742,4.05435
45743,3.02049
45744,3.02176
45745,3.40109
45746,4.04149
45747,4.53349
45748,3.53553
45749,4.2128
45750,3.59936
45751,2.15134
45752,2.23643
45753,2.68969
45754,4.03792
45755,3.05496
45756,2.61778
45757,3.74766
45758,3.02743
45759,4.36469
45760,3.6813
45761,3.45738
45762,2.59621
45763,4.05911
45764,3.04883
45765,1.9375
45766,2.8495
45767,3.68735
45768,3.1162
45769,3.57416
45770,3.54326
45771,3.8762
45772,2.48525
45773,1.74176
45774,1.96289
45775,3.15421
45776,3.18643
45777,2.14318
45778,2.09795
45779,2.61109
45780,3.19032
45781,3.67275
45782,3.18551
45783,2.71682
45784,2.00444
45785,3.18318
45786,2.98817
45787,3.61303
45788,4.28556
45789,3.3357
45790,1.83534
45791,2.46892
45792,1.96093
45793,3.14281
45794,2.76376
45795,3.12689
45796,3.53307
45797,2.41744
45798,3.24854
45799,1.79523
45800,2.19153
45801,2.31586
45802,3.38526
45803,2.51193
45804,3.12126
45805,2.2449
45806,3.10796
45807,3.77832
45808,2.1139
45809,3.16298
45810,1.91355
45811,3.89293
45812,4.09301
45813,2.20034
45814,3.11052
45815,2.64524
45816,3.19515
45817,2.62229
45818,3.2335
45819,3.3182
45820,2.83263
45821,2.86345
45822,2.17283
45823,2.22024
45824,2.93453
45825,2.3841
45826,3.37005
45827,4.01624
45828,2.71228
45829,3.04443
45830,2.58665
45831,3.47555
45832,2.07793
45833,1.36185
45834,2.9555
45835,3.89035
45836,3.99006
45837,2.50574
45838,3.10658
45839,3.61978
45840,2.93754
45841,2.28041
45842,3.36325
45843,2.01491
45844,3.85688
45845,3.96746
45846,3.60143
45847,4.20701
45848,3.88534
45849,3.88036
45850,4.16856
45851,3.23606
45852,3.14753
45853,2.90666
45854,4.45773
45855,4.11183
45856,2.961
45857,4.4935
45858,3.90956
45859,3.60479
45860,2.69933
45861,3.1548
45862,3.5407
45863,3.39826
45864,3.63927
45865,4.12526
45866,3.91368
45867,5.0
45868,4.12344
45869,3.70027
45870,4.28809
45871,3.73936
45872,3.53375
45873,2.75279
45874,4.55971
45875,3.53697
45876,4.44111
45877,3.82776
45878,4.34416
45879,4.2063
45880,3.81569
45881,4.11795
45882,2.96488
45883,4.31143
45884,2.94042
45885,3.01152
45886,4.0645
45887,4.50738
45888,4.45821
45889,4.49714
45890,3.29765
45891,2.85611
45892,3.18245
45893,4.36272
45894,4.38002
45895,3.54974
45896,4.44762
45897,4.4099
45898,4.12084
45899,4.99831
45900,4.15664
45901,4.42284
45902,3.74209
45903,4.61163
45904,3.40293
45905,3.67752
45906,3.5554
45907,4.28746
45908,4.33246
45909,3.7949
45910,3.51768
45911,3.48506
45912,3.35553
45913,4.30488
45914,3.2225
45915,3.03592
45916,3.51893
45917,3.67993
45918,3.02083
45919,3.61508
45920,3.05867
45921,2.75317
45922,3.43961
45923,4.16632
45924,3.46258
45925,3.9767
45926,3.4038
45927,3.49664
45928,3.38704
45929,2.99254
45930,3.49611
45931,3.38904
45932,3.49728
45933,5.0
45934,4.05666
45935,4.82988
45936,4.47077
45937,3.75937
45938,3.2538
45939,3.37833
45940,2.94353
45941,1.99073
45942,2.67158
45943,2.94994
45944,3.06109
45945,2.97756
45946,3.76181
45947,2.46805
45948,2.08453
45949,2.83451
45950,3.10679
45951,4.74867
45952,3.91378
45953,4.1913
45954,4.72315
45955,4.47231
45956,5.0
45957,4.53356
45958,3.19553
45959,4.41682
45960,3.99328
45961,3.53215
45962,2.76723
45963,4.13931
45964,3.92987
45965,2.82318
45966,3.27797
45967,3.4428
45968,4.15603
45969,4.29451
45970,4.02108
45971,2.8711
45972,5.0
45973,4.40792
45974,1.0
45975,4.8011
45976,4.89664
45977,5.0
45978,3.86495
45979,3.85958
45980,3.02141
45981,3.18081
45982,2.48447
45983,3.5854
45984,4.17078
45985,3.866
45986,4.91352
45987,3.78468
45988,3.81048
45989,2.80297
45990,2.03467
45991,2.85062
45992,2.19174
45993,3.78349
45994,5.0
45995,1.7292
45996,3.62833
45997,2.78337
45998,2.65974
45999,4.60921
46000,4.13105
46001,2.49685
46002,4.13992
46003,3.54867
46004,3.68669
46005,2.61266
46006,4.19126
46007,2.67205
46008,4.58319
46009,4.67106
46010,5.0
46011,4.43306
46012,3.32347
46013,3.11723
46014,3.71101
46015,3.5441
46016,3.48834
46017,2.98726
46018,1.85919
46019,3.97336
46020,2.45005
46021,2.81363
46022,1.98054
46023,1.09175
46024,2.66387
46025,3.11084
46026,2.12168
46027,3.9615
46028,1.67924
46029,2.73707
46030,2.7417
46031,3.34295
46032,2.27087
46033,2.89641
46034,1.59968
46035,4.22662
46036,2.95009
46037,1.6955
46038,3.44214
46039,2.99
46040,2.56579
46041,2.195
46042,2.03611
46043,3.8503
46044,4.07488
46045,1.91744
46046,2.01258
46047,3.84552
46048,2.59637
46049,3.01601
46050,4.05655
46051,4.7361
46052,4.57012
46053,4.94029
46054,4.12132
46055,4.32468
46056,4.87414
46057,4.76021
46058,3.75818
46059,4.55047
46060,3.9671
46061,4.08996
46062,4.10654
46063,4.45375
46064,4.5912
46065,4.88109
46066,4.06169
46067,3.91858
46068,4.10142
46069,3.93933
46070,4.29548
46071,4.50181
46072,2.79963
46073,4.34254
46074,4.39086
46075,4.46538
46076,3.94129
46077,4.16702
46078,4.06399
46079,4.0481
46080,2.44396
46081,3.66411
46082,3.23867
46083,4.57362
46084,4.26552
46085,4.37914
46086,3.02227
46087,3.54642
46088,4.59677
46089,4.28653
46090,2.79607
46091,4.29912
46092,4.71592
46093,5.0
46094,4.77793
46095,3.90451
46096,3.78472
46097,3.38465
46098,4.19967
46099,3.41474
46100,3.42471
46101,3.92738
46102,4.03352
46103,3.51496
46104,3.01623
46105,3.12527
46106,2.17655
46107,3.07664
46108,2.18072
46109,2.88568
46110,3.47202
46111,3.22394
46112,4.21972
46113,3.73239
46114,3.4022
46115,2.58634
46116,2.91806
46117,3.33333
46118,2.9464
46119,3.47678
46120,4.79695
46121,2.90244
46122,3.59358
46123,4.37757
46124,3.92683
46125,3.04434
46126,3.16389
46127,3.13416
46128,3.60311
46129,3.07337
46130,3.43434
46131,2.21406
46132,4.00754
46133,3.93479
46134,3.33179
46135,2.3072
46136,2.72916
46137,2.62201
46138,3.54262
46139,1.82268
46140,3.17226
46141,2.23836
46142,2.64771
46143,2.15713
46144,2.28358
46145,2.47177
46146,2.6166
46147,2.44275
46148,1.36191
46149,2.69806
46150,1.33375
46151,3.96728
46152,3.08926
46153,1.5333
46154,3.38722
46155,2.71991
46156,3.80361
46157,3.27754
46158,2.534
46159,1.15654
46160,3.20898
46161,3.36906
46162,3.60232
46163,2.9928
46164,3.06323
46165,1.8281
46166,2.44723
46167,1.23793
46168,1.64385
46169,2.28254
46170,3.27281
46171,3.35691
46172,3.43114
46173,2.76482
46174,2.91086
46175,4.10688
46176,3.28156
46177,3.04132
46178,3.02195
46179,2.94105
46180,3.97908
46181,3.73696
46182,3.54734
46183,3.76513
46184,3.05411
46185,3.4368
46186,1.79985
46187,3.42045
46188,2.89856
46189,3.13355
46190,3.93533
46191,3.61815
46192,3.86168
46193,3.5185
46194,3.3605
46195,4.67564
46196,4.37948
46197,4.35971
46198,3.07687
46199,4.48713
46200,4.8713
46201,4.58253
46202,4.47577
46203,4.14725
46204,3.72922
46205,4.70484
46206,4.62997
46207,4.67608
46208,2.80937
46209,4.5075
46210,4.25491
46211,1.98127
46212,1.93181
46213,2.99436
46214,3.60828
46215,2.17737
46216,2.8061
46217,4.0338
46218,2.1182
46219,4.80161
46220,4.76542
46221,4.12353
46222,4.58853
46223,3.50825
46224,3.51321
46225,4.46645
46226,3.82877
46227,2.92838
46228,3.24586
46229,4.3819
46230,3.36058
46231,5.0
46232,3.43626
46233,4.11473
46234,3.97778
46235,3.47324
46236,3.01221
46237,2.77558
46238,3.17688
46239,3.75592
46240,4.52076
46241,4.4763
46242,4.19476
46243,3.18252
46244,2.50922
46245,3.7569
46246,4.08557
46247,1.0
46248,4.26366
46249,4.8188
46250,4.41287
46251,3.67995
46252,4.22746
46253,4.32243
46254,4.25832
46255,2.5203
46256,4.53872
46257,5.0
46258,3.14582
46259,1.52008
46260,4.19546
46261,4.39366
46262,1.0
46263,4.14513
46264,4.61389
46265,3.86063
46266,5.0
46267,4.47837
46268,3.98233
46269,3.32068
46270,2.62147
46271,4.1994
46272,1.59045
46273,2.95473
46274,2.77579
46275,2.13276
46276,3.76749
46277,2.41604
46278,2.49886
46279,4.07344
46280,1.83041
46281,4.66658
46282,1.47348
46283,2.91636
46284,1.0
46285,2.23492
46286,2.27349
46287,4.12404
46288,1.20656
46289,4.16819
46290,3.78883
46291,3.72194
46292,4.37923
46293,2.58347
46294,2.88195
46295,3.25855
46296,3.08656
46297,4.07788
46298,3.30755
46299,3.40033
46300,3.15985
46301,3.27902
46302,3.41654
46303,3.04702
46304,3.12759
46305,3.19266
46306,3.57756
46307,2.95746
46308,2.35502
46309,3.87174
46310,2.92068
46311,2.94955
46312,2.59264
46313,3.36927
46314,3.39368
46315,2.2235
46316,2.21763
46317,3.5437
46318,3.4353
46319,2.65764
46320,3.54617
46321,3.82419
46322,3.41062
46323,3.08328
46324,3.65219
46325,3.33141
46326,2.80298
46327,2.30675
46328,2.7459
46329,2.80071
46330,3.55351
46331,3.60683
46332,3.50126
46333,3.14878
46334,3.4599
46335,3.10459
46336,2.75302
46337,2.86091
46338,2.80791
46339,3.68724
46340,3.2397
46341,3.20202
46342,2.48884
46343,3.9062
46344,2.38856
46345,3.2171
46346,3.05854
46347,3.06496
46348,3.24736
46349,3.25799
46350,2.828
46351,3.56912
46352,3.36207
46353,3.32033
46354,2.75633
46355,3.49572
46356,3.48447
46357,2.82389
46358,2.92954
46359,2.36907
46360,2.44874
46361,3.07176
46362,1.96356
46363,3.32964
46364,3.16584
46365,2.92636
46366,2.43959
46367,3.18086
46368,3.40097
46369,2.95248
46370,3.24558
46371,3.11424
46372,2.58394
46373,3.26199
46374,4.273
46375,3.91637
46376,4.06897
46377,3.39395
46378,3.70425
46379,3.5495
46380,4.66792
46381,4.14705
46382,4.48895
46383,5.0
46384,4.28168
46385,4.7774
46386,4.57237
46387,4.60135
46388,4.7301
46389,4.86103
46390,4.80952
46391,3.5096
46392,4.13895
46393,4.67017
46394,4.43655
46395,4.27727
46396,3.72176
46397,4.44912
46398,4.23164
46399,4.46825
46400,4.14683
46401,4.54562
46402,4.29947
46403,4.99105
46404,4.31148
46405,3.95368
46406,3.90436
46407,4.18393
46408,4.36638
46409,3.72488
46410,3.95272
46411,4.24571
46412,4.75509
46413,4.73502
46414,3.0209
46415,4.0345
46416,3.95568
46417,2.52809
46418,4.15767
46419,3.28008
46420,3.42928
46421,3.13422
46422,2.98775
46423,3.18337
46424,3.52674
46425,2.61514
46426,3.41313
46427,2.99913
46428,3.58204
46429,2.46863
46430,4.60346
46431,4.72109
46432,3.85509
46433,4.27212
46434,4.31725
46435,2.82475
46436,4.4194
46437,3.32521
46438,4.17115
46439,3.74751
46440,4.35886
46441,3.30964
46442,4.12011
46443,4.76035
46444,4.18695
46445,4.63087
46446,3.18862
46447,2.90877
46448,3.74915
46449,3.53572
46450,4.68436
46451,3.87573
46452,4.01102
46453,4.47862
46454,3.6159
46455,3.97821
46456,4.22166
46457,3.38896
46458,4.23609
46459,2.89209
46460,4.24692
46461,2.72054
46462,4.11996
46463,4.35972
46464,4.51963
46465,4.24326
46466,4.15031
46467,3.99428
46468,3.19714
46469,4.22577
46470,4.33352
46471,3.50795
46472,4.33251
46473,4.56902
46474,3.29353
46475,3.7317
46476,3.78423
46477,3.51616
46478,3.58195
46479,3.22681
46480,2.71299
46481,3.07082
46482,3.58523
46483,3.93053
46484,3.63759
46485,3.95442
46486,4.05624
46487,4.18765
46488,3.81439
46489,1.81873
46490,1.88689
46491,4.27908
46492,4.27845
46493,3.47322
46494,2.8684
46495,3.70845
46496,2.05379
46497,3.34592
46498,2.08659
46499,2.92038
46500,3.40629
46501,3.74362
46502,4.11317
46503,3.30697
46504,2.273
46505,3.94779
46506,4.67686
46507,4.13643
46508,1.77546
46509,5.0
46510,4.59225
46511,2.36752
46512,3.47104
46513,2.22182
46514,3.07241
46515,3.83138
46516,4.09171
46517,4.85736
46518,4.86761
46519,4.51723
46520,1.84063
46521,4.01422
46522,2.71022
46523,3.94468
46524,1.69509
46525,3.22191
46526,3.83447
46527,3.6463
46528,4.14212
46529,4.44998
46530,4.62953
46531,3.21491
46532,3.45792
46533,2.82559
46534,3.12212
46535,2.90034
46536,2.87834
46537,3.41236
46538,3.05305
46539,3.60216
46540,3.80603
46541,3.03189
46542,2.81733
46543,4.35938
46544,2.76132
46545,2.92384
46546,4.18114
46547,4.66598
46548,2.41476
46549,4.81014
46550,4.13725
46551,4.55746
46552,4.15819
46553,2.42347
46554,4.56228
46555,4.54253
46556,4.09213
46557,2.787
46558,3.56391
46559,1.35288
46560,3.74578
46561,3.86299
46562,3.22652
46563,3.55367
46564,4.09633
46565,4.5211
46566,3.49402
46567,3.90773
46568,4.14155
46569,3.84147
46570,3.94967
46571,3.15562
46572,3.9329
46573,2.6998
46574,3.8782
46575,4.21456
46576,3.46389
46577,4.18817
46578,4.0169
46579,3.89558
46580,2.63322
46581,3.14431
46582,3.86227
46583,3.61725
46584,4.28756
46585,4.02831
46586,4.02489
46587,3.70351
46588,4.20564
46589,3.77024
46590,2.46133
46591,4.16506
46592,4.13393
46593,3.10856
46594,3.4341
46595,3.21157
46596,2.14329
46597,3.53018
46598,3.55858
46599,2.74218
46600,4.53054
46601,3.6659
46602,4.33429
46603,3.99668
46604,2.44468
46605,3.14774
46606,3.37
46607,3.88003
46608,4.31872
46609,3.90091
46610,3.09348
46611,3.62978
46612,2.68852
46613,3.90426
46614,4.45531
46615,3.85564
46616,3.6582
46617,3.77867
46618,4.06884
46619,3.91363
46620,3.47581
46621,3.79737
46622,4.016
46623,3.8759
46624,1.22537
46625,4.19468
46626,5.0
46627,4.40317
46628,3.51771
46629,3.17023
46630,3.60072
46631,3.47532
46632,3.16611
46633,3.08498
46634,4.07877
46635,2.51369
46636,3.32053
46637,2.436
46638,3.46516
46639,2.7892
46640,3.27717
46641,3.92944
46642,3.90253
46643,4.05336
46644,3.235
46645,4.33529
46646,3.06995
46647,3.4554
46648,3.46377
46649,3.06222
46650,2.48652
46651,3.86071
46652,4.03907
46653,3.03988
46654,3.97795
46655,3.90017
46656,3.44855
46657,4.0249
46658,3.92662
46659,3.5504
46660,4.27665
46661,3.63437
46662,4.25706
46663,4.19334
46664,3.74382
46665,3.74162
46666,4.13328
46667,3.73307
46668,4.54232
46669,4.01359
46670,2.71455
46671,3.15066
46672,4.12359
46673,3.90269
46674,4.57819
46675,3.18379
46676,3.66746
46677,4.00029
46678,2.89772
46679,3.63353
46680,3.46154
46681,3.70465
46682,3.95053
46683,3.5218
46684,3.63347
46685,4.48642
46686,3.42319
46687,2.38345
46688,3.89465
46689,4.3136
46690,3.90576
46691,3.94427
46692,4.39214
46693,2.79484
46694,3.46143
46695,3.79513
46696,3.80022
46697,3.9521
46698,4.30967
46699,4.08511
46700,4.35828
46701,3.98302
46702,4.19917
46703,2.17311
46704,3.34671
46705,3.69606
46706,3.83434
46707,3.42966
46708,3.82115
46709,2.70447
46710,3.45318
46711,2.64367
46712,2.49807
46713,3.59959
46714,3.01896
46715,3.1426
46716,3.48915
46717,3.88042
46718,3.96334
46719,2.74098
46720,3.99352
46721,5.0
46722,3.66492
46723,3.30972
46724,4.05927
46725,4.08896
46726,4.5241
46727,3.27978
46728,3.17705
46729,1.45201
46730,3.89442
46731,3.76197
46732,4.30697
46733,3.55599
46734,3.94481
46735,4.4134
46736,2.83758
46737,1.06542
46738,3.29163
46739,2.16457
46740,3.60534
46741,4.0093
46742,3.62124
46743,3.23657
46744,4.15214
46745,3.16329
46746,2.72234
46747,3.80246
46748,4.04431
46749,2.82588
46750,4.99721
46751,4.32339
46752,4.25329
46753,3.27676
46754,4.1232
46755,2.80267
46756,3.16858
46757,2.53326
46758,2.69149
46759,3.78261
46760,2.90372
46761,4.07146
46762,3.00024
46763,3.7649
46764,2.79063
46765,3.54305
46766,3.28501
46767,4.31767
46768,4.0947
46769,3.42954
46770,3.42963
46771,3.2917
46772,2.85878
46773,2.86198
46774,3.0988
46775,2.18884
46776,2.57991
46777,1.87322
46778,3.68054
46779,2.8588
46780,2.95694
46781,1.59604
46782,2.03378
46783,4.19218
46784,3.42443
46785,3.63406
46786,4.35338
46787,4.5039
46788,4.36814
46789,4.14741
46790,4.04231
46791,4.34474
46792,4.22279
46793,3.98382
46794,4.39449
46795,4.84357
46796,4.50555
46797,4.84521
46798,4.13319
46799,2.52966
46800,3.96035
46801,4.48001
46802,4.35426
46803,4.1924
46804,4.59657
46805,3.53081
46806,3.91532
46807,4.10403
46808,4.33015
46809,3.67924
46810,4.28063
46811,4.08724
46812,4.55914
46813,4.51536
46814,4.69386
46815,4.53392
46816,4.73778
46817,3.51661
46818,3.39561
46819,4.67946
46820,3.68655
46821,3.59812
46822,3.87166
46823,4.64884
46824,3.36699
46825,4.42315
46826,3.20312
46827,3.32581
46828,3.64518
46829,2.33563
46830,2.89976
46831,3.42262
46832,2.22384
46833,3.30947
46834,3.61097
46835,4.24527
46836,3.44749
46837,3.15605
46838,3.39702
46839,2.61023
46840,2.99777
46841,4.08246
46842,3.46275
46843,3.12522
46844,4.8138
46845,4.11539
46846,3.84235
46847,3.86562
46848,3.24683
46849,3.58156
46850,3.57278
46851,3.00769
46852,3.38409
46853,2.72914
46854,3.83765
46855,3.14689
46856,3.88802
46857,3.3081
46858,4.16856
46859,3.78241
46860,3.0903
46861,3.99839
46862,3.05753
46863,3.6463
46864,3.6649
46865,3.36248
46866,2.22951
46867,4.26404
46868,4.90941
46869,3.60985
46870,3.66259
46871,3.56324
46872,4.79922
46873,3.10897
46874,3.53366
46875,3.24615
46876,3.4491
46877,3.56194
46878,2.6564
46879,3.48215
46880,3.66307
46881,3.30654
46882,2.3783
46883,2.53486
46884,3.23632
46885,3.64408
46886,3.4375
46887,4.8611
46888,3.11668
46889,3.2642
46890,3.46232
46891,4.70931
46892,3.61661
46893,4.04106
46894,2.99029
46895,4.0498
46896,2.87783
46897,3.80909
46898,2.74706
46899,3.32192
46900,3.55766
46901,3.48321
46902,2.93399
46903,3.48452
46904,3.15775
46905,4.29971
46906,4.39547
46907,3.32872
46908,3.2881
46909,2.73685
46910,2.97006
46911,3.1735
46912,3.87541
46913,4.6983
46914,4.28392
46915,4.32426
46916,4.34378
46917,4.21617
46918,3.54872
46919,3.50859
46920,2.98774
46921,3.72382
46922,3.9293
46923,4.12003
46924,3.32468
46925,3.62499
46926,4.1787
46927,3.94828
46928,4.07453
46929,4.48642
46930,3.99038
46931,3.79924
46932,4.14302
46933,1.93808
46934,2.56249
46935,2.9007
46936,3.12599
46937,2.34888
46938,3.73908
46939,3.19277
46940,4.86042
46941,4.35193
46942,3.00142
46943,2.98919
46944,3.56997
46945,1.73735
46946,2.06283
46947,4.40537
46948,4.27938
46949,3.49169
46950,3.82289
46951,3.07899
46952,3.03483
46953,4.25799
46954,4.91508
46955,5.0
46956,4.06556
46957,3.62727
46958,3.95047
46959,2.65102
46960,2.3364
46961,3.65224
46962,4.36835
46963,4.24761
46964,4.90422
46965,3.33761
46966,2.58482
46967,2.68346
46968,3.18538
46969,3.14172
46970,4.25776
46971,3.68146
46972,4.49294
46973,4.8326
46974,3.71151
46975,4.88366
46976,4.35982
46977,4.71437
46978,3.58402
46979,3.99036
46980,4.45902
46981,2.88369
46982,3.98795
46983,4.69747
46984,4.4256
46985,4.33669
46986,3.40503
46987,3.70166
46988,2.60218
46989,4.76816
46990,4.87976
46991,1.42989
46992,2.69942
46993,3.7242
46994,1.9273
46995,2.45007
46996,3.61854
46997,3.51754
46998,4.92584
46999,4.01966
47000,3.29918
47001,5.0
47002,2.22209
47003,3.85461
47004,3.44129
47005,2.74574
47006,4.12802
47007,2.40763
47008,4.66867
47009,2.57081
47010,3.36133
47011,2.82866
47012,3.59947
47013,4.49422
47014,3.38706
47015,4.11587
47016,3.12401
47017,4.59464
47018,2.88915
47019,4.91006
47020,4.22569
47021,2.41305
47022,4.37925
47023,2.01654
47024,3.3524
47025,4.79509
47026,2.2341
47027,3.06596
47028,3.77087
47029,2.5658
47030,3.97157
47031,2.99125
47032,2.91473
47033,3.00393
47034,3.42677
47035,4.30394
47036,4.77414
47037,3.56294
47038,3.59107
47039,4.00302
47040,3.09398
47041,3.16874
47042,3.32433
47043,2.36143
47044,3.15308
47045,3.23807
47046,4.8118
47047,2.20555
47048,3.44242
47049,3.37226
47050,2.83802
47051,4.12562
47052,3.97525
47053,3.44575
47054,2.47907
47055,3.05252
47056,3.83358
47057,3.8981
47058,4.25809
47059,3.6406
47060,2.93616
47061,5.0
47062,2.52346
47063,3.76188
47064,3.98768
47065,3.50642
47066,3.69497
47067,4.1316
47068,5.0
47069,3.92304
47070,3.72228
47071,3.33485
47072,2.11502
47073,3.0481
47074,4.26716
47075,3.39258
47076,3.40071
47077,4.20456
47078,4.16918
47079,2.38388
47080,3.57141
47081,4.56408
47082,3.8242
47083,3.69316
47084,4.39924
47085,3.6133
47086,3.81477
47087,4.15183
47088,4.10127
47089,4.03661
47090,2.37351
47091,3.57875
47092,4.3131
47093,4.25103
47094,3.89455
47095,3.67372
47096,4.2014
47097,3.54876
47098,4.04125
47099,4.22115
47100,4.45597
47101,4.38979
47102,3.50662
47103,3.99168
47104,3.77305
47105,3.94424
47106,4.18249
47107,3.71289
47108,3.46503
47109,4.61514
47110,4.11949
47111,3.18418
47112,3.46127
47113,3.78675
47114,3.90296
47115,4.21423
47116,3.50821
47117,3.65731
47118,4.28196
47119,3.72957
47120,4.6718
47121,4.38099
47122,3.37742
47123,4.41161
47124,3.80034
47125,3.17046
47126,4.21813
47127,3.86241
47128,4.44439
47129,4.15339
47130,3.07057
47131,4.08021
47132,2.79511
47133,3.9023
47134,5.0
47135,4.07004
47136,4.01434
47137,3.88436
47138,4.85207
47139,2.96728
47140,4.15027
47141,4.35662
47142,2.91026
47143,2.77946
47144,4.72188
47145,4.55766
47146,3.43916
47147,2.98786
47148,3.96897
47149,3.69317
47150,5.0
47151,4.70335
47152,2.69923
47153,4.65433
47154,4.66423
47155,4.92589
47156,3.75815
47157,4.39676
47158,4.15676
47159,4.13004
47160,4.25242
47161,4.32972
47162,3.24974
47163,4.29551
47164,4.54714
47165,4.2576
47166,3.85555
47167,4.51001
47168,4.35715
47169,3.66251
47170,4.22542
47171,4.11734
47172,4.56916
47173,3.63746
47174,4.81029
47175,4.63886
47176,4.53777
47177,4.44117
47178,4.12438
47179,4.95355
47180,4.66459
47181,4.89919
47182,3.69486
47183,4.41061
47184,4.05239
47185,3.98797
47186,3.88074
47187,4.42067
47188,4.57745
47189,3.46509
47190,2.84627
47191,4.9637
47192,3.89958
47193,4.87063
47194,4.14747
47195,4.85696
47196,2.83805
47197,2.37346
47198,4.12429
47199,5.0
47200,2.88374
47201,3.73463
47202,3.60081
47203,3.37964
47204,4.22685
47205,4.26155
47206,4.09135
47207,4.37944
47208,4.28141
47209,3.02911
47210,4.07116
47211,3.3625
47212,3.91884
47213,3.8892
47214,2.91941
47215,4.28683
47216,3.76724
47217,3.82529
47218,3.90626
47219,3.4528
47220,3.7686
47221,3.18164
47222,2.89971
47223,3.55133
47224,3.72695
47225,3.23501
47226,2.83745
47227,3.50868
47228,3.45852
47229,3.12493
47230,3.72277
47231,3.57752
47232,3.16129
47233,3.60334
47234,3.3398
47235,4.09381
47236,3.46247
47237,3.51845
47238,3.80044
47239,3.73582
47240,3.35939
47241,3.83739
47242,3.18504
47243,4.079
47244,3.51149
47245,3.02686
47246,3.33676
47247,3.31314
47248,2.50646
47249,3.53029
47250,3.29486
47251,3.05732
47252,3.45309
47253,3.07958
47254,3.08448
47255,3.20335
47256,3.11701
47257,3.75229
47258,3.36665
47259,3.05719
47260,3.67171
47261,2.99705
47262,3.34688
47263,3.93177
47264,3.52158
47265,2.97465
47266,3.41515
47267,2.3981
47268,2.98003
47269,3.00665
47270,3.00199
47271,3.46202
47272,3.51805
47273,2.92531
47274,3.10194
47275,4.06681
47276,3.3012
47277,2.66087
47278,3.98478
47279,3.1794
47280,2.96196
47281,2.64224
47282,3.33582
47283,3.13673
47284,3.71143
47285,3.63738
47286,3.05531
47287,3.33417
47288,2.66478
47289,2.87421
47290,3.23399
47291,3.18172
47292,3.14335
47293,2.99507
47294,3.04408
47295,3.64804
47296,4.08968
47297,3.76361
47298,3.58077
47299,3.33049
47300,3.12523
47301,3.20939
47302,3.20163
47303,4.76549
47304,3.61854
47305,2.81748
47306,4.40593
47307,3.35239
47308,2.54855
47309,3.66619
47310,2.3775
47311,4.50159
47312,3.72431
47313,3.9895
47314,4.67892
47315,5.0
47316,2.96359
47317,4.48972
47318,4.56599
47319,4.00387
47320,2.79353
47321,4.73333
47322,4.3636
47323,3.36386
47324,4.30298
47325,4.5588
47326,4.00281
47327,4.33638
47328,3.19346
47329,4.05516
47330,3.87382
47331,4.29659
47332,4.39325
47333,3.62258
47334,3.49812
47335,4.76507
47336,4.13711
47337,3.7764
47338,4.63279
47339,4.90327
47340,4.73092
47341,4.48956
47342,3.80014
47343,4.03334
47344,2.96393
47345,3.95767
47346,4.62404
47347,3.8972
47348,4.05299
47349,4.89166
47350,4.13168
47351,4.27782
47352,3.7013
47353,4.75249
47354,3.64781
47355,4.24781
47356,3.93801
47357,2.56019
47358,3.78453
47359,3.48465
47360,3.44448
47361,3.99376
47362,2.84711
47363,3.3769
47364,4.06454
47365,4.03045
47366,4.50071
47367,3.36542
47368,4.19911
47369,3.79016
47370,2.22664
47371,3.23874
47372,4.05625
47373,3.48234
47374,4.1853
47375,4.96696
47376,4.57754
47377,3.52509
47378,4.54088
47379,2.30344
47380,3.66577
47381,4.16751
47382,2.91001
47383,3.77432
47384,4.64132
47385,3.97372
47386,3.89766
47387,3.08309
47388,4.48254
47389,3.9226
47390,2.89343
47391,3.18454
47392,4.71079
47393,5.0
47394,5.0
47395,2.92785
47396,4.26066
47397,2.54757
47398,4.10593
47399,4.58804
47400,3.95829
47401,4.29214
47402,3.07259
47403,4.08712
47404,4.03155
47405,4.36443
47406,4.28004
47407,4.32173
47408,4.09425
47409,3.14368
47410,3.492
47411,3.27663
47412,4.28242
47413,4.86966
47414,3.96734
47415,4.19754
47416,3.19393
47417,4.27066
47418,3.57159
47419,3.20536
47420,3.26096
47421,4.37019
47422,3.44841
47423,2.20951
47424,3.79172
47425,3.21223
47426,3.04132
47427,4.95556
47428,4.27288
47429,3.71958
47430,3.92574
47431,2.95484
47432,3.41954
47433,3.09361
47434,2.42421
47435,1.73109
47436,2.26056
47437,2.69377
47438,2.99944
47439,5.0
47440,3.86796
47441,2.65838
47442,2.79738
47443,3.63467
47444,3.71378
47445,4.16366
47446,2.75566
47447,4.48994
47448,4.25855
47449,3.37941
47450,3.55896
47451,3.89551
47452,1.7767
47453,2.84615
47454,3.40551
47455,2.85762
47456,3.65012
47457,4.56502
47458,4.14507
47459,4.01437
47460,3.47373
47461,3.91433
47462,4.04747
47463,3.66405
47464,4.63382
47465,4.59323
47466,4.27073
47467,4.40572
47468,3.18204
47469,4.52578
47470,3.92846
47471,3.26607
47472,4.43676
47473,4.60627
47474,3.51257
47475,4.39914
47476,4.13158
47477,3.57202
47478,4.15637
47479,3.52012
47480,4.42519
47481,4.0024
47482,3.39773
47483,3.77535
47484,4.46689
47485,4.49434
47486,4.072
47487,4.44852
47488,3.58986
47489,4.63067
47490,4.66905
47491,5.0
47492,3.70932
47493,4.76818
47494,4.84199
47495,3.25059
47496,4.02158
47497,4.34881
47498,4.02151
47499,3.97325
47500,3.60918
47501,2.88011
47502,3.97615
47503,4.88477
47504,3.16982
47505,3.63239
47506,2.88472
47507,4.29641
47508,2.41252
47509,4.48753
47510,4.354
47511,4.41851
47512,2.72516
47513,1.14516
47514,2.39318
47515,4.17795
47516,2.90386
47517,3.02867
47518,2.84233
47519,4.6399
47520,3.84984
47521,3.00657
47522,3.76558
47523,1.0
47524,3.80048
47525,2.50137
47526,4.46211
47527,3.68624
47528,2.50195
47529,4.30107
47530,2.5603
47531,3.89169
47532,3.89042
47533,4.19908
47534,2.56602
47535,2.8073
47536,2.78973
47537,2.95
47538,3.34706
47539,4.80323
47540,4.42191
47541,3.89102
47542,2.57946
47543,2.42564
47544,4.44791
47545,4.17895
47546,4.10461
47547,4.4753
47548,4.94963
47549,4.15392
47550,3.5608
47551,3.72248
47552,3.82861
47553,2.83286
47554,3.62645
47555,3.33537
47556,2.83816
47557,3.32314
47558,1.6686
47559,3.65364
47560,4.20667
47561,2.88681
47562,2.19906
47563,1.96227
47564,4.14951
47565,2.12124
47566,3.37423
47567,1.88627
47568,4.12381
47569,3.772
47570,4.72744
47571,4.04903
47572,3.39139
47573,4.11692
47574,3.49356
47575,3.31402
47576,3.49534
47577,3.18103
47578,4.07563
47579,4.36624
47580,4.58446
47581,4.16331
47582,3.26384
47583,2.83225
47584,3.74956
47585,4.24178
47586,4.81194
47587,3.15095
47588,2.97072
47589,3.21359
47590,2.00688
47591,3.44391
47592,3.33671
47593,2.95573
47594,3.69706
47595,4.33314
47596,2.18108
47597,2.70973
47598,3.42335
47599,2.68229
47600,1.66113
47601,4.14891
47602,3.70238
47603,4.64567
47604,4.04386
47605,3.72124
47606,4.20367
47607,4.32683
47608,4.73037
47609,4.91978
47610,3.06974
47611,3.6347
47612,3.82525
47613,3.15839
47614,4.90814
47615,5.0
47616,3.20722
47617,3.77717
47618,4.47971
47619,3.22718
47620,2.85623
47621,3.7151
47622,3.14896
47623,3.75836
47624,2.53758
47625,3.06761
47626,3.08692
47627,3.10232
47628,3.2365
47629,2.99411
47630,3.14882
47631,3.77125
47632,2.5059
47633,3.50169
47634,2.07
47635,3.46646
47636,3.63323
47637,3.11107
47638,3.76578
47639,3.32176
47640,1.82275
47641,2.69771
47642,2.79023
47643,2.93612
47644,3.56782
47645,3.91149
47646,3.95593
47647,3.79314
47648,2.49925
47649,3.06886
47650,3.37733
47651,3.03313
47652,2.6415
47653,3.36946
47654,2.89482
47655,3.79028
47656,3.8694
47657,4.36754
47658,3.81021
47659,2.98545
47660,4.02407
47661,3.0195
47662,3.82763
47663,3.59293
47664,3.49093
47665,4.80939
47666,4.98415
47667,3.93544
47668,4.12819
47669,3.41576
47670,4.56645
47671,2.87858
47672,4.325
47673,3.32606
47674,2.06533
47675,3.57543
47676,3.867
47677,4.4881
47678,4.20449
47679,3.59603
47680,4.22904
47681,4.0923
47682,4.04042
47683,3.71499
47684,4.2144
47685,4.01829
47686,2.23137
47687,2.06841
47688,4.00128
47689,3.36855
47690,3.43982
47691,3.165
47692,2.51905
47693,4.55039
47694,4.38716
47695,4.48277
47696,2.92373
47697,4.3862
47698,4.08127
47699,4.45764
47700,3.53781
47701,2.42278
47702,3.62436
47703,4.11634
47704,5.0
47705,3.90848
47706,3.05893
47707,3.53634
47708,3.91743
47709,4.20934
47710,3.17626
47711,4.14745
47712,3.12727
47713,4.69887
47714,4.11406
47715,4.87198
47716,3.98098
47717,3.93206
47718,4.94681
47719,3.79358
47720,4.61487
47721,3.15276
47722,3.14304
47723,4.00094
47724,2.88065
47725,4.06828
47726,4.39822
47727,4.28089
47728,3.6187
47729,4.09801
47730,4.61023
47731,3.45771
47732,4.30044
47733,4.8341
47734,3.4177
47735,4.18957
47736,4.32935
47737,4.18977
47738,3.08688
47739,2.95952
47740,3.97846
47741,2.31703
47742,3.49691
47743,3.33127
47744,4.19174
47745,1.59412
47746,4.76919
47747,5.0
47748,2.61974
47749,4.03123
47750,3.35675
47751,3.59342
47752,4.46779
47753,3.71458
47754,3.76501
47755,2.6407
47756,4.4587
47757,4.04525
47758,4.45984
47759,4.16151
47760,3.42358
47761,5.0
47762,3.78121
47763,4.69082
47764,2.81426
47765,3.83064
47766,3.95722
47767,3.23502
47768,4.9726
47769,3.33772
47770,3.01848
47771,3.15843
47772,4.00719
47773,4.92303
47774,4.14588
47775,4.54018
47776,4.39055
47777,2.90754
47778,3.59243
47779,3.47743
47780,3.89415
47781,3.5796
47782,2.43734
47783,3.51503
47784,3.76882
47785,3.04345
47786,3.83622
47787,3.86987
47788,2.80586
47789,2.7547
47790,3.70419
47791,2.32257
47792,3.838
47793,3.69148
47794,3.6596
47795,3.08948
47796,3.70983
47797,3.32249
47798,3.6331
47799,3.63193
47800,3.02087
47801,3.04526
47802,2.8835
47803,2.93898
47804,2.86888
47805,3.06981
47806,3.15238
47807,3.22746
47808,3.63975
47809,3.34605
47810,3.02428
47811,4.24442
47812,3.64789
47813,3.70077
47814,3.42056
47815,3.89559
47816,3.00676
47817,3.20892
47818,3.16306
47819,3.47315
47820,3.12039
47821,3.715
47822,3.6142
47823,3.03593
47824,2.72561
47825,3.55807
47826,3.28855
47827,3.23515
47828,4.27391
47829,3.66987
47830,3.79997
47831,2.94586
47832,2.7331
47833,3.38482
47834,3.93239
47835,3.4066
47836,3.12538
47837,3.16435
47838,2.6419
47839,3.29213
47840,3.58997
47841,3.86184
47842,3.09274
47843,3.27213
47844,3.97924
47845,3.80191
47846,4.25495
47847,4.31179
47848,4.60228
47849,2.64202
47850,4.12612
47851,2.89537
47852,5.0
47853,4.66434
47854,5.0
47855,4.8254
47856,4.62045
47857,2.6097
47858,4.22963
47859,4.03165
47860,1.99309
47861,3.28241
47862,2.58618
47863,3.72396
47864,2.40151
47865,3.74125
47866,2.99462
47867,2.85691
47868,3.06594
47869,2.54619
47870,2.62188
47871,4.05865
47872,4.11008
47873,3.80787
47874,3.84491
47875,3.89115
47876,3.35782
47877,4.44137
47878,3.22561
47879,4.52465
47880,4.09542
47881,3.99348
47882,4.73266
47883,4.13652
47884,3.40214
47885,4.31138
47886,4.6715
47887,4.28222
47888,3.82779
47889,3.71097
47890,4.3553
47891,4.13927
47892,3.04206
47893,2.80745
47894,3.69009
47895,3.30632
47896,3.84714
47897,3.89192
47898,4.35775
47899,4.63306
47900,2.80933
47901,3.37321
47902,4.42049
47903,4.17011
47904,4.46054
47905,4.36715
47906,3.92824
47907,3.42853
47908,2.11327
47909,4.12827
47910,3.23845
47911,4.3091
47912,3.99487
47913,3.34677
47914,4.84663
47915,3.22519
47916,4.31028
47917,4.38676
47918,3.39469
47919,3.75763
47920,2.65182
47921,4.29488
47922,5.0
47923,2.35865
47924,2.32418
47925,3.4535
47926,1.13254
47927,4.5191
47928,4.76017
47929,2.47952
47930,3.68142
47931,2.62054
47932,3.87
47933,2.89938
47934,3.03388
47935,3.37417
47936,3.48635
47937,2.05732
47938,2.01883
47939,2.94056
47940,3.09701
47941,4.23122
47942,2.4466
47943,3.0616
47944,3.9315
47945,4.59767
47946,5.0
47947,4.39514
47948,4.19997
47949,2.44163
47950,4.72729
47951,4.77269
47952,4.62131
47953,4.94512
47954,4.20716
47955,4.46953
47956,2.66434
47957,4.47776
47958,3.93338
47959,3.79794
47960,4.15368
47961,2.87204
47962,4.27729
47963,4.19122
47964,4.25792
47965,4.45346
47966,4.39714
47967,4.83413
47968,4.69729
47969,3.98289
47970,4.36766
47971,4.68521
47972,4.27284
47973,3.19187
47974,4.26839
47975,5.0
47976,4.69273
47977,4.49343
47978,4.23854
47979,3.49529
47980,4.21716
47981,4.57504
47982,4.8852
47983,4.75095
47984,4.1357
47985,4.39683
47986,4.04797
47987,4.32196
47988,3.134
47989,2.76224
47990,3.69006
47991,4.25657
47992,3.87955
47993,2.31128
47994,3.03567
47995,3.79469
47996,3.88452
47997,2.882
47998,2.03252
47999,2.23193
48000,2.48115
48001,3.29116
48002,1.82141
48003,3.50841
48004,1.73855
48005,2.8774
48006,1.89461
48007,2.65175
48008,2.68309
48009,2.40608
48010,3.31909
48011,3.5051
48012,3.21649
48013,3.2742
48014,1.98441
48015,3.63562
48016,3.00612
48017,2.93293
48018,4.46868
48019,2.47283
48020,2.69443
48021,2.78114
48022,3.11862
48023,2.27397
48024,3.34273
48025,1.67423
48026,2.93188
48027,3.04816
48028,3.81308
48029,4.17902
48030,1.86994
48031,4.3024
48032,3.20786
48033,3.45692
48034,3.40761
48035,4.41989
48036,3.09841
48037,1.48822
48038,3.44083
48039,4.22007
48040,4.61194
48041,3.52821
48042,3.28213
48043,3.97889
48044,2.28044
48045,3.95904
48046,3.78279
48047,3.95244
48048,2.95521
48049,3.59267
48050,3.57788
48051,3.55896
48052,4.5229
48053,4.82639
48054,2.21832
48055,4.09583
48056,3.4245
48057,3.46389
48058,4.25906
48059,3.75558
48060,3.42254
48061,4.51606
48062,3.9692
48063,2.8195
48064,2.62225
48065,4.31583
48066,1.94557
48067,3.13345
48068,3.80349
48069,2.00424
48070,4.39953
48071,4.76297
48072,4.44697
48073,4.03238
48074,3.97651
48075,4.6154
48076,4.64969
48077,4.62998
48078,4.36447
48079,3.84407
48080,4.56841
48081,4.62414
48082,4.1607
48083,2.31719
48084,3.78452
48085,3.84506
48086,3.63793
48087,4.47867
48088,2.24576
48089,3.54985
48090,2.35932
48091,4.65856
48092,4.96886
48093,3.44864
48094,3.65194
48095,2.31732
48096,3.40474
48097,4.31664
48098,1.09213
48099,3.59808
48100,4.64414
48101,3.25376
48102,4.10658
48103,4.79967
48104,5.0
48105,3.46826
48106,3.64289
48107,2.69448
48108,3.29666
48109,1.87455
48110,3.67924
48111,2.57075
48112,3.68042
48113,3.29421
48114,3.49143
48115,3.71195
48116,3.52659
48117,3.11849
48118,1.5791
48119,2.32504
48120,2.91408
48121,1.0
48122,2.92558
48123,3.77088
48124,2.59352
48125,4.28995
48126,3.60429
48127,3.8947
48128,4.52193
48129,4.13626
48130,3.78515
48131,3.37096
48132,4.74374
48133,4.72829
48134,1.72033
48135,3.88796
48136,3.90721
48137,3.8467
48138,3.17475
48139,3.56292
48140,3.3213
48141,4.47078
48142,4.10415
48143,4.2931
48144,3.63807
48145,4.40603
48146,3.27172
48147,1.08418
48148,4.22615
48149,5.0
48150,3.02227
48151,4.32244
48152,3.84916
48153,3.17435
48154,2.74596
48155,2.95856
48156,3.02914
48157,2.95853
48158,3.77308
48159,3.58916
48160,2.46563
48161,2.33252
48162,2.53286
48163,3.2756
48164,2.68955
48165,2.83063
48166,1.8601
48167,2.09452
48168,2.91138
48169,3.40435
48170,3.75843
48171,1.29773
48172,3.59736
48173,2.30675
48174,3.59339
48175,2.6331
48176,1.84504
48177,2.41173
48178,2.20699
48179,2.97193
48180,3.13289
48181,2.6058
48182,2.98389
48183,3.10979
48184,3.06528
48185,1.87135
48186,3.7283
48187,2.84589
48188,2.95658
48189,3.53619
48190,2.77937
48191,1.88715
48192,2.89261
48193,2.08634
48194,2.44188
48195,3.26515
48196,2.50293
48197,3.28324
48198,2.92015
48199,2.56673
48200,2.47169
48201,3.00107
48202,3.2294
48203,3.18566
48204,1.60249
48205,2.32303
48206,2.94711
48207,2.16309
48208,2.98651
48209,2.53284
48210,3.55255
48211,2.49251
48212,3.5688
48213,3.49822
48214,2.47963
48215,4.8689
48216,3.70836
48217,4.75332
48218,4.31928
48219,4.53043
48220,5.0
48221,4.46453
48222,3.52547
48223,4.97201
48224,3.66759
48225,4.06915
48226,4.05721
48227,5.0
48228,4.68041
48229,2.72151
48230,4.03326
48231,4.48142
48232,4.41391
48233,3.68374
48234,5.0
48235,4.81784
48236,3.92959
48237,3.99493
48238,4.46287
48239,3.98402
48240,4.79873
48241,3.91372
48242,4.01761
48243,4.58324
48244,2.97749
48245,4.52772
48246,3.40623
48247,3.82717
48248,3.50702
48249,3.2339
48250,3.51087
48251,3.10169
48252,3.378
48253,3.67137
48254,3.3637
48255,4.23347
48256,3.09189
48257,2.85585
48258,2.51059
48259,3.38928
48260,2.45115
48261,3.33946
48262,2.01134
48263,2.69348
48264,4.20771
48265,3.13938
48266,3.38508
48267,3.5057
48268,3.47825
48269,4.05047
48270,3.70798
48271,3.60264
48272,3.02532
48273,3.03108
48274,3.7083
48275,4.03463
48276,2.68844
48277,4.27153
48278,3.81039
48279,3.6335
48280,1.6809
48281,3.25517
48282,4.01674
48283,3.01729
48284,3.89281
48285,3.8364
48286,3.14572
48287,2.77403
48288,2.03265
48289,3.51144
48290,4.38353
48291,3.9681
48292,4.06412
48293,4.13741
48294,2.39311
48295,4.13931
48296,2.82624
48297,3.93087
48298,3.82116
48299,3.0883
48300,2.87197
48301,3.91487
48302,2.80315
48303,3.62717
48304,3.82182
48305,4.03188
48306,3.27615
48307,4.10896
48308,3.56308
48309,3.80227
48310,4.39407
48311,4.63124
48312,3.54023
48313,4.34556
48314,4.30323
48315,4.52818
48316,3.66986
48317,3.71602
48318,4.54676
48319,3.43655
48320,3.90209
48321,3.52833
48322,3.34859
48323,3.97076
48324,4.83707
48325,3.78213
48326,3.70919
48327,4.368
48328,3.95515
48329,3.261
48330,3.64684
48331,3.79998
48332,4.1702
48333,4.51677
48334,4.44736
48335,4.19401
48336,3.94885
48337,3.6746
48338,5.0
48339,2.02227
48340,3.89957
48341,1.78414
48342,3.31578
48343,4.38231
48344,4.463
48345,3.67923
48346,2.30861
48347,3.41543
48348,2.87763
48349,1.94677
48350,2.25826
48351,3.74182
48352,3.74206
48353,3.62887
48354,3.73679
48355,4.10226
48356,2.73177
48357,3.92292
48358,3.14531
48359,3.79156
48360,2.83246
48361,3.96568
48362,3.71396
48363,3.55564
48364,3.23202
48365,3.53689
48366,4.40893
48367,2.72492
48368,3.1254
48369,3.97578
48370,5.0
48371,5.0
48372,5.0
48373,4.15227
48374,2.82141
48375,4.92835
48376,3.40202
48377,4.89002
48378,4.02162
48379,3.99085
48380,3.65484
48381,4.65218
48382,4.30388
48383,4.10933
48384,4.82517
48385,3.87727
48386,4.54003
48387,4.6082
48388,4.58333
48389,3.88994
48390,4.07441
48391,3.08192
48392,3.60837
48393,3.68905
48394,2.83907
48395,3.57102
48396,4.14733
48397,3.09227
48398,3.70846
48399,4.12438
48400,4.26534
48401,3.94504
48402,3.72084
48403,3.33359
48404,3.22529
48405,3.75093
48406,4.16317
48407,4.51218
48408,4.23507
48409,3.58993
48410,3.73855
48411,3.02743
48412,2.97242
48413,3.16022
48414,2.32762
48415,4.20718
48416,3.59663
48417,3.81555
48418,4.26316
48419,3.20061
48420,3.93164
48421,4.1907
48422,4.01823
48423,4.49693
48424,4.78399
48425,4.42803
48426,4.72393
48427,3.42931
48428,4.09966
48429,2.8138
48430,2.1902
48431,3.21634
48432,3.06737
48433,3.94125
48434,3.43556
48435,3.36758
48436,4.24464
48437,3.36884
48438,3.3461
48439,3.53913
48440,4.01706
48441,4.34597
48442,2.2825
48443,4.39051
48444,2.43038
48445,2.7334
48446,4.47556
48447,3.32134
48448,3.43741
48449,4.5668
48450,4.06554
48451,3.82389
48452,3.12815
48453,4.19361
48454,3.33509
48455,3.25787
48456,3.4018
48457,3.25959
48458,3.13959
48459,4.49037
48460,4.49041
48461,3.20861
48462,3.7939
48463,3.95307
48464,3.50868
48465,1.8831
48466,3.89018
48467,3.87642
48468,3.47836
48469,4.01242
48470,3.82185
48471,2.41468
48472,2.58548
48473,3.14894
48474,3.38695
48475,2.66241
48476,3.8195
48477,3.45914
48478,3.23995
48479,3.01158
48480,2.52339
48481,3.70697
48482,3.16239
48483,4.06742
48484,3.86307
48485,3.50442
48486,2.76155
48487,3.73503
48488,4.0314
48489,3.10467
48490,3.71532
48491,4.02397
48492,3.8086
48493,3.01563
48494,2.91083
48495,4.06987
48496,2.82494
48497,3.04005
48498,4.06341
48499,3.31587
48500,3.14507
48501,3.17939
48502,3.89219
48503,3.5618
48504,3.6149
48505,3.39225
48506,3.32081
48507,3.17654
48508,3.47859
48509,3.11909
48510,3.5671
48511,3.46942
48512,3.00598
48513,3.57725
48514,3.32306
48515,2.91686
48516,3.67496
48517,3.36748
48518,3.81361
48519,2.79648
48520,3.52629
48521,3.51445
48522,3.18302
48523,2.80274
48524,3.66368
48525,3.75691
48526,3.515
48527,3.6561
48528,3.22321
48529,4.18411
48530,3.53335
48531,3.49888
48532,3.17512
48533,3.27229
48534,4.09822
48535,3.80118
48536,2.71468
48537,3.80176
48538,3.39183
48539,4.26476
48540,2.9413
48541,3.95667
48542,3.10064
48543,3.79489
48544,3.93091
48545,4.63622
48546,4.34898
48547,4.24879
48548,4.1708
48549,1.99656
48550,2.96395
48551,3.41284
48552,4.12811
48553,3.72053
48554,2.84017
48555,3.03442
48556,4.2251
48557,2.48218
48558,3.89576
48559,4.86396
48560,4.20683
48561,2.5934
48562,4.71584
48563,4.44352
48564,4.18703
48565,3.79533
48566,4.41544
48567,3.90001
48568,4.73521
48569,4.6992
48570,4.31719
48571,3.45525
48572,4.03958
48573,4.24115
48574,2.38459
48575,1.01457
48576,4.39085
48577,3.59601
48578,4.75968
48579,3.63922
48580,4.61102
48581,3.08801
48582,3.93679
48583,5.0
48584,4.72179
48585,5.0
48586,4.57727
48587,3.42668
48588,3.59666
48589,4.0345
48590,2.61235
48591,4.723
48592,4.33447
48593,4.42808
48594,4.26759
48595,3.72919
48596,4.55245
48597,4.24255
48598,2.40909
48599,3.05267
48600,3.36066
48601,4.51293
48602,3.17102
48603,3.73453
48604,4.61487
48605,4.01617
48606,4.67189
48607,4.62985
48608,3.59977
48609,3.79487
48610,3.96345
48611,4.01897
48612,3.33644
48613,3.07234
48614,3.18378
48615,4.21756
48616,3.0565
48617,3.37703
48618,3.54048
48619,4.35797
48620,3.55014
48621,3.20061
48622,3.75437
48623,2.95982
48624,3.34982
48625,4.23206
48626,2.70486
48627,3.53418
48628,3.79077
48629,2.78524
48630,3.33989
48631,3.05636
48632,3.31351
48633,3.84484
48634,3.51412
48635,3.32782
48636,2.13081
48637,3.40222
48638,3.78733
48639,3.79854
48640,3.77107
48641,3.09892
48642,2.4419
48643,2.73511
48644,2.92539
48645,3.22706
48646,3.95812
48647,3.94898
48648,3.10053
48649,4.53888
48650,4.54641
48651,4.53564
48652,3.63956
48653,3.71105
48654,4.33464
48655,4.00306
48656,3.63351
48657,3.21562
48658,3.69217
48659,3.65227
48660,4.1469
48661,4.83974
48662,3.90444
48663,4.42485
48664,5.0
48665,2.7007
48666,3.47711
48667,3.55234
48668,3.74022
48669,4.58977
48670,3.177
48671,4.09073
48672,2.82411
48673,2.88053
48674,4.28702
48675,3.74952
48676,3.32756
48677,3.92077
48678,4.28352
48679,4.28727
48680,4.54803
48681,4.47995
48682,3.48761
48683,2.34849
48684,1.40097
48685,4.11266
48686,3.706
48687,3.57473
48688,2.82834
48689,3.68614
48690,3.3603
48691,4.05639
48692,3.67865
48693,2.25247
48694,4.08081
48695,2.56921
48696,4.07224
48697,3.63446
48698,3.2595
48699,2.38922
48700,3.56033
48701,2.37961
48702,3.40747
48703,4.00204
48704,1.23549
48705,3.62655
48706,3.07078
48707,2.34851
48708,3.26856
48709,2.70794
48710,4.71287
48711,3.18601
48712,3.84368
48713,3.06391
48714,2.86565
48715,2.71975
48716,2.83949
48717,3.5545
48718,3.204
48719,2.55077
48720,3.74736
48721,3.45686
48722,2.7319
48723,3.14398
48724,4.16477
48725,4.11189
48726,3.67772
48727,3.63956
48728,2.66434
48729,3.94391
48730,4.43665
48731,4.85246
48732,4.92398
48733,3.40165
48734,4.28465
48735,3.05202
48736,3.81026
48737,2.94269
48738,3.91695
48739,3.1754
48740,4.56555
48741,2.93402
48742,2.69655
48743,4.25536
48744,4.34934
48745,4.01303
48746,4.81491
48747,3.00386
48748,5.0
48749,4.5618
48750,4.05559
48751,1.69328
48752,2.24427
48753,3.4196
48754,2.79311
48755,2.63403
48756,3.16858
48757,1.59725
48758,1.92563
48759,1.36161
48760,3.02199
48761,3.18402
48762,3.53985
48763,3.27532
48764,2.2718
48765,3.18701
48766,3.7703
48767,3.79367
48768,2.14481
48769,2.68591
48770,3.65596
48771,2.98752
48772,4.07881
48773,3.15177
48774,2.9347
48775,4.64571
48776,4.24909
48777,4.41543
48778,3.03427
48779,3.3866
48780,3.21235
48781,3.48462
48782,4.15112
48783,5.0
48784,3.81942
48785,5.0
48786,3.57852
48787,4.38716
48788,4.04876
48789,4.53475
48790,2.76229
48791,3.69345
48792,4.03067
48793,4.26574
48794,3.53691
48795,4.0129
48796,3.87741
48797,4.00744
48798,3.30213
48799,5.0
48800,3.97664
48801,5.0
48802,4.79742
48803,4.26149
48804,4.25884
48805,3.55695
48806,4.18568
48807,5.0
48808,4.99221
48809,4.91726
48810,4.31515
48811,1.3791
48812,4.57628
48813,5.0
48814,3.63354
48815,4.14293
48816,4.34165
48817,2.62582
48818,1.58012
48819,4.05267
48820,4.2638
48821,4.87552
48822,4.19203
48823,3.97166
48824,3.86297
48825,3.41084
48826,4.06805
48827,3.81492
48828,4.05446
48829,4.07888
48830,3.87554
48831,4.06786
48832,3.75335
48833,4.24374
48834,3.93036
48835,3.83812
48836,2.88043
48837,3.36647
48838,3.59919
48839,3.12634
48840,3.78188
48841,3.28445
48842,4.28403
48843,3.43966
48844,4.75227
48845,4.05977
48846,4.59219
48847,4.58298
48848,3.87549
48849,4.41424
48850,4.19604
48851,3.82432
48852,4.33641
48853,3.60601
48854,3.50254
48855,4.7536
48856,5.0
48857,4.58666
48858,2.59882
48859,4.66849
48860,1.77763
48861,1.99211
48862,1.29432
48863,3.2349
48864,2.7169
48865,4.15755
48866,2.17782
48867,3.80554
48868,1.47889
48869,1.98868
48870,3.93122
48871,2.67847
48872,4.00909
48873,1.4489
48874,2.43077
48875,3.75178
48876,3.92621
48877,4.9679
48878,1.36057
48879,2.97493
48880,3.16152
48881,2.4215
48882,4.13159
48883,4.1914
48884,4.90626
48885,3.65995
48886,4.05629
48887,4.25984
48888,3.97198
48889,4.00875
48890,2.92143
48891,4.15027
48892,3.02885
48893,3.65357
48894,4.55078
48895,3.85913
48896,4.51919
48897,3.05901
48898,3.82947
48899,4.29031
48900,4.97188
48901,4.35285
48902,3.93941
48903,3.60408
48904,3.21972
48905,3.32216
48906,4.51947
48907,4.59694
48908,3.28335
48909,3.12357
48910,3.4963
48911,3.48055
48912,2.56576
48913,2.12614
48914,1.5481
48915,4.83555
48916,1.0
48917,2.01442
48918,2.31693
48919,2.24742
48920,1.8829
48921,2.48292
48922,2.16064
48923,2.25677
48924,4.50467
48925,3.13552
48926,2.3939
48927,2.66264
48928,1.34959
48929,1.0
48930,2.55348
48931,3.58949
48932,1.5606
48933,2.43308
48934,1.87427
48935,3.82539
48936,3.53969
48937,1.56313
48938,2.92662
48939,2.68984
48940,3.4957
48941,4.21321
48942,4.04548
48943,3.06483
48944,4.23667
48945,2.63028
48946,2.86657
48947,3.1062
48948,2.96429
48949,4.41771
48950,4.03573
48951,4.12399
48952,3.2864
48953,2.96567
48954,4.05291
48955,4.36671
48956,3.53079
48957,4.22022
48958,3.45881
48959,4.65872
48960,2.96212
48961,2.75437
48962,4.14588
48963,2.76633
48964,3.21347
48965,3.04254
48966,4.15595
48967,3.13133
48968,2.26918
48969,2.56923
48970,2.03982
48971,2.73634
48972,4.23848
48973,2.26857
48974,2.29803
48975,3.59019
48976,3.30088
48977,3.50348
48978,4.27641
48979,4.27397
48980,2.46315
48981,3.9367
48982,2.94169
48983,3.59952
48984,3.83375
48985,4.1507
48986,4.07652
48987,3.60134
48988,3.67514
48989,3.96381
48990,2.78726
48991,3.38505
48992,2.95621
48993,4.11923
48994,3.36195
48995,4.27284
48996,4.02558
48997,3.87474
48998,2.83199
48999,3.17572
49000,3.60338
49001,3.75994
49002,3.63862
49003,3.46947
49004,4.33932
49005,3.13385
49006,2.69496
49007,3.88921
49008,3.14383
49009,1.796
49010,5.0
49011,4.95205
49012,3.51989
49013,3.70448
49014,3.54114
49015,3.97109
49016,3.61347
49017,3.4663
49018,2.95962
49019,3.93445
49020,3.42376
49021,2.80856
49022,2.5788
49023,3.11499
49024,3.8847
49025,2.85991
49026,3.69826
49027,3.9198
49028,2.62825
49029,3.36941
49030,3.55895
49031,3.62324
49032,3.35515
49033,3.35753
49034,3.32314
49035,3.26053
49036,3.1058
49037,2.65442
49038,3.21616
49039,4.42749
49040,2.55547
49041,2.74421
49042,3.28232
49043,3.60526
49044,3.63311
49045,3.77829
49046,2.67953
49047,3.65814
49048,3.444
49049,3.62578
49050,3.90798
49051,4.17056
49052,3.39528
49053,4.37395
49054,4.06828
49055,4.05024
49056,3.58008
49057,3.87001
49058,3.45679
49059,3.40415
49060,3.8674
49061,4.23424
49062,2.96208
49063,4.27298
49064,3.87978
49065,3.81194
49066,4.44926
49067,3.43887
49068,3.30404
49069,4.0879
49070,3.62301
49071,4.15605
49072,3.50886
49073,4.63999
49074,3.92392
49075,3.70249
49076,3.85572
49077,4.10577
49078,3.92439
49079,3.92243
49080,3.08361
49081,2.69412
49082,4.1428
49083,4.00033
49084,3.35229
49085,3.91796
49086,3.98151
49087,3.41549
49088,2.52738
49089,4.11946
49090,3.50197
49091,3.68106
49092,3.76147
49093,3.83976
49094,3.68775
49095,3.47677
49096,4.62814
49097,4.64383
49098,4.01135
49099,3.12827
49100,3.87858
49101,3.48399
49102,4.169
49103,3.02485
49104,3.49955
49105,4.47831
49106,3.86011
49107,3.88267
49108,3.42495
49109,4.27031
49110,3.18251
49111,4.96728
49112,4.4876
49113,3.81833
49114,5.0
49115,4.16649
49116,3.53905
49117,3.59905
49118,4.47285
49119,3.55071
49120,4.41085
49121,3.90205
49122,3.59749
49123,4.13577
49124,3.30478
49125,3.59189
49126,5.0
49127,1.94332
49128,4.15366
49129,3.07027
49130,2.16789
49131,3.09381
49132,3.1222
49133,3.47832
49134,2.30368
49135,2.91141
49136,3.38525
49137,3.18821
49138,3.41125
49139,2.16603
49140,2.39861
49141,2.8069
49142,3.0442
49143,3.74003
49144,3.75308
49145,3.42208
49146,4.20787
49147,3.57895
49148,4.19821
49149,3.79375
49150,4.21963
49151,3.49468
49152,3.51612
49153,3.55936
49154,3.92081
49155,3.24622
49156,3.24573
49157,3.7468
49158,3.24102
49159,3.35365
49160,3.36533
49161,2.7833
49162,4.16864
49163,3.11751
49164,4.77235
49165,3.81716
49166,3.42743
49167,3.70848
49168,4.52271
49169,3.36731
49170,3.75273
49171,4.71203
49172,3.70219
49173,3.50669
49174,3.78738
49175,4.41393
49176,5.0
49177,4.49076
49178,3.49452
49179,3.77197
49180,3.9993
49181,4.33669
49182,4.8193
49183,3.76771
49184,5.0
49185,5.0
49186,4.15379
49187,3.93586
49188,4.0487
49189,2.31528
49190,5.0
49191,3.51486
49192,3.91102
49193,1.0
49194,4.53083
49195,5.0
49196,4.98859
49197,4.7032
49198,1.0
49199,3.29938
49200,4.37762
49201,1.0
49202,2.79433
49203,4.20851
49204,2.71914
49205,3.60679
49206,4.5088
49207,2.612
49208,1.48681
49209,3.81672
49210,4.11789
49211,5.0
49212,1.0
49213,2.30957
49214,1.0
49215,2.01881
49216,4.02524
49217,3.37273
49218,3.25726
49219,4.21779
49220,2.7204
49221,2.1135
49222,2.88922
49223,1.87844
49224,4.27778
49225,4.75464
49226,3.71964
49227,3.49049
49228,2.7752
49229,4.45086
49230,3.97747
49231,5.0
49232,3.08663
49233,1.46542
49234,4.19162
49235,4.80014
49236,4.97027
49237,4.69142
49238,4.78548
49239,4.79262
49240,3.26609
49241,4.39827
49242,4.77771
49243,3.86652
49244,4.53978
49245,4.40089
49246,4.52333
49247,4.10092
49248,4.17465
49249,3.48097
49250,4.27764
49251,4.22612
49252,3.88988
49253,2.8558
49254,4.50341
49255,3.7986
49256,4.33583
49257,3.38901
49258,2.53775
49259,3.1282
49260,4.17592
49261,4.06437
49262,3.67397
49263,3.906
49264,2.20865
49265,3.70476
49266,2.81342
49267,4.14387
49268,3.61995
49269,3.57588
49270,4.3504
49271,3.63233
49272,3.95108
49273,4.38547
49274,3.75617
49275,4.00239
49276,4.11654
49277,4.36949
49278,3.75643
49279,3.53864
49280,2.95342
49281,2.88792
49282,4.67316
49283,4.03389
49284,3.47985
49285,3.98855
49286,3.60798
49287,4.03379
49288,2.99801
49289,3.20458
49290,3.6709
49291,4.19683
49292,4.59005
49293,4.33665
49294,2.64308
49295,3.85376
49296,4.15988
49297,3.84044
49298,4.77183
49299,3.73182
49300,4.51794
49301,3.96442
49302,3.27175
49303,3.91516
49304,4.048
49305,4.68721
49306,4.14428
49307,3.98987
49308,4.88761
49309,4.56347
49310,4.64121
49311,4.48464
49312,4.07924
49313,3.15657
49314,4.14094
49315,3.30522
49316,3.80181
49317,3.948
49318,4.79031
49319,3.83036
49320,4.2534
49321,4.57652
49322,4.53482
49323,3.45926
49324,3.91273
49325,4.24151
49326,3.6749
49327,3.56637
49328,2.16773
49329,4.36436
49330,4.16584
49331,3.8512
49332,3.88422
49333,4.43768
49334,3.18582
49335,4.14727
49336,3.54053
49337,3.70753
49338,3.88693
49339,4.0936
49340,4.40119
49341,4.49658
49342,4.12666
49343,4.31444
49344,4.28645
49345,3.39404
49346,3.2632
49347,2.55509
49348,4.51787
49349,4.25288
49350,2.51853
49351,4.28982
49352,4.48251
49353,4.52631
49354,4.52148
49355,2.82274
49356,4.26331
49357,4.00549
49358,4.00514
49359,3.22906
49360,3.02604
49361,4.26701
49362,3.76486
49363,5.0
49364,3.25579
49365,4.41505
49366,2.86488
49367,4.7247
49368,3.8386
49369,4.2019
49370,4.70817
49371,4.52466
49372,4.76294
49373,3.62704
49374,4.49148
49375,2.60178
49376,4.5674
49377,4.2154
49378,4.18295
49379,4.36529
49380,5.0
49381,4.80215
49382,3.78555
49383,3.35719
49384,4.28987
49385,4.55069
49386,4.74939
49387,4.03117
49388,3.6353
49389,4.64826
49390,4.10776
49391,4.13128
49392,4.67406
49393,4.15549
49394,4.3666
49395,3.76732
49396,3.47584
49397,4.55018
49398,4.61898
49399,4.77465
49400,4.30041
49401,4.06002
49402,4.41123
49403,3.66069
49404,4.46328
49405,3.63289
49406,5.0
49407,4.60623
49408,4.36945
49409,3.98134
49410,3.64425
49411,4.18351
49412,4.39557
49413,3.99707
49414,3.54293
49415,4.87886
49416,3.98863
49417,4.63058
49418,5.0
49419,3.58389
49420,4.21797
49421,4.77384
49422,4.35652
49423,5.0
49424,4.35801
49425,4.80974
49426,4.3613
49427,3.88157
49428,4.75598
49429,3.67566
49430,4.34354
49431,3.59039
49432,3.85544
49433,3.24847
49434,5.0
49435,4.31977
49436,4.35847
49437,4.21865
49438,4.02179
49439,4.60592
49440,4.32249
49441,4.60964
49442,3.84065
49443,4.48943
49444,4.358
49445,4.28799
49446,4.29444
49447,4.58643
49448,4.8359
49449,4.88963
49450,4.83116
49451,4.67925
49452,4.4795
49453,4.66859
49454,5.0
49455,4.14817
49456,4.78356
49457,4.07427
49458,4.08045
49459,4.15027
49460,4.06356
49461,3.99329
49462,4.48175
49463,4.1045
49464,4.69094
49465,4.51659
49466,4.32913
49467,4.79694
49468,4.43725
49469,3.42187
49470,3.61755
49471,2.52861
49472,2.82344
49473,4.89042
49474,2.74332
49475,3.44632
49476,1.43758
49477,3.82701
49478,4.63673
49479,2.18676
49480,3.71064
49481,3.76595
49482,2.27362
49483,4.52954
49484,4.87426
49485,3.61202
49486,2.04965
49487,3.92757
49488,4.68476
49489,4.84396
49490,3.69305
49491,3.8172
49492,4.2224
49493,3.80805
49494,4.93106
49495,5.0
49496,4.57956
49497,5.0
49498,4.55966
49499,5.0
49500,4.31787
49501,3.82161
49502,4.94736
49503,4.47797
49504,4.7775
49505,4.01069
49506,4.17493
49507,4.36881
49508,5.0
49509,4.15165
49510,1.73862
49511,4.87236
49512,4.80663
49513,5.0
49514,4.76594
49515,3.91711
49516,4.49254
49517,5.0
49518,4.10869
49519,2.76007
49520,3.89952
49521,5.0
49522,4.99139
49523,5.0
49524,4.7098
49525,4.64311
49526,4.51394
49527,4.77224
49528,3.75772
49529,1.0
49530,2.75124
49531,2.43474
49532,3.17462
49533,1.85855
49534,1.52102
49535,3.06673
49536,4.53387
49537,3.90547
49538,4.96731
49539,3.51373
49540,3.23462
49541,3.51159
49542,4.53996
49543,3.04586
49544,4.36497
49545,3.07196
49546,1.45507
49547,4.17098
49548,4.68383
49549,2.43824
49550,3.51336
49551,4.18772
49552,4.07921
49553,4.51224
49554,3.96092
49555,3.76191
49556,3.85187
49557,3.88512
49558,3.03812
49559,4.25571
49560,4.18445
49561,4.26553
49562,4.2926
49563,3.82008
49564,4.32179
49565,4.09877
49566,3.62562
49567,4.13982
49568,4.05652
49569,3.71352
49570,4.49789
49571,3.81875
49572,4.20106
49573,3.96838
49574,3.30264
49575,3.82039
49576,3.29373
49577,3.48774
49578,4.46065
49579,4.08977
49580,4.0361
49581,4.80776
49582,4.64742
49583,4.76932
49584,3.82896
49585,3.84872
49586,4.57112
49587,4.9133
49588,4.61105
49589,3.65361
49590,4.38209
49591,3.69061
49592,4.8529
49593,4.66553
49594,4.10834
49595,4.93528
49596,4.78222
49597,2.62307
49598,3.03866
49599,1.14637
49600,2.22264
49601,3.3772
49602,3.41164
49603,4.7858
49604,3.9591
49605,4.2374
49606,3.17774
49607,4.71626
49608,3.98487
49609,4.40127
49610,4.03802
49611,4.04394
49612,4.08069
49613,3.47073
49614,3.57219
49615,3.79438
49616,4.44003
49617,3.679
49618,3.85995
49619,4.52219
49620,4.61979
49621,3.86195
49622,3.88497
49623,4.06798
49624,4.09666
49625,1.0
49626,3.74035
49627,3.32764
49628,4.31207
49629,3.02951
49630,3.30408
49631,3.52028
49632,2.76204
49633,3.19499
49634,4.11966
49635,3.80047
49636,3.14663
49637,3.66725
49638,3.80869
49639,3.26936
49640,2.98034
49641,3.95411
49642,3.5263
49643,2.9769
49644,3.08615
49645,2.53446
49646,3.57478
49647,3.10043
49648,3.66646
49649,5.0
49650,3.60167
49651,2.36682
49652,3.99426
49653,3.04552
49654,2.4692
49655,3.03189
49656,2.84695
49657,2.19549
49658,2.35428
49659,3.70477
49660,3.53115
49661,3.16637
49662,2.6336
49663,3.40099
49664,3.90877
49665,3.51093
49666,4.33347
49667,4.21612
49668,3.11794
49669,4.09711
49670,3.13862
49671,4.21301
49672,3.66783
49673,1.84551
49674,4.33338
49675,3.4261
49676,2.8654
49677,3.08041
49678,2.50562
49679,3.39549
49680,4.35534
49681,3.13391
49682,3.67479
49683,2.5065
49684,2.81487
49685,1.0
49686,1.92243
49687,4.19084
49688,3.63093
49689,3.06781
49690,3.16253
49691,3.20065
49692,2.21171
49693,4.46626
49694,3.55016
49695,2.95152
49696,4.40271
49697,3.53695
49698,4.05803
49699,4.54654
49700,4.39699
49701,3.8807
49702,3.3436
49703,3.32816
49704,4.31342
49705,4.38731
49706,3.89737
49707,4.62171
49708,2.28278
49709,3.27457
49710,3.74098
49711,3.96796
49712,1.81572
49713,2.72148
49714,3.20454
49715,2.97888
49716,3.40305
49717,3.95855
49718,2.59277
49719,2.2588
49720,3.74446
49721,4.30702
49722,2.48424
49723,3.88058
49724,3.7361
49725,2.75377
49726,3.67476
49727,2.05681
49728,4.52469
49729,4.62408
49730,3.93586
49731,3.48031
49732,2.48515
49733,3.89699
49734,2.99832
49735,4.53061
49736,3.88931
49737,3.73837
49738,4.03994
49739,4.53468
49740,1.79022
49741,2.81786
49742,3.01782
49743,2.51105
49744,3.17354
49745,1.23703
49746,2.71407
49747,2.6302
49748,3.42711
49749,4.22588
49750,1.06838
49751,3.73814
49752,3.9174
49753,2.72867
49754,3.36738
49755,3.90334
49756,3.4961
49757,2.36515
49758,3.31823
49759,3.2164
49760,3.7743
49761,3.18798
49762,2.69596
49763,2.5022
49764,3.7476
49765,3.75152
49766,3.22365
49767,2.87241
49768,3.74215
49769,2.75643
49770,3.85925
49771,3.23398
49772,2.52768
49773,3.91695
49774,3.90534
49775,4.4069
49776,3.0328
49777,3.74818
49778,3.7486
49779,3.65053
49780,3.92942
49781,3.58471
49782,3.70785
49783,4.25284
49784,3.56404
49785,2.2162
49786,3.38764
49787,4.20072
49788,4.06519
49789,3.26602
49790,4.26327
49791,3.45513
49792,3.02058
49793,3.87281
49794,4.02824
49795,3.22611
49796,3.51059
49797,4.98673
49798,3.91801
49799,3.5512
49800,3.7718
49801,4.56658
49802,4.47419
49803,2.8444
49804,5.0
49805,3.79448
49806,4.55802
49807,3.32778
49808,3.83904
49809,3.56308
49810,2.64763
49811,3.60324
49812,3.14996
49813,3.47734
49814,4.5682
49815,3.39577
49816,3.25638
49817,3.30757
49818,4.63516
49819,3.63495
49820,3.23054
49821,3.71656
49822,1.15711
49823,3.81109
49824,3.86304
49825,4.36052
49826,3.48158
49827,3.78093
49828,3.40014
49829,3.99933
49830,3.85111
49831,4.20361
49832,4.50966
49833,4.41941
49834,3.96418
49835,3.09329
49836,3.46451
49837,4.14171
49838,4.6033
49839,3.70608
49840,4.9226
49841,3.66687
49842,4.08864
49843,2.76592
49844,3.97349
49845,4.97707
49846,4.12527
49847,4.9522
49848,3.97293
49849,3.75418
49850,2.90965
49851,3.61628
49852,4.67401
49853,1.82206
49854,3.36979
49855,4.89829
49856,2.62249
49857,3.3565
49858,4.0964
49859,4.56667
49860,4.93226
49861,3.92841
49862,4.68564
49863,3.89535
49864,3.12757
49865,5.0
49866,4.18528
49867,4.46105
49868,4.18014
49869,3.66552
49870,3.84544
49871,3.90724
49872,3.2013
49873,4.45608
49874,2.89939
49875,3.69647
49876,4.09939
49877,3.13864
49878,3.7377
49879,3.67541
49880,2.48764
49881,3.31175
49882,3.12164
49883,4.20463
49884,3.23794
49885,4.23464
49886,4.28858
49887,3.25152
49888,4.35696
49889,3.02227
49890,4.44721
49891,4.25307
49892,3.94336
49893,4.28456
49894,3.29683
49895,2.82059
49896,4.21619
49897,4.33403
49898,4.20864
49899,3.88801
49900,4.17537
49901,3.75583
49902,3.3558
49903,3.80141
49904,3.57049
49905,3.93405
49906,3.72449
49907,4.54743
49908,3.96973
49909,3.82943
49910,4.36892
49911,3.7564
49912,3.18637
49913,3.782
49914,3.27783
49915,4.8205
49916,3.88157
49917,3.88472
49918,3.72589
49919,3.47542
49920,4.11658
49921,2.90073
49922,3.72505
49923,3.47724
49924,4.80923
49925,2.0305
49926,3.51737
49927,3.64729
49928,3.68298
49929,3.5733
49930,4.43326
49931,3.5233
49932,3.69557
49933,3.79685
49934,4.6039
49935,4.33387
49936,2.65618
49937,4.71837
49938,3.44318
49939,2.60339
49940,4.12287
49941,3.97873
49942,2.48216
49943,2.5812
49944,2.38825
49945,4.08476
49946,4.26858
49947,3.46602
49948,4.46554
49949,3.01392
49950,3.00716
49951,4.13869
49952,3.1328
49953,3.08301
49954,4.7753
49955,3.58467
49956,4.10357
49957,3.8474
49958,3.24179
49959,3.60673
49960,2.81682
49961,3.9357
49962,4.58499
49963,4.23673
49964,3.33234
49965,4.0279
49966,4.45497
49967,4.42541
49968,4.26447
49969,4.47167
49970,3.68905
49971,4.35383
49972,3.07953
49973,4.23323
49974,3.35398
49975,4.14857
49976,3.72267
49977,3.86402
49978,3.34468
49979,4.25837
49980,2.55713
49981,4.51058
49982,4.66795
49983,3.29775
49984,3.77557
49985,4.63227
49986,3.08419
49987,3.60812
49988,4.18436
49989,2.41832
49990,3.34738
49991,2.56074
49992,3.58582
49993,3.30835
49994,2.29968
49995,3.37092
49996,4.19714
49997,3.39418
49998,3.98607
49999,2.84195
50000,1.80949
50001,2.03848
50002,3.11518
50003,4.75749
50004,2.63956
50005,3.0579
50006,2.57132
50007,5.0
50008,4.75871
50009,4.01569
50010,3.35469
50011,3.67125
50012,4.63762
50013,2.08093
50014,2.22265
50015,2.13683
50016,2.92127
50017,2.71778
50018,4.4978
50019,3.15009
50020,2.10067
50021,3.143
50022,3.65553
50023,2.9968
50024,3.4178
50025,3.60127
50026,2.79844
50027,2.0586
50028,3.35938
50029,3.83723
50030,3.54407
50031,2.76972
50032,3.88044
50033,2.51056
50034,4.28352
50035,4.00995
50036,3.84819
50037,4.56933
50038,4.28325
50039,4.69153
50040,4.23526
50041,4.59695
50042,3.86628
50043,4.42492
50044,3.6071
50045,4.87056
50046,5.0
50047,4.37362
50048,4.7385
50049,4.84158
50050,4.04059
50051,3.74031
50052,3.97927
50053,3.22981
50054,3.68421
50055,3.84149
50056,4.26437
50057,3.66281
50058,4.20758
50059,3.38738
50060,3.59259
50061,4.49821
50062,3.6061
50063,4.13697
50064,3.22261
50065,4.06796
50066,3.26459
50067,3.33557
50068,4.27907
50069,3.80322
50070,4.00631
50071,3.77315
50072,3.23215
50073,3.34409
50074,4.0625
50075,4.53241
50076,3.86787
50077,3.3352
50078,2.42536
50079,3.64328
50080,4.1483
50081,4.25964
50082,3.34243
50083,3.95104
50084,4.95981
50085,4.09558
50086,4.29388
50087,2.49096
50088,4.45554
50089,3.21643
50090,2.20878
50091,3.1593
50092,3.4788
50093,4.32364
50094,4.43768
50095,4.28672
50096,4.20417
50097,4.0232
50098,3.41169
50099,3.76689
50100,4.33437
50101,4.27702
50102,4.03444
50103,4.52538
50104,3.83186
50105,2.95871
50106,2.70797
50107,3.72938
50108,4.57679
50109,4.80318
50110,4.56153
50111,4.61776
50112,4.11768
50113,4.51903
50114,4.777
50115,3.80249
50116,4.23961
50117,3.18405
50118,3.94957
50119,1.77872
50120,2.68372
50121,3.77036
50122,2.56699
50123,3.3301
50124,4.57865
50125,2.23689
50126,4.15821
50127,3.55677
50128,3.9578
50129,4.40416
50130,4.25908
50131,5.0
50132,3.30704
50133,3.87659
50134,3.73025
50135,5.0
50136,4.56216
50137,4.04631
50138,4.58062
50139,5.0
50140,4.27587
50141,5.0
50142,3.98583
50143,2.96227
50144,2.92472
50145,4.70178
50146,4.30356
50147,3.71763
50148,3.92732
50149,3.38164
50150,3.74447
50151,2.48849
50152,3.95144
50153,4.16376
50154,4.35446
50155,4.37795
50156,4.80498
50157,4.48289
50158,4.6651
50159,4.0172
50160,3.94523
50161,4.73824
50162,5.0
50163,4.34445
50164,4.83792
50165,4.09405
50166,3.6804
50167,3.75446
50168,4.10836
50169,3.47455
50170,3.37825
50171,3.9293
50172,3.1816
50173,3.58758
50174,4.06037
50175,3.37903
50176,4.28487
50177,3.6332
50178,4.88417
50179,3.48514
50180,4.39699
50181,4.29535
50182,4.21242
50183,4.39872
50184,4.51512
50185,3.52335
50186,3.53392
50187,4.78834
50188,3.83586
50189,3.64604
50190,4.72585
50191,3.91168
50192,4.89195
50193,4.31554
50194,4.62957
50195,4.0086
50196,4.80498
50197,3.50034
50198,3.76524
50199,2.28858
50200,4.32068
50201,1.26596
50202,4.0632
50203,1.31035
50204,4.17502
50205,1.99627
50206,3.0553
50207,3.37295
50208,3.56413
50209,2.18158
50210,3.3073
50211,4.37801
50212,3.04941
50213,4.14307
50214,2.61129
50215,3.36493
50216,3.69553
50217,2.47317
50218,4.96791
50219,4.03642
50220,2.70272
50221,3.17507
50222,2.78927
50223,2.99693
50224,4.28802
50225,4.26477
50226,4.15112
50227,3.932
50228,4.06838
50229,1.98476
50230,2.56064
50231,2.98234
50232,1.90608
50233,4.20376
50234,2.57011
50235,4.29256
50236,3.11012
50237,4.50337
50238,2.97268
50239,3.9532
50240,3.67529
50241,3.0571
50242,4.64261
50243,3.98626
50244,4.48488
50245,3.41004
50246,3.39725
50247,4.04392
50248,3.44633
50249,2.86944
50250,2.8121
50251,3.32999
50252,4.26677
50253,4.73055
50254,3.52586
50255,4.3226
50256,3.65121
50257,3.65017
50258,4.29426
50259,3.95174
50260,3.30206
50261,3.63087
50262,4.38835
50263,3.6655
50264,5.0
50265,4.20197
50266,4.24696
50267,3.77506
50268,4.70056
50269,4.91382
50270,4.16285
50271,4.49829
50272,5.0
50273,3.60904
50274,4.01942
50275,3.91971
50276,4.56327
50277,3.32837
50278,4.21463
50279,4.90818
50280,3.61832
50281,3.33985
50282,3.8563
50283,4.24674
50284,4.14608
50285,4.18761
50286,3.93288
50287,4.54455
50288,3.96138
50289,4.09517
50290,3.8792
50291,4.02817
50292,4.25794
50293,3.5718
50294,4.2909
50295,3.17324
50296,4.14992
50297,4.25784
50298,3.98136
50299,4.21245
50300,4.32063
50301,3.8277
50302,3.34701
50303,3.45637
50304,3.71068
50305,3.98071
50306,4.3522
50307,3.79889
50308,4.7722
50309,3.09332
50310,3.77267
50311,3.7121
50312,4.52116
50313,4.72396
50314,3.75852
50315,4.61531
50316,4.80848
50317,3.22626
50318,3.57689
50319,3.42545
50320,4.37419
50321,1.94516
50322,3.14366
50323,3.13352
50324,4.14352
50325,3.6676
50326,4.49496
50327,4.19456
50328,3.1739
50329,4.65933
50330,4.30587
50331,3.89965
50332,3.33361
50333,3.68844
50334,3.93397
50335,4.37966
50336,4.58013
50337,4.66627
50338,3.84723
50339,3.15313
50340,2.81508
50341,4.20421
50342,3.46809
50343,2.14646
50344,2.2614
50345,2.89852
50346,4.08807
50347,4.5789
50348,3.79623
50349,4.63112
50350,3.81718
50351,3.82268
50352,3.88391
50353,2.44789
50354,4.10624
50355,4.1071
50356,3.13469
50357,4.01825
50358,4.28334
50359,3.03088
50360,3.74146
50361,3.54669
50362,3.69127
50363,3.89541
50364,4.00985
50365,4.11161
50366,4.2647
50367,3.61559
50368,3.90793
50369,4.49056
50370,2.785
50371,3.9147
50372,4.60501
50373,3.12182
50374,4.36618
50375,4.17964
50376,3.72878
50377,4.40639
50378,4.1888
50379,4.25367
50380,4.1585
50381,5.0
50382,4.56969
50383,3.43765
50384,4.22553
50385,4.21783
50386,2.82142
50387,4.5379
50388,4.51472
50389,4.82888
50390,5.0
50391,4.7937
50392,3.89712
50393,3.63647
50394,3.0632
50395,4.92569
50396,4.81378
50397,2.08431
50398,1.57022
50399,5.0
50400,3.37718
50401,3.01981
50402,1.62719
50403,3.88319
50404,4.20808
50405,2.69963
50406,2.30612
50407,3.16311
50408,3.9162
50409,4.11407
50410,4.82657
50411,1.13723
50412,3.10628
50413,3.46219
50414,3.62437
50415,4.00442
50416,1.65275
50417,4.29562
50418,4.28867
50419,3.61644
50420,4.32539
50421,2.10564
50422,4.37552
50423,4.35128
50424,3.88547
50425,4.35023
50426,4.70094
50427,4.48035
50428,3.92263
50429,4.03752
50430,3.50008
50431,4.35486
50432,4.243
50433,4.42731
50434,4.16156
50435,3.108
50436,4.0303
50437,3.89493
50438,4.84643
50439,3.97464
50440,3.44188
50441,3.69401
50442,4.79622
50443,4.15427
50444,4.94776
50445,3.65888
50446,3.47056
50447,3.55127
50448,4.15153
50449,3.41847
50450,4.77102
50451,3.62425
50452,4.23169
50453,3.83495
50454,3.97382
50455,4.64582
50456,4.33871
50457,3.90541
50458,2.61587
50459,3.6876
50460,3.69337
50461,5.0
50462,3.64847
50463,4.61476
50464,4.13996
50465,3.71971
50466,2.79166
50467,4.7844
50468,4.51294
50469,3.78312
50470,2.70655
50471,4.30645
50472,4.44916
50473,3.79652
50474,3.62987
50475,3.71425
50476,3.89265
50477,4.85051
50478,4.31723
50479,4.35688
50480,4.61339
50481,4.68426
50482,4.54297
50483,3.70002
50484,4.15264
50485,2.89073
50486,4.05349
50487,4.20638
50488,3.86186
50489,3.8277
50490,2.92607
50491,3.2461
50492,2.87871
50493,2.21396
50494,4.51726
50495,4.39713
50496,3.14069
50497,3.07008
50498,3.90609
50499,4.19368
50500,3.36179
50501,4.44436
50502,4.39964
50503,2.34228
50504,3.92205
50505,3.68708
50506,4.32048
50507,2.99588
50508,2.17937
50509,3.99296
50510,4.03485
50511,3.33771
50512,3.97859
50513,2.07087
50514,3.95864
50515,3.69775
50516,3.11586
50517,3.41355
50518,2.73935
50519,4.68728
50520,4.11976
50521,3.51722
50522,4.26413
50523,1.91222
50524,4.25874
50525,2.62793
50526,3.94902
50527,4.29997
50528,2.99195
50529,4.05564
50530,4.05705
50531,4.13925
50532,3.38828
50533,3.015
50534,3.75376
50535,3.85193
50536,3.89909
50537,4.05836
50538,3.56915
50539,3.13156
50540,4.50671
50541,4.1202
50542,4.02916
50543,3.53868
50544,3.88978
50545,3.05914
50546,1.94699
50547,3.88895
50548,1.6832
50549,4.30134
50550,3.08768
50551,3.99003
50552,4.39951
50553,4.53418
50554,3.97785
50555,4.31265
50556,2.73443
50557,3.71025
50558,3.85564
50559,3.7633
50560,2.82194
50561,3.63405
50562,4.35365
50563,4.00301
50564,2.98687
50565,3.41275
50566,4.12522
50567,3.84381
50568,3.5574
50569,3.50061
50570,3.62089
50571,4.09825
50572,4.05365
50573,3.84233
50574,3.93173
50575,4.20675
50576,3.78049
50577,4.43982
50578,2.43856
50579,2.13887
50580,4.68025
50581,4.28624
50582,3.20843
50583,3.97729
50584,2.08795
50585,3.78216
50586,3.51684
50587,1.05921
50588,2.98304
50589,3.68818
50590,3.27893
50591,2.86689
50592,3.34934
50593,3.67042
50594,3.73597
50595,3.44812
50596,3.77064
50597,3.34904
50598,2.99952
50599,3.37108
50600,3.80693
50601,3.1056
50602,3.71284
50603,3.60494
50604,3.34709
50605,3.03628
50606,2.57202
50607,3.88307
50608,2.90502
50609,3.27801
50610,3.69783
50611,4.61258
50612,2.14027
50613,3.27944
50614,4.35604
50615,2.42412
50616,5.0
50617,2.84003
50618,3.83206
50619,2.82657
50620,2.29364
50621,4.88223
50622,5.0
50623,3.87553
50624,4.63148
50625,2.79329
50626,1.99946
50627,4.06083
50628,3.88572
50629,4.37524
50630,3.52923
50631,4.29391
50632,2.91472
50633,3.4412
50634,3.67423
50635,2.64741
50636,2.7624
50637,3.12886
50638,3.72572
50639,4.59636
50640,3.64265
50641,4.51353
50642,4.28158
50643,3.09819
50644,3.67961
50645,3.9171
50646,3.97644
50647,3.36316
50648,3.65264
50649,3.27446
50650,4.0397
50651,4.23312
50652,3.09002
50653,1.53105
50654,4.08689
50655,3.93607
50656,3.56249
50657,4.31591
50658,1.88545
50659,2.48111
50660,2.27512
50661,3.38561
50662,2.71016
50663,2.72622
50664,3.36037
50665,3.01715
50666,4.3206
50667,4.07536
50668,3.92361
50669,4.23017
50670,4.19996
50671,3.57948
50672,3.04921
50673,3.25185
50674,3.66704
50675,4.39248
50676,3.01957
50677,4.07086
50678,2.29817
50679,3.3014
50680,4.05935
50681,3.95648
50682,3.66149
50683,3.16158
50684,3.83226
50685,2.89578
50686,3.37464
50687,3.08714
50688,4.21391
50689,4.28627
50690,3.25366
50691,4.43125
50692,4.38422
50693,4.59629
50694,3.47131
50695,4.04824
50696,3.92321
50697,4.30667
50698,4.23098
50699,3.92543
50700,3.31113
50701,2.33899
50702,2.64377
50703,4.57765
50704,3.79208
50705,3.25441
50706,2.85137
50707,4.1591
50708,1.20542
50709,3.72758
50710,4.61916
50711,3.01375
50712,2.41241
50713,3.96772
50714,4.11681
50715,1.85711
50716,4.05905
50717,3.37245
50718,3.45544
50719,2.94661
50720,2.56389
50721,4.1691
50722,3.34898
50723,3.15562
50724,3.45586
50725,3.09711
50726,2.66285
50727,3.09844
50728,3.68325
50729,1.65497
50730,3.8753
50731,2.83682
50732,3.67653
50733,2.51633
50734,3.51687
50735,3.69834
50736,3.37143
50737,2.58191
50738,2.07592
50739,3.76312
50740,2.05777
50741,3.36196
50742,3.61135
50743,3.64289
50744,2.74029
50745,3.86928
50746,3.57921
50747,2.45764
50748,3.11778
50749,3.48534
50750,3.68144
50751,3.47784
50752,2.65975
50753,4.24986
50754,3.64842
50755,3.13607
50756,2.81158
50757,3.18426
50758,3.13843
50759,3.48366
50760,3.36553
50761,3.68007
50762,4.13647
50763,3.42254
50764,3.50679
50765,4.019
50766,3.45544
50767,4.09087
50768,3.97876
50769,3.61089
50770,3.56189
50771,2.41082
50772,3.46493
50773,3.12493
50774,4.01005
50775,3.80976
50776,3.87809
50777,4.62266
50778,3.36183
50779,3.75189
50780,4.1942
50781,4.50117
50782,3.12278
50783,3.58813
50784,3.91138
50785,3.30174
50786,3.7639
50787,3.43759
50788,3.81185
50789,4.64881
50790,4.24859
50791,3.13535
50792,3.74095
50793,3.73862
50794,2.83209
50795,3.52533
50796,4.3405
50797,4.30315
50798,4.46913
50799,2.48591
50800,3.73288
50801,2.96154
50802,3.62812
50803,2.48608
50804,2.58066
50805,3.47088
50806,4.73266
50807,5.0
50808,2.48264
50809,3.18404
50810,3.9342
50811,3.61333
50812,3.94615
50813,4.34984
50814,1.97778
50815,2.93954
50816,1.64717
50817,1.49225
50818,3.14106
50819,3.30595
50820,1.50427
50821,3.97232
50822,4.24541
50823,3.46584
50824,2.79296
50825,4.48047
50826,3.03462
50827,4.02622
50828,3.99636
50829,3.49409
50830,4.52765
50831,2.93505
50832,4.24358
50833,3.57065
50834,3.55805
50835,4.46174
50836,4.17128
50837,3.98707
50838,5.0
50839,3.07248
50840,3.38193
50841,3.9686
50842,2.67529
50843,2.9096
50844,3.29935
50845,3.28166
50846,3.38934
50847,4.12311
50848,3.50753
50849,2.69358
50850,3.35842
50851,2.98434
50852,2.82226
50853,3.33089
50854,3.10552
50855,2.90406
50856,3.2577
50857,2.44313
50858,3.28588
50859,4.58444
50860,2.8469
50861,3.49201
50862,3.59469
50863,3.28786
50864,2.78903
50865,3.64947
50866,2.64442
50867,3.58955
50868,1.93044
50869,4.00373
50870,4.18702
50871,3.30128
50872,4.90245
50873,3.10784
50874,3.18113
50875,2.62047
50876,4.28917
50877,3.78598
50878,2.99753
50879,3.49394
50880,3.10209
50881,1.93982
50882,2.4367
50883,3.0683
50884,3.67869
50885,4.33929
50886,5.0
50887,4.49129
50888,3.41185
50889,3.86071
50890,3.73071
50891,3.15841
50892,2.43071
50893,3.21815
50894,3.97705
50895,4.10637
50896,3.85418
50897,4.66976
50898,3.59133
50899,3.82947
50900,1.49992
50901,3.21085
50902,2.53951
50903,4.36076
50904,3.56324
50905,3.49492
50906,2.57024
50907,3.06134
50908,3.57583
50909,3.50989
50910,4.15633
50911,2.35242
50912,1.61944
50913,3.54686
50914,4.03158
50915,3.90003
50916,4.47057
50917,3.84756
50918,4.28786
50919,2.90474
50920,4.44906
50921,3.60387
50922,4.77474
50923,2.35442
50924,4.11416
50925,3.47081
50926,2.91946
50927,4.6533
50928,2.33406
50929,4.148
50930,5.0
50931,4.34719
50932,4.72711
50933,3.99014
50934,3.56024
50935,4.07274
50936,3.57964
50937,2.2628
50938,3.08239
50939,4.14258
50940,3.83572
50941,4.93988
50942,3.12983
50943,4.01611
50944,3.75006
50945,2.88293
50946,2.79366
50947,3.15499
50948,4.49198
50949,3.99031
50950,2.11778
50951,3.77668
50952,4.03952
50953,2.77665
50954,2.71638
50955,2.86708
50956,3.87716
50957,3.38012
50958,3.15592
50959,4.51481
50960,2.76672
50961,2.69814
50962,4.65848
50963,3.71235
50964,3.36637
50965,3.79114
50966,3.90038
50967,4.71221
50968,3.97684
50969,4.61726
50970,3.62989
50971,4.28843
50972,4.38238
50973,3.94519
50974,3.77298
50975,4.31517
50976,3.93293
50977,3.52423
50978,4.45513
50979,3.78554
50980,4.3857
50981,4.66434
50982,4.02279
50983,4.28461
50984,3.72613
50985,4.29996
50986,4.24046
50987,3.2714
50988,3.91941
50989,3.47186
50990,4.67252
50991,4.70211
50992,4.4298
50993,4.08489
50994,4.09899
50995,3.39776
50996,3.34501
50997,5.0
50998,3.48051
50999,4.41782
51000,3.87261
51001,4.37083
51002,4.51782
51003,3.87408
51004,4.36503
51005,4.38191
51006,3.10035
51007,3.10313
51008,4.56412
51009,3.78988
51010,3.89252
51011,4.62651
51012,4.02889
51013,3.93324
51014,4.47305
51015,4.61342
51016,2.37817
51017,4.32986
51018,4.06233
51019,3.15865
51020,3.62707
51021,3.42501
51022,3.70323
51023,3.65764
51024,3.21928
51025,2.8332
51026,2.68854
51027,3.48504
51028,3.42434
51029,2.71003
51030,3.21881
51031,1.80919
51032,3.64501
51033,3.36088
51034,3.84761
51035,2.74044
51036,3.03516
51037,4.30738
51038,2.84812
51039,3.6229
51040,3.0124
51041,3.9963
51042,4.31314
51043,4.06518
51044,3.28815
51045,3.61528
51046,4.17193
51047,3.80758
51048,3.5571
51049,3.94962
51050,3.86016
51051,3.2941
51052,3.2703
51053,3.55231
51054,3.0071
51055,3.59571
51056,3.40986
51057,4.04498
51058,3.45981
51059,3.92608
51060,3.5374
51061,3.60318
51062,3.33876
51063,3.68929
51064,2.98637
51065,2.86939
51066,3.53849
51067,3.24475
51068,4.13056
51069,3.92482
51070,4.11545
51071,3.00264
51072,2.6882
51073,2.38701
51074,4.0105
51075,4.65888
51076,4.24966
51077,4.53776
51078,4.02353
51079,3.35709
51080,3.8743
51081,2.98182
51082,3.42209
51083,3.89519
51084,3.31881
51085,4.05817
51086,3.22908
51087,3.60877
51088,4.01929
51089,2.39624
51090,3.24394
51091,5.0
51092,3.50631
51093,3.72844
51094,4.95051
51095,4.01221
51096,4.48621
51097,3.41087
51098,2.04866
51099,4.10624
51100,4.99251
51101,4.07745
51102,3.23262
51103,3.88084
51104,4.64619
51105,4.17047
51106,3.98727
51107,3.50643
51108,4.43463
51109,4.05884
51110,3.60981
51111,5.0
51112,4.49854
51113,4.1855
51114,4.98471
51115,3.23173
51116,3.76516
51117,3.21111
51118,2.90371
51119,2.79571
51120,2.93783
51121,1.84945
51122,3.80202
51123,3.43436
51124,4.8616
51125,2.76938
51126,4.10306
51127,4.13999
51128,4.40215
51129,3.91749
51130,4.11717
51131,5.0
51132,3.50157
51133,3.79626
51134,3.58774
51135,2.48188
51136,4.21034
51137,3.7772
51138,3.89475
51139,4.14748
51140,4.74034
51141,3.02561
51142,3.42587
51143,3.64192
51144,4.62365
51145,4.43871
51146,4.30352
51147,3.74548
51148,4.46282
51149,3.98834
51150,4.17914
51151,4.30331
51152,2.52491
51153,2.66741
51154,3.10396
51155,4.0947
51156,2.3261
51157,2.75633
51158,3.64708
51159,4.02088
51160,3.90656
51161,3.55578
51162,1.68231
51163,4.14602
51164,3.44673
51165,3.63659
51166,3.25137
51167,3.88771
51168,3.48849
51169,3.83876
51170,3.90128
51171,3.33319
51172,3.6068
51173,3.83528
51174,4.54342
51175,4.40193
51176,4.63276
51177,3.60064
51178,4.00335
51179,3.80603
51180,3.67222
51181,3.92069
51182,3.38783
51183,4.73536
51184,4.72347
51185,3.54064
51186,3.4921
51187,4.56788
51188,4.04706
51189,3.79082
51190,3.97096
51191,4.74181
51192,3.18618
51193,2.79629
51194,4.13833
51195,3.18825
51196,3.11069
51197,3.97435
51198,3.61433
51199,4.08261
51200,4.2392
51201,4.70918
51202,3.99314
51203,4.22524
51204,3.42186
51205,4.13209
51206,4.43564
51207,4.31832
51208,4.27159
51209,3.28089
51210,4.42773
51211,3.22169
51212,4.20156
51213,4.55881
51214,2.86029
51215,3.9133
51216,4.04563
51217,3.89498
51218,3.85333
51219,3.54444
51220,4.22127
51221,4.01672
51222,4.07021
51223,4.41585
51224,3.75624
51225,4.02342
51226,4.33449
51227,3.91326
51228,4.93574
51229,4.17814
51230,3.45903
51231,4.21917
51232,3.05793
51233,3.75394
51234,3.72753
51235,4.48302
51236,4.65114
51237,4.09864
51238,2.57576
51239,3.15502
51240,3.63639
51241,3.45952
51242,2.40183
51243,4.15482
51244,3.08663
51245,3.38431
51246,3.49201
51247,3.12629
51248,4.26919
51249,4.88644
51250,4.88148
51251,4.15206
51252,5.0
51253,4.73182
51254,4.00446
51255,4.94839
51256,4.57343
51257,3.11948
51258,4.17136
51259,4.67621
51260,2.91315
51261,4.52186
51262,3.39962
51263,4.45701
51264,3.7999
51265,2.52784
51266,3.90903
51267,4.20387
51268,2.87008
51269,3.9932
51270,3.81041
51271,3.47289
51272,2.26513
51273,4.55395
51274,3.24029
51275,3.6345
51276,3.799
51277,4.93872
51278,4.48118
51279,3.3993
51280,5.0
51281,3.6074
51282,3.96459
51283,4.00354
51284,3.09429
51285,3.66958
51286,5.0
51287,2.81762
51288,3.68545
51289,3.38519
51290,2.50722
51291,3.75959
51292,3.85531
51293,4.57783
51294,4.44808
51295,3.51926
51296,4.47588
51297,4.43898
51298,3.93932
51299,3.67612
51300,4.64342
51301,3.90135
51302,3.33645
51303,4.63839
51304,4.43331
51305,4.29396
51306,2.88276
51307,3.99952
51308,3.54778
51309,3.64193
51310,4.52097
51311,3.93157
51312,4.13476
51313,4.20477
51314,4.25863
51315,2.64176
51316,3.67716
51317,4.52826
51318,3.11309
51319,3.30678
51320,2.85735
51321,3.42674
51322,4.08241
51323,3.23285
51324,3.90846
51325,4.42854
51326,4.79962
51327,3.49446
51328,3.79518
51329,4.42662
51330,3.07308
51331,4.59829
51332,3.99089
51333,3.24547
51334,1.84335
51335,2.77629
51336,3.76429
51337,3.55702
51338,4.50901
51339,4.33994
51340,3.7579
51341,3.9684
51342,5.0
51343,3.84394
51344,4.26764
51345,3.4304
51346,2.99261
51347,3.67896
51348,4.50837
51349,3.91031
51350,4.20507
51351,4.774
51352,4.5822
51353,2.54646
51354,2.08643
51355,3.1029
51356,4.52743
51357,4.99438
51358,4.27071
51359,5.0
51360,4.80902
51361,5.0
51362,4.24266
51363,3.77175
51364,4.12583
51365,3.63132
51366,4.37714
51367,4.79639
51368,2.3492
51369,5.0
51370,5.0
51371,4.68811
51372,4.12034
51373,3.5515
51374,3.24138
51375,2.36854
51376,1.0634
51377,4.91169
51378,4.6708
51379,3.34079
51380,3.87256
51381,3.16342
51382,4.15606
51383,4.31626
51384,4.47185
51385,3.63979
51386,4.82893
51387,4.01816
51388,3.99893
51389,4.50252
51390,4.66363
51391,4.35809
51392,3.4474
51393,3.24695
51394,4.93191
51395,4.30678
51396,4.27657
51397,4.11943
51398,3.85322
51399,3.21765
51400,3.89551
51401,2.67001
51402,2.95993
51403,4.77379
51404,4.7137
51405,3.3455
51406,3.22828
51407,4.00945
51408,4.74781
51409,4.19234
51410,4.49624
51411,4.53047
51412,4.79845
51413,4.04049
51414,4.05515
51415,4.01927
51416,4.21277
51417,4.37517
51418,4.05939
51419,3.84425
51420,3.71216
51421,4.06192
51422,3.52361
51423,3.58574
51424,4.25463
51425,3.68936
51426,2.67583
51427,3.20242
51428,4.54798
51429,4.30349
51430,3.93311
51431,4.71999
51432,4.39762
51433,4.07863
51434,3.79588
51435,2.83174
51436,4.21219
51437,1.69964
51438,3.50447
51439,2.93882
51440,4.19118
51441,3.72988
51442,4.70997
51443,4.6526
51444,4.59185
51445,3.28866
51446,2.63963
51447,2.90187
51448,3.57087
51449,3.73043
51450,2.76018
51451,3.37722
51452,1.15328
51453,2.56372
51454,3.39856
51455,1.26164
51456,2.07281
51457,2.42722
51458,2.3842
51459,1.33564
51460,1.21649
51461,2.19199
51462,2.65431
51463,2.20626
51464,3.46942
51465,3.1112
51466,2.06675
51467,4.78568
51468,3.04011
51469,3.31258
51470,1.80022
51471,3.05072
51472,3.28964
51473,2.57695
51474,1.0
51475,2.40267
51476,1.35175
51477,2.75442
51478,2.77302
51479,1.84064
51480,2.83143
51481,2.44752
51482,2.96819
51483,1.10753
51484,2.57739
51485,2.64956
51486,3.32989
51487,3.27036
51488,3.41409
51489,1.33625
51490,2.53528
51491,3.01934
51492,2.80073
51493,3.07761
51494,1.81632
51495,1.8455
51496,1.42784
51497,3.91832
51498,1.79121
51499,4.43826
51500,3.67183
51501,3.34914
51502,3.93472
51503,2.21312
51504,1.4147
51505,1.59559
51506,2.34901
51507,3.7242
51508,3.83888
51509,3.57101
51510,1.0
51511,2.3553
51512,3.49766
51513,3.96767
51514,2.77246
51515,4.49498
51516,3.96262
51517,3.10068
51518,4.56528
51519,4.71066
51520,2.25441
51521,1.38531
51522,1.69974
51523,4.28204
51524,2.99029
51525,2.49532
51526,4.66693
51527,1.55066
51528,2.82732
51529,3.83074
51530,2.28213
51531,4.38433
51532,2.99282
51533,2.31343
51534,2.67077
51535,1.90551
51536,5.0
51537,1.75574
51538,2.73548
51539,2.19744
51540,3.57087
51541,2.53983
51542,3.25222
51543,3.30829
51544,2.22568
51545,2.67468
51546,2.58419
51547,3.8158
51548,3.68097
51549,2.46423
51550,3.67084
51551,2.62547
51552,3.44709
51553,4.58468
51554,3.1425
51555,3.55614
51556,3.31944
51557,2.41945
51558,1.73438
51559,4.13417
51560,4.63605
51561,3.15785
51562,2.86685
51563,3.33558
51564,3.10617
51565,2.37289
51566,1.57137
51567,4.70185
51568,2.01992
51569,3.23225
51570,3.40746
51571,3.19175
51572,2.11737
51573,2.78782
51574,4.00268
51575,2.01698
51576,3.08713
51577,2.93487
51578,3.0775
51579,3.10574
51580,3.49764
51581,2.68951
51582,3.29296
51583,3.84604
51584,3.67402
51585,3.13811
51586,3.97253
51587,3.30519
51588,3.29592
51589,2.87591
51590,2.68885
51591,3.28242
51592,3.1537
51593,3.65274
51594,4.34895
51595,3.32494
51596,4.81793
51597,4.1175
51598,3.90715
51599,3.49804
51600,3.07937
51601,3.45675
51602,4.0735
51603,4.39121
51604,4.38016
51605,2.74453
51606,4.40881
51607,3.27944
51608,3.75257
51609,2.34572
51610,2.88514
51611,2.18653
51612,3.70931
51613,4.68615
51614,4.38093
51615,3.14972
51616,4.48803
51617,4.69015
51618,4.04536
51619,1.71588
51620,3.54516
51621,5.0
51622,2.30896
51623,3.14227
51624,4.09637
51625,4.03168
51626,2.86927
51627,2.2533
51628,2.89381
51629,3.18917
51630,3.5325
51631,3.21088
51632,3.82959
51633,2.54424
51634,3.41106
51635,3.27262
51636,3.68106
51637,3.67351
51638,3.18913
51639,3.32759
51640,4.08686
51641,2.65292
51642,3.1714
51643,3.33043
51644,2.58109
51645,2.69558
51646,2.80185
51647,3.38517
51648,1.981
51649,3.79281
51650,3.43813
51651,3.66934
51652,4.7333
51653,3.61399
51654,3.15895
51655,3.62971
51656,3.10332
51657,3.57888
51658,2.94665
51659,3.25447
51660,4.29464
51661,2.70156
51662,2.98049
51663,2.55395
51664,3.64082
51665,4.82611
51666,4.39455
51667,3.63322
51668,1.97514
51669,2.459
51670,3.46181
51671,2.53602
51672,4.88448
51673,4.24278
51674,3.31111
51675,3.44947
51676,4.23917
51677,4.75882
51678,3.46265
51679,4.29558
51680,4.72292
51681,3.37485
51682,3.12443
51683,3.68947
51684,3.72742
51685,2.91716
51686,2.7245
51687,3.51533
51688,3.0806
51689,3.03892
51690,2.6052
51691,2.37387
51692,4.0353
51693,4.47582
51694,3.1593
51695,2.82628
51696,3.82126
51697,1.8243
51698,2.31505
51699,3.6204
51700,3.65379
51701,3.36548
51702,3.26045
51703,3.7293
51704,4.2191
51705,3.6224
51706,2.59657
51707,3.63765
51708,1.90167
51709,2.78787
51710,3.12193
51711,2.71304
51712,3.69052
51713,2.97842
51714,1.44337
51715,4.01547
51716,2.49944
51717,2.13705
51718,4.3161
51719,4.99608
51720,4.19894
51721,4.09999
51722,4.04842
51723,4.5383
51724,4.15352
51725,4.74247
51726,4.11946
51727,4.83126
51728,4.21022
51729,4.86177
51730,4.3093
51731,4.83609
51732,4.43193
51733,4.83446
51734,4.7788
51735,3.51227
51736,1.65815
51737,3.0743
51738,2.19052
51739,1.97902
51740,4.01215
51741,2.97389
51742,2.93501
51743,2.76827
51744,3.36599
51745,2.5612
51746,2.70587
51747,4.5503
51748,2.8493
51749,3.09676
51750,2.89221
51751,3.49066
51752,4.65513
51753,2.65386
51754,3.24749
51755,3.43656
51756,2.20598
51757,3.57638
51758,3.21653
51759,4.1222
51760,3.82235
51761,2.80991
51762,4.68257
51763,3.53488
51764,3.17376
51765,2.90388
51766,2.85873
51767,4.23333
51768,3.73552
51769,4.70432
51770,1.57386
51771,4.64441
51772,3.91501
51773,5.0
51774,4.76831
51775,3.52783
51776,3.21321
51777,3.11473
51778,3.33075
51779,3.78268
51780,3.14109
51781,3.22814
51782,3.51709
51783,3.12283
51784,3.59349
51785,3.12911
51786,3.10532
51787,2.94265
51788,3.51946
51789,3.25616
51790,3.54374
51791,2.93248
51792,3.29499
51793,3.37628
51794,3.1057
51795,3.27745
51796,2.97125
51797,3.48862
51798,3.40119
51799,3.21788
51800,2.53809
51801,3.3909
51802,3.95654
51803,2.71272
51804,3.19144
51805,3.18552
51806,3.85355
51807,3.15666
51808,1.86203
51809,1.61843
51810,1.45855
51811,3.68883
51812,4.18647
51813,3.61824
51814,4.06191
51815,1.86735
51816,4.35198
51817,3.80435
51818,2.0288
51819,4.59478
51820,4.23825
51821,5.0
51822,3.92324
51823,4.84327
51824,3.58581
51825,4.77734
51826,3.60639
51827,4.02954
51828,3.92995
51829,4.3393
51830,3.75686
51831,3.19172
51832,2.89146
51833,3.02193
51834,4.44225
51835,4.00119
51836,3.69278
51837,3.96248
51838,3.60505
51839,3.37563
51840,3.44908
51841,3.96723
51842,4.06734
51843,4.01356
51844,3.73052
51845,4.60363
51846,5.0
51847,3.72128
51848,2.9489
51849,4.36707
51850,3.74261
51851,4.23491
51852,3.4704
51853,4.24944
51854,3.67468
51855,4.3675
51856,4.92229
51857,4.87137
51858,4.47114
51859,4.61219
51860,5.0
51861,3.47103
51862,3.71589
51863,4.11386
51864,4.74086
51865,4.14485
51866,2.86094
51867,4.50628
51868,4.0461
51869,2.75025
51870,3.91586
51871,4.50199
51872,4.37724
51873,3.57762
51874,3.32324
51875,4.14948
51876,4.50622
51877,4.48915
51878,4.99857
51879,4.64981
51880,3.01012
51881,4.30266
51882,2.78622
51883,3.42627
51884,3.7632
51885,3.85607
51886,4.14804
51887,4.23283
51888,3.90113
51889,4.24583
51890,4.68319
51891,4.85149
51892,3.90712
51893,3.72997
51894,4.4158
51895,4.46731
51896,4.99391
51897,5.0
51898,4.94739
51899,4.16707
51900,4.39689
51901,4.12693
51902,2.7323
51903,3.62104
51904,3.0971
51905,3.57912
51906,3.95446
51907,2.51332
51908,3.57873
51909,3.26155
51910,4.0098
51911,3.23222
51912,2.57095
51913,3.03229
51914,2.75493
51915,4.53461
51916,3.43482
51917,3.80674
51918,2.91663
51919,3.74461
51920,2.97376
51921,2.86389
51922,4.16521
51923,5.0
51924,3.956
51925,3.90443
51926,4.26785
51927,3.18792
51928,4.60301
51929,3.65239
51930,4.06306
51931,4.7166
51932,2.92303
51933,4.40351
51934,4.77248
51935,4.43944
51936,3.18293
51937,4.62058
51938,3.26165
51939,3.26024
51940,2.18031
51941,3.52957
51942,3.41997
51943,4.00594
51944,2.57102
51945,2.83461
51946,3.23819
51947,3.64664
51948,3.15027
51949,3.17452
51950,5.0
51951,3.4322
51952,4.48718
51953,3.71453
51954,4.45587
51955,3.01436
51956,4.41867
51957,2.92965
51958,3.02693
51959,2.33104
51960,3.78563
51961,3.91895
51962,3.27663
51963,4.77353
51964,5.0
51965,3.93084
51966,4.56129
51967,3.47189
51968,3.23581
51969,3.55771
51970,3.07896
51971,4.51448
51972,2.78377
51973,3.33022
51974,4.12942
51975,3.21165
51976,4.13652
51977,4.42018
51978,4.54277
51979,4.60027
51980,3.4957
51981,3.97965
51982,3.81569
51983,4.15028
51984,3.893
51985,4.63114
51986,3.93041
51987,3.65646
51988,3.54485
51989,3.67249
51990,3.19281
51991,3.21628
51992,4.04412
51993,3.4758
51994,3.81186
51995,4.33186
51996,4.00446
51997,2.88013
51998,3.21556
51999,3.56043
52000,3.66967
52001,2.42133
52002,3.27067
52003,3.37478
52004,3.12504
52005,2.76985
52006,3.36562
52007,2.69379
52008,1.38276
52009,3.13651
52010,3.16007
52011,2.83651
52012,3.62622
52013,3.02818
52014,2.85572
52015,2.70988
52016,3.96849
52017,4.38444
52018,3.04273
52019,3.46513
52020,4.03837
52021,3.63993
52022,3.56682
52023,4.05186
52024,3.91573
52025,2.05494
52026,1.20135
52027,1.58295
52028,2.38483
52029,2.28193
52030,1.07735
52031,2.94613
52032,1.98471
52033,3.00118
52034,1.0
52035,1.78769
52036,1.79456
52037,1.92429
52038,4.33713
52039,1.59009
52040,2.38893
52041,2.3035
52042,1.83181
52043,2.70029
52044,2.56618
52045,2.82088
52046,1.78225
52047,1.3884
52048,5.0
52049,4.13559
52050,5.0
52051,4.71188
52052,4.75272
52053,5.0
52054,4.50261
52055,5.0
52056,3.99835
52057,4.91694
52058,4.64012
52059,3.66026
52060,4.77353
52061,5.0
52062,4.86762
52063,4.50115
52064,3.54066
52065,4.73564
52066,4.94633
52067,3.03304
52068,3.30292
52069,3.92406
52070,4.21473
52071,4.51656
52072,1.0
52073,1.67398
52074,2.57577
52075,4.1476
52076,3.18966
52077,2.46745
52078,3.73061
52079,2.80595
52080,3.46419
52081,3.77851
52082,4.02927
52083,4.78159
52084,3.99555
52085,4.19804
52086,3.9988
52087,4.6659
52088,2.9902
52089,3.92674
52090,3.42083
52091,4.05318
52092,3.23929
52093,4.29094
52094,3.1974
52095,3.38239
52096,3.85634
52097,3.8025
52098,3.86181
52099,3.81667
52100,3.76565
52101,3.57987
52102,3.0123
52103,3.37616
52104,4.05321
52105,3.76108
52106,4.12488
52107,4.43239
52108,2.57519
52109,2.96794
52110,4.31031
52111,3.87277
52112,2.23274
52113,3.97055
52114,2.82604
52115,4.23838
52116,3.25611
52117,3.27528
52118,3.80645
52119,3.56286
52120,3.91406
52121,3.655
52122,3.00413
52123,1.62841
52124,3.97048
52125,4.1148
52126,3.00952
52127,4.08611
52128,3.58779
52129,3.89774
52130,4.25707
52131,4.02678
52132,3.40181
52133,4.39979
52134,4.39388
52135,3.60127
52136,3.4107
52137,2.82177
52138,3.35938
52139,3.89522
52140,5.0
52141,3.19593
52142,3.60834
52143,4.35522
52144,3.82131
52145,4.18071
52146,4.04479
52147,3.98968
52148,3.65563
52149,3.82473
52150,4.7267
52151,3.49891
52152,3.98125
52153,3.62476
52154,4.75048
52155,3.75085
52156,3.64914
52157,3.39841
52158,3.3086
52159,3.32162
52160,3.86855
52161,4.17282
52162,3.87154
52163,3.40535
52164,3.575
52165,3.4419
52166,1.96259
52167,3.18127
52168,2.94538
52169,3.96356
52170,4.51761
52171,3.57982
52172,4.26894
52173,3.7347
52174,3.67666
52175,3.22939
52176,4.03333
52177,3.26982
52178,2.76106
52179,3.6966
52180,4.38581
52181,2.59227
52182,4.13438
52183,3.73332
52184,4.09994
52185,3.53681
52186,3.39701
52187,1.27894
52188,2.70564
52189,4.37394
52190,3.83141
52191,5.0
52192,4.05805
52193,3.98317
52194,3.97852
52195,2.48997
52196,3.76355
52197,4.22393
52198,2.72248
52199,4.82505
52200,3.46573
52201,3.21529
52202,3.03832
52203,3.79146
52204,3.96594
52205,4.19869
52206,4.36934
52207,4.34078
52208,4.64286
52209,4.22622
52210,4.12973
52211,4.38413
52212,3.90623
52213,2.94579
52214,3.45634
52215,3.86664
52216,4.06517
52217,3.60537
52218,3.22964
52219,3.37702
52220,3.62267
52221,4.09483
52222,3.87576
52223,3.64836
52224,3.49129
52225,3.58076
52226,3.98276
52227,3.60446
52228,2.99528
52229,3.38458
52230,4.22191
52231,3.90984
52232,3.25053
52233,2.8297
52234,4.23246
52235,3.56213
52236,4.02767
52237,3.75545
52238,3.69245
52239,4.05089
52240,3.77284
52241,3.89774
52242,3.96964
52243,3.2911
52244,3.99151
52245,3.86395
52246,3.4123
52247,4.04906
52248,4.16974
52249,4.41171
52250,3.13542
52251,3.23541
52252,3.63361
52253,4.0046
52254,3.97897
52255,3.2776
52256,4.13366
52257,4.45412
52258,4.24968
52259,3.62889
52260,3.7829
52261,4.16783
52262,2.70094
52263,4.3992
52264,3.66335
52265,4.02815
52266,4.20351
52267,3.60462
52268,3.11513
52269,4.41426
52270,3.78372
52271,3.84044
52272,4.36866
52273,3.59719
52274,3.74722
52275,2.75213
52276,2.71154
52277,4.22856
52278,3.88718
52279,3.31272
52280,4.2589
52281,2.58574
52282,3.89902
52283,4.01918
52284,2.11163
52285,3.27963
52286,2.38983
52287,3.6709
52288,3.25602
52289,4.18534
52290,4.0508
52291,4.25992
52292,4.53248
52293,4.21741
52294,3.52763
52295,3.93828
52296,3.77583
52297,3.40079
52298,3.24851
52299,4.57196
52300,3.32381
52301,3.90849
52302,3.19355
52303,3.56243
52304,4.36937
52305,2.89266
52306,3.76043
52307,3.91956
52308,3.84029
52309,4.07801
52310,3.31415
52311,4.39446
52312,4.22365
52313,3.26598
52314,3.10002
52315,3.38621
52316,3.40526
52317,4.65699
52318,4.678
52319,4.81321
52320,4.81344
52321,4.79404
52322,4.10288
52323,4.70232
52324,4.7846
52325,4.35675
52326,4.1801
52327,3.14135
52328,4.6866
52329,4.56559
52330,3.34345
52331,5.0
52332,4.91064
52333,4.63138
52334,3.69854
52335,3.59884
52336,4.3349
52337,4.26617
52338,4.58936
52339,3.70791
52340,4.07061
52341,4.18985
52342,5.0
52343,4.56908
52344,4.99772
52345,3.35121
52346,4.80447
52347,3.15675
52348,4.82877
52349,3.96371
52350,3.21744
52351,4.6101
52352,4.0129
52353,3.22261
52354,3.22432
52355,2.92019
52356,3.53281
52357,5.0
52358,3.60064
52359,3.97317
52360,3.04951
52361,4.29169
52362,4.45423
52363,5.0
52364,4.03765
52365,3.48937
52366,3.9021
52367,3.99047
52368,4.03445
52369,2.63105
52370,4.73711
52371,2.58207
52372,3.37276
52373,2.54576
52374,4.26098
52375,3.79124
52376,3.94005
52377,2.40354
52378,4.75308
52379,3.06475
52380,1.98883
52381,3.47057
52382,3.50586
52383,2.84757
52384,4.5628
52385,4.59464
52386,3.46417
52387,3.82583
52388,1.641
52389,3.61305
52390,4.68804
52391,5.0
52392,4.51054
52393,4.12407
52394,3.40074
52395,5.0
52396,3.26157
52397,3.47526
52398,4.01291
52399,3.96509
52400,3.33724
52401,4.11708
52402,3.66266
52403,4.00366
52404,4.33535
52405,4.59541
52406,3.94591
52407,3.99334
52408,3.75265
52409,2.44959
52410,4.06334
52411,4.49108
52412,3.71975
52413,4.82762
52414,3.4782
52415,3.04323
52416,4.51239
52417,4.3066
52418,4.6722
52419,3.74141
52420,4.79504
52421,3.34165
52422,2.22436
52423,2.95217
52424,4.09524
52425,3.53459
52426,5.0
52427,4.68984
52428,3.92974
52429,1.96791
52430,2.71166
52431,2.74025
52432,3.30348
52433,2.96805
52434,3.35962
52435,3.78328
52436,4.05587
52437,4.1223
52438,3.6
52439,4.53401
52440,3.97325
52441,4.58302
52442,4.52237
52443,3.70665
52444,3.51949
52445,4.58099
52446,4.21642
52447,4.00134
52448,4.27948
52449,3.7598
52450,4.52386
52451,4.73587
52452,3.41691
52453,4.67845
52454,2.89034
52455,4.25536
52456,3.85927
52457,2.59819
52458,2.37444
52459,3.79968
52460,4.40726
52461,4.27518
52462,4.11783
52463,4.47494
52464,4.22611
52465,3.25321
52466,4.79814
52467,3.8991
52468,5.0
52469,4.51735
52470,3.54002
52471,2.93653
52472,3.15201
52473,3.59047
52474,4.23939
52475,3.1896
52476,3.45932
52477,2.97266
52478,3.82959
52479,3.34937
52480,3.43895
52481,3.64986
52482,4.70085
52483,2.79086
52484,4.12727
52485,3.55692
52486,3.94581
52487,4.19112
52488,2.99037
52489,3.4849
52490,3.66137
52491,2.71169
52492,2.80288
52493,2.27873
52494,2.41842
52495,2.92362
52496,1.50087
52497,2.68451
52498,3.91263
52499,4.5036
52500,3.84258
52501,3.89938
52502,4.26612
52503,3.96922
52504,2.35949
52505,3.12338
52506,4.38356
52507,3.65448
52508,3.90477
52509,4.01839
52510,2.63209
52511,3.59103
52512,3.18683
52513,4.53052
52514,2.73113
52515,3.58867
52516,3.55775
52517,4.65929
52518,4.13443
52519,4.26916
52520,3.75204
52521,2.37443
52522,3.3163
52523,3.81629
52524,2.08587
52525,3.6124
52526,3.76941
52527,1.55537
52528,3.13308
52529,4.24384
52530,3.50997
52531,4.03705
52532,4.30077
52533,3.94124
52534,4.03055
52535,4.16787
52536,3.43266
52537,3.84785
52538,3.25399
52539,4.26591
52540,3.45082
52541,4.74261
52542,3.99122
52543,4.60506
52544,4.47994
52545,3.34649
52546,3.33633
52547,3.05529
52548,2.69993
52549,2.41882
52550,2.42868
52551,2.85281
52552,2.05964
52553,4.05911
52554,4.54902
52555,3.87421
52556,2.80001
52557,3.14038
52558,3.81691
52559,3.16457
52560,3.60705
52561,3.57396
52562,4.22462
52563,3.63156
52564,3.49152
52565,3.68465
52566,2.72496
52567,2.87542
52568,4.51914
52569,1.32447
52570,4.54509
52571,3.06072
52572,4.10604
52573,3.25858
52574,4.29205
52575,3.10473
52576,4.51055
52577,4.1258
52578,5.0
52579,3.358
52580,4.19281
52581,4.0935
52582,2.396
52583,3.8247
52584,3.96384
52585,3.70918
52586,2.88667
52587,3.1128
52588,1.37094
52589,4.17184
52590,3.82409
52591,4.41756
52592,1.85997
52593,4.30967
52594,3.63078
52595,2.39772
52596,2.8578
52597,3.17903
52598,3.03823
52599,3.70522
52600,2.86252
52601,3.60352
52602,2.76759
52603,3.75875
52604,2.58276
52605,4.41129
52606,4.50679
52607,4.51464
52608,3.61487
52609,4.80631
52610,3.79004
52611,4.99294
52612,2.8002
52613,3.90247
52614,2.96279
52615,3.75787
52616,4.02385
52617,4.11019
52618,3.48877
52619,4.17209
52620,3.7005
52621,3.98199
52622,3.8642
52623,3.34665
52624,3.90045
52625,3.47697
52626,3.47307
52627,3.91336
52628,3.77566
52629,3.62504
52630,3.73638
52631,4.29814
52632,2.71126
52633,1.93255
52634,3.7956
52635,3.6962
52636,3.5872
52637,3.38991
52638,3.01474
52639,3.05319
52640,2.38189
52641,4.54315
52642,4.74713
52643,4.28886
52644,3.3095
52645,3.3209
52646,4.18083
52647,5.0
52648,5.0
52649,3.15872
52650,4.95154
52651,4.8123
52652,4.90697
52653,4.52593
52654,3.37059
52655,3.79963
52656,4.43873
52657,4.51232
52658,4.2682
52659,4.46629
52660,4.99329
52661,4.46503
52662,4.39391
52663,4.78404
52664,3.52561
52665,4.06961
52666,2.54165
52667,3.81191
52668,3.35842
52669,4.62411
52670,3.63321
52671,3.31666
52672,4.31957
52673,4.26995
52674,3.47155
52675,4.52547
52676,3.03936
52677,5.0
52678,4.18664
52679,4.19853
52680,3.80481
52681,3.42564
52682,3.25497
52683,2.57543
52684,3.83788
52685,3.10328
52686,3.97561
52687,4.46355
52688,4.04243
52689,2.90491
52690,3.67864
52691,4.70316
52692,3.00935
52693,3.90497
52694,4.10195
52695,3.95952
52696,3.91241
52697,3.65521
52698,3.93301
52699,4.07447
52700,3.36014
52701,4.2032
52702,3.4216
52703,3.83485
52704,3.88854
52705,2.7939
52706,3.63537
52707,4.07501
52708,4.19289
52709,3.63034
52710,3.9974
52711,4.09165
52712,4.07972
52713,3.71447
52714,3.58995
52715,3.99965
52716,4.45674
52717,4.85863
52718,4.49051
52719,4.29577
52720,3.66586
52721,3.68321
52722,2.6627
52723,3.26564
52724,3.52235
52725,3.49783
52726,3.25797
52727,1.98876
52728,3.30402
52729,3.11055
52730,2.96144
52731,2.95653
52732,2.85147
52733,3.59827
52734,4.06669
52735,2.90594
52736,2.7706
52737,3.45017
52738,3.62681
52739,2.097
52740,3.14685
52741,4.3425
52742,4.10879
52743,3.99131
52744,3.60236
52745,3.37949
52746,3.866
52747,3.00627
52748,2.86326
52749,4.19453
52750,1.50695
52751,3.59536
52752,2.13647
52753,2.93784
52754,3.92345
52755,2.43839
52756,3.197
52757,2.04931
52758,4.02157
52759,2.41375
52760,4.03734
52761,2.43946
52762,3.63265
52763,4.20923
52764,3.7719
52765,3.86842
52766,3.4474
52767,3.11089
52768,3.48567
52769,3.60052
52770,3.31007
52771,4.50953
52772,1.94675
52773,3.1173
52774,2.13926
52775,3.15263
52776,3.97606
52777,2.94974
52778,3.4468
52779,1.26465
52780,3.66887
52781,3.02495
52782,3.07045
52783,4.58799
52784,3.03672
52785,3.86314
52786,2.88423
52787,3.27848
52788,3.72028
52789,4.31405
52790,3.65198
52791,4.22252
52792,3.73327
52793,3.43554
52794,2.06053
52795,2.70804
52796,2.84762
52797,4.48258
52798,1.2647
52799,3.87311
52800,2.83001
52801,2.91896
52802,2.33521
52803,3.7426
52804,2.32418
52805,2.36876
52806,1.93837
52807,2.51444
52808,3.29576
52809,1.77563
52810,3.31949
52811,1.66769
52812,2.41691
52813,2.99529
52814,3.0013
52815,2.52507
52816,2.77905
52817,3.81425
52818,3.43717
52819,4.07529
52820,2.19038
52821,2.86152
52822,1.64632
52823,1.91174
52824,4.03604
52825,2.25809
52826,2.20567
52827,2.02912
52828,2.47786
52829,1.51023
52830,2.93872
52831,4.57544
52832,2.72905
52833,2.28897
52834,2.29714
52835,3.08902
52836,2.6888
52837,2.51821
52838,2.46486
52839,2.66185
52840,3.13177
52841,3.68162
52842,4.02199
52843,3.43306
52844,1.31809
52845,2.43754
52846,3.30942
52847,4.49265
52848,4.60192
52849,4.60596
52850,4.49347
52851,3.62112
52852,3.88215
52853,4.5598
52854,3.67797
52855,4.88516
52856,4.8294
52857,3.43856
52858,4.89869
52859,4.18418
52860,4.98386
52861,4.0319
52862,3.42646
52863,4.926
52864,4.61698
52865,3.4368
52866,4.76858
52867,3.92418
52868,4.48856
52869,3.34801
52870,3.15481
52871,3.32847
52872,3.66603
52873,4.29189
52874,4.06733
52875,4.23655
52876,4.43243
52877,3.82962
52878,3.97585
52879,4.43049
52880,2.9316
52881,3.15301
52882,2.72751
52883,3.89407
52884,4.07302
52885,3.94168
52886,4.02452
52887,4.11836
52888,3.84854
52889,4.11958
52890,3.87378
52891,2.17811
52892,4.61274
52893,3.88429
52894,3.80579
52895,3.13416
52896,3.60727
52897,3.79882
52898,4.18991
52899,3.11231
52900,3.88658
52901,4.12056
52902,4.0709
52903,4.03213
52904,3.0426
52905,4.08462
52906,4.02547
52907,4.2723
52908,3.29454
52909,3.3906
52910,3.7053
52911,4.20303
52912,4.65918
52913,4.17538
52914,3.85325
52915,3.49055
52916,3.45449
52917,3.92369
52918,3.14979
52919,3.44916
52920,2.36952
52921,4.40022
52922,3.71538
52923,4.35072
52924,3.75319
52925,4.14001
52926,2.22419
52927,2.96012
52928,4.23114
52929,4.53479
52930,2.96633
52931,3.96984
52932,4.00461
52933,3.94163
52934,4.25675
52935,3.97341
52936,4.10309
52937,3.80023
52938,4.00182
52939,2.80379
52940,3.62535
52941,3.1933
52942,4.08033
52943,3.51014
52944,4.19556
52945,3.44281
52946,3.8612
52947,3.73187
52948,3.13955
52949,3.91932
52950,3.7381
52951,3.77761
52952,4.18572
52953,3.70437
52954,4.03832
52955,3.0768
52956,3.40538
52957,4.03137
52958,3.86483
52959,3.69867
52960,3.41006
52961,3.72071
52962,3.92703
52963,3.15167
52964,3.45247
52965,3.38996
52966,3.84653
52967,3.95925
52968,3.69515
52969,3.44058
52970,3.8017
52971,3.95769
52972,4.59834
52973,3.46026
52974,3.61298
52975,4.33279
52976,3.57638
52977,3.54896
52978,4.0523
52979,3.42627
52980,3.77655
52981,3.94464
52982,3.43322
52983,3.58558
52984,3.51578
52985,4.1795
52986,3.76987
52987,3.88565
52988,3.23484
52989,3.85133
52990,3.13558
52991,3.81729
52992,3.59198
52993,3.44339
52994,3.88498
52995,3.45207
52996,3.07809
52997,3.20267
52998,3.29702
52999,3.69613
53000,3.97128
53001,3.59831
53002,4.00664
53003,3.77975
53004,3.86912
53005,4.18759
53006,3.96705
53007,3.48096
53008,4.05849
53009,3.97661
53010,3.40198
53011,3.4587
53012,3.56782
53013,4.27224
53014,3.21023
53015,4.21434
53016,4.69939
53017,3.28411
53018,5.0
53019,3.67141
53020,4.02314
53021,4.11141
53022,3.69851
53023,2.91394
53024,2.67963
53025,3.59808
53026,3.28073
53027,4.44016
53028,2.14333
53029,1.99771
53030,1.08364
53031,3.52785
53032,1.95613
53033,2.1837
53034,4.46032
53035,3.18926
53036,3.73777
53037,3.72876
53038,3.88978
53039,2.46512
53040,1.74319
53041,3.71912
53042,2.06797
53043,4.62363
53044,5.0
53045,3.61389
53046,4.10894
53047,4.68547
53048,4.7716
53049,4.26364
53050,3.15341
53051,4.79645
53052,3.87852
53053,4.57109
53054,3.8358
53055,4.28678
53056,4.06201
53057,3.94363
53058,3.89636
53059,4.21853
53060,3.6384
53061,4.25862
53062,3.4613
53063,3.19833
53064,2.65219
53065,2.34885
53066,1.76502
53067,3.12421
53068,1.72886
53069,2.43828
53070,1.5051
53071,2.78882
53072,3.01436
53073,2.81966
53074,1.56667
53075,3.15568
53076,2.20172
53077,1.9901
53078,1.0
53079,2.28928
53080,3.91906
53081,2.43077
53082,2.4457
53083,1.66447
53084,3.12848
53085,1.0
53086,1.06058
53087,3.54123
53088,2.43342
53089,2.24917
53090,1.0
53091,4.04822
53092,2.47119
53093,4.19357
53094,2.58486
53095,1.51405
53096,3.69649
53097,3.27801
53098,1.90072
53099,2.71326
53100,4.03505
53101,2.03375
53102,2.74397
53103,2.70513
53104,3.08079
53105,3.14231
53106,1.0
53107,1.89592
53108,4.66872
53109,1.92278
53110,2.87908
53111,1.79599
53112,3.69754
53113,1.7174
53114,2.79541
53115,1.419
53116,2.53644
53117,2.32301
53118,1.41895
53119,3.50868
53120,2.32707
53121,2.74149
53122,1.88496
53123,1.42808
53124,2.8563
53125,2.49799
53126,3.10885
53127,3.09373
53128,1.0
53129,2.44119
53130,2.25889
53131,2.61251
53132,4.60521
53133,4.05495
53134,2.97852
53135,3.74186
53136,3.27725
53137,3.59929
53138,4.18685
53139,4.01121
53140,3.72555
53141,3.82108
53142,2.82333
53143,3.95271
53144,4.03783
53145,4.06049
53146,4.74618
53147,3.9368
53148,3.66968
53149,3.76177
53150,4.5661
53151,3.922
53152,3.88992
53153,3.66755
53154,4.19063
53155,4.2212
53156,4.48559
53157,4.98624
53158,4.6342
53159,4.71621
53160,3.68594
53161,3.21986
53162,3.19929
53163,3.89274
53164,1.81372
53165,3.39401
53166,4.17895
53167,3.50294
53168,2.93344
53169,3.06943
53170,3.17661
53171,4.63435
53172,3.71187
53173,2.38281
53174,4.10614
53175,3.6382
53176,2.54351
53177,2.53737
53178,3.36975
53179,3.62824
53180,2.77389
53181,4.51305
53182,1.98294
53183,4.36045
53184,3.9595
53185,4.67112
53186,3.93893
53187,2.40545
53188,4.66629
53189,3.69927
53190,4.36444
53191,3.19713
53192,2.9804
53193,4.1604
53194,4.6988
53195,1.60589
53196,3.38396
53197,3.06659
53198,3.88866
53199,2.6612
53200,3.50984
53201,2.07057
53202,3.10705
53203,4.04551
53204,3.1703
53205,3.23996
53206,3.40648
53207,3.34773
53208,2.23329
53209,5.0
53210,4.37944
53211,2.43352
53212,3.51671
53213,3.38811
53214,3.96284
53215,2.87843
53216,2.88378
53217,3.86421
53218,4.08892
53219,4.17313
53220,4.36838
53221,2.81821
53222,4.59403
53223,4.09165
53224,3.98277
53225,2.47266
53226,2.36579
53227,3.17346
53228,4.32767
53229,3.37574
53230,3.87873
53231,3.33748
53232,2.81459
53233,3.74577
53234,2.65581
53235,3.17085
53236,4.16527
53237,3.61228
53238,3.88992
53239,4.57745
53240,4.24539
53241,3.49663
53242,3.50022
53243,3.40003
53244,3.43217
53245,2.56041
53246,4.56578
53247,2.75717
53248,3.71944
53249,3.3758
53250,1.76702
53251,3.77781
53252,4.97597
53253,4.97402
53254,5.0
53255,4.80093
53256,3.26511
53257,2.38048
53258,4.53898
53259,4.43855
53260,4.41445
53261,2.2304
53262,2.13786
53263,2.78845
53264,3.29951
53265,4.60442
53266,1.0
53267,4.9036
53268,2.64307
53269,3.85655
53270,4.17451
53271,3.61915
53272,2.77151
53273,2.35299
53274,4.29774
53275,2.26229
53276,1.14544
53277,2.1775
53278,4.12333
53279,1.64101
53280,2.30151
53281,4.11801
53282,3.83438
53283,3.42444
53284,3.33312
53285,4.3986
53286,4.5423
53287,3.36683
53288,3.43101
53289,4.00467
53290,3.74054
53291,4.38211
53292,3.36258
53293,3.73384
53294,4.84503
53295,3.98756
53296,4.50939
53297,4.26963
53298,4.82116
53299,3.4798
53300,4.47262
53301,4.42953
53302,3.25768
53303,4.07171
53304,3.85922
53305,4.14589
53306,3.96255
53307,3.85575
53308,3.8272
53309,3.64344
53310,3.62897
53311,4.35177
53312,3.14263
53313,3.65747
53314,4.27737
53315,3.48361
53316,4.72379
53317,3.28293
53318,3.37051
53319,4.20996
53320,4.11475
53321,3.01446
53322,3.13531
53323,3.71223
53324,3.08686
53325,4.12462
53326,4.74516
53327,3.667
53328,4.45438
53329,3.33955
53330,4.19065
53331,4.61906
53332,4.22626
53333,4.28176
53334,3.80871
53335,4.10461
53336,3.08901
53337,3.19394
53338,4.276
53339,3.73348
53340,4.24412
53341,4.09375
53342,4.25836
53343,4.66105
53344,4.37536
53345,3.69506
53346,3.9348
53347,4.41562
53348,4.43003
53349,4.6663
53350,4.29654
53351,4.85708
53352,4.30222
53353,3.79161
53354,3.3099
53355,4.02564
53356,4.51317
53357,4.1243
53358,3.09471
53359,4.67224
53360,4.13116
53361,3.31252
53362,4.61011
53363,4.32857
53364,3.43897
53365,4.37518
53366,3.40222
53367,4.11449
53368,3.9544
53369,3.93992
53370,4.64863
53371,3.82333
53372,4.43548
53373,4.99684
53374,3.14096
53375,4.31177
53376,4.78817
53377,3.89295
53378,4.49797
53379,3.31277
53380,3.85962
53381,4.41856
53382,3.82891
53383,1.89611
53384,5.0
53385,4.14827
53386,3.6451
53387,3.38097
53388,4.77849
53389,4.1962
53390,4.54529
53391,4.25112
53392,5.0
53393,4.15054
53394,4.14999
53395,4.29042
53396,2.6191
53397,4.28181
53398,4.8001
53399,4.22068
53400,3.74249
53401,4.47633
53402,3.88538
53403,4.87791
53404,4.40392
53405,4.48908
53406,3.97295
53407,4.62192
53408,4.35845
53409,3.76204
53410,3.18892
53411,4.20412
53412,2.9826
53413,3.22161
53414,4.31058
53415,3.61373
53416,1.0
53417,3.93952
53418,2.80638
53419,3.79484
53420,3.64771
53421,4.61195
53422,5.0
53423,4.68249
53424,4.05891
53425,4.39315
53426,4.55518
53427,4.12351
53428,3.8338
53429,4.5982
53430,3.69063
53431,3.96471
53432,4.29305
53433,4.93503
53434,5.0
53435,3.81159
53436,3.8611
53437,4.64728
53438,4.0151
53439,4.28262
53440,3.34896
53441,4.75043
53442,4.39671
53443,3.87176
53444,4.26701
53445,4.00274
53446,3.97721
53447,3.18611
53448,4.21795
53449,3.9472
53450,4.31222
53451,4.50478
53452,4.38473
53453,4.26609
53454,4.85841
53455,3.88969
53456,3.97198
53457,4.15554
53458,4.60888
53459,3.73612
53460,3.94582
53461,3.01354
53462,3.46367
53463,3.05556
53464,4.86977
53465,3.15095
53466,4.18106
53467,4.24332
53468,3.78295
53469,3.67144
53470,4.63991
53471,3.7996
53472,3.99667
53473,3.69329
53474,3.65445
53475,3.72891
53476,4.12943
53477,2.31379
53478,3.05357
53479,3.36481
53480,3.997
53481,3.28144
53482,4.55007
53483,4.16317
53484,4.35207
53485,3.30022
53486,4.38729
53487,4.83498
53488,4.38556
53489,2.87253
53490,4.59117
53491,2.48079
53492,4.1556
53493,3.67211
53494,1.91615
53495,4.31192
53496,3.98097
53497,3.3064
53498,3.84608
53499,4.17467
53500,5.0
53501,4.30371
53502,2.99499
53503,3.51888
53504,4.66263
53505,3.55825
53506,4.996
53507,2.48784
53508,3.34461
53509,3.76585
53510,3.94831
53511,4.84801
53512,5.0
53513,4.20424
53514,4.97597
53515,4.79279
53516,4.0793
53517,4.21302
53518,4.51049
53519,4.82215
53520,4.25535
53521,3.60499
53522,3.44739
53523,3.02793
53524,3.587
53525,3.53698
53526,3.72858
53527,2.83969
53528,3.21353
53529,2.80144
53530,4.764
53531,4.89524
53532,5.0
53533,4.56627
53534,3.60246
53535,4.02085
53536,4.3601
53537,3.69412
53538,4.45386
53539,4.50262
53540,4.50548
53541,3.73364
53542,4.52053
53543,3.9431
53544,4.13459
53545,4.10177
53546,4.56903
53547,4.65776
53548,3.76231
53549,4.71913
53550,3.29216
53551,3.65907
53552,4.40339
53553,4.05766
53554,4.75745
53555,3.85407
53556,4.09962
53557,3.7889
53558,4.40528
53559,4.11934
53560,4.58468
53561,5.0
53562,4.00962
53563,4.90827
53564,4.04272
53565,4.40896
53566,3.99728
53567,3.54958
53568,2.82968
53569,2.93414
53570,2.82699
53571,3.45575
53572,3.69412
53573,3.60653
53574,4.17094
53575,1.77344
53576,2.02897
53577,2.96707
53578,5.0
53579,3.32051
53580,3.9644
53581,1.79494
53582,3.28221
53583,3.41976
53584,2.46271
53585,1.32779
53586,1.06883
53587,4.47897
53588,3.59533
53589,2.43068
53590,2.27511
53591,3.7593
53592,2.90304
53593,3.61594
53594,3.22936
53595,2.65074
53596,4.90789
53597,1.12555
53598,3.27966
53599,2.89333
53600,2.60666
53601,3.86164
53602,4.59966
53603,2.98791
53604,2.79832
53605,3.31521
53606,3.845
53607,2.15136
53608,3.11198
53609,2.06581
53610,2.29049
53611,2.75563
53612,2.74226
53613,2.14844
53614,2.78933
53615,4.06144
53616,3.23196
53617,2.54688
53618,2.0917
53619,4.02193
53620,2.03205
53621,4.22345
53622,3.86694
53623,2.34507
53624,4.0117
53625,3.8674
53626,4.39545
53627,2.15938
53628,3.28852
53629,3.1084
53630,3.08922
53631,4.09614
53632,3.18411
53633,3.74935
53634,2.22079
53635,4.92568
53636,3.73468
53637,3.38236
53638,3.86366
53639,3.57347
53640,4.40452
53641,3.53364
53642,2.77294
53643,3.6531
53644,3.65771
53645,2.52644
53646,3.66375
53647,3.82467
53648,3.77919
53649,3.82895
53650,3.99127
53651,3.92679
53652,3.86761
53653,3.80355
53654,3.60549
53655,3.41444
53656,3.32738
53657,3.87017
53658,3.36638
53659,3.21952
53660,3.7249
53661,3.90961
53662,3.58987
53663,3.98006
53664,3.61105
53665,2.37083
53666,4.00652
53667,4.58789
53668,3.8769
53669,3.99085
53670,4.76288
53671,3.50588
53672,1.60732
53673,2.58481
53674,2.49382
53675,3.42864
53676,3.13699
53677,3.29354
53678,2.89845
53679,1.87382
53680,2.6892
53681,2.62844
53682,2.25077
53683,2.70492
53684,2.54812
53685,3.17692
53686,2.57274
53687,4.30237
53688,1.70949
53689,3.0937
53690,3.03184
53691,3.0027
53692,3.40642
53693,2.57298
53694,1.8997
53695,3.12384
53696,3.42548
53697,2.88346
53698,2.37669
53699,3.08781
53700,3.14118
53701,2.72689
53702,3.40446
53703,2.54314
53704,2.4139
53705,2.30091
53706,3.34181
53707,3.3585
53708,1.59979
53709,2.65995
53710,4.06405
53711,3.1351
53712,3.26981
53713,1.94045
53714,3.06425
53715,3.27587
53716,4.39194
53717,1.23422
53718,2.20509
53719,4.15091
53720,2.09239
53721,2.57642
53722,3.08461
53723,2.31822
53724,3.55831
53725,3.97408
53726,3.03789
53727,3.9828
53728,1.7175
53729,3.1992
53730,2.77218
53731,1.47345
53732,2.36332
53733,2.41022
53734,3.06371
53735,2.31375
53736,2.74041
53737,2.18375
53738,2.31911
53739,2.2631
53740,1.77829
53741,2.60686
53742,2.16396
53743,3.66546
53744,3.22694
53745,2.76949
53746,3.37353
53747,2.04368
53748,2.76896
53749,3.07556
53750,3.35063
53751,1.94798
53752,2.18859
53753,2.64472
53754,2.93548
53755,2.31528
53756,3.20053
53757,2.33115
53758,3.52736
53759,2.55631
53760,2.59408
53761,2.74454
53762,2.65759
53763,3.27839
53764,3.29743
53765,2.93754
53766,3.27558
53767,3.59201
53768,3.03966
53769,3.23354
53770,3.49124
53771,3.14088
53772,2.90553
53773,3.52274
53774,2.89283
53775,3.66411
53776,3.6367
53777,3.44553
53778,3.41964
53779,2.72042
53780,3.2331
53781,3.31714
53782,3.23865
53783,3.10859
53784,3.54597
53785,2.98405
53786,2.90942
53787,2.55944
53788,3.13718
53789,3.0345
53790,3.58576
53791,3.34637
53792,2.61514
53793,3.39215
53794,3.72563
53795,3.54462
53796,3.23424
53797,2.23933
53798,3.27787
53799,3.4857
53800,3.58747
53801,3.14781
53802,2.52286
53803,3.30507
53804,3.04689
53805,2.89057
53806,2.995
53807,2.91773
53808,2.97552
53809,1.88717
53810,3.14525
53811,2.26185
53812,3.5808
53813,3.6705
53814,2.07527
53815,2.50328
53816,3.42737
53817,3.26904
53818,3.26457
53819,2.13332
53820,3.31514
53821,3.13662
53822,2.40105
53823,3.2714
53824,2.84807
53825,2.93959
53826,3.08883
53827,3.76397
53828,3.40438
53829,3.26409
53830,3.98295
53831,3.42182
53832,4.19253
53833,3.91081
53834,3.3363
53835,3.28927
53836,3.11161
53837,3.00191
53838,3.89792
53839,4.192
53840,3.38257
53841,3.71349
53842,2.81126
53843,3.55307
53844,3.89652
53845,3.41001
53846,3.63073
53847,3.41489
53848,3.79625
53849,3.54003
53850,3.93433
53851,3.02201
53852,4.72455
53853,3.00933
53854,3.62159
53855,3.63967
53856,3.651
53857,3.92013
53858,3.72279
53859,3.22687
53860,3.70475
53861,4.62795
53862,4.12458
53863,3.83168
53864,4.15622
53865,3.67164
53866,3.5272
53867,4.1748
53868,2.80135
53869,3.5082
53870,4.06808
53871,3.52958
53872,3.79321
53873,2.67932
53874,3.03799
53875,3.68258
53876,2.72367
53877,4.17391
53878,4.2819
53879,4.24458
53880,4.48079
53881,3.80066
53882,3.90123
53883,3.92085
53884,3.86196
53885,3.7209
53886,4.36229
53887,3.89318
53888,4.16698
53889,3.43014
53890,4.46648
53891,4.57532
53892,4.12859
53893,3.48787
53894,4.25617
53895,4.97068
53896,4.23815
53897,3.97122
53898,4.04155
53899,4.13807
53900,3.76383
53901,3.97715
53902,4.4311
53903,3.7449
53904,3.47381
53905,4.20062
53906,4.26682
53907,4.01963
53908,3.67699
53909,4.46468
53910,4.47499
53911,4.21138
53912,4.2639
53913,4.14786
53914,2.78615
53915,4.27986
53916,3.4651
53917,3.16153
53918,3.54939
53919,3.97342
53920,4.48094
53921,2.92897
53922,4.64494
53923,4.24692
53924,4.6674
53925,3.98165
53926,4.12973
53927,4.39352
53928,4.17589
53929,4.38464
53930,4.80008
53931,4.67242
53932,4.4271
53933,4.2114
53934,5.0
53935,3.24455
53936,4.38964
53937,5.0
53938,4.41706
53939,4.08793
53940,4.87872
53941,2.76801
53942,4.30519
53943,4.77682
53944,5.0
53945,4.44315
53946,4.7228
53947,4.54213
53948,4.11856
53949,4.20738
53950,3.44991
53951,4.26757
53952,3.74116
53953,3.2331
53954,3.36563
53955,3.89628
53956,3.43536
53957,3.49704
53958,3.08796
53959,4.05665
53960,4.11963
53961,3.69441
53962,3.65865
53963,3.65564
53964,3.57409
53965,3.01311
53966,2.01834
53967,3.19279
53968,4.91827
53969,3.26361
53970,4.00616
53971,3.44054
53972,3.78901
53973,3.89131
53974,3.85374
53975,3.06549
53976,3.13764
53977,3.42391
53978,3.40316
53979,2.81534
53980,3.94549
53981,2.75563
53982,2.38517
53983,3.4622
53984,2.27392
53985,2.36513
53986,2.93736
53987,2.59045
53988,3.26802
53989,3.37372
53990,3.34707
53991,4.99087
53992,4.05569
53993,3.02924
53994,2.60211
53995,1.22035
53996,2.34813
53997,1.11234
53998,2.95038
53999,3.79157
54000,2.70834
54001,5.0
54002,2.71321
54003,3.08791
54004,2.81808
54005,3.81732
54006,3.26446
54007,3.53453
54008,3.57442
54009,3.4601
54010,2.55536
54011,1.0
54012,4.21878
54013,3.08457
54014,3.54499
54015,3.64969
54016,2.03963
54017,4.44947
54018,1.85541
54019,3.46444
54020,4.65771
54021,3.99519
54022,4.56597
54023,4.28053
54024,3.53157
54025,4.27588
54026,3.93038
54027,4.34272
54028,4.9336
54029,4.01032
54030,4.35893
54031,3.92506
54032,5.0
54033,4.5918
54034,2.35842
54035,4.1196
54036,2.86055
54037,4.23793
54038,4.06916
54039,4.24499
54040,2.01387
54041,2.01142
54042,3.8779
54043,3.22568
54044,4.85074
54045,3.83826
54046,4.28347
54047,5.0
54048,2.36548
54049,1.59327
54050,3.84019
54051,2.68437
54052,3.76253
54053,4.24982
54054,3.22169
54055,2.79692
54056,3.47619
54057,2.98256
54058,4.5023
54059,2.49181
54060,3.29638
54061,3.2851
54062,2.97584
54063,4.3521
54064,2.71124
54065,3.00855
54066,2.58737
54067,2.22297
54068,3.3732
54069,2.92642
54070,3.56271
54071,3.37838
54072,2.50824
54073,4.00775
54074,4.06537
54075,4.57461
54076,3.75402
54077,3.69024
54078,2.33439
54079,2.72969
54080,4.13352
54081,3.47804
54082,3.98644
54083,4.76678
54084,3.92046
54085,3.34776
54086,2.85808
54087,4.52998
54088,4.50664
54089,3.75507
54090,3.72311
54091,3.86746
54092,4.43262
54093,1.4123
54094,4.33009
54095,3.95539
54096,3.07328
54097,2.79807
54098,4.24916
54099,4.27104
54100,2.50192
54101,4.21389
54102,4.14953
54103,3.38746
54104,4.18614
54105,3.59601
54106,2.40831
54107,4.26471
54108,4.48101
54109,2.91821
54110,3.20279
54111,3.82774
54112,5.0
54113,4.1612
54114,4.78594
54115,3.59622
54116,2.78995
54117,3.60053
54118,4.52222
54119,3.91063
54120,2.98471
54121,2.33595
54122,4.27066
54123,3.78564
54124,3.11767
54125,3.25634
54126,3.12407
54127,3.00914
54128,3.74427
54129,3.40607
54130,4.01431
54131,3.85969
54132,4.65245
54133,2.62469
54134,3.44438
54135,3.5791
54136,2.52536
54137,3.27394
54138,3.77559
54139,3.7286
54140,4.78707
54141,2.15953
54142,3.99715
54143,3.57275
54144,4.35389
54145,4.24515
54146,5.0
54147,3.67397
54148,3.10113
54149,3.17124
54150,2.14387
54151,2.33674
54152,4.34737
54153,3.24382
54154,2.40487
54155,3.77883
54156,2.72751
54157,2.54478
54158,4.87799
54159,3.29577
54160,2.20018
54161,4.18908
54162,3.7189
54163,3.45175
54164,2.12942
54165,3.17772
54166,4.52109
54167,4.42006
54168,3.38589
54169,4.84761
54170,2.73803
54171,3.08085
54172,2.15963
54173,2.20859
54174,3.59799
54175,5.0
54176,4.25937
54177,4.80708
54178,3.22356
54179,2.83426
54180,4.36001
54181,3.63485
54182,4.49242
54183,4.64444
54184,4.62981
54185,5.0
54186,4.44045
54187,3.64916
54188,3.8971
54189,3.81569
54190,3.50878
54191,3.17811
54192,3.69311
54193,2.75488
54194,1.98001
54195,4.03907
54196,2.00591
54197,1.94738
54198,2.97508
54199,2.79191
54200,3.52052
54201,3.46063
54202,2.78504
54203,1.25278
54204,2.30824
54205,2.69267
54206,2.55164
54207,2.44584
54208,3.28922
54209,3.20677
54210,3.22933
54211,2.12397
54212,2.54328
54213,2.31708
54214,2.48147
54215,2.00747
54216,2.21875
54217,3.6094
54218,3.7126
54219,3.20501
54220,3.52287
54221,2.84537
54222,2.59415
54223,1.5259
54224,2.70759
54225,1.65256
54226,3.32307
54227,1.65058
54228,3.50133
54229,3.22927
54230,1.36812
54231,3.71909
54232,2.7497
54233,2.55901
54234,3.63964
54235,2.64079
54236,1.58196
54237,2.30525
54238,2.79809
54239,2.41066
54240,1.96112
54241,1.77065
54242,3.19055
54243,3.31134
54244,2.06657
54245,3.34698
54246,1.9637
54247,2.03436
54248,2.69715
54249,2.52465
54250,2.71551
54251,2.73441
54252,3.90722
54253,3.58332
54254,2.11114
54255,3.19191
54256,4.32068
54257,3.51412
54258,3.51047
54259,4.32304
54260,4.04897
54261,3.476
54262,4.42576
54263,3.26597
54264,4.07333
54265,4.19872
54266,4.40916
54267,3.60869
54268,4.11508
54269,1.87271
54270,4.41672
54271,4.81399
54272,4.15513
54273,3.71934
54274,4.7735
54275,4.17969
54276,3.65834
54277,3.21851
54278,2.9324
54279,3.90685
54280,3.2101
54281,3.92761
54282,3.91344
54283,4.84828
54284,3.62485
54285,3.32401
54286,3.46205
54287,3.41404
54288,3.96897
54289,4.89369
54290,3.30451
54291,3.08294
54292,4.48679
54293,3.77713
54294,4.33174
54295,4.97003
54296,3.65818
54297,3.79396
54298,5.0
54299,4.10088
54300,4.71526
54301,4.80833
54302,4.78947
54303,3.4493
54304,3.68668
54305,3.37379
54306,1.72104
54307,3.0349
54308,2.05972
54309,1.97936
54310,3.92646
54311,2.69501
54312,4.56413
54313,4.37271
54314,3.60856
54315,4.01056
54316,2.73169
54317,4.71867
54318,4.53113
54319,4.80158
54320,3.75801
54321,3.20903
54322,2.83888
54323,2.91976
54324,2.21395
54325,3.75931
54326,4.35651
54327,2.08417
54328,2.8983
54329,3.89993
54330,3.03471
54331,4.0141
54332,3.22856
54333,3.02224
54334,3.22382
54335,3.99632
54336,4.05504
54337,3.82201
54338,4.15885
54339,3.93293
54340,3.96479
54341,3.62716
54342,3.82011
54343,4.08237
54344,4.07726
54345,4.08404
54346,3.99586
54347,3.96264
54348,3.65391
54349,4.055
54350,3.19768
54351,4.06497
54352,3.5168
54353,3.45782
54354,4.03481
54355,3.93521
54356,3.91457
54357,4.16594
54358,3.9863
54359,3.38822
54360,4.86066
54361,3.98998
54362,4.82422
54363,4.06763
54364,3.49737
54365,2.86391
54366,3.55978
54367,3.52881
54368,4.26233
54369,2.64482
54370,3.87432
54371,4.32472
54372,4.86355
54373,4.0139
54374,2.53271
54375,2.00418
54376,2.51854
54377,4.11551
54378,2.80236
54379,3.5208
54380,1.86439
54381,5.0
54382,3.91955
54383,4.67475
54384,4.21604
54385,4.28776
54386,4.20755
54387,3.12275
54388,3.07941
54389,3.82531
54390,2.52767
54391,3.65758
54392,4.10172
54393,3.04237
54394,3.52879
54395,2.85016
54396,3.47423
54397,3.67514
54398,4.38875
54399,3.48455
54400,3.63708
54401,1.97407
54402,2.84466
54403,3.64412
54404,1.77968
54405,2.67782
54406,4.37245
54407,3.40178
54408,3.77096
54409,3.99989
54410,3.78084
54411,3.41673
54412,3.3186
54413,4.13536
54414,3.0418
54415,1.0
54416,2.67646
54417,3.64649
54418,4.54882
54419,4.4256
54420,3.19222
54421,2.22873
54422,3.09907
54423,3.11089
54424,3.26336
54425,3.75326
54426,3.98807
54427,3.09056
54428,4.85876
54429,4.82633
54430,4.47825
54431,4.10696
54432,5.0
54433,3.90706
54434,4.54536
54435,3.66461
54436,5.0
54437,3.21881
54438,4.31783
54439,4.47016
54440,4.13246
54441,5.0
54442,3.69413
54443,4.2237
54444,4.95625
54445,5.0
54446,4.44249
54447,5.0
54448,4.21049
54449,5.0
54450,4.83827
54451,4.58769
54452,3.93948
54453,3.47706
54454,3.88817
54455,4.94712
54456,4.57727
54457,4.11639
54458,4.22399
54459,3.65263
54460,4.30219
54461,4.33618
54462,4.1658
54463,4.4587
54464,3.57038
54465,4.18406
54466,4.69767
54467,4.15589
54468,4.05764
54469,3.67495
54470,4.52749
54471,2.93403
54472,2.89247
54473,3.95268
54474,2.6854
54475,3.26666
54476,3.86622
54477,3.23151
54478,3.57453
54479,3.85232
54480,4.52472
54481,2.32196
54482,1.58689
54483,3.5074
54484,3.69017
54485,3.95248
54486,3.19718
54487,2.78955
54488,3.64637
54489,3.96987
54490,3.80305
54491,3.73281
54492,2.61614
54493,3.88086
54494,3.97189
54495,3.53892
54496,2.21293
54497,4.33477
54498,3.90359
54499,3.66852
54500,4.33885
54501,3.78275
54502,4.54219
54503,4.47598
54504,3.80204
54505,3.86806
54506,3.15469
54507,2.31303
54508,4.15368
54509,4.22153
54510,4.51314
54511,3.73795
54512,3.56484
54513,3.42132
54514,2.38521
54515,2.66946
54516,4.1598
54517,3.69081
54518,2.90725
54519,2.92459
54520,3.30179
54521,4.01456
54522,3.87483
54523,4.00465
54524,4.25068
54525,3.21666
54526,3.19223
54527,3.87172
54528,3.65246
54529,3.20574
54530,2.70004
54531,3.94982
54532,3.52663
54533,4.2203
54534,2.92844
54535,3.4596
54536,2.33427
54537,4.01328
54538,4.20144
54539,4.07835
54540,4.34515
54541,2.53061
54542,4.21456
54543,3.73614
54544,3.10196
54545,3.01641
54546,3.55161
54547,3.4351
54548,2.93109
54549,3.53197
54550,3.81806
54551,3.04487
54552,3.55555
54553,3.6966
54554,4.17526
54555,3.76668
54556,5.0
54557,5.0
54558,4.33884
54559,4.74138
54560,4.58324
54561,3.58551
54562,4.42695
54563,4.04846
54564,3.9116
54565,2.80471
54566,3.62583
54567,4.40625
54568,4.21519
54569,4.25848
54570,3.21318
54571,4.61937
54572,4.63166
54573,4.44052
54574,3.1519
54575,3.63907
54576,3.35191
54577,3.84752
54578,3.45888
54579,4.49811
54580,3.63086
54581,4.46737
54582,3.9533
54583,4.69568
54584,3.86064
54585,3.70313
54586,3.76911
54587,3.22965
54588,4.46863
54589,3.94969
54590,3.6163
54591,4.42737
54592,3.8952
54593,3.99454
54594,4.49744
54595,3.7246
54596,4.23619
54597,4.45522
54598,3.71753
54599,4.86609
54600,4.8506
54601,4.84116
54602,4.54696
54603,4.84971
54604,4.63048
54605,4.46202
54606,4.45083
54607,4.93461
54608,4.97195
54609,4.46807
54610,4.37014
54611,3.74661
54612,4.58992
54613,4.63241
54614,3.59303
54615,4.29342
54616,4.50733
54617,3.6915
54618,4.58882
54619,4.37328
54620,4.34038
54621,3.61614
54622,4.91625
54623,4.28073
54624,4.32494
54625,3.87648
54626,3.625
54627,4.318
54628,4.6335
54629,1.66138
54630,3.2258
54631,3.97653
54632,2.61832
54633,2.23545
54634,4.33447
54635,4.16402
54636,3.78797
54637,4.77069
54638,4.11641
54639,4.20761
54640,2.54633
54641,3.2122
54642,2.29238
54643,4.25959
54644,3.53109
54645,3.7331
54646,4.28586
54647,2.56673
54648,3.84459
54649,4.49196
54650,3.30903
54651,2.96295
54652,3.13956
54653,4.19249
54654,4.33972
54655,3.85149
54656,2.56928
54657,3.00117
54658,3.98355
54659,3.95133
54660,2.86155
54661,1.58483
54662,2.37552
54663,3.03198
54664,3.9211
54665,3.47951
54666,4.34474
54667,3.43625
54668,2.65033
54669,3.15791
54670,3.98564
54671,2.4597
54672,2.3937
54673,3.57587
54674,4.11946
54675,2.70687
54676,2.16112
54677,4.35503
54678,3.29831
54679,2.62467
54680,3.02594
54681,4.36112
54682,2.84612
54683,2.90661
54684,4.14741
54685,3.79381
54686,1.37146
54687,4.17738
54688,3.1877
54689,3.92284
54690,3.62089
54691,3.53769
54692,2.97212
54693,3.02368
54694,3.51736
54695,2.87801
54696,4.20226
54697,2.68449
54698,1.01003
54699,4.14543
54700,4.5167
54701,2.50691
54702,4.77641
54703,3.601
54704,3.93556
54705,4.02123
54706,3.83213
54707,2.03071
54708,3.50173
54709,4.62003
54710,4.24923
54711,4.02307
54712,3.86303
54713,2.3415
54714,3.20585
54715,4.62313
54716,4.20171
54717,4.25495
54718,4.26649
54719,4.16206
54720,4.43106
54721,4.04094
54722,3.15533
54723,4.35078
54724,4.4836
54725,3.54175
54726,3.70789
54727,3.04566
54728,4.16466
54729,2.96124
54730,1.16486
54731,4.07059
54732,4.58785
54733,3.54766
54734,4.08479
54735,3.49422
54736,3.42592
54737,4.12401
54738,4.07861
54739,4.0884
54740,3.75477
54741,3.92456
54742,4.08181
54743,4.76632
54744,4.34992
54745,4.30857
54746,4.54818
54747,3.30065
54748,5.0
54749,3.36793
54750,3.31828
54751,3.95658
54752,3.7089
54753,4.25749
54754,4.38408
54755,3.8991
54756,2.99207
54757,2.76579
54758,3.16033
54759,3.25161
54760,4.16787
54761,2.18365
54762,2.37563
54763,3.87974
54764,3.80692
54765,3.72902
54766,3.58523
54767,2.75397
54768,5.0
54769,3.34473
54770,2.85794
54771,2.50328
54772,3.16166
54773,3.11174
54774,3.30696
54775,2.8924
54776,3.5401
54777,3.89641
54778,4.54607
54779,3.00355
54780,3.87267
54781,4.79139
54782,2.83297
54783,3.90843
54784,3.77213
54785,3.48725
54786,3.11278
54787,3.71154
54788,2.79204
54789,3.96931
54790,4.11423
54791,3.03143
54792,4.39485
54793,4.42954
54794,3.63624
54795,3.59436
54796,4.40897
54797,3.42342
54798,3.79161
54799,3.7017
54800,3.59553
54801,3.49106
54802,4.4022
54803,4.16323
54804,2.65164
54805,3.88429
54806,3.79052
54807,4.11183
54808,3.32026
54809,3.96769
54810,3.67124
54811,3.6631
54812,3.30488
54813,4.09799
54814,3.82017
54815,3.22751
54816,3.54759
54817,3.72854
54818,4.3456
54819,4.23202
54820,3.46325
54821,3.95985
54822,2.48517
54823,3.76193
54824,3.20649
54825,4.45141
54826,4.04312
54827,2.97704
54828,2.0391
54829,2.76102
54830,3.70567
54831,1.56024
54832,3.79693
54833,3.441
54834,4.25431
54835,4.06321
54836,4.94822
54837,2.97441
54838,3.87983
54839,3.44182
54840,2.5644
54841,3.95242
54842,3.64294
54843,4.34246
54844,3.16312
54845,4.39068
54846,4.39956
54847,3.56336
54848,2.19658
54849,2.55028
54850,4.0077
54851,3.18515
54852,3.70003
54853,4.0925
54854,3.52295
54855,4.23805
54856,4.62331
54857,4.72422
54858,3.50849
54859,3.45856
54860,4.01319
54861,3.91122
54862,4.62925
54863,4.65292
54864,3.16019
54865,3.31634
54866,3.10567
54867,3.07648
54868,3.28357
54869,3.35839
54870,2.80905
54871,1.52276
54872,2.76129
54873,3.24424
54874,3.96081
54875,3.16836
54876,4.29664
54877,4.01819
54878,2.25742
54879,3.39655
54880,3.25614
54881,2.35816
54882,3.60265
54883,3.87934
54884,3.38587
54885,3.7682
54886,3.91211
54887,2.68026
54888,2.89113
54889,2.04897
54890,2.39903
54891,3.38568
54892,2.8206
54893,3.7097
54894,2.15077
54895,2.31063
54896,3.13498
54897,2.51241
54898,3.46092
54899,1.62668
54900,1.94854
54901,4.32517
54902,3.73002
54903,3.56889
54904,3.44817
54905,2.21167
54906,3.08903
54907,3.3798
54908,2.88545
54909,3.17926
54910,2.20875
54911,3.85892
54912,3.58219
54913,3.73266
54914,3.21478
54915,2.61666
54916,3.52032
54917,3.21959
54918,1.6642
54919,1.2177
54920,3.49234
54921,3.24391
54922,2.77301
54923,3.11673
54924,2.92769
54925,3.01782
54926,3.33148
54927,2.03089
54928,3.13996
54929,3.33096
54930,2.76165
54931,2.55775
54932,4.77319
54933,3.99975
54934,3.49423
54935,3.43849
54936,3.70619
54937,3.02705
54938,4.17814
54939,4.38855
54940,4.38109
54941,4.80174
54942,4.41551
54943,4.53265
54944,4.10558
54945,4.48413
54946,4.68004
54947,3.83058
54948,4.31309
54949,3.76386
54950,4.03904
54951,3.18261
54952,4.10456
54953,4.42158
54954,4.59012
54955,4.13967
54956,4.35837
54957,4.0803
54958,2.60051
54959,3.16041
54960,4.71374
54961,2.7414
54962,3.95602
54963,5.0
54964,3.69263
54965,3.65338
54966,2.84242
54967,3.90291
54968,4.63788
54969,2.19862
54970,4.42201
54971,4.47197
54972,3.08811
54973,2.90521
54974,4.05174
54975,2.30269
54976,3.51223
54977,3.83395
54978,1.97918
54979,3.07991
54980,2.57644
54981,2.9662
54982,2.86595
54983,4.64262
54984,2.4309
54985,3.82897
54986,1.30454
54987,3.14551
54988,3.17359
54989,3.89989
54990,3.80165
54991,2.53751
54992,4.03404
54993,4.45449
54994,4.114
54995,3.82236
54996,4.53981
54997,4.56244
54998,2.78564
54999,3.01424
55000,3.15171
55001,3.4435
55002,2.89893
55003,4.34529
55004,4.18165
55005,2.16011
55006,2.96817
55007,3.6984
55008,3.43422
55009,2.58005
55010,4.26254
55011,4.7781
55012,4.09005
55013,4.48185
55014,3.6773
55015,4.25695
55016,3.53243
55017,3.39284
55018,3.95675
55019,3.78685
55020,4.4909
55021,3.40629
55022,3.50194
55023,2.25172
55024,3.17736
55025,4.16552
55026,3.99494
55027,5.0
55028,2.70557
55029,4.66436
55030,2.17438
55031,4.82927
55032,4.30365
55033,3.90508
55034,4.12751
55035,4.84596
55036,3.57436
55037,4.61512
55038,4.06397
55039,4.32147
55040,2.88139
55041,4.22804
55042,4.47127
55043,4.77444
55044,3.12234
55045,4.53464
55046,2.30153
55047,4.19957
55048,3.34372
55049,4.19394
55050,3.02731
55051,5.0
55052,3.46577
55053,2.66957
55054,3.13378
55055,4.25057
55056,3.40838
55057,3.70662
55058,4.67707
55059,2.65146
55060,2.80262
55061,2.46685
55062,3.56898
55063,4.01634
55064,3.66205
55065,3.98853
55066,4.09417
55067,4.94169
55068,4.63513
55069,3.98392
55070,3.95952
55071,3.28102
55072,4.98534
55073,2.78729
55074,4.73874
55075,2.38198
55076,3.3136
55077,4.60149
55078,2.63033
55079,5.0
55080,2.29645
55081,2.94556
55082,5.0
55083,4.48999
55084,3.64619
55085,2.56375
55086,4.65707
55087,4.20711
55088,2.62801
55089,2.93258
55090,2.4853
55091,1.89371
55092,3.66041
55093,3.12767
55094,3.26434
55095,3.93065
55096,4.43227
55097,3.15474
55098,4.31895
55099,4.66479
55100,2.75042
55101,2.96789
55102,3.52695
55103,4.51392
55104,3.59146
55105,4.9601
55106,4.38906
55107,3.45687
55108,4.94988
55109,4.64799
55110,2.85109
55111,4.61918
55112,4.28655
55113,3.48424
55114,4.7744
55115,2.80626
55116,3.63316
55117,3.5864
55118,2.93286
55119,4.00603
55120,4.12234
55121,3.44624
55122,3.77888
55123,4.19572
55124,3.9317
55125,2.48373
55126,4.44617
55127,3.44969
55128,3.05229
55129,1.82241
55130,4.12458
55131,3.89849
55132,3.02632
55133,3.74995
55134,1.46024
55135,4.53576
55136,3.54199
55137,3.27106
55138,3.87533
55139,4.97006
55140,3.89068
55141,4.45189
55142,4.63892
55143,2.97483
55144,3.0179
55145,4.52732
55146,2.96789
55147,3.85546
55148,3.82197
55149,3.35749
55150,2.8974
55151,5.0
55152,4.53271
55153,3.72954
55154,3.68857
55155,3.38526
55156,3.56639
55157,3.32335
55158,3.24937
55159,3.54801
55160,3.346
55161,3.82859
55162,2.34638
55163,3.93856
55164,3.52314
55165,3.38713
55166,2.55076
55167,2.86227
55168,3.36781
55169,3.01163
55170,3.61255
55171,4.1863
55172,3.78562
55173,3.07485
55174,4.99052
55175,4.74048
55176,3.88702
55177,4.24962
55178,3.25382
55179,3.94784
55180,4.11438
55181,4.5507
55182,4.16152
55183,5.0
55184,4.32586
55185,4.92156
55186,3.42574
55187,3.83035
55188,2.35603
55189,4.25714
55190,3.81603
55191,3.41166
55192,3.92889
55193,4.41846
55194,4.55161
55195,3.88066
55196,3.85815
55197,3.99545
55198,2.46496
55199,3.20651
55200,1.65102
55201,3.64143
55202,3.35804
55203,3.31141
55204,3.42978
55205,4.69399
55206,3.79056
55207,3.58206
55208,3.5888
55209,2.02538
55210,2.57658
55211,2.73624
55212,3.10558
55213,1.5331
55214,1.53177
55215,1.90065
55216,2.37181
55217,1.67285
55218,3.35903
55219,1.83894
55220,1.67923
55221,2.11685
55222,3.35275
55223,2.87618
55224,3.52823
55225,4.01116
55226,2.67687
55227,2.45696
55228,3.07632
55229,4.2611
55230,3.65413
55231,1.45346
55232,3.46169
55233,1.62963
55234,1.44999
55235,3.18835
55236,5.0
55237,1.67039
55238,2.38777
55239,2.51212
55240,3.15602
55241,2.74193
55242,3.72343
55243,3.32105
55244,3.13134
55245,2.68723
55246,4.19782
55247,2.33285
55248,4.16722
55249,4.23068
55250,3.58731
55251,2.75704
55252,3.58656
55253,1.0
55254,3.97794
55255,3.4949
55256,1.28531
55257,1.8567
55258,1.5781
55259,3.61949
55260,2.4658
55261,3.45523
55262,2.31266
55263,3.49142
55264,2.7893
55265,3.68764
55266,2.85278
55267,2.18465
55268,1.0
55269,1.71108
55270,4.3571
55271,4.59017
55272,5.0
55273,4.68642
55274,2.62427
55275,2.96794
55276,3.08825
55277,2.53025
55278,2.44665
55279,3.27676
55280,2.50354
55281,2.90424
55282,3.44807
55283,4.81111
55284,4.90903
55285,4.58444
55286,4.86318
55287,4.06101
55288,3.62853
55289,4.7878
55290,3.3225
55291,4.47681
55292,3.49842
55293,3.2009
55294,4.13989
55295,3.81619
55296,5.0
55297,2.98023
55298,3.09164
55299,4.41498
55300,3.37394
55301,4.06065
55302,4.21859
55303,2.51591
55304,3.13377
55305,3.75452
55306,4.51382
55307,4.4546
55308,3.06938
55309,4.1057
55310,3.93861
55311,3.6103
55312,4.44541
55313,4.1103
55314,4.24511
55315,4.08404
55316,4.16256
55317,3.62539
55318,3.78077
55319,3.93147
55320,4.17329
55321,4.07751
55322,4.5214
55323,4.33144
55324,3.98511
55325,4.40902
55326,4.15555
55327,3.1455
55328,5.0
55329,4.13952
55330,4.34791
55331,4.19118
55332,4.4392
55333,4.03996
55334,4.11818
55335,4.97925
55336,4.44213
55337,2.71865
55338,2.59266
55339,4.1211
55340,4.6316
55341,2.21272
55342,4.42179
55343,2.98259
55344,3.5276
55345,5.0
55346,2.6855
55347,4.04088
55348,4.74468
55349,4.64592
55350,2.87847
55351,4.46381
55352,1.93612
55353,3.72652
55354,4.76609
55355,4.87648
55356,3.36479
55357,5.0
55358,4.04076
55359,4.85195
55360,4.02175
55361,4.01703
55362,3.96946
55363,2.21471
55364,3.67613
55365,2.39952
55366,3.91712
55367,3.73108
55368,3.49085
55369,3.74894
55370,3.98133
55371,4.31076
55372,3.06114
55373,3.01217
55374,3.10415
55375,3.46475
55376,2.87028
55377,3.07467
55378,3.32186
55379,3.2062
55380,2.89941
55381,3.78415
55382,2.62036
55383,2.90284
55384,4.20371
55385,2.14581
55386,4.14689
55387,4.03607
55388,3.16632
55389,2.66424
55390,1.29265
55391,3.59577
55392,1.0
55393,3.88832
55394,2.57808
55395,3.58824
55396,1.4613
55397,2.90491
55398,2.57549
55399,2.30303
55400,3.15257
55401,4.10329
55402,3.99005
55403,3.00826
55404,4.35011
55405,3.87761
55406,1.53618
55407,2.78958
55408,3.72444
55409,3.17422
55410,3.33106
55411,4.34931
55412,3.80967
55413,3.67978
55414,2.85184
55415,3.85104
55416,2.77394
55417,3.50251
55418,3.40288
55419,2.86973
55420,3.5168
55421,3.26145
55422,2.80613
55423,4.31093
55424,3.08764
55425,2.91543
55426,4.19922
55427,2.92466
55428,3.31716
55429,3.8382
55430,3.6388
55431,2.07578
55432,3.9812
55433,3.7554
55434,3.70621
55435,4.07503
55436,4.10257
55437,2.95517
55438,2.76544
55439,2.85422
55440,2.05319
55441,2.85897
55442,2.13951
55443,1.67091
55444,2.0018
55445,1.33559
55446,4.77195
55447,1.91211
55448,3.51738
55449,1.59767
55450,2.86244
55451,2.9956
55452,3.37391
55453,1.0
55454,2.382
55455,1.32836
55456,2.02993
55457,1.85186
55458,2.73059
55459,3.57389
55460,2.79431
55461,3.5965
55462,2.03423
55463,2.5799
55464,4.51781
55465,1.0
55466,2.18852
55467,4.40109
55468,3.41837
55469,1.95504
55470,4.31304
55471,5.0
55472,4.69137
55473,3.9386
55474,4.23208
55475,4.14335
55476,3.20422
55477,4.02329
55478,4.46237
55479,4.87924
55480,3.7976
55481,3.70748
55482,4.66151
55483,4.05993
55484,4.25665
55485,3.55949
55486,3.94859
55487,4.66451
55488,4.42419
55489,3.19608
55490,4.24594
55491,3.90277
55492,4.48831
55493,4.30448
55494,4.74568
55495,4.07088
55496,4.81062
55497,5.0
55498,4.02046
55499,4.76223
55500,5.0
55501,3.16941
55502,3.83641
55503,4.47934
55504,2.79927
55505,4.35499
55506,3.82075
55507,2.57234
55508,4.3539
55509,4.77261
55510,4.39359
55511,4.71801
55512,4.3777
55513,5.0
55514,4.35066
55515,4.65027
55516,3.8123
55517,2.57559
55518,4.19616
55519,3.93895
55520,3.61045
55521,4.37679
55522,4.24612
55523,3.65693
55524,2.5821
55525,4.22374
55526,4.27349
55527,4.76841
55528,4.59262
55529,4.28747
55530,4.21454
55531,3.95985
55532,4.32813
55533,4.88424
55534,4.87272
55535,4.6211
55536,4.46461
55537,4.81832
55538,4.68955
55539,4.60437
55540,4.86837
55541,5.0
55542,3.70386
55543,4.4985
55544,3.80445
55545,4.10146
55546,3.4915
55547,4.21956
55548,4.38102
55549,4.69356
55550,3.50582
55551,3.74433
55552,4.12601
55553,4.30446
55554,4.12303
55555,4.29145
55556,4.73833
55557,3.63362
55558,3.62102
55559,3.60796
55560,3.13553
55561,4.06065
55562,3.91207
55563,3.67368
55564,3.84733
55565,3.43781
55566,4.04378
55567,3.47685
55568,3.73166
55569,4.30603
55570,3.23906
55571,3.34158
55572,4.05792
55573,4.34878
55574,2.93138
55575,2.28658
55576,2.45631
55577,3.69638
55578,3.77116
55579,3.64511
55580,3.76771
55581,2.78271
55582,3.01911
55583,3.43135
55584,3.38635
55585,3.31727
55586,2.61363
55587,4.66541
55588,1.82515
55589,3.35501
55590,2.92046
55591,3.61439
55592,4.1755
55593,3.00984
55594,3.42932
55595,3.25723
55596,3.74539
55597,3.14042
55598,4.79182
55599,3.61937
55600,3.78099
55601,4.80023
55602,2.48086
55603,3.6408
55604,3.45987
55605,4.92568
55606,3.55369
55607,3.90788
55608,3.25162
55609,3.4576
55610,3.94228
55611,4.28687
55612,3.06329
55613,4.14377
55614,3.17196
55615,3.57932
55616,5.0
55617,3.43328
55618,4.65331
55619,3.70789
55620,3.9706
55621,2.92849
55622,3.60066
55623,2.67078
55624,4.9127
55625,4.28833
55626,2.9965
55627,4.18982
55628,4.84929
55629,4.50988
55630,4.01019
55631,3.7176
55632,3.57569
55633,2.81159
55634,3.5416
55635,4.42677
55636,3.31135
55637,2.96946
55638,4.4043
55639,3.77184
55640,3.69407
55641,3.53496
55642,3.77407
55643,3.78844
55644,3.35404
55645,3.09703
55646,4.37959
55647,4.71887
55648,4.7557
55649,4.06006
55650,4.44845
55651,4.8654
55652,4.44081
55653,4.1789
55654,4.74093
55655,3.83135
55656,4.35624
55657,4.35619
55658,4.89747
55659,4.49238
55660,4.54054
55661,4.28028
55662,3.73618
55663,5.0
55664,4.35798
55665,4.47588
55666,4.23359
55667,3.74622
55668,4.4918
55669,3.73161
55670,2.89153
55671,4.91164
55672,3.87016
55673,4.13108
55674,3.0833
55675,1.1002
55676,3.43644
55677,2.5787
55678,3.59948
55679,1.72958
55680,2.98078
55681,2.32312
55682,1.46269
55683,2.16814
55684,1.22509
55685,1.67449
55686,1.49583
55687,2.45427
55688,3.08015
55689,1.42318
55690,4.84276
55691,2.81043
55692,1.76824
55693,2.26482
55694,1.67474
55695,1.0
55696,3.72533
55697,2.32216
55698,2.71029
55699,4.27038
55700,2.80302
55701,2.77291
55702,2.49947
55703,2.41082
55704,4.27294
55705,1.7983
55706,3.41294
55707,1.33925
55708,3.22318
55709,1.30504
55710,4.75889
55711,4.14376
55712,4.18656
55713,3.80793
55714,3.98273
55715,3.94097
55716,3.45831
55717,2.55471
55718,3.6225
55719,3.33756
55720,2.22004
55721,3.00869
55722,3.11261
55723,3.52108
55724,3.68712
55725,4.4315
55726,2.75024
55727,4.10169
55728,4.18412
55729,3.75444
55730,2.91244
55731,4.45832
55732,4.55556
55733,3.50916
55734,4.24235
55735,3.35302
55736,4.11828
55737,3.95384
55738,3.42028
55739,4.23906
55740,3.64405
55741,3.3375
55742,3.98229
55743,4.36991
55744,2.93087
55745,4.29881
55746,4.74085
55747,4.88668
55748,3.9971
55749,2.59167
55750,2.36907
55751,4.13761
55752,4.32494
55753,4.62683
55754,4.7593
55755,1.06988
55756,3.07963
55757,4.03503
55758,1.38367
55759,2.74852
55760,3.00736
55761,2.38156
55762,2.75048
55763,3.83229
55764,2.57486
55765,2.17814
55766,2.24306
55767,3.44317
55768,3.59448
55769,2.74206
55770,4.3635
55771,3.91639
55772,4.36883
55773,2.89095
55774,2.64275
55775,2.8583
55776,2.75257
55777,2.2913
55778,4.00322
55779,4.08033
55780,4.04434
55781,3.95855
55782,4.05389
55783,3.14133
55784,3.7024
55785,4.0141
55786,3.37371
55787,3.24691
55788,3.88891
55789,4.07981
55790,2.53508
55791,4.37483
55792,3.90678
55793,4.48238
55794,4.55866
55795,3.23342
55796,3.79779
55797,4.25063
55798,4.07883
55799,5.0
55800,2.40945
55801,4.53262
55802,4.87036
55803,2.37835
55804,4.80329
55805,3.02907
55806,3.2765
55807,3.37664
55808,5.0
55809,3.74946
55810,1.71339
55811,3.71427
55812,4.44853
55813,3.02419
55814,4.51965
55815,4.2138
55816,4.56343
55817,4.5898
55818,4.35316
55819,4.16843
55820,3.39032
55821,4.61419
55822,4.88448
55823,3.57283
55824,3.70976
55825,3.5186
55826,3.2832
55827,4.72188
55828,4.07763
55829,4.46131
55830,4.49132
55831,4.85905
55832,4.23644
55833,2.71139
55834,3.90896
55835,4.03883
55836,3.73749
55837,3.81045
55838,3.80652
55839,1.99928
55840,3.35254
55841,3.35767
55842,3.44812
55843,3.11048
55844,4.22632
55845,3.46672
55846,2.55903
55847,3.03156
55848,3.57742
55849,3.57526
55850,3.71752
55851,3.29746
55852,3.5873
55853,3.88155
55854,3.58188
55855,3.04562
55856,3.90425
55857,2.44954
55858,2.31215
55859,3.20521
55860,3.21684
55861,2.66562
55862,4.06633
55863,3.40381
55864,3.21366
55865,3.9459
55866,3.88937
55867,3.8197
55868,3.77979
55869,3.58192
55870,3.81613
55871,3.89486
55872,3.30111
55873,3.95339
55874,3.83821
55875,4.04017
55876,4.00229
55877,3.93253
55878,4.68014
55879,3.31615
55880,3.33908
55881,3.21569
55882,2.7083
55883,2.68076
55884,3.90622
55885,2.99726
55886,2.29596
55887,3.69454
55888,3.6652
55889,3.83216
55890,4.27901
55891,3.43384
55892,4.21821
55893,3.57909
55894,2.12558
55895,3.8016
55896,2.90314
55897,3.90551
55898,3.55913
55899,4.2718
55900,3.76409
55901,3.69424
55902,1.82531
55903,3.46383
55904,3.02734
55905,4.01724
55906,4.1471
55907,2.56658
55908,4.20462
55909,3.5548
55910,1.12037
55911,3.74609
55912,3.36055
55913,2.56041
55914,5.0
55915,4.83625
55916,5.0
55917,3.89917
55918,4.63387
55919,3.26782
55920,4.18128
55921,4.24189
55922,4.0325
55923,1.0
55924,2.7328
55925,4.38436
55926,3.97109
55927,4.41268
55928,3.9613
55929,4.4126
55930,3.27043
55931,3.52898
55932,4.76675
55933,4.5213
55934,4.99203
55935,4.51445
55936,3.46503
55937,3.5966
55938,2.14875
55939,3.08668
55940,4.06148
55941,3.59748
55942,3.78508
55943,3.60746
55944,2.51106
55945,4.47378
55946,3.04006
55947,2.78127
55948,4.40591
55949,4.82214
55950,4.38071
55951,2.67022
55952,3.95039
55953,4.83062
55954,4.28685
55955,4.28557
55956,4.67922
55957,4.76422
55958,4.13392
55959,3.40671
55960,3.70583
55961,4.38161
55962,4.8885
55963,4.62839
55964,3.40902
55965,2.92988
55966,5.0
55967,3.84563
55968,3.96325
55969,3.90478
55970,5.0
55971,4.21698
55972,3.84372
55973,4.85065
55974,4.14361
55975,4.31187
55976,4.22891
55977,3.06373
55978,3.30157
55979,3.15392
55980,3.21896
55981,1.64205
55982,1.72798
55983,4.0422
55984,2.81949
55985,3.6538
55986,2.64395
55987,2.68862
55988,2.23003
55989,2.4717
55990,1.07161
55991,3.95109
55992,2.99364
55993,1.97199
55994,3.0006
55995,2.70075
55996,2.51548
55997,4.81119
55998,3.26871
55999,1.42218
56000,2.97402
56001,1.0
56002,2.59832
56003,4.56044
56004,2.57989
56005,2.15894
56006,3.17264
56007,3.91498
56008,2.72105
56009,2.53415
56010,3.81782
56011,3.9863
56012,4.32919
56013,2.9855
56014,2.12984
56015,4.4669
56016,2.8681
56017,4.19303
56018,2.33378
56019,3.9104
56020,2.90537
56021,2.85145
56022,4.3615
56023,3.25089
56024,3.6198
56025,2.56848
56026,2.95562
56027,3.6803
56028,4.26386
56029,3.00825
56030,4.90414
56031,4.39481
56032,4.06785
56033,2.18723
56034,3.023
56035,4.00698
56036,1.69636
56037,3.87985
56038,3.18054
56039,2.73455
56040,2.4492
56041,4.65838
56042,3.96917
56043,4.23469
56044,1.88241
56045,4.64247
56046,4.78954
56047,4.9343
56048,3.14055
56049,2.86697
56050,4.3186
56051,4.94699
56052,2.60336
56053,2.23884
56054,4.79803
56055,5.0
56056,4.52674
56057,4.45282
56058,4.3603
56059,5.0
56060,3.39022
56061,3.76959
56062,2.90525
56063,3.97451
56064,3.63181
56065,3.29009
56066,3.5678
56067,4.57698
56068,4.3891
56069,3.85928
56070,4.0498
56071,4.51783
56072,4.07965
56073,4.4572
56074,4.01944
56075,4.57521
56076,4.19586
56077,2.93606
56078,3.20805
56079,4.16902
56080,2.54333
56081,3.90921
56082,3.4536
56083,3.05336
56084,4.34213
56085,3.8595
56086,4.0194
56087,3.93796
56088,3.58605
56089,2.58853
56090,3.81276
56091,3.97108
56092,2.82095
56093,3.59215
56094,3.3137
56095,3.39482
56096,3.55227
56097,2.90402
56098,3.34951
56099,3.98533
56100,3.80615
56101,4.22106
56102,3.98326
56103,4.87888
56104,4.59121
56105,4.83309
56106,4.85539
56107,4.59189
56108,5.0
56109,4.85919
56110,4.92987
56111,3.78625
56112,3.99521
56113,3.83461
56114,2.05292
56115,3.43981
56116,2.26106
56117,3.19218
56118,2.28186
56119,3.76995
56120,3.50708
56121,1.5947
56122,3.46846
56123,3.32196
56124,2.43248
56125,3.4763
56126,3.65828
56127,2.38485
56128,2.52433
56129,3.44651
56130,3.68551
56131,3.81
56132,3.03116
56133,3.51848
56134,3.31448
56135,3.33372
56136,3.47523
56137,3.5127
56138,3.35612
56139,2.58757
56140,3.84995
56141,3.80813
56142,4.2583
56143,4.29708
56144,2.98713
56145,3.86997
56146,3.43712
56147,2.81529
56148,3.14509
56149,3.05588
56150,4.28744
56151,3.50297
56152,2.72165
56153,4.0852
56154,3.1808
56155,3.68558
56156,3.44643
56157,2.7489
56158,1.5724
56159,4.99658
56160,3.20708
56161,2.12527
56162,3.01189
56163,4.16269
56164,3.6236
56165,2.75015
56166,3.55367
56167,3.58776
56168,3.10558
56169,3.82244
56170,3.92719
56171,2.64937
56172,1.76191
56173,3.80048
56174,4.15234
56175,4.49171
56176,3.73439
56177,4.8243
56178,5.0
56179,4.20194
56180,1.94715
56181,4.79306
56182,4.07849
56183,5.0
56184,5.0
56185,4.16934
56186,3.65404
56187,3.47967
56188,2.20382
56189,3.03686
56190,3.41709
56191,3.66426
56192,3.16428
56193,2.35772
56194,4.05658
56195,2.92199
56196,4.42046
56197,3.55347
56198,4.26967
56199,3.86384
56200,4.15502
56201,3.79528
56202,3.45961
56203,3.89246
56204,3.59457
56205,3.92828
56206,2.53708
56207,4.25359
56208,4.0766
56209,4.05456
56210,4.48842
56211,4.6883
56212,3.69982
56213,3.64582
56214,4.56598
56215,3.10951
56216,2.88582
56217,2.943
56218,5.0
56219,4.27309
56220,4.14355
56221,4.62658
56222,4.34713
56223,4.15609
56224,4.00613
56225,3.76237
56226,4.33283
56227,4.50615
56228,4.82556
56229,5.0
56230,4.77037
56231,4.86604
56232,2.172
56233,2.66448
56234,2.6516
56235,2.3917
56236,3.064
56237,3.60552
56238,3.62524
56239,2.80761
56240,3.60544
56241,3.82008
56242,3.42228
56243,4.13309
56244,3.54602
56245,3.21765
56246,3.78839
56247,2.21536
56248,3.23238
56249,4.44338
56250,2.47477
56251,3.64819
56252,3.28492
56253,3.41995
56254,3.65173
56255,3.88492
56256,2.12434
56257,3.26983
56258,3.13416
56259,3.51107
56260,3.99138
56261,4.30204
56262,2.80523
56263,2.65281
56264,4.45595
56265,4.05281
56266,1.39465
56267,2.80311
56268,3.90108
56269,2.79142
56270,3.05073
56271,3.07273
56272,3.03664
56273,2.60048
56274,2.08062
56275,3.29531
56276,4.03762
56277,4.37083
56278,3.77507
56279,3.78696
56280,3.35501
56281,3.07872
56282,4.43796
56283,3.68984
56284,3.77042
56285,2.47357
56286,3.59969
56287,3.80781
56288,3.33209
56289,4.47424
56290,3.31789
56291,3.96976
56292,3.93161
56293,3.51585
56294,4.41909
56295,2.93239
56296,3.59073
56297,3.38195
56298,3.53575
56299,4.01188
56300,3.63813
56301,3.46107
56302,3.09472
56303,4.62724
56304,4.09404
56305,4.10661
56306,3.50184
56307,3.63472
56308,4.27885
56309,3.67998
56310,3.53138
56311,2.83991
56312,3.41906
56313,3.02563
56314,3.39483
56315,3.32344
56316,2.89679
56317,3.65888
56318,3.21189
56319,2.80589
56320,3.47491
56321,4.09294
56322,3.9363
56323,2.70535
56324,3.38679
56325,3.23453
56326,3.66005
56327,3.53838
56328,3.30769
56329,3.70953
56330,3.63679
56331,2.63181
56332,3.70382
56333,4.56791
56334,2.03248
56335,3.27774
56336,3.83926
56337,4.07006
56338,2.83642
56339,4.18154
56340,4.24788
56341,2.75767
56342,3.9677
56343,4.9193
56344,4.55467
56345,4.46483
56346,3.96428
56347,4.56292
56348,3.19522
56349,3.72059
56350,4.5339
56351,4.74534
56352,3.80064
56353,3.88906
56354,4.43318
56355,4.01063
56356,4.34341
56357,3.30276
56358,4.301
56359,3.0133
56360,4.68298
56361,4.93628
56362,4.96286
56363,4.4861
56364,3.84491
56365,4.15493
56366,2.75231
56367,3.84948
56368,4.48915
56369,4.36148
56370,2.85762
56371,2.54397
56372,3.4189
56373,4.76002
56374,4.37358
56375,4.1482
56376,2.93931
56377,3.97047
56378,3.34968
56379,5.0
56380,2.24004
56381,3.97371
56382,3.63699
56383,3.55917
56384,4.46362
56385,3.72807
56386,4.48829
56387,4.04243
56388,3.71391
56389,3.97042
56390,4.59244
56391,5.0
56392,4.47458
56393,5.0
56394,4.92633
56395,3.2985
56396,4.51899
56397,4.92057
56398,4.01763
56399,3.00311
56400,1.86815
56401,4.45309
56402,4.89738
56403,3.46344
56404,3.01494
56405,2.55352
56406,3.66238
56407,3.74561
56408,2.27871
56409,4.08347
56410,3.66826
56411,3.51605
56412,3.64487
56413,3.06262
56414,2.93928
56415,3.50339
56416,2.50438
56417,3.04649
56418,3.24663
56419,2.60146
56420,3.66475
56421,2.69812
56422,1.97107
56423,3.00303
56424,2.91716
56425,2.93611
56426,2.74369
56427,4.21932
56428,3.20805
56429,2.68031
56430,3.66423
56431,3.55375
56432,2.9862
56433,2.16875
56434,3.57699
56435,4.08209
56436,2.81017
56437,3.70246
56438,3.6557
56439,2.19638
56440,3.20855
56441,3.33157
56442,3.27152
56443,3.1271
56444,2.18448
56445,3.53882
56446,2.21689
56447,2.61684
56448,2.70891
56449,3.11508
56450,3.49876
56451,2.93548
56452,2.86229
56453,3.44411
56454,3.75743
56455,3.14933
56456,2.59493
56457,3.60403
56458,3.71248
56459,3.02397
56460,3.57862
56461,2.16221
56462,4.77598
56463,3.57474
56464,3.34938
56465,3.6621
56466,2.98984
56467,2.98928
56468,2.95775
56469,3.07434
56470,3.32171
56471,3.17521
56472,4.35882
56473,3.03033
56474,3.51461
56475,3.03902
56476,2.53819
56477,2.86273
56478,2.73233
56479,3.27325
56480,3.47632
56481,3.54604
56482,3.75194
56483,3.48189
56484,3.80286
56485,3.69112
56486,3.65919
56487,3.7618
56488,4.32997
56489,4.83123
56490,3.70191
56491,4.51495
56492,5.0
56493,3.57897
56494,4.24663
56495,3.91016
56496,3.56789
56497,4.44345
56498,3.80404
56499,4.67092
56500,4.78194
56501,4.03526
56502,4.62338
56503,4.8452
56504,4.94344
56505,5.0
56506,3.77827
56507,4.04271
56508,5.0
56509,4.92721
56510,4.20631
56511,4.03436
56512,4.75846
56513,4.54731
56514,4.13165
56515,3.33052
56516,4.36637
56517,4.34852
56518,5.0
56519,4.46928
56520,4.52053
56521,4.23537
56522,4.74224
56523,4.13591
56524,4.74818
56525,5.0
56526,4.8012
56527,4.46625
56528,4.6049
56529,3.81874
56530,2.89128
56531,3.25144
56532,3.57474
56533,3.54085
56534,3.04457
56535,2.92312
56536,2.75228
56537,3.29398
56538,1.47491
56539,3.66517
56540,2.7423
56541,3.06131
56542,3.11741
56543,1.6865
56544,2.0842
56545,2.41929
56546,3.53889
56547,1.58637
56548,4.57668
56549,2.96754
56550,4.10776
56551,3.52969
56552,3.1624
56553,3.11812
56554,2.48543
56555,3.04804
56556,2.29852
56557,3.4664
56558,4.55912
56559,3.22641
56560,4.43369
56561,3.61396
56562,3.23612
56563,1.95764
56564,4.2197
56565,2.33759
56566,3.97658
56567,3.96816
56568,3.30632
56569,2.133
56570,3.06451
56571,3.4073
56572,1.0
56573,4.00915
56574,3.93088
56575,2.15309
56576,2.65317
56577,3.90065
56578,3.1743
56579,3.33931
56580,4.41678
56581,3.54384
56582,3.02427
56583,3.71563
56584,2.19103
56585,1.53622
56586,2.60052
56587,3.92082
56588,2.80956
56589,3.00401
56590,3.61356
56591,1.35518
56592,2.97516
56593,3.84427
56594,3.50921
56595,4.17893
56596,2.73999
56597,4.89281
56598,3.72086
56599,4.42831
56600,3.6517
56601,4.37679
56602,3.59584
56603,4.52858
56604,4.37703
56605,2.37294
56606,2.26314
56607,1.0
56608,2.888
56609,3.30276
56610,4.58075
56611,1.94833
56612,1.37805
56613,4.54957
56614,4.61711
56615,2.93308
56616,1.47017
56617,2.48266
56618,3.88009
56619,4.07364
56620,3.85192
56621,1.0
56622,1.0
56623,3.76711
56624,1.96486
56625,1.21808
56626,3.71606
56627,3.9844
56628,1.0
56629,3.86496
56630,1.0
56631,4.23156
56632,3.94643
56633,2.03059
56634,3.23164
56635,1.71359
56636,3.80316
56637,4.61982
56638,2.17149
56639,2.10019
56640,1.79944
56641,3.70712
56642,1.0
56643,3.16894
56644,1.74991
56645,3.46417
56646,1.42689
56647,4.67299
56648,3.87437
56649,1.0
56650,1.96016
56651,2.20225
56652,1.0
56653,3.63498
56654,1.73425
56655,1.0
56656,1.91017
56657,1.0
56658,4.28341
56659,4.40177
56660,3.05504
56661,3.39026
56662,3.98019
56663,3.13719
56664,4.12977
56665,3.4222
56666,2.31977
56667,2.91941
56668,4.16391
56669,3.69147
56670,3.91664
56671,3.60107
56672,4.05175
56673,3.94526
56674,3.6357
56675,3.12064
56676,3.34759
56677,2.42555
56678,3.93338
56679,3.62265
56680,2.7198
56681,2.55973
56682,3.56191
56683,3.2329
56684,3.91768
56685,3.02998
56686,4.15712
56687,4.25056
56688,4.01439
56689,3.10437
56690,5.0
56691,4.39685
56692,2.55879
56693,5.0
56694,2.93962
56695,4.04424
56696,4.85118
56697,4.39728
56698,4.35876
56699,4.28089
56700,4.16835
56701,2.94262
56702,4.63887
56703,4.56852
56704,4.05925
56705,4.26598
56706,3.17105
56707,4.11193
56708,4.21171
56709,4.23447
56710,3.88479
56711,4.14732
56712,3.48647
56713,4.37007
56714,4.25737
56715,3.9319
56716,4.06001
56717,3.69071
56718,3.54564
56719,2.92124
56720,4.4525
56721,3.99043
56722,1.021
56723,3.94514
56724,4.60908
56725,4.35085
56726,2.56031
56727,3.99417
56728,3.71135
56729,2.83361
56730,3.98772
56731,3.97633
56732,3.95462
56733,4.40484
56734,2.91474
56735,4.21645
56736,3.18059
56737,4.68072
56738,3.5645
56739,3.70643
56740,3.42015
56741,3.80634
56742,3.69469
56743,3.91413
56744,3.9208
56745,4.55323
56746,3.88233
56747,4.09055
56748,3.91094
56749,3.25614
56750,3.73853
56751,3.09195
56752,3.95582
56753,4.88464
56754,4.13617
56755,3.3791
56756,3.5662
56757,3.93696
56758,3.95965
56759,3.63921
56760,3.9278
56761,3.54408
56762,3.79733
56763,4.55319
56764,4.56542
56765,3.70708
56766,4.21972
56767,3.84601
56768,3.29792
56769,4.4225
56770,3.74732
56771,3.9094
56772,3.04054
56773,3.40956
56774,3.2885
56775,4.05615
56776,3.39924
56777,4.56272
56778,4.0605
56779,3.90662
56780,3.67532
56781,4.67487
56782,4.66876
56783,3.83344
56784,3.08468
56785,3.241
56786,2.53484
56787,3.05721
56788,2.62841
56789,2.6086
56790,2.46603
56791,3.36715
56792,3.0603
56793,4.13802
56794,1.92383
56795,3.0136
56796,3.27654
56797,3.16191
56798,2.67761
56799,3.33208
56800,1.0
56801,3.31376
56802,3.25514
56803,3.97078
56804,4.55448
56805,4.10499
56806,4.39017
56807,3.89191
56808,2.60462
56809,3.37916
56810,4.20493
56811,4.25641
56812,4.45756
56813,2.34648
56814,3.52963
56815,4.3636
56816,4.09729
56817,3.73088
56818,2.85281
56819,3.38285
56820,4.46932
56821,2.98018
56822,4.09457
56823,3.48037
56824,3.26024
56825,3.22606
56826,4.16523
56827,3.78805
56828,3.39036
56829,3.96311
56830,3.57957
56831,3.9127
56832,3.32471
56833,3.33461
56834,3.53203
56835,2.90564
56836,4.10551
56837,3.7569
56838,2.9469
56839,4.01674
56840,3.40057
56841,3.87119
56842,2.70805
56843,2.91128
56844,3.9221
56845,3.85998
56846,3.6113
56847,4.12507
56848,4.10354
56849,4.03106
56850,3.11645
56851,3.48441
56852,4.00944
56853,3.27836
56854,2.83827
56855,1.3824
56856,3.93533
56857,3.91543
56858,3.65781
56859,1.708
56860,2.22714
56861,3.00914
56862,2.48544
56863,3.9592
56864,3.83546
56865,3.80044
56866,4.342
56867,4.22008
56868,3.68105
56869,4.44222
56870,4.33881
56871,3.94906
56872,3.12951
56873,3.36449
56874,3.59121
56875,4.01725
56876,2.98862
56877,3.65211
56878,4.02102
56879,3.28122
56880,3.53128
56881,3.96487
56882,3.71331
56883,4.34569
56884,4.60104
56885,3.94242
56886,4.28719
56887,3.32583
56888,4.32324
56889,3.58561
56890,3.89579
56891,4.13009
56892,3.83803
56893,4.27388
56894,3.51251
56895,3.68533
56896,4.17906
56897,4.22139
56898,4.37363
56899,3.28356
56900,3.95547
56901,3.67314
56902,3.56025
56903,4.10166
56904,3.79931
56905,3.88054
56906,3.34033
56907,3.96851
56908,3.98815
56909,4.25399
56910,3.91091
56911,3.73882
56912,3.86694
56913,3.61145
56914,3.40077
56915,3.98927
56916,3.28604
56917,4.05631
56918,3.76357
56919,3.76638
56920,3.49941
56921,3.97128
56922,3.43201
56923,3.89928
56924,3.83419
56925,3.41355
56926,3.5793
56927,3.77735
56928,3.90276
56929,3.33763
56930,3.71957
56931,3.89674
56932,3.58231
56933,3.73682
56934,3.93522
56935,4.60256
56936,4.23793
56937,3.70169
56938,3.7917
56939,3.45848
56940,3.21785
56941,3.86251
56942,2.71924
56943,4.01417
56944,3.70257
56945,3.72586
56946,3.74061
56947,3.88538
56948,3.42668
56949,4.29674
56950,3.73413
56951,3.82324
56952,4.11887
56953,3.72231
56954,2.75519
56955,3.85905
56956,3.44619
56957,3.45074
56958,3.34978
56959,4.19502
56960,4.67297
56961,3.83158
56962,3.81228
56963,4.19402
56964,4.49167
56965,4.07954
56966,3.50612
56967,3.61731
56968,4.5855
56969,3.21342
56970,2.75826
56971,3.53767
56972,2.77408
56973,4.05812
56974,3.70768
56975,4.1551
56976,3.11241
56977,3.42789
56978,3.57486
56979,3.96026
56980,3.78611
56981,3.72432
56982,4.44738
56983,3.06377
56984,2.96442
56985,3.39434
56986,2.38072
56987,2.69645
56988,4.24741
56989,3.89311
56990,3.90761
56991,5.0
56992,3.02211
56993,5.0
56994,2.83979
56995,4.79116
56996,4.42504
56997,3.26887
56998,5.0
56999,4.1746
57000,4.96843
57001,3.37088
57002,4.15705
57003,5.0
57004,4.46741
57005,3.52322
57006,4.11209
57007,3.97913
57008,3.03898
57009,4.32075
57010,5.0
57011,4.4551
57012,5.0
57013,3.83614
57014,3.87619
57015,1.37557
57016,2.76926
57017,2.47585
57018,3.58532
57019,3.32011
57020,3.08809
57021,3.51487
57022,4.30995
57023,2.43194
57024,1.70713
57025,4.06602
57026,4.10761
57027,5.0
57028,1.78527
57029,4.55508
57030,3.10936
57031,2.86583
57032,5.0
57033,4.0208
57034,3.6768
57035,3.05751
57036,4.57762
57037,1.9129
57038,2.66505
57039,1.35297
57040,3.52692
57041,3.09461
57042,3.97236
57043,4.61574
57044,3.53966
57045,3.99552
57046,4.12449
57047,3.66812
57048,4.97287
57049,3.78244
57050,5.0
57051,4.66621
57052,5.0
57053,5.0
57054,2.35474
57055,4.15942
57056,4.34794
57057,3.89504
57058,3.92769
57059,2.74992
57060,2.88121
57061,3.93819
57062,4.38466
57063,4.78773
57064,4.78665
57065,4.33327
57066,4.04512
57067,3.92996
57068,4.615
57069,3.98868
57070,4.71369
57071,4.5296
57072,4.60718
57073,3.36631
57074,3.55792
57075,3.95025
57076,4.10272
57077,4.74025
57078,3.71708
57079,4.30964
57080,3.6453
57081,4.07129
57082,4.36278
57083,4.88776
57084,4.2347
57085,4.8224
57086,4.73606
57087,4.57837
57088,4.66467
57089,4.60213
57090,4.69055
57091,4.71963
57092,4.12118
57093,4.07377
57094,3.49704
57095,4.67011
57096,3.63082
57097,4.14167
57098,3.89238
57099,4.1554
57100,3.14393
57101,3.388
57102,4.62149
57103,4.0897
57104,3.84586
57105,3.88564
57106,3.14589
57107,4.06316
57108,3.65585
57109,4.17883
57110,4.7653
57111,3.56832
57112,2.75545
57113,4.40639
57114,3.43571
57115,2.19521
57116,4.74601
57117,3.72469
57118,4.21687
57119,4.36289
57120,3.99356
57121,4.64754
57122,4.29684
57123,4.71582
57124,4.15114
57125,4.64726
57126,4.24778
57127,4.85224
57128,4.09078
57129,4.9585
57130,3.77308
57131,4.65115
57132,4.0185
57133,3.78763
57134,3.80903
57135,2.13273
57136,3.30651
57137,3.24751
57138,2.53218
57139,3.35886
57140,3.26947
57141,4.23169
57142,4.07914
57143,3.80322
57144,3.79663
57145,3.78807
57146,2.98891
57147,3.96623
57148,2.18965
57149,3.64731
57150,3.72266
57151,4.63238
57152,3.82502
57153,4.26321
57154,3.94628
57155,4.41305
57156,3.8754
57157,3.59713
57158,2.02353
57159,4.07155
57160,2.80991
57161,2.95229
57162,3.86854
57163,3.96839
57164,4.80111
57165,4.71954
57166,4.62927
57167,4.04724
57168,4.20406
57169,4.74623
57170,4.69327
57171,4.61858
57172,4.4084
57173,2.87859
57174,3.94456
57175,4.60982
57176,4.10714
57177,4.24787
57178,4.91536
57179,2.36292
57180,4.51357
57181,3.48024
57182,4.45543
57183,2.28775
57184,3.74547
57185,4.04785
57186,2.83112
57187,3.16429
57188,3.38419
57189,4.05235
57190,3.91026
57191,4.09996
57192,3.58784
57193,2.78447
57194,2.20714
57195,1.58838
57196,1.60414
57197,1.0
57198,1.61948
57199,3.78339
57200,2.88779
57201,3.0048
57202,4.07957
57203,2.59866
57204,4.33102
57205,2.33729
57206,2.26474
57207,3.25838
57208,3.77141
57209,4.37218
57210,2.1192
57211,3.31273
57212,3.90418
57213,4.12368
57214,1.53234
57215,4.44544
57216,3.2492
57217,4.51041
57218,3.85116
57219,2.4449
57220,1.64366
57221,5.0
57222,3.31064
57223,4.34943
57224,1.89859
57225,3.58704
57226,1.89187
57227,2.73153
57228,3.41791
57229,4.9994
57230,3.37218
57231,3.69048
57232,2.73235
57233,3.38841
57234,3.71955
57235,4.24173
57236,3.29009
57237,3.4243
57238,2.80227
57239,3.12131
57240,3.31845
57241,3.49667
57242,1.75579
57243,2.72938
57244,3.97616
57245,4.31651
57246,4.14558
57247,3.45151
57248,2.98331
57249,4.49346
57250,3.16401
57251,2.64224
57252,4.77033
57253,2.6459
57254,4.40399
57255,3.32757
57256,2.90224
57257,1.85414
57258,2.78468
57259,4.61385
57260,3.97002
57261,2.42988
57262,3.48571
57263,4.36352
57264,1.61762
57265,3.53581
57266,2.61876
57267,4.466
57268,2.71796
57269,3.49382
57270,2.89137
57271,1.63202
57272,3.2364
57273,3.90986
57274,3.19754
57275,3.50192
57276,3.17308
57277,1.49771
57278,1.72004
57279,3.09509
57280,2.46323
57281,4.05749
57282,4.14111
57283,3.89493
57284,2.76658
57285,4.44948
57286,3.35111
57287,2.85402
57288,2.51318
57289,1.6202
57290,2.1495
57291,3.52167
57292,1.01473
57293,3.72433
57294,2.35139
57295,3.24122
57296,3.21427
57297,2.55519
57298,2.64955
57299,3.03328
57300,3.51471
57301,4.14675
57302,1.3969
57303,4.04929
57304,4.25165
57305,3.65395
57306,3.09132
57307,3.61432
57308,3.30574
57309,3.22261
57310,3.36147
57311,4.4722
57312,3.05092
57313,4.0525
57314,3.73277
57315,4.31308
57316,3.72484
57317,3.5239
57318,3.69408
57319,2.14854
57320,2.47563
57321,3.75986
57322,4.02421
57323,4.44134
57324,4.62106
57325,3.7634
57326,3.68251
57327,3.68722
57328,4.26107
57329,3.7305
57330,4.14347
57331,4.26083
57332,4.20231
57333,3.93992
57334,4.1104
57335,2.98641
57336,2.70767
57337,3.96566
57338,3.73219
57339,4.04514
57340,4.41687
57341,3.18749
57342,3.21267
57343,3.98113
57344,4.25197
57345,3.32565
57346,5.0
57347,3.43265
57348,3.27609
57349,2.24141
57350,2.52076
57351,2.68167
57352,3.94379
57353,2.34113
57354,3.54933
57355,4.72641
57356,4.5003
57357,3.87242
57358,3.7074
57359,3.66441
57360,2.42387
57361,3.11844
57362,3.81926
57363,3.61139
57364,3.28207
57365,3.73102
57366,3.96303
57367,4.18508
57368,3.19965
57369,3.94617
57370,2.47332
57371,3.39036
57372,3.39495
57373,3.57799
57374,3.40347
57375,2.23243
57376,4.27192
57377,3.13627
57378,4.53416
57379,4.43603
57380,2.66634
57381,3.67848
57382,2.58686
57383,1.0
57384,4.64002
57385,3.9273
57386,3.33244
57387,3.93499
57388,4.61143
57389,3.6673
57390,3.92015
57391,3.01746
57392,1.1703
57393,2.75365
57394,2.848
57395,3.54016
57396,2.54815
57397,1.0
57398,4.61337
57399,4.09464
57400,3.14782
57401,3.23246
57402,3.653
57403,4.50504
57404,3.99914
57405,3.24677
57406,1.50106
57407,4.25133
57408,4.57122
57409,4.33288
57410,3.14489
57411,3.57275
57412,2.11469
57413,3.60667
57414,4.22792
57415,4.23628
57416,4.19756
57417,3.89304
57418,3.63182
57419,4.38698
57420,3.89013
57421,4.32534
57422,4.51324
57423,4.54387
57424,4.2874
57425,4.40194
57426,2.42117
57427,3.80833
57428,5.0
57429,2.54193
57430,3.69918
57431,3.84842
57432,3.84706
57433,3.27412
57434,2.90969
57435,4.20045
57436,3.68349
57437,2.14973
57438,3.42188
57439,3.24895
57440,3.2323
57441,4.26945
57442,3.58918
57443,4.46302
57444,3.97407
57445,3.97254
57446,3.5248
57447,3.26007
57448,3.59656
57449,3.5427
57450,4.3558
57451,3.87087
57452,3.89091
57453,4.35915
57454,2.88799
57455,3.88182
57456,3.95115
57457,4.2145
57458,4.21601
57459,3.746
57460,3.71642
57461,4.56791
57462,3.63594
57463,3.16627
57464,4.10318
57465,3.69186
57466,3.79936
57467,4.1214
57468,4.48154
57469,3.83583
57470,3.77759
57471,3.40375
57472,1.88699
57473,3.69216
57474,3.91816
57475,3.54339
57476,4.3767
57477,3.9383
57478,4.43487
57479,2.86275
57480,3.76394
57481,3.74816
57482,4.5272
57483,3.72619
57484,4.34184
57485,3.17802
57486,3.97135
57487,3.68868
57488,2.63154
57489,3.4309
57490,2.1183
57491,3.83468
57492,3.10662
57493,3.94994
57494,4.03555
57495,3.50525
57496,4.44902
57497,4.08347
57498,4.06526
57499,4.09437
57500,4.17622
57501,4.39224
57502,3.89096
57503,3.52579
57504,3.92014
57505,3.28846
57506,3.68639
57507,3.46206
57508,3.93347
57509,2.77782
57510,2.40463
57511,2.07181
57512,1.67889
57513,2.92304
57514,3.17124
57515,3.76932
57516,3.0857
57517,3.838
57518,3.542
57519,2.68879
57520,3.87933
57521,2.56928
57522,3.06764
57523,2.33567
57524,2.9923
57525,3.91162
57526,3.9894
57527,2.42279
57528,3.7216
57529,3.04184
57530,3.40242
57531,1.8249
57532,2.60342
57533,3.37375
57534,2.68812
57535,2.89995
57536,3.16311
57537,3.75288
57538,2.96705
57539,2.34938
57540,3.7711
57541,3.49015
57542,3.1657
57543,4.10912
57544,2.70062
57545,2.78262
57546,3.36314
57547,3.54956
57548,3.37583
57549,2.95092
57550,2.30037
57551,4.18614
57552,3.19588
57553,3.85706
57554,3.69215
57555,3.967
57556,3.58216
57557,3.19182
57558,3.59523
57559,3.66133
57560,2.87742
57561,2.83952
57562,2.5014
57563,2.29772
57564,2.62689
57565,3.27214
57566,3.83436
57567,3.66364
57568,2.99483
57569,3.89301
57570,4.22851
57571,3.84451
57572,3.66467
57573,4.24684
57574,1.7807
57575,2.60403
57576,3.93709
57577,4.12624
57578,2.02472
57579,4.05037
57580,3.88749
57581,2.7511
57582,4.5679
57583,4.20217
57584,4.1648
57585,4.0956
57586,3.67875
57587,4.09316
57588,4.31779
57589,2.96222
57590,3.61923
57591,3.94407
57592,3.4525
57593,3.93542
57594,3.17518
57595,3.99384
57596,4.37511
57597,4.1879
57598,4.28948
57599,3.84945
57600,4.0915
57601,4.18046
57602,4.15478
57603,2.65248
57604,4.53457
57605,4.59908
57606,4.34494
57607,4.08681
57608,3.18641
57609,3.61568
57610,3.45848
57611,3.79201
57612,3.73265
57613,4.41369
57614,4.14395
57615,3.87078
57616,3.71865
57617,3.37079
57618,4.09495
57619,3.92458
57620,3.7162
57621,3.66691
57622,2.40571
57623,3.5554
57624,4.00577
57625,3.00906
57626,2.96283
57627,3.77438
57628,3.06936
57629,3.91968
57630,3.71875
57631,3.5915
57632,3.99611
57633,2.14004
57634,3.90715
57635,3.80244
57636,4.20024
57637,4.51036
57638,4.36178
57639,3.85209
57640,4.4567
57641,2.25959
57642,4.53048
57643,3.59409
57644,3.7429
57645,4.3465
57646,4.37069
57647,3.22054
57648,3.61804
57649,4.47684
57650,3.21204
57651,2.8991
57652,3.82458
57653,2.90697
57654,3.53874
57655,2.6985
57656,4.80015
57657,4.08279
57658,2.79062
57659,2.22171
57660,2.46541
57661,4.42822
57662,3.59441
57663,3.23109
57664,3.65268
57665,3.94635
57666,3.10726
57667,3.37318
57668,2.40682
57669,3.51153
57670,4.11214
57671,3.26519
57672,4.33326
57673,3.36063
57674,2.74512
57675,3.9472
57676,2.4514
57677,3.38211
57678,3.02514
57679,4.00084
57680,2.93235
57681,1.9187
57682,3.1354
57683,3.85788
57684,3.60137
57685,4.00712
57686,3.27905
57687,2.43711
57688,1.89441
57689,2.84153
57690,2.64183
57691,2.35112
57692,3.2944
57693,3.34435
57694,3.51329
57695,2.58476
57696,2.01355
57697,2.5322
57698,2.26131
57699,2.65706
57700,2.19908
57701,2.43116
57702,3.43966
57703,4.17746
57704,2.57735
57705,2.50657
57706,2.16588
57707,4.03451
57708,3.11093
57709,1.7712
57710,3.55671
57711,2.73255
57712,2.20327
57713,3.96114
57714,2.18169
57715,1.44301
57716,3.34396
57717,3.00757
57718,4.60431
57719,3.30384
57720,4.47392
57721,3.18109
57722,2.58275
57723,2.44316
57724,2.30557
57725,2.24122
57726,3.74716
57727,2.6875
57728,1.33567
57729,1.55743
57730,1.91278
57731,2.26742
57732,3.83842
57733,1.39646
57734,3.39862
57735,2.97172
57736,2.75835
57737,2.09729
57738,2.01217
57739,1.13663
57740,3.82736
57741,3.5485
57742,2.55132
57743,2.21249
57744,2.6683
57745,2.87669
57746,3.17768
57747,3.48438
57748,3.4141
57749,2.15977
57750,3.66137
57751,3.63385
57752,3.97638
57753,3.02525
57754,1.98485
57755,1.72306
57756,1.79296
57757,2.59758
57758,4.90728
57759,4.69341
57760,4.06232
57761,2.49333
57762,4.33878
57763,3.6127
57764,2.39388
57765,1.98601
57766,2.31809
57767,5.0
57768,3.03106
57769,2.73547
57770,1.99402
57771,2.63213
57772,2.24001
57773,2.08469
57774,2.79192
57775,1.10934
57776,3.10357
57777,2.33824
57778,3.40403
57779,1.6809
57780,2.65509
57781,2.13643
57782,1.84586
57783,3.28133
57784,2.84003
57785,3.57667
57786,2.63896
57787,3.5449
57788,2.499
57789,4.26314
57790,3.27941
57791,2.62671
57792,2.42591
57793,2.52848
57794,3.40087
57795,3.17402
57796,3.23606
57797,1.97182
57798,2.77077
57799,3.38843
57800,2.37455
57801,3.3263
57802,3.3055
57803,3.52828
57804,3.1863
57805,3.2439
57806,3.39031
57807,3.27487
57808,4.1709
57809,2.04208
57810,4.85507
57811,4.95756
57812,4.06802
57813,3.97596
57814,4.79686
57815,3.63328
57816,2.39929
57817,3.63234
57818,4.24558
57819,1.7599
57820,4.08584
57821,4.17538
57822,3.74254
57823,3.7765
57824,3.90556
57825,4.38131
57826,3.93755
57827,2.51019
57828,3.82084
57829,3.66842
57830,3.64234
57831,3.3023
57832,2.55561
57833,3.48047
57834,3.88604
57835,2.58917
57836,4.33775
57837,4.66868
57838,3.94332
57839,3.26159
57840,4.27968
57841,3.98707
57842,4.22498
57843,3.95132
57844,2.13422
57845,3.67717
57846,3.63263
57847,3.53733
57848,2.97734
57849,4.23142
57850,3.95451
57851,4.24801
57852,5.0
57853,3.59108
57854,4.22547
57855,2.74836
57856,4.17188
57857,3.73099
57858,4.23165
57859,3.25489
57860,4.27536
57861,4.82931
57862,1.0
57863,1.0
57864,2.1005
57865,1.0
57866,5.0
57867,3.0875
57868,3.87883
57869,4.15742
57870,3.04216
57871,3.55055
57872,4.6799
57873,3.34412
57874,4.15729
57875,4.53884
57876,3.28895
57877,3.67175
57878,2.99264
57879,4.13473
57880,3.43313
57881,3.81474
57882,3.98993
57883,3.90543
57884,4.59779
57885,4.05805
57886,3.99131
57887,5.0
57888,3.0102
57889,4.35575
57890,4.3511
57891,4.12797
57892,4.36299
57893,4.20612
57894,4.76901
57895,4.21947
57896,4.59185
57897,3.68641
57898,3.34024
57899,3.17416
57900,4.18396
57901,3.78349
57902,3.91282
57903,3.19863
57904,4.04007
57905,3.95699
57906,3.9113
57907,3.2826
57908,4.21265
57909,4.06665
57910,3.95355
57911,3.27711
57912,3.48089
57913,4.53122
57914,4.18582
57915,3.92887
57916,4.55149
57917,4.53421
57918,3.6297
57919,3.79053
57920,3.8328
57921,3.61986
57922,3.73349
57923,3.33261
57924,4.79362
57925,4.07042
57926,3.8518
57927,5.0
57928,4.19422
57929,5.0
57930,3.6796
57931,3.88584
57932,4.78722
57933,4.2484
57934,2.94663
57935,4.59348
57936,4.66155
57937,4.25622
57938,3.43301
57939,4.24323
57940,4.38737
57941,3.39471
57942,4.48402
57943,4.85375
57944,4.52101
57945,4.33978
57946,4.26433
57947,3.4561
57948,2.95244
57949,5.0
57950,3.77566
57951,3.96127
57952,4.51692
57953,3.14376
57954,4.03383
57955,4.25971
57956,3.9453
57957,2.8909
57958,4.28422
57959,4.82542
57960,4.09767
57961,4.37545
57962,4.28917
57963,3.5381
57964,3.69758
57965,4.41666
57966,3.29028
57967,4.29067
57968,3.97201
57969,4.17079
57970,4.96201
57971,4.44358
57972,3.92148
57973,4.04245
57974,4.20652
57975,3.21015
57976,4.41452
57977,4.32812
57978,3.62424
57979,3.92522
57980,3.61197
57981,4.55879
57982,4.4099
57983,3.55311
57984,3.51198
57985,4.36194
57986,2.88402
57987,4.45895
57988,3.73488
57989,4.02489
57990,4.09026
57991,4.08309
57992,4.2218
57993,4.62384
57994,3.31398
57995,3.6064
57996,3.79783
57997,4.89658
57998,4.78533
57999,4.46597
58000,4.18894
58001,3.64012
58002,3.00075
58003,3.80635
58004,3.59629
58005,3.82608
58006,4.72362
58007,3.44944
58008,4.21278
58009,4.76663
58010,5.0
58011,4.48337
58012,5.0
58013,3.65394
58014,4.84655
58015,2.96523
58016,2.27396
58017,4.39392
58018,4.10153
58019,4.36748
58020,1.06737
58021,3.97241
58022,3.78966
58023,4.29787
58024,4.378
58025,3.32095
58026,4.88123
58027,4.71206
58028,3.98082
58029,4.41987
58030,4.73284
58031,4.48628
58032,3.00322
58033,3.38792
58034,3.7941
58035,4.04082
58036,3.35852
58037,3.70054
58038,3.62244
58039,3.62346
58040,3.92561
58041,2.98283
58042,2.84951
58043,3.40327
58044,2.52309
58045,2.13827
58046,4.05708
58047,2.53749
58048,3.90194
58049,3.00089
58050,1.81412
58051,3.2196
58052,2.74914
58053,3.88569
58054,2.85999
58055,2.94384
58056,2.88299
58057,3.4026
58058,2.98215
58059,3.96143
58060,3.75909
58061,4.47317
58062,3.86112
58063,3.82222
58064,2.523
58065,3.13838
58066,2.70131
58067,3.5444
58068,3.75735
58069,3.6314
58070,3.49717
58071,3.68849
58072,3.7751
58073,3.0023
58074,4.65362
58075,4.01966
58076,3.33985
58077,3.51741
58078,3.41895
58079,4.8137
58080,3.02686
58081,3.20127
58082,4.47613
58083,2.28478
58084,2.96812
58085,2.88097
58086,3.0575
58087,3.09692
58088,3.88745
58089,3.3771
58090,3.09822
58091,4.49065
58092,3.71439
58093,3.77117
58094,3.65126
58095,3.02882
58096,3.05188
58097,3.01557
58098,3.72121
58099,2.66857
58100,4.05015
58101,3.05025
58102,3.0158
58103,3.08901
58104,3.15548
58105,3.35384
58106,3.62063
58107,4.52746
58108,3.4189
58109,4.29447
58110,3.59648
58111,2.81692
58112,2.57064
58113,3.9341
58114,3.22632
58115,4.02295
58116,2.85746
58117,2.81463
58118,4.17784
58119,4.23571
58120,2.90343
58121,4.13129
58122,2.37367
58123,3.2313
58124,2.04875
58125,2.16699
58126,2.07285
58127,3.10896
58128,3.13506
58129,3.42733
58130,2.86027
58131,4.45961
58132,3.15735
58133,3.48488
58134,3.95943
58135,4.1771
58136,3.59776
58137,3.19401
58138,3.45534
58139,3.96101
58140,4.27029
58141,3.39416
58142,3.18932
58143,2.78005
58144,3.75359
58145,3.87101
58146,1.90488
58147,4.11818
58148,3.50017
58149,4.43648
58150,4.01147
58151,2.52672
58152,3.71479
58153,4.26299
58154,3.90889
58155,3.11665
58156,4.23171
58157,3.50703
58158,3.82393
58159,3.56375
58160,3.91933
58161,2.17955
58162,1.73542
58163,5.0
58164,4.68678
58165,3.02166
58166,4.15437
58167,2.61143
58168,2.2566
58169,1.6023
58170,3.61076
58171,3.26785
58172,2.81988
58173,2.07876
58174,3.28546
58175,3.61402
58176,3.44959
58177,4.40343
58178,3.80452
58179,3.5214
58180,2.42482
58181,4.11859
58182,3.64487
58183,1.25087
58184,4.24557
58185,4.00573
58186,3.45619
58187,3.61656
58188,4.06004
58189,3.39873
58190,3.4846
58191,3.9873
58192,4.74315
58193,3.91599
58194,3.95577
58195,2.17661
58196,3.28873
58197,4.56556
58198,4.05533
58199,4.32154
58200,3.55418
58201,3.64719
58202,4.08716
58203,3.69736
58204,3.95669
58205,4.06241
58206,4.30732
58207,5.0
58208,3.8827
58209,3.45195
58210,3.42199
58211,4.29992
58212,5.0
58213,3.55457
58214,4.92962
58215,2.89959
58216,3.5146
58217,4.20162
58218,3.50631
58219,3.71374
58220,3.66078
58221,4.73345
58222,1.70326
58223,2.53388
58224,3.55714
58225,4.2256
58226,3.67693
58227,4.217
58228,3.83518
58229,4.02952
58230,3.99063
58231,5.0
58232,3.60504
58233,3.37743
58234,3.52058
58235,5.0
58236,4.60374
58237,3.61845
58238,3.16293
58239,3.99773
58240,4.78624
58241,4.11388
58242,4.80269
58243,4.81445
58244,3.31613
58245,3.80542
58246,4.0503
58247,3.56931
58248,4.29013
58249,5.0
58250,5.0
58251,2.73661
58252,4.97817
58253,3.44135
58254,4.61813
58255,4.23694
58256,3.33113
58257,5.0
58258,3.82109
58259,4.10224
58260,4.98353
58261,4.20958
58262,3.80056
58263,4.56153
58264,3.87377
58265,4.90216
58266,4.50003
58267,4.77837
58268,4.03639
58269,3.84769
58270,4.59866
58271,3.9115
58272,4.25929
58273,4.80718
58274,4.91238
58275,3.96806
58276,4.40664
58277,4.26452
58278,4.31032
58279,4.5384
58280,4.73694
58281,2.97135
58282,5.0
58283,5.0
58284,4.49089
58285,4.01449
58286,4.3756
58287,4.18066
58288,4.20457
58289,4.34773
58290,4.0828
58291,4.06602
58292,3.80026
58293,4.39292
58294,3.74814
58295,3.86853
58296,4.13341
58297,3.93437
58298,3.19235
58299,3.89525
58300,3.87466
58301,3.58481
58302,4.07858
58303,4.43557
58304,2.82177
58305,4.01751
58306,3.90957
58307,3.45625
58308,4.14385
58309,3.18385
58310,4.5575
58311,3.72893
58312,3.65174
58313,3.66973
58314,3.58251
58315,3.55764
58316,3.21335
58317,4.0611
58318,3.6278
58319,3.37555
58320,3.55727
58321,3.78245
58322,4.11892
58323,2.63639
58324,2.92455
58325,3.45426
58326,2.82532
58327,4.15186
58328,3.63052
58329,3.8592
58330,3.08661
58331,3.47587
58332,4.11239
58333,3.62415
58334,3.88975
58335,3.48766
58336,2.7551
58337,3.7115
58338,2.70449
58339,4.02322
58340,3.11508
58341,2.70492
58342,3.71394
58343,3.51068
58344,2.9754
58345,3.39788
58346,2.76284
58347,3.52628
58348,3.41227
58349,3.77534
58350,2.82475
58351,3.42378
58352,3.30536
58353,3.22782
58354,3.97925
58355,2.60602
58356,3.02392
58357,3.2936
58358,3.6167
58359,3.1718
58360,2.20871
58361,4.30435
58362,2.47265
58363,3.62725
58364,3.33085
58365,3.23361
58366,3.12351
58367,3.15665
58368,3.68419
58369,2.87091
58370,3.1914
58371,3.47845
58372,2.07996
58373,2.7234
58374,2.80552
58375,3.6907
58376,3.57978
58377,3.79485
58378,3.41366
58379,3.88398
58380,3.80563
58381,4.81347
58382,3.84405
58383,4.37312
58384,4.05932
58385,4.24008
58386,4.03902
58387,3.29274
58388,3.37386
58389,4.83066
58390,4.33617
58391,4.17856
58392,3.89441
58393,3.87346
58394,4.49977
58395,4.19179
58396,3.25262
58397,3.21685
58398,3.95651
58399,4.53964
58400,3.72644
58401,3.68458
58402,3.68565
58403,3.5442
58404,3.89097
58405,2.81053
58406,2.55475
58407,2.6772
58408,3.62794
58409,2.58077
58410,3.44524
58411,4.13954
58412,4.53744
58413,3.65451
58414,1.87807
58415,3.58411
58416,1.96562
58417,3.38237
58418,4.44578
58419,3.40297
58420,3.62513
58421,3.13493
58422,3.37888
58423,2.28259
58424,3.297
58425,3.69614
58426,3.5081
58427,2.16646
58428,3.14487
58429,3.00673
58430,4.17259
58431,4.25147
58432,3.88599
58433,4.39704
58434,4.0659
58435,4.03744
58436,3.90667
58437,3.2278
58438,3.20518
58439,3.64466
58440,4.25183
58441,4.17216
58442,3.22361
58443,3.78063
58444,3.49249
58445,3.09019
58446,3.39506
58447,3.61982
58448,4.81109
58449,3.56079
58450,1.0
58451,2.24527
58452,3.64531
58453,2.82061
58454,2.05849
58455,3.56166
58456,1.96337
58457,2.05748
58458,3.44629
58459,1.95445
58460,2.37235
58461,1.75302
58462,3.08469
58463,3.8348
58464,3.22765
58465,4.20678
58466,2.487
58467,2.16541
58468,3.47833
58469,3.59276
58470,3.4792
58471,3.37041
58472,3.69972
58473,3.71692
58474,3.23874
58475,3.59839
58476,2.98753
58477,2.75758
58478,2.86664
58479,3.4813
58480,2.12768
58481,4.46752
58482,3.46937
58483,2.25505
58484,2.67976
58485,4.19199
58486,3.236
58487,2.90721
58488,1.91503
58489,3.88165
58490,4.82072
58491,3.63468
58492,2.83312
58493,2.65452
58494,2.71708
58495,3.72288
58496,3.32978
58497,2.81787
58498,3.56472
58499,3.79905
58500,4.01194
58501,3.0657
58502,3.39273
58503,3.6041
58504,3.46997
58505,3.28436
58506,5.0
58507,3.5932
58508,4.79671
58509,4.99176
58510,3.70948
58511,4.46121
58512,3.7867
58513,3.70463
58514,4.03463
58515,4.67816
58516,4.96168
58517,4.75034
58518,3.91384
58519,4.20098
58520,3.6523
58521,3.39297
58522,4.03783
58523,4.37365
58524,2.81815
58525,3.67827
58526,3.40518
58527,3.80533
58528,3.95657
58529,3.71675
58530,3.44944
58531,4.14115
58532,2.96179
58533,3.01485
58534,3.65226
58535,3.93046
58536,3.38498
58537,2.63707
58538,2.6635
58539,3.39439
58540,4.16513
58541,1.0
58542,3.49661
58543,3.06567
58544,3.47432
58545,3.4442
58546,3.5395
58547,3.59028
58548,3.20016
58549,3.66812
58550,3.29428
58551,3.2951
58552,3.60601
58553,3.68672
58554,3.86407
58555,3.26794
58556,3.20522
58557,3.24846
58558,3.74504
58559,3.7053
58560,3.56317
58561,3.58939
58562,3.68877
58563,3.50574
58564,3.00638
58565,3.33639
58566,3.32968
58567,3.09119
58568,3.1197
58569,3.31957
58570,2.88905
58571,2.87469
58572,2.84275
58573,2.21449
58574,3.0908
58575,2.90059
58576,3.41772
58577,3.21676
58578,3.18418
58579,3.82353
58580,3.14785
58581,3.11598
58582,3.42495
58583,3.18076
58584,3.23249
58585,3.92614
58586,3.45324
58587,4.09113
58588,2.07182
58589,3.89613
58590,2.80236
58591,2.93228
58592,3.74853
58593,2.79967
58594,3.57887
58595,3.62295
58596,3.1211
58597,5.0
58598,3.90057
58599,4.3368
58600,3.14499
58601,3.54905
58602,4.26615
58603,2.96654
58604,4.83434
58605,3.64546
58606,3.74892
58607,3.84425
58608,4.32169
58609,3.42855
58610,3.38119
58611,3.29775
58612,3.59183
58613,3.69131
58614,3.74784
58615,3.15707
58616,3.23217
58617,2.66973
58618,3.70738
58619,3.76125
58620,3.88203
58621,3.42077
58622,3.1171
58623,4.05428
58624,3.61047
58625,3.23198
58626,2.56289
58627,3.80121
58628,3.3594
58629,3.46736
58630,3.44404
58631,4.09636
58632,3.28447
58633,3.56306
58634,3.1391
58635,3.34167
58636,3.42842
58637,4.07662
58638,2.56268
58639,3.02319
58640,3.40187
58641,3.03276
58642,3.25017
58643,3.9329
58644,4.24381
58645,3.79537
58646,3.96717
58647,2.85404
58648,3.30755
58649,3.71496
58650,3.25302
58651,3.21592
58652,3.27044
58653,2.69811
58654,3.84038
58655,3.36889
58656,3.32927
58657,3.64804
58658,3.18815
58659,3.18859
58660,3.96372
58661,4.04302
58662,3.92977
58663,2.77854
58664,3.78076
58665,3.58192
58666,3.36214
58667,3.01572
58668,3.0922
58669,3.66739
58670,3.21312
58671,2.44451
58672,3.57462
58673,4.23121
58674,4.6792
58675,3.33296
58676,3.57942
58677,1.43873
58678,4.22156
58679,4.78314
58680,4.52938
58681,4.4679
58682,4.36666
58683,2.2095
58684,2.34544
58685,2.99974
58686,3.0782
58687,4.32566
58688,3.14995
58689,3.4037
58690,4.18186
58691,4.96058
58692,3.02271
58693,3.77565
58694,4.37133
58695,3.4655
58696,4.09975
58697,3.57509
58698,3.80459
58699,3.71739
58700,4.71359
58701,4.61051
58702,4.2692
58703,2.96443
58704,3.60394
58705,3.1577
58706,3.61751
58707,4.11299
58708,4.47636
58709,3.34312
58710,3.00041
58711,3.09679
58712,4.26792
58713,3.99831
58714,2.74482
58715,3.88547
58716,4.09921
58717,3.94278
58718,4.17278
58719,4.11856
58720,3.72657
58721,5.0
58722,1.99349
58723,1.73729
58724,1.69398
58725,3.85332
58726,1.36515
58727,3.00188
58728,3.03903
58729,2.74773
58730,2.81701
58731,4.3303
58732,3.56351
58733,2.91671
58734,4.98806
58735,5.0
58736,4.2823
58737,4.47521
58738,4.05646
58739,3.28596
58740,3.75051
58741,4.33294
58742,4.01058
58743,4.26427
58744,2.7565
58745,3.91759
58746,3.03205
58747,3.21197
58748,3.80908
58749,4.31188
58750,4.19438
58751,3.47133
58752,4.6312
58753,4.23188
58754,3.24123
58755,4.42181
58756,5.0
58757,4.42719
58758,2.5556
58759,2.78232
58760,2.33694
58761,2.82405
58762,3.24122
58763,3.04909
58764,1.0
58765,2.49464
58766,2.78089
58767,1.33141
58768,1.5991
58769,1.71768
58770,2.8182
58771,2.034
58772,2.41135
58773,3.62959
58774,3.12997
58775,2.29704
58776,2.27367
58777,2.39154
58778,1.2389
58779,2.90788
58780,2.51415
58781,2.94203
58782,1.0
58783,3.41651
58784,2.48723
58785,1.158
58786,2.74134
58787,3.13342
58788,3.40524
58789,1.81503
58790,1.80038
58791,1.95222
58792,1.0
58793,1.82834
58794,2.16395
58795,1.48884
58796,2.5811
58797,2.18663
58798,2.40305
58799,1.0
58800,3.08616
58801,3.55186
58802,1.4636
58803,1.07541
58804,2.58601
58805,3.26732
58806,1.62952
58807,3.21568
58808,2.47713
58809,1.89062
58810,3.01843
58811,3.49442
58812,2.93289
58813,2.08413
58814,1.78794
58815,2.05681
58816,2.75222
58817,2.92308
58818,3.53073
58819,3.45391
58820,3.95574
58821,2.5102
58822,2.27069
58823,3.31767
58824,2.64109
58825,4.40857
58826,3.70012
58827,4.99357
58828,3.25776
58829,4.61431
58830,3.96716
58831,5.0
58832,4.31475
58833,4.8106
58834,3.33421
58835,4.50997
58836,4.40963
58837,4.29207
58838,4.39034
58839,4.76452
58840,4.47402
58841,3.55619
58842,3.10422
58843,4.23074
58844,4.92391
58845,4.1779
58846,3.51363
58847,3.79002
58848,4.70324
58849,4.98768
58850,4.32308
58851,4.87623
58852,4.10109
58853,4.64571
58854,3.11309
58855,4.40122
58856,3.31381
58857,4.3427
58858,4.75728
58859,2.17648
58860,4.13484
58861,4.42468
58862,4.34093
58863,4.06669
58864,2.85677
58865,3.68912
58866,4.35583
58867,4.28612
58868,4.36113
58869,4.03048
58870,3.08745
58871,4.20838
58872,4.35703
58873,3.41405
58874,3.55004
58875,3.85533
58876,3.36963
58877,3.80954
58878,3.53867
58879,2.57812
58880,3.38453
58881,3.71993
58882,4.40549
58883,3.3806
58884,2.76515
58885,4.31872
58886,3.95158
58887,3.33528
58888,3.04602
58889,3.64395
58890,4.22942
58891,4.05548
58892,4.42602
58893,3.42275
58894,5.0
58895,4.97524
58896,4.12426
58897,4.93767
58898,4.35148
58899,3.89153
58900,4.51019
58901,4.5362
58902,3.68872
58903,4.38916
58904,4.48911
58905,4.02257
58906,4.39253
58907,4.67409
58908,3.98751
58909,4.36486
58910,4.2655
58911,3.90978
58912,5.0
58913,4.50526
58914,3.96976
58915,4.55203
58916,4.46728
58917,4.913
58918,4.21431
58919,4.00398
58920,4.32171
58921,4.22878
58922,4.13301
58923,4.23312
58924,4.35096
58925,5.0
58926,4.18888
58927,4.43416
58928,4.38919
58929,3.25383
58930,3.19614
58931,4.03985
58932,2.77269
58933,3.83144
58934,3.27436
58935,3.37861
58936,4.68211
58937,3.16061
58938,3.4337
58939,1.95377
58940,3.00133
58941,3.22031
58942,2.55641
58943,3.49756
58944,4.8987
58945,4.85802
58946,2.62915
58947,2.22011
58948,4.61548
58949,2.1872
58950,4.13823
58951,3.69286
58952,4.13014
58953,3.2816
58954,5.0
58955,4.83755
58956,4.53329
58957,4.92951
58958,4.70611
58959,4.71109
58960,4.58054
58961,4.81108
58962,4.99103
58963,4.67742
58964,4.56351
58965,3.82258
58966,5.0
58967,4.10462
58968,2.60141
58969,3.21191
58970,2.68614
58971,2.78524
58972,4.3625
58973,4.77701
58974,4.66033
58975,1.08484
58976,1.0
58977,1.0
58978,1.15148
58979,1.13692
58980,1.01712
58981,3.85503
58982,3.36159
58983,3.33883
58984,2.83894
58985,2.72785
58986,2.15292
58987,4.252
58988,3.76871
58989,4.13134
58990,3.0461
58991,4.58587
58992,3.12679
58993,4.10678
58994,3.24941
58995,3.19543
58996,3.56433
58997,1.79635
58998,3.87538
58999,3.88285
59000,4.07268
59001,3.26126
59002,4.58869
59003,3.783
59004,3.45266
59005,3.53097
59006,3.65611
59007,4.37684
59008,2.02443
59009,4.60446
59010,3.22639
59011,3.61769
59012,4.08996
59013,3.41489
59014,4.49164
59015,3.20374
59016,3.31841
59017,2.46223
59018,3.08531
59019,3.17519
59020,3.34141
59021,1.6922
59022,4.11387
59023,4.0869
59024,3.30999
59025,3.66882
59026,3.06484
59027,3.57822
59028,3.85956
59029,4.0581
59030,4.03534
59031,4.40145
59032,3.35051
59033,4.17054
59034,4.41847
59035,3.37564
59036,3.78684
59037,4.51378
59038,3.78761
59039,3.98887
59040,3.98683
59041,4.27425
59042,3.34427
59043,4.25509
59044,4.95931
59045,3.0747
59046,4.14199
59047,3.63303
59048,4.19156
59049,3.68151
59050,4.50835
59051,4.87962
59052,3.9982
59053,3.89777
59054,4.85507
59055,2.94698
59056,3.05943
59057,3.97321
59058,4.61432
59059,3.75572
59060,2.79756
59061,3.27875
59062,2.0541
59063,2.97338
59064,3.65065
59065,2.17016
59066,2.73688
59067,3.32844
59068,4.61371
59069,3.13751
59070,3.14421
59071,2.81928
59072,2.37956
59073,3.40308
59074,2.58858
59075,3.67584
59076,3.91893
59077,3.07047
59078,4.03721
59079,1.7561
59080,4.28862
59081,2.54708
59082,3.0305
59083,3.62195
59084,2.38969
59085,1.36042
59086,3.89841
59087,3.63845
59088,2.80374
59089,2.69912
59090,1.73664
59091,3.68113
59092,3.03015
59093,3.79931
59094,4.78898
59095,4.63215
59096,2.48071
59097,1.67936
59098,5.0
59099,3.32089
59100,2.66375
59101,3.61442
59102,4.39793
59103,3.7819
59104,4.00916
59105,4.52158
59106,5.0
59107,4.32867
59108,4.71614
59109,3.9533
59110,3.65877
59111,4.98902
59112,3.44274
59113,4.83029
59114,4.46809
59115,3.16021
59116,3.68966
59117,2.81091
59118,4.51368
59119,2.58478
59120,3.33706
59121,3.32219
59122,3.50237
59123,2.0633
59124,4.27448
59125,1.87939
59126,3.68349
59127,3.67939
59128,3.91255
59129,3.59585
59130,3.81853
59131,4.59228
59132,3.76695
59133,4.35971
59134,2.79682
59135,1.87274
59136,3.31341
59137,3.57671
59138,4.40989
59139,3.51802
59140,3.94252
59141,3.94642
59142,3.19398
59143,3.90432
59144,4.43717
59145,4.33068
59146,3.32853
59147,3.49219
59148,3.11094
59149,4.40265
59150,1.82944
59151,2.35514
59152,4.23204
59153,1.95843
59154,3.31485
59155,3.01523
59156,2.29086
59157,4.24297
59158,4.023
59159,3.1554
59160,4.23697
59161,1.22765
59162,3.49024
59163,3.11652
59164,1.0
59165,3.17908
59166,3.18398
59167,1.35531
59168,2.58313
59169,3.44399
59170,2.04743
59171,1.78258
59172,1.56183
59173,3.96631
59174,3.67733
59175,3.02508
59176,3.4587
59177,2.30733
59178,2.5987
59179,1.0
59180,3.69699
59181,3.11492
59182,4.16859
59183,1.66838
59184,3.02867
59185,1.30194
59186,1.46931
59187,1.11139
59188,2.11606
59189,1.0
59190,1.0
59191,1.04742
59192,1.0
59193,2.87374
59194,3.89309
59195,2.80911
59196,3.20762
59197,1.44949
59198,2.92506
59199,3.88694
59200,4.53184
59201,3.07505
59202,1.0
59203,3.84054
59204,3.46172
59205,1.9238
59206,2.02251
59207,1.53047
59208,2.08932
59209,4.30775
59210,3.51843
59211,2.45679
59212,3.88162
59213,3.12046
59214,1.04726
59215,1.36417
59216,4.55068
59217,1.0
59218,3.39429
59219,1.9702
59220,3.97353
59221,4.27946
59222,1.0
59223,3.66842
59224,1.0
59225,1.0
59226,2.69571
59227,1.91012
59228,2.05641
59229,2.08631
59230,2.52077
59231,3.86079
59232,3.75714
59233,4.05505
59234,3.00167
59235,4.73876
59236,3.79875
59237,3.85156
59238,4.05783
59239,4.1276
59240,4.43277
59241,4.09401
59242,3.19158
59243,4.0098
59244,2.95587
59245,4.19324
59246,4.49826
59247,4.05138
59248,5.0
59249,3.42615
59250,4.40445
59251,3.66415
59252,3.06933
59253,3.13673
59254,3.76209
59255,3.11009
59256,3.61708
59257,3.10821
59258,3.64713
59259,3.55745
59260,3.63323
59261,3.66755
59262,3.33322
59263,3.97667
59264,3.001
59265,3.63056
59266,3.21835
59267,3.32923
59268,3.55414
59269,4.03623
59270,4.16559
59271,3.56561
59272,4.18001
59273,3.53276
59274,4.59721
59275,4.22395
59276,3.62994
59277,3.85791
59278,4.05249
59279,4.08067
59280,4.18078
59281,3.81014
59282,2.50346
59283,2.41666
59284,3.72154
59285,4.08396
59286,1.0
59287,3.94564
59288,3.46819
59289,2.05642
59290,2.31433
59291,2.55192
59292,2.37098
59293,3.94862
59294,3.98184
59295,4.02169
59296,1.98956
59297,3.32966
59298,2.56723
59299,2.76426
59300,4.16593
59301,5.0
59302,3.54369
59303,4.36225
59304,2.74637
59305,3.87538
59306,3.29465
59307,3.74079
59308,2.49735
59309,1.47253
59310,2.43968
59311,3.62746
59312,3.25332
59313,3.98703
59314,4.04914
59315,2.6877
59316,2.94622
59317,2.35508
59318,2.54111
59319,4.07143
59320,1.0
59321,3.48271
59322,3.37953
59323,3.28685
59324,3.44438
59325,3.584
59326,2.49449
59327,2.8002
59328,3.10221
59329,2.55738
59330,3.48137
59331,2.69652
59332,3.112
59333,3.77537
59334,3.25732
59335,2.80514
59336,2.63554
59337,3.08252
59338,2.85959
59339,3.2978
59340,3.25986
59341,2.23482
59342,3.41684
59343,2.75048
59344,3.08291
59345,3.01478
59346,2.68205
59347,3.2084
59348,2.83911
59349,3.33109
59350,3.04271
59351,3.31624
59352,3.33752
59353,1.99026
59354,2.20082
59355,2.73341
59356,3.13564
59357,2.43369
59358,3.48782
59359,3.03086
59360,2.87361
59361,3.06459
59362,2.94844
59363,2.45233
59364,3.41663
59365,3.05523
59366,2.40021
59367,2.22938
59368,2.83677
59369,2.72882
59370,2.47545
59371,3.00778
59372,3.20899
59373,2.75996
59374,2.66183
59375,2.99239
59376,3.33369
59377,2.99795
59378,3.31411
59379,2.42554
59380,3.07178
59381,3.41714
59382,3.36576
59383,2.90328
59384,2.80033
59385,2.77284
59386,2.73033
59387,3.4905
59388,3.25202
59389,3.30035
59390,3.21086
59391,3.41119
59392,2.80843
59393,2.75346
59394,2.86742
59395,3.63607
59396,2.92296
59397,2.69512
59398,2.83801
59399,3.37127
59400,2.80954
59401,3.02289
59402,2.94495
59403,3.00408
59404,3.088
59405,3.22839
59406,2.70219
59407,3.08992
59408,2.89225
59409,2.82248
59410,3.54125
59411,3.56961
59412,3.10833
59413,2.69308
59414,3.23174
59415,2.72591
59416,3.37725
59417,2.62319
59418,3.3518
59419,2.00008
59420,3.68849
59421,3.63361
59422,2.70188
59423,2.99019
59424,3.31144
59425,3.28173
59426,3.0008
59427,3.03488
59428,2.65333
59429,3.69661
59430,2.53063
59431,3.4223
59432,3.40202
59433,2.58561
59434,3.15892
59435,3.16461
59436,2.54178
59437,3.21779
59438,3.24956
59439,3.5269
59440,2.85348
59441,2.94817
59442,3.33368
59443,2.43324
59444,3.76298
59445,2.76096
59446,3.56695
59447,3.05659
59448,3.12996
59449,3.11939
59450,2.05284
59451,3.05205
59452,2.70863
59453,3.07513
59454,4.09777
59455,3.92877
59456,4.2293
59457,3.84978
59458,3.20749
59459,3.4641
59460,2.20968
59461,3.49067
59462,4.53285
59463,4.11427
59464,3.02941
59465,3.15759
59466,4.4113
59467,3.04372
59468,2.34148
59469,1.95728
59470,2.32021
59471,3.31862
59472,2.53353
59473,2.90373
59474,3.06236
59475,3.67175
59476,1.78581
59477,3.19373
59478,2.88927
59479,3.44192
59480,3.52797
59481,2.45476
59482,2.89933
59483,4.00194
59484,3.53127
59485,3.09891
59486,1.94932
59487,1.78699
59488,1.78975
59489,2.35235
59490,1.46667
59491,2.95587
59492,2.6827
59493,2.7344
59494,2.40516
59495,1.55408
59496,3.53457
59497,2.63174
59498,3.24155
59499,2.19566
59500,2.33531
59501,3.18974
59502,3.35297
59503,4.08767
59504,3.13906
59505,2.56797
59506,3.93954
59507,4.70902
59508,3.8274
59509,2.57815
59510,2.38504
59511,3.96632
59512,2.44463
59513,3.0577
59514,1.85166
59515,3.39144
59516,2.45913
59517,1.92211
59518,1.02243
59519,3.89818
59520,1.20157
59521,3.03731
59522,3.34046
59523,3.36382
59524,2.32966
59525,2.62303
59526,2.16649
59527,3.84787
59528,3.36663
59529,4.30622
59530,1.95964
59531,2.89402
59532,4.04387
59533,4.31979
59534,2.85879
59535,2.22138
59536,2.16944
59537,2.20925
59538,2.35724
59539,2.13339
59540,1.63399
59541,3.00686
59542,4.31288
59543,3.23821
59544,4.23544
59545,3.64374
59546,3.47177
59547,4.47557
59548,5.0
59549,4.62504
59550,4.05169
59551,2.59138
59552,3.36286
59553,4.12229
59554,2.97959
59555,3.25485
59556,4.00429
59557,4.68488
59558,3.38539
59559,3.93974
59560,4.31658
59561,4.18388
59562,2.30586
59563,4.08095
59564,3.74268
59565,4.61561
59566,3.93782
59567,3.58686
59568,3.60183
59569,4.1566
59570,3.4702
59571,3.40789
59572,4.22071
59573,3.42444
59574,3.47752
59575,4.18514
59576,4.17084
59577,4.13021
59578,4.30201
59579,3.85513
59580,4.34079
59581,3.78513
59582,4.18213
59583,4.45806
59584,4.04514
59585,3.43512
59586,3.89043
59587,4.68296
59588,3.61779
59589,3.82065
59590,4.0492
59591,4.02151
59592,3.24973
59593,3.70272
59594,4.36695
59595,4.40229
59596,4.23492
59597,4.49272
59598,4.1509
59599,4.21483
59600,1.95112
59601,4.09578
59602,3.76169
59603,3.54574
59604,3.24735
59605,3.31709
59606,1.91462
59607,2.6146
59608,3.46869
59609,3.3206
59610,2.17747
59611,3.65371
59612,2.80583
59613,3.43429
59614,3.51422
59615,2.93285
59616,4.79697
59617,2.46512
59618,4.42167
59619,3.43247
59620,3.78813
59621,3.60102
59622,3.31817
59623,4.28729
59624,3.02029
59625,3.65366
59626,3.40756
59627,2.91862
59628,3.48373
59629,3.44379
59630,3.76503
59631,3.74701
59632,3.44337
59633,4.478
59634,4.42319
59635,3.07777
59636,3.86734
59637,3.61823
59638,3.54649
59639,3.89408
59640,3.49858
59641,3.66546
59642,3.94737
59643,4.09668
59644,3.14767
59645,3.64487
59646,3.53732
59647,3.19408
59648,4.16147
59649,2.68322
59650,3.76322
59651,2.88167
59652,3.722
59653,4.05498
59654,3.18886
59655,3.24507
59656,3.15135
59657,4.15127
59658,4.0431
59659,4.82819
59660,3.54169
59661,3.79015
59662,3.99966
59663,3.60497
59664,4.10715
59665,3.74062
59666,2.63742
59667,4.15981
59668,3.99585
59669,2.54301
59670,3.63871
59671,3.66163
59672,2.47223
59673,3.39209
59674,3.72111
59675,3.55383
59676,3.35494
59677,2.8477
59678,3.78599
59679,3.24309
59680,3.72904
59681,2.14852
59682,3.66801
59683,3.50367
59684,3.25671
59685,3.55576
59686,4.8188
59687,3.2582
59688,4.17753
59689,2.63134
59690,3.53414
59691,3.70164
59692,3.60752
59693,3.68997
59694,3.59138
59695,2.6755
59696,3.9136
59697,4.01548
59698,2.97574
59699,3.92643
59700,3.719
59701,2.7088
59702,2.86654
59703,3.69764
59704,2.86735
59705,3.10612
59706,4.7374
59707,4.27328
59708,3.61301
59709,2.93603
59710,4.3504
59711,4.12755
59712,4.77209
59713,4.20091
59714,2.36978
59715,4.6934
59716,4.59798
59717,1.48179
59718,3.39898
59719,2.77147
59720,3.10813
59721,2.91551
59722,3.6583
59723,4.23027
59724,3.82584
59725,2.14652
59726,3.56292
59727,4.321
59728,4.34257
59729,4.64644
59730,4.55331
59731,3.68097
59732,3.30707
59733,4.66412
59734,4.30154
59735,3.95902
59736,4.48229
59737,2.75436
59738,3.37592
59739,3.50534
59740,3.95264
59741,4.21265
59742,4.17066
59743,5.0
59744,3.83598
59745,2.23462
59746,3.16083
59747,4.93014
59748,4.60399
59749,3.94082
59750,5.0
59751,4.44011
59752,3.45683
59753,4.52384
59754,4.27431
59755,4.32424
59756,4.25792
59757,4.26134
59758,4.79187
59759,4.03026
59760,4.97306
59761,4.38546
59762,3.85719
59763,4.78677
59764,3.65292
59765,3.9749
59766,1.93494
59767,1.82442
59768,2.7998
59769,1.93951
59770,2.70713
59771,4.71155
59772,4.18654
59773,5.0
59774,4.89993
59775,3.72774
59776,3.24558
59777,2.89592
59778,3.64759
59779,4.77995
59780,1.89431
59781,2.41604
59782,3.23219
59783,3.46612
59784,2.21896
59785,2.7122
59786,3.1818
59787,3.35474
59788,3.23322
59789,1.71159
59790,3.61524
59791,2.94001
59792,2.66642
59793,3.81679
59794,3.98338
59795,4.34952
59796,4.81135
59797,3.4383
59798,3.87887
59799,3.85107
59800,2.77459
59801,2.44001
59802,4.81511
59803,3.75281
59804,4.05526
59805,2.69441
59806,4.04681
59807,3.03021
59808,4.2769
59809,2.50971
59810,3.37573
59811,4.28071
59812,4.43074
59813,3.59552
59814,2.7427
59815,3.35744
59816,2.51966
59817,3.99025
59818,2.67923
59819,4.16853
59820,2.45774
59821,3.66545
59822,3.50896
59823,4.18624
59824,4.48081
59825,4.7957
59826,2.46611
59827,3.99503
59828,4.13132
59829,3.14937
59830,2.50984
59831,4.32154
59832,3.67447
59833,4.3982
59834,3.42621
59835,4.11874
59836,3.74514
59837,4.33351
59838,3.25717
59839,3.53146
59840,3.6839
59841,2.65954
59842,3.43122
59843,4.02445
59844,2.98613
59845,4.32291
59846,4.94401
59847,2.69021
59848,3.94209
59849,2.18532
59850,2.5338
59851,4.56129
59852,3.20273
59853,3.43604
59854,3.93225
59855,3.28642
59856,2.65956
59857,4.67951
59858,2.97191
59859,3.46036
59860,2.56825
59861,3.17932
59862,4.75283
59863,3.85779
59864,3.61493
59865,3.70185
59866,4.2345
59867,4.40314
59868,2.81186
59869,4.16315
59870,3.02315
59871,3.05817
59872,3.20641
59873,3.46671
59874,4.9248
59875,4.43221
59876,5.0
59877,3.2198
59878,3.99504
59879,4.01469
59880,3.07721
59881,2.98797
59882,3.57576
59883,4.19714
59884,4.99055
59885,4.4268
59886,4.88026
59887,4.18905
59888,3.56185
59889,3.13677
59890,3.69565
59891,3.85227
59892,5.0
59893,4.08777
59894,4.74485
59895,4.15462
59896,3.41126
59897,3.10203
59898,2.84866
59899,4.11367
59900,2.42414
59901,2.89119
59902,2.29246
59903,3.27399
59904,3.81722
59905,3.21853
59906,3.58327
59907,2.72316
59908,3.77715
59909,3.20122
59910,3.10373
59911,2.29112
59912,5.0
59913,4.20524
59914,1.90264
59915,2.76778
59916,4.0271
59917,4.27064
59918,2.59245
59919,2.5147
59920,3.02775
59921,2.77653
59922,3.26784
59923,3.684
59924,2.75178
59925,2.56544
59926,2.68297
59927,3.13503
59928,2.64836
59929,2.15003
59930,3.57722
59931,2.61675
59932,3.55421
59933,3.48358
59934,2.71682
59935,4.70076
59936,3.19539
59937,3.29436
59938,2.24264
59939,3.164
59940,2.76633
59941,3.51401
59942,3.17918
59943,2.378
59944,2.14627
59945,3.4684
59946,3.54343
59947,2.60292
59948,4.8714
59949,1.81413
59950,2.93311
59951,3.26218
59952,3.91086
59953,3.22431
59954,1.99393
59955,3.04503
59956,3.42361
59957,3.23996
59958,3.4825
59959,4.06526
59960,4.86002
59961,4.44921
59962,5.0
59963,4.42728
59964,3.67212
59965,4.40837
59966,2.92555
59967,5.0
59968,4.01201
59969,3.92699
59970,2.87417
59971,2.16318
59972,4.51319
59973,3.92238
59974,3.09378
59975,4.77018
59976,4.87559
59977,3.73685
59978,3.49721
59979,2.59081
59980,3.76094
59981,3.22927
59982,2.49062
59983,4.86562
59984,3.31562
59985,3.39384
59986,3.05062
59987,4.10573
59988,1.97802
59989,4.05
59990,2.92647
59991,3.00087
59992,4.00871
59993,3.08544
59994,3.70135
59995,4.4929
59996,4.67764
59997,3.52408
59998,4.3425
59999,4.40555
60000,3.02423
60001,3.06029
60002,4.28131
60003,3.37857
60004,4.39093
60005,3.51523
60006,3.83323
60007,3.26681
60008,3.8341
60009,2.47653
60010,4.00582
60011,3.51685
60012,3.39405
60013,3.43342
60014,3.83393
60015,3.82133
60016,4.4786
60017,3.78664
60018,3.6627
60019,4.58328
60020,4.5271
60021,4.07964
60022,4.63296
60023,2.78332
60024,2.65745
60025,3.96688
60026,5.0
60027,3.43523
60028,4.31745
60029,4.04645
60030,4.68835
60031,2.58034
60032,3.52525
60033,3.51551
60034,5.0
60035,3.71406
60036,4.70263
60037,5.0
60038,3.86061
60039,4.07448
60040,4.56602
60041,4.33264
60042,3.07955
60043,4.71071
60044,4.93599
60045,5.0
60046,4.78489
60047,3.48059
60048,4.2923
60049,3.69071
60050,2.75712
60051,3.95597
60052,3.37123
60053,4.3479
60054,3.95294
60055,2.9978
60056,3.68405
60057,4.39789
60058,3.78303
60059,4.41596
60060,2.97472
60061,4.69335
60062,4.00549
60063,3.60499
60064,2.86291
60065,3.19287
60066,3.81654
60067,3.68037
60068,3.163
60069,4.12058
60070,4.07661
60071,2.34369
60072,3.25483
60073,2.91523
60074,2.82683
60075,3.91557
60076,3.97192
60077,2.42705
60078,3.50291
60079,3.90402
60080,4.42708
60081,3.46764
60082,3.22669
60083,3.91752
60084,3.0085
60085,2.77462
60086,3.86809
60087,4.15069
60088,4.24772
60089,3.95338
60090,3.08011
60091,3.95041
60092,3.32426
60093,3.73022
60094,3.45301
60095,2.89981
60096,3.73129
60097,3.97018
60098,4.18642
60099,4.03542
60100,4.40661
60101,3.81095
60102,3.51822
60103,3.49717
60104,4.79424
60105,4.82056
60106,4.56882
60107,4.59948
60108,3.88008
60109,3.6
60110,2.06623
60111,3.2769
60112,3.4125
60113,3.27991
60114,2.95647
60115,3.816
60116,1.76739
60117,3.75628
60118,3.74105
60119,1.69208
60120,5.0
60121,3.04271
60122,3.62953
60123,2.25219
60124,3.40184
60125,3.70601
60126,4.10061
60127,3.07763
60128,3.73811
60129,3.47258
60130,4.17638
60131,2.18176
60132,3.66049
60133,5.0
60134,3.24911
60135,2.1487
60136,2.74767
60137,4.11317
60138,3.46961
60139,3.38111
60140,2.6961
60141,3.41464
60142,2.43661
60143,3.38935
60144,2.35312
60145,2.51349
60146,2.7184
60147,4.7513
60148,4.7729
60149,5.0
60150,4.73955
60151,4.69965
60152,3.93933
60153,4.79141
60154,4.54358
60155,4.12556
60156,4.21626
60157,3.79403
60158,4.39349
60159,3.3511
60160,4.0513
60161,4.84877
60162,4.47954
60163,4.54937
60164,4.19929
60165,4.08767
60166,2.8074
60167,3.39592
60168,3.89493
60169,2.539
60170,4.3422
60171,4.25018
60172,2.67722
60173,4.55097
60174,3.70092
60175,4.27007
60176,4.4261
60177,4.70358
60178,4.98939
60179,4.93405
60180,5.0
60181,4.6152
60182,4.65252
60183,5.0
60184,4.73694
60185,4.31486
60186,4.70117
60187,4.06373
60188,2.62435
60189,3.18639
60190,3.85992
60191,3.05164
60192,4.6439
60193,4.15188
60194,4.49954
60195,3.81288
60196,4.00845
60197,3.84499
60198,3.97356
60199,3.74491
60200,4.1459
60201,4.19735
60202,4.29694
60203,4.17675
60204,4.72391
60205,3.7412
60206,4.82626
60207,1.21811
60208,2.5859
60209,2.7189
60210,3.29949
60211,3.51941
60212,3.8015
60213,4.31392
60214,3.42608
60215,4.31247
60216,2.88535
60217,3.44513
60218,4.22209
60219,3.01654
60220,3.53219
60221,2.3392
60222,3.44712
60223,2.64945
60224,1.57803
60225,2.81251
60226,3.57213
60227,2.23337
60228,1.40689
60229,2.81279
60230,3.96549
60231,3.21541
60232,1.8436
60233,3.36537
60234,1.92232
60235,3.25454
60236,3.95565
60237,4.17733
60238,3.56816
60239,3.77709
60240,4.31175
60241,3.98134
60242,3.60057
60243,3.53603
60244,3.87191
60245,3.69741
60246,4.7107
60247,3.56014
60248,4.12731
60249,3.14167
60250,4.69986
60251,4.40154
60252,3.40976
60253,4.36166
60254,3.71901
60255,3.44287
60256,3.7294
60257,4.34916
60258,3.50451
60259,2.27474
60260,3.16578
60261,4.26056
60262,4.6296
60263,3.96652
60264,4.10247
60265,3.26479
60266,3.85377
60267,2.82006
60268,3.75157
60269,3.87134
60270,5.0
60271,4.26936
60272,3.4364
60273,3.40633
60274,3.52816
60275,1.84501
60276,4.27281
60277,3.31462
60278,3.04184
60279,2.71675
60280,1.89341
60281,3.79687
60282,2.7926
60283,2.1218
60284,2.70026
60285,3.82487
60286,2.01898
60287,2.67653
60288,4.9987
60289,2.33625
60290,3.7238
60291,2.96056
60292,3.37053
60293,1.45624
60294,3.67352
60295,3.11047
60296,2.28695
60297,2.31037
60298,5.0
60299,3.5009
60300,3.99425
60301,3.67571
60302,2.98581
60303,1.95168
60304,1.9649
60305,1.88993
60306,4.44911
60307,3.5015
60308,2.06866
60309,3.04361
60310,2.32754
60311,2.66117
60312,3.78698
60313,4.18768
60314,2.7851
60315,1.49525
60316,3.11433
60317,3.93713
60318,4.01774
60319,2.9504
60320,3.2683
60321,3.9881
60322,4.21171
60323,3.97305
60324,3.77658
60325,3.57394
60326,4.22445
60327,4.5296
60328,2.45024
60329,4.13518
60330,3.0412
60331,4.7049
60332,3.1725
60333,3.5224
60334,3.68949
60335,3.26225
60336,3.61185
60337,3.15046
60338,3.62287
60339,3.3916
60340,2.29139
60341,3.36345
60342,3.83297
60343,3.32852
60344,2.44251
60345,2.47963
60346,2.8252
60347,4.09746
60348,3.62656
60349,3.18321
60350,3.38627
60351,3.03838
60352,3.94422
60353,4.15339
60354,4.23603
60355,4.11577
60356,4.51973
60357,3.7675
60358,3.60453
60359,4.23113
60360,3.73556
60361,3.36985
60362,4.08342
60363,3.80424
60364,3.83067
60365,4.9751
60366,4.21366
60367,4.55506
60368,4.56711
60369,3.36086
60370,3.32883
60371,3.67243
60372,4.08385
60373,4.56258
60374,3.93795
60375,4.77785
60376,4.83599
60377,3.94149
60378,3.07527
60379,4.08154
60380,3.78382
60381,2.31072
60382,3.7533
60383,3.34917
60384,4.0586
60385,3.50074
60386,3.40878
60387,4.059
60388,3.56449
60389,4.07595
60390,3.76054
60391,3.23923
60392,3.48407
60393,3.56539
60394,4.09105
60395,2.61172
60396,3.0223
60397,2.67345
60398,3.88132
60399,3.03527
60400,3.90741
60401,3.5781
60402,4.00043
60403,4.14071
60404,3.3888
60405,2.98083
60406,4.45454
60407,4.32276
60408,2.85429
60409,3.15356
60410,3.68328
60411,3.24048
60412,2.31849
60413,3.86901
60414,4.15903
60415,2.50395
60416,4.20622
60417,3.9494
60418,3.43734
60419,2.59669
60420,4.20029
60421,3.27893
60422,3.25156
60423,3.97544
60424,2.78204
60425,3.75034
60426,3.78218
60427,3.30594
60428,2.63216
60429,3.77165
60430,4.81333
60431,3.80426
60432,2.87534
60433,3.7628
60434,2.85885
60435,3.82326
60436,3.30881
60437,2.77723
60438,3.50485
60439,1.90959
60440,4.16888
60441,3.72164
60442,3.02202
60443,2.58525
60444,2.85414
60445,3.41772
60446,3.18457
60447,3.68592
60448,3.83235
60449,3.63356
60450,4.17383
60451,3.95825
60452,3.85869
60453,3.7677
60454,4.07589
60455,2.66011
60456,1.48675
60457,3.21283
60458,4.30601
60459,3.85287
60460,3.61126
60461,3.39922
60462,4.2098
60463,4.53842
60464,4.1761
60465,3.24182
60466,3.49486
60467,4.39296
60468,4.40623
60469,5.0
60470,1.81681
60471,3.95773
60472,1.87209
60473,4.11504
60474,3.3205
60475,3.38927
60476,4.13016
60477,4.57657
60478,3.46768
60479,3.91889
60480,3.03333
60481,3.61319
60482,3.79137
60483,3.80828
60484,4.12636
60485,4.07525
60486,4.0706
60487,3.40838
60488,3.66919
60489,3.5148
60490,3.18794
60491,3.03162
60492,4.63386
60493,2.57004
60494,2.67974
60495,2.38272
60496,2.31954
60497,4.07967
60498,3.18361
60499,3.04176
60500,3.70727
60501,3.54946
60502,2.25893
60503,4.07671
60504,4.26503
60505,3.77347
60506,3.52326
60507,4.9767
60508,3.90551
60509,4.4723
60510,3.03508
60511,3.4596
60512,3.37015
60513,1.98272
60514,4.10038
60515,3.83051
60516,3.28085
60517,4.33862
60518,3.43769
60519,4.70194
60520,1.26349
60521,3.51461
60522,3.10346
60523,4.1811
60524,3.99815
60525,4.08534
60526,3.95596
60527,5.0
60528,3.75999
60529,4.62177
60530,1.07937
60531,1.0
60532,4.11628
60533,2.06179
60534,4.04929
60535,3.82507
60536,3.72696
60537,4.8119
60538,3.37376
60539,4.32178
60540,4.63383
60541,4.33042
60542,3.59489
60543,3.8578
60544,4.29406
60545,2.74786
60546,2.84869
60547,3.71391
60548,4.64125
60549,4.57206
60550,4.66116
60551,2.83118
60552,4.17558
60553,5.0
60554,4.25608
60555,4.16933
60556,3.77798
60557,3.24671
60558,2.97532
60559,4.78581
60560,3.99676
60561,3.67519
60562,3.95597
60563,4.33164
60564,3.73465
60565,3.35556
60566,4.52393
60567,3.66393
60568,3.73546
60569,2.86449
60570,4.12842
60571,3.40246
60572,3.41566
60573,3.64179
60574,4.07196
60575,3.75285
60576,4.11094
60577,2.74818
60578,4.26916
60579,3.60173
60580,4.86186
60581,3.7758
60582,4.20712
60583,4.0245
60584,5.0
60585,4.75854
60586,4.02928
60587,3.45901
60588,3.80484
60589,4.22813
60590,3.9163
60591,3.87602
60592,3.63879
60593,3.28497
60594,3.27875
60595,3.35652
60596,2.90976
60597,3.61361
60598,3.82173
60599,4.11997
60600,4.17017
60601,3.52157
60602,3.90619
60603,2.74002
60604,3.82232
60605,2.47889
60606,2.20709
60607,3.27379
60608,4.58836
60609,3.94836
60610,4.44132
60611,3.00287
60612,4.58867
60613,5.0
60614,3.87465
60615,4.77179
60616,4.8041
60617,4.57671
60618,5.0
60619,4.42361
60620,3.937
60621,4.18616
60622,2.82038
60623,4.05021
60624,4.2337
60625,4.54146
60626,4.18197
60627,4.28949
60628,3.20667
60629,4.03939
60630,3.30021
60631,4.091
60632,3.68442
60633,2.68116
60634,3.546
60635,4.16257
60636,3.22678
60637,3.43675
60638,1.39239
60639,3.18163
60640,3.34301
60641,3.01257
60642,2.52987
60643,3.65676
60644,4.37341
60645,4.0857
60646,1.78776
60647,3.70465
60648,4.51853
60649,3.77884
60650,3.94889
60651,3.27141
60652,2.49938
60653,2.26579
60654,3.20905
60655,3.80821
60656,3.4466
60657,3.05875
60658,1.73189
60659,2.95447
60660,2.72838
60661,3.52264
60662,1.67208
60663,1.0
60664,1.65046
60665,1.52495
60666,2.29829
60667,3.92332
60668,2.64248
60669,3.26113
60670,3.33778
60671,3.07296
60672,3.64133
60673,3.21105
60674,3.41314
60675,2.01111
60676,2.08597
60677,3.33617
60678,2.23791
60679,2.79342
60680,4.55545
60681,3.43661
60682,1.44658
60683,4.3874
60684,3.73373
60685,4.62879
60686,4.24303
60687,4.62637
60688,3.97238
60689,4.13521
60690,4.43727
60691,4.32866
60692,4.10263
60693,3.85992
60694,3.6133
60695,4.50888
60696,3.96614
60697,5.0
60698,5.0
60699,3.49982
60700,3.79794
60701,4.30859
60702,4.86681
60703,4.71154
60704,4.04675
60705,3.86567
60706,4.48226
60707,2.95477
60708,3.26634
60709,4.45474
60710,4.20429
60711,4.5121
60712,4.65018
60713,2.47633
60714,4.77652
60715,3.61673
60716,4.39144
60717,4.53133
60718,3.83184
60719,4.74043
60720,4.27929
60721,2.95074
60722,4.01529
60723,4.15685
60724,4.05648
60725,4.40104
60726,3.07529
60727,4.49966
60728,4.59941
60729,3.1106
60730,5.0
60731,5.0
60732,5.0
60733,4.06935
60734,3.67257
60735,3.52416
60736,4.87962
60737,2.28455
60738,2.82306
60739,5.0
60740,3.40714
60741,3.3065
60742,4.10497
60743,3.84229
60744,2.90132
60745,2.93782
60746,3.66611
60747,1.0
60748,3.87232
60749,2.17422
60750,3.70894
60751,1.46734
60752,3.9154
60753,3.51785
60754,1.79949
60755,4.39398
60756,4.93217
60757,4.72256
60758,4.20622
60759,5.0
60760,4.53542
60761,4.39559
60762,4.54634
60763,4.28632
60764,3.34012
60765,4.69957
60766,4.82475
60767,4.89488
60768,5.0
60769,5.0
60770,3.77195
60771,4.90131
60772,4.79181
60773,3.96219
60774,4.00414
60775,3.35887
60776,3.9222
60777,2.70314
60778,4.65643
60779,4.09754
60780,4.90524
60781,4.32802
60782,4.53639
60783,4.96091
60784,4.86243
60785,3.34651
60786,4.56654
60787,2.10668
60788,3.29795
60789,2.49639
60790,2.92065
60791,2.38323
60792,4.00525
60793,3.07992
60794,3.14841
60795,1.61273
60796,3.47432
60797,3.69697
60798,1.77031
60799,1.85573
60800,2.30544
60801,1.83392
60802,3.01139
60803,2.17908
60804,2.98525
60805,1.91777
60806,3.17078
60807,3.34554
60808,2.43988
60809,2.10226
60810,2.24274
60811,3.84739
60812,3.25395
60813,2.54109
60814,3.39242
60815,3.00998
60816,2.61691
60817,3.44636
60818,2.72375
60819,3.41215
60820,2.90171
60821,2.88737
60822,2.67509
60823,3.13575
60824,3.39064
60825,2.07987
60826,3.0018
60827,1.89337
60828,2.96732
60829,3.15735
60830,3.18484
60831,2.90975
60832,2.91434
60833,3.57107
60834,2.60242
60835,3.63891
60836,3.48209
60837,2.61714
60838,2.66
60839,3.41039
60840,3.44129
60841,2.92152
60842,2.73121
60843,3.24778
60844,2.36405
60845,4.37811
60846,2.64245
60847,3.27119
60848,2.74765
60849,3.76862
60850,3.43379
60851,3.48807
60852,3.78142
60853,2.39733
60854,2.42856
60855,3.11287
60856,3.22244
60857,4.06534
60858,4.3196
60859,3.7996
60860,3.928
60861,3.78748
60862,3.61402
60863,3.685
60864,4.36566
60865,2.62333
60866,3.64232
60867,3.61345
60868,3.35411
60869,3.82023
60870,2.20063
60871,3.70323
60872,3.82136
60873,4.60432
60874,2.74998
60875,3.34587
60876,3.28313
60877,3.9488
60878,2.92874
60879,3.02003
60880,3.76403
60881,4.15029
60882,2.10809
60883,3.02988
60884,4.05185
60885,3.65114
60886,3.585
60887,3.46734
60888,4.15314
60889,3.43273
60890,2.82147
60891,2.46857
60892,3.34928
60893,4.51287
60894,3.78108
60895,4.15636
60896,3.6386
60897,2.79788
60898,1.6095
60899,3.42273
60900,3.60061
60901,3.1117
60902,4.12191
60903,3.39148
60904,2.41342
60905,3.15003
60906,4.40729
60907,3.68394
60908,3.64215
60909,3.23448
60910,3.52825
60911,4.38766
60912,3.2183
60913,3.8348
60914,3.16624
60915,3.88671
60916,4.85139
60917,3.68242
60918,3.07677
60919,3.25693
60920,4.33823
60921,3.52308
60922,4.11291
60923,3.20444
60924,4.26445
60925,3.83029
60926,3.65882
60927,3.35883
60928,3.09032
60929,2.85609
60930,3.77316
60931,3.41261
60932,3.56544
60933,2.86133
60934,3.76629
60935,4.08049
60936,4.00077
60937,3.06299
60938,2.45787
60939,4.40821
60940,4.11957
60941,4.44137
60942,4.51432
60943,4.31941
60944,3.63788
60945,2.97183
60946,3.26371
60947,3.91353
60948,4.25542
60949,3.33743
60950,4.61339
60951,4.46042
60952,4.66742
60953,4.08617
60954,2.88932
60955,4.83897
60956,3.7038
60957,4.13971
60958,3.42484
60959,4.23188
60960,4.11259
60961,4.36644
60962,3.77176
60963,3.80206
60964,3.63797
60965,3.52916
60966,3.97143
60967,4.34124
60968,3.87692
60969,4.1493
60970,4.50954
60971,4.10181
60972,4.20116
60973,4.00522
60974,3.45993
60975,4.3572
60976,3.68099
60977,3.94589
60978,4.17617
60979,4.15824
60980,4.14215
60981,4.16957
60982,4.3615
60983,5.0
60984,2.5414
60985,3.58005
60986,3.47534
60987,4.15724
60988,4.71514
60989,4.24136
60990,4.24829
60991,4.08643
60992,3.07234
60993,3.56497
60994,4.3472
60995,3.66014
60996,4.2489
60997,4.94281
60998,3.02342
60999,3.89554
61000,3.5214
61001,3.71558
61002,4.53894
61003,4.18733
61004,2.56457
61005,5.0
61006,4.18781
61007,4.89086
61008,3.44027
61009,4.82258
61010,2.87254
61011,3.97332
61012,3.60031
61013,3.00303
61014,2.79735
61015,2.29468
61016,3.69949
61017,3.10556
61018,3.64357
61019,2.09864
61020,1.92864
61021,4.13274
61022,4.19465
61023,4.73727
61024,4.30468
61025,4.59155
61026,3.39682
61027,4.7484
61028,4.17909
61029,3.94949
61030,3.87723
61031,4.46214
61032,4.13832
61033,3.51051
61034,3.26703
61035,3.89402
61036,3.33574
61037,5.0
61038,3.69111
61039,1.9668
61040,3.54838
61041,3.17777
61042,3.36462
61043,2.99991
61044,3.71784
61045,4.20008
61046,3.14233
61047,4.24267
61048,4.3116
61049,2.76274
61050,3.44197
61051,3.40836
61052,4.27422
61053,5.0
61054,5.0
61055,4.7844
61056,4.52977
61057,5.0
61058,3.15937
61059,4.09708
61060,5.0
61061,3.52102
61062,5.0
61063,4.47512
61064,3.59309
61065,4.1987
61066,5.0
61067,4.00819
61068,4.4139
61069,4.10508
61070,4.68135
61071,4.13366
61072,4.86286
61073,4.52988
61074,3.36324
61075,3.19875
61076,4.11754
61077,4.18007
61078,4.40765
61079,3.8239
61080,4.01173
61081,2.72495
61082,4.31733
61083,3.57312
61084,3.63675
61085,4.22012
61086,2.78377
61087,2.7253
61088,2.90414
61089,3.89342
61090,3.48792
61091,3.37424
61092,2.49913
61093,3.63124
61094,3.56827
61095,4.07311
61096,3.27733
61097,4.14872
61098,3.63119
61099,3.58386
61100,3.45139
61101,3.9754
61102,2.54675
61103,3.71897
61104,4.08621
61105,4.12405
61106,3.52253
61107,3.57615
61108,3.82937
61109,3.92882
61110,3.81019
61111,3.16716
61112,3.8658
61113,3.63196
61114,2.48942
61115,4.02354
61116,4.08767
61117,4.05595
61118,3.83446
61119,3.72664
61120,3.41203
61121,4.31736
61122,3.13238
61123,3.33996
61124,3.22942
61125,3.9562
61126,3.0573
61127,4.04997
61128,2.80816
61129,3.84842
61130,2.85406
61131,3.56515
61132,3.7649
61133,2.28716
61134,3.86829
61135,3.7193
61136,4.15313
61137,3.91904
61138,4.23579
61139,3.82311
61140,4.19302
61141,4.48951
61142,3.38694
61143,4.14662
61144,2.95365
61145,3.4463
61146,3.5405
61147,2.463
61148,3.73022
61149,2.64443
61150,4.18168
61151,4.17878
61152,4.03815
61153,3.86959
61154,3.20703
61155,4.65725
61156,4.61492
61157,1.44852
61158,4.313
61159,4.84479
61160,4.89805
61161,4.98803
61162,4.38894
61163,4.39131
61164,3.39723
61165,3.37707
61166,3.45673
61167,3.76961
61168,3.53594
61169,2.29392
61170,4.28635
61171,4.33226
61172,2.20152
61173,5.0
61174,3.18852
61175,2.90934
61176,3.21188
61177,3.95259
61178,3.73667
61179,3.67214
61180,3.46782
61181,2.58465
61182,4.19245
61183,2.2491
61184,4.73986
61185,3.15535
61186,3.90539
61187,3.64116
61188,4.69274
61189,1.6543
61190,2.67483
61191,2.06696
61192,3.73194
61193,3.2473
61194,2.47401
61195,2.51336
61196,3.19932
61197,2.10229
61198,1.37754
61199,3.00684
61200,2.60334
61201,4.10757
61202,4.35555
61203,3.79308
61204,4.72513
61205,5.0
61206,4.338
61207,3.92868
61208,3.66149
61209,4.43263
61210,4.30494
61211,4.29528
61212,4.19838
61213,4.76428
61214,4.98033
61215,4.50484
61216,5.0
61217,4.53977
61218,5.0
61219,3.70841
61220,4.16212
61221,3.22824
61222,3.82164
61223,3.52951
61224,3.08802
61225,3.29758
61226,3.79492
61227,3.16925
61228,2.92095
61229,2.6565
61230,3.10528
61231,4.43516
61232,3.24486
61233,3.50755
61234,4.23935
61235,4.97482
61236,4.27811
61237,4.29664
61238,4.06745
61239,3.29883
61240,3.12535
61241,3.53602
61242,3.80602
61243,4.23852
61244,4.23856
61245,3.57458
61246,3.23002
61247,2.79817
61248,3.18953
61249,4.28849
61250,3.65283
61251,1.41304
61252,3.08431
61253,3.35869
61254,4.09557
61255,2.86696
61256,4.44036
61257,4.45842
61258,3.92425
61259,4.58915
61260,3.13404
61261,3.64007
61262,4.47165
61263,3.33419
61264,3.46476
61265,4.32743
61266,4.70315
61267,3.89398
61268,4.15967
61269,3.55
61270,3.74495
61271,3.68519
61272,3.47957
61273,5.0
61274,3.22408
61275,3.00921
61276,4.48182
61277,4.46108
61278,5.0
61279,4.05928
61280,5.0
61281,3.36397
61282,4.90562
61283,3.87607
61284,3.06842
61285,3.21203
61286,3.26836
61287,3.70541
61288,2.89902
61289,2.56391
61290,5.0
61291,4.69671
61292,2.34475
61293,5.0
61294,4.77383
61295,3.73291
61296,5.0
61297,2.07608
61298,3.19989
61299,3.45857
61300,2.17462
61301,2.91957
61302,4.73797
61303,3.62448
61304,5.0
61305,4.28312
61306,3.28806
61307,2.7463
61308,2.70695
61309,2.21782
61310,1.95156
61311,3.1066
61312,3.61417
61313,4.01184
61314,4.02432
61315,2.91008
61316,4.98708
61317,2.16668
61318,3.83232
61319,5.0
61320,3.49067
61321,1.87358
61322,3.95478
61323,3.70526
61324,5.0
61325,3.68606
61326,3.99436
61327,3.29137
61328,1.88072
61329,3.36823
61330,3.7522
61331,4.40396
61332,3.00146
61333,4.99981
61334,3.2888
61335,5.0
61336,4.77062
61337,3.74684
61338,3.89224
61339,5.0
61340,4.07008
61341,2.70632
61342,4.48129
61343,3.59262
61344,2.94725
61345,4.71637
61346,4.8387
61347,4.49657
61348,2.68998
61349,4.85696
61350,2.31378
61351,4.07663
61352,2.88862
61353,3.65795
61354,3.07696
61355,3.79494
61356,3.34156
61357,3.54027
61358,3.28906
61359,3.99509
61360,3.27212
61361,2.78806
61362,4.68548
61363,4.97559
61364,4.05633
61365,4.3702
61366,4.28875
61367,3.77002
61368,4.20004
61369,4.23137
61370,3.30224
61371,4.16464
61372,4.40646
61373,3.82182
61374,4.3176
61375,2.90886
61376,4.29964
61377,4.08805
61378,4.17486
61379,3.5749
61380,3.06595
61381,3.26617
61382,3.83289
61383,3.91697
61384,4.36361
61385,3.89843
61386,4.7351
61387,2.76326
61388,3.67715
61389,3.56782
61390,3.84023
61391,4.34996
61392,3.85392
61393,4.41356
61394,3.84485
61395,3.33217
61396,2.2269
61397,2.74993
61398,3.96954
61399,2.45331
61400,4.11235
61401,3.87202
61402,3.54587
61403,3.4821
61404,4.61337
61405,4.5786
61406,2.89413
61407,3.56958
61408,4.10746
61409,4.4337
61410,3.25894
61411,4.63528
61412,3.16148
61413,3.47514
61414,3.85227
61415,3.38498
61416,3.48812
61417,3.84683
61418,4.15018
61419,2.92932
61420,2.98967
61421,4.03573
61422,2.52095
61423,3.85946
61424,3.63469
61425,4.11773
61426,4.39844
61427,4.13768
61428,3.16215
61429,5.0
61430,3.52924
61431,3.71148
61432,3.17101
61433,3.3876
61434,2.92578
61435,3.66476
61436,3.79222
61437,3.79675
61438,3.17327
61439,3.80144
61440,4.21214
61441,4.09431
61442,3.22714
61443,4.96608
61444,3.31864
61445,4.53361
61446,4.19567
61447,3.82277
61448,3.82478
61449,4.55807
61450,3.77617
61451,3.77506
61452,3.84445
61453,4.32168
61454,2.27432
61455,4.48802
61456,4.05422
61457,4.03139
61458,2.27166
61459,2.33883
61460,4.07364
61461,4.08724
61462,3.65914
61463,3.54526
61464,3.1013
61465,3.58163
61466,2.85084
61467,3.52756
61468,3.31718
61469,4.29852
61470,2.7222
61471,3.85353
61472,3.4742
61473,2.98162
61474,4.66159
61475,4.34765
61476,3.43558
61477,3.83085
61478,3.45692
61479,3.49061
61480,3.39206
61481,3.55382
61482,3.75047
61483,3.27201
61484,2.8841
61485,3.83628
61486,3.27189
61487,3.72827
61488,3.46604
61489,3.44012
61490,4.63731
61491,3.28215
61492,3.96767
61493,3.79949
61494,2.42523
61495,2.49262
61496,3.70484
61497,3.09045
61498,1.99694
61499,4.4254
61500,4.72598
61501,4.20575
61502,3.72595
61503,3.49415
61504,4.18065
61505,3.55157
61506,3.12676
61507,4.45008
61508,3.15313
61509,2.62351
61510,2.70666
61511,2.8716
61512,3.81585
61513,4.59225
61514,4.37354
61515,2.60699
61516,3.71474
61517,3.80365
61518,2.86064
61519,2.59301
61520,3.04727
61521,3.38479
61522,3.04429
61523,4.47035
61524,4.09665
61525,3.37479
61526,2.70555
61527,4.78221
61528,3.8661
61529,3.86533
61530,1.83546
61531,3.0551
61532,2.45363
61533,3.82712
61534,3.61585
61535,3.51146
61536,2.49119
61537,3.52653
61538,4.12865
61539,4.30169
61540,3.52497
61541,3.84516
61542,4.18432
61543,3.84226
61544,2.23733
61545,2.5199
61546,3.78009
61547,4.06727
61548,3.5528
61549,3.22422
61550,2.43008
61551,2.70798
61552,2.95867
61553,3.58637
61554,3.0902
61555,2.21216
61556,2.93919
61557,2.01397
61558,2.16664
61559,2.66605
61560,3.15434
61561,2.92811
61562,3.13236
61563,3.45697
61564,2.37861
61565,3.62355
61566,2.52619
61567,3.58263
61568,1.80335
61569,2.69537
61570,2.64723
61571,3.29804
61572,3.22165
61573,3.13583
61574,2.3613
61575,3.96683
61576,3.02114
61577,3.99637
61578,3.22481
61579,3.90092
61580,2.95139
61581,3.89725
61582,4.38173
61583,3.96433
61584,4.11049
61585,2.73119
61586,3.90693
61587,3.97831
61588,3.65694
61589,4.11076
61590,4.14556
61591,3.76195
61592,3.42822
61593,3.59332
61594,3.20244
61595,3.09855
61596,3.41715
61597,2.62603
61598,4.42409
61599,4.6106
61600,4.14211
61601,4.49767
61602,3.79825
61603,3.79399
61604,3.68578
61605,4.27621
61606,3.68198
61607,3.55087
61608,2.6623
61609,3.28565
61610,4.11315
61611,5.0
61612,3.71445
61613,3.54785
61614,4.12748
61615,3.26641
61616,3.47022
61617,4.23686
61618,4.70145
61619,2.32306
61620,4.92268
61621,3.51503
61622,3.59302
61623,4.24218
61624,2.44333
61625,3.83866
61626,4.08348
61627,2.86156
61628,3.72747
61629,3.42335
61630,4.04468
61631,4.34386
61632,3.75776
61633,4.57656
61634,3.66715
61635,3.96974
61636,3.45383
61637,3.51396
61638,2.8634
61639,4.31728
61640,4.31156
61641,3.56113
61642,3.66555
61643,3.77683
61644,3.72547
61645,2.5618
61646,1.51758
61647,3.7921
61648,1.76961
61649,3.19082
61650,2.78298
61651,3.17844
61652,3.35923
61653,1.27768
61654,1.61362
61655,1.66804
61656,2.91982
61657,3.75943
61658,3.23176
61659,3.98752
61660,3.3465
61661,3.40897
61662,3.51118
61663,2.64607
61664,2.29204
61665,2.19247
61666,3.51159
61667,1.97516
61668,2.50993
61669,2.76606
61670,4.39856
61671,2.69391
61672,3.40722
61673,3.19234
61674,3.3536
61675,2.95225
61676,3.9225
61677,4.30848
61678,2.96978
61679,2.24989
61680,2.82076
61681,4.1541
61682,2.48947
61683,4.29584
61684,3.7481
61685,3.69816
61686,3.35743
61687,3.32328
61688,4.26245
61689,2.24631
61690,2.13288
61691,3.58338
61692,2.76699
61693,1.73736
61694,4.28275
61695,4.03217
61696,3.88688
61697,4.12825
61698,4.59011
61699,3.61489
61700,3.90064
61701,3.61441
61702,3.3881
61703,2.43982
61704,2.56085
61705,1.41142
61706,4.44254
61707,3.6981
61708,3.23757
61709,4.3093
61710,3.15159
61711,3.32716
61712,4.09395
61713,3.93803
61714,3.65927
61715,3.92838
61716,4.28114
61717,3.5333
61718,4.30332
61719,4.32384
61720,3.5751
61721,2.52106
61722,3.69921
61723,2.22923
61724,4.58677
61725,3.78725
61726,3.14433
61727,2.69706
61728,3.17276
61729,2.81108
61730,3.52425
61731,3.66746
61732,2.95592
61733,3.31009
61734,2.80887
61735,2.88152
61736,4.13743
61737,4.24746
61738,4.46538
61739,3.66292
61740,4.15465
61741,3.82586
61742,3.66444
61743,4.32382
61744,3.87259
61745,3.88878
61746,3.66607
61747,3.20079
61748,3.94808
61749,3.30816
61750,4.22517
61751,4.28518
61752,3.0354
61753,3.91141
61754,3.92076
61755,3.26053
61756,2.20151
61757,4.39042
61758,1.89523
61759,4.63951
61760,4.2894
61761,3.67038
61762,3.54555
61763,4.33278
61764,3.14793
61765,2.08389
61766,2.36253
61767,3.83023
61768,3.32519
61769,4.22066
61770,2.79609
61771,4.17514
61772,3.1682
61773,2.69436
61774,3.43372
61775,3.91097
61776,4.52332
61777,4.61495
61778,5.0
61779,2.8028
61780,3.72276
61781,4.24649
61782,4.18966
61783,5.0
61784,3.43995
61785,2.31776
61786,2.87763
61787,3.83228
61788,2.63206
61789,4.02601
61790,2.65326
61791,3.89874
61792,3.14716
61793,2.83244
61794,4.57781
61795,3.98267
61796,2.98689
61797,3.69729
61798,4.28985
61799,3.65492
61800,3.21574
61801,3.38351
61802,3.09355
61803,2.516
61804,3.28904
61805,2.7862
61806,4.16565
61807,2.27107
61808,3.02453
61809,3.27358
61810,3.18734
61811,3.62839
61812,4.05967
61813,2.9972
61814,3.09152
61815,4.51458
61816,4.82068
61817,3.58686
61818,3.92089
61819,3.50712
61820,3.3616
61821,3.78714
61822,3.22184
61823,4.63204
61824,3.28399
61825,4.24975
61826,3.63409
61827,2.52623
61828,3.14585
61829,4.25368
61830,3.87882
61831,3.45304
61832,3.70464
61833,3.46983
61834,2.29079
61835,3.66463
61836,3.89756
61837,2.79031
61838,3.47512
61839,4.04969
61840,3.60651
61841,3.94762
61842,4.17529
61843,3.24789
61844,3.77314
61845,1.71195
61846,3.4142
61847,4.40896
61848,4.28961
61849,4.26018
61850,4.28596
61851,4.2517
61852,4.20095
61853,3.29742
61854,2.40884
61855,4.52171
61856,1.0
61857,3.71782
61858,2.63869
61859,3.56511
61860,5.0
61861,2.1343
61862,2.90938
61863,2.9568
61864,4.74893
61865,2.82754
61866,3.29579
61867,3.93289
61868,4.77054
61869,4.06016
61870,4.15074
61871,4.03608
61872,3.09397
61873,4.40344
61874,4.84458
61875,2.3424
61876,4.02422
61877,3.13249
61878,3.90233
61879,3.33143
61880,3.85259
61881,4.58886
61882,3.06537
61883,2.40845
61884,4.8951
61885,3.26795
61886,3.56567
61887,2.43437
61888,3.07866
61889,2.39572
61890,2.36951
61891,3.85254
61892,2.90194
61893,3.67664
61894,2.71794
61895,2.43974
61896,3.55771
61897,2.90692
61898,3.48736
61899,2.04422
61900,2.57332
61901,2.97032
61902,4.50516
61903,4.19154
61904,2.72328
61905,3.2177
61906,2.60388
61907,3.6743
61908,3.4038
61909,3.51277
61910,3.8917
61911,2.63586
61912,3.77825
61913,4.09579
61914,3.44341
61915,4.22059
61916,4.49959
61917,3.94631
61918,3.48679
61919,3.90603
61920,1.70905
61921,3.44737
61922,3.51232
61923,2.75972
61924,3.60035
61925,4.1689
61926,4.01207
61927,3.58025
61928,4.59423
61929,3.7769
61930,3.66047
61931,2.82866
61932,3.35877
61933,4.01276
61934,4.57293
61935,4.33358
61936,4.26022
61937,3.01622
61938,4.37247
61939,2.62869
61940,2.70047
61941,3.08397
61942,3.82998
61943,3.33748
61944,3.45743
61945,2.32992
61946,3.86466
61947,2.13651
61948,3.00657
61949,3.90989
61950,4.61004
61951,3.52804
61952,3.77637
61953,4.28034
61954,3.56169
61955,3.23578
61956,4.44334
61957,3.05906
61958,2.81319
61959,4.35802
61960,3.96023
61961,2.90347
61962,3.1429
61963,3.07789
61964,4.27757
61965,3.90005
61966,4.16462
61967,4.29273
61968,4.26489
61969,4.24128
61970,5.0
61971,4.64484
61972,2.47632
61973,5.0
61974,4.51782
61975,5.0
61976,3.35704
61977,4.26757
61978,4.21758
61979,4.36919
61980,3.02171
61981,4.60994
61982,2.49329
61983,3.96229
61984,3.92157
61985,3.40861
61986,3.91728
61987,3.3691
61988,3.56212
61989,3.77967
61990,2.9219
61991,3.2259
61992,4.19652
61993,3.59163
61994,3.6922
61995,3.69761
61996,3.83164
61997,4.32206
61998,4.13177
61999,3.67106
62000,3.90808
62001,5.0
62002,3.41657
62003,3.67269
62004,4.07495
62005,4.37469
62006,3.33717
62007,4.43876
62008,3.64764
62009,3.955
62010,4.087
62011,4.27224
62012,3.27967
62013,3.73769
62014,4.51183
62015,3.9704
62016,3.35748
62017,3.85357
62018,4.73346
62019,4.06735
62020,4.1914
62021,4.16446
62022,4.73963
62023,4.01707
62024,4.34194
62025,4.25917
62026,4.34143
62027,4.22494
62028,4.25129
62029,5.0
62030,3.72469
62031,5.0
62032,4.31588
62033,4.39087
62034,4.91855
62035,4.7248
62036,4.37996
62037,3.19471
62038,3.86496
62039,2.4101
62040,3.25818
62041,3.02642
62042,3.87374
62043,3.94567
62044,3.80219
62045,4.73512
62046,5.0
62047,4.02429
62048,5.0
62049,3.63078
62050,2.73111
62051,4.18352
62052,5.0
62053,4.38143
62054,3.53033
62055,3.70679
62056,3.48616
62057,3.30599
62058,3.81602
62059,4.05555
62060,3.44703
62061,3.62742
62062,3.84606
62063,3.81302
62064,3.95008
62065,3.06969
62066,4.06075
62067,4.70133
62068,4.00954
62069,4.26212
62070,3.43537
62071,4.00713
62072,4.31056
62073,3.7349
62074,3.34105
62075,3.8355
62076,3.2535
62077,4.08278
62078,3.9315
62079,3.62222
62080,4.08423
62081,3.58888
62082,3.19168
62083,3.08294
62084,2.87173
62085,4.37306
62086,4.67984
62087,4.55668
62088,4.07879
62089,1.97688
62090,3.96372
62091,4.93426
62092,5.0
62093,4.10703
62094,4.30672
62095,4.05071
62096,4.21182
62097,4.12068
62098,3.19403
62099,4.51189
62100,4.54295
62101,3.84727
62102,2.94269
62103,3.42981
62104,1.47355
62105,4.24349
62106,1.43361
62107,3.372
62108,3.72811
62109,2.33627
62110,1.55023
62111,2.68078
62112,3.17541
62113,1.77585
62114,3.23572
62115,4.02554
62116,2.90041
62117,1.73466
62118,2.55698
62119,2.27113
62120,3.85601
62121,2.66931
62122,3.25212
62123,2.47338
62124,2.51072
62125,1.86324
62126,3.04873
62127,1.0
62128,2.46142
62129,1.31699
62130,3.71666
62131,1.50908
62132,1.0
62133,2.38995
62134,1.86649
62135,2.74747
62136,2.52543
62137,3.00768
62138,1.62231
62139,1.0
62140,3.33965
62141,3.38848
62142,4.00179
62143,1.89918
62144,4.48316
62145,4.04117
62146,4.02316
62147,3.77401
62148,4.51025
62149,3.68924
62150,4.27017
62151,3.82963
62152,3.99184
62153,4.1612
62154,4.21826
62155,3.63809
62156,4.17248
62157,3.75525
62158,3.31521
62159,3.96446
62160,1.41108
62161,3.23894
62162,4.14061
62163,3.27258
62164,2.76675
62165,3.49929
62166,2.80478
62167,2.27216
62168,3.24378
62169,2.93002
62170,2.31483
62171,2.1712
62172,3.47781
62173,3.53968
62174,2.36199
62175,2.96326
62176,3.08743
62177,3.17118
62178,3.59625
62179,3.79623
62180,2.12895
62181,3.23182
62182,3.10484
62183,3.82829
62184,4.28244
62185,2.16682
62186,4.2154
62187,2.61706
62188,3.02761
62189,3.2737
62190,3.42916
62191,3.45305
62192,3.2067
62193,2.4948
62194,2.6984
62195,2.1252
62196,4.09475
62197,2.92484
62198,2.42987
62199,3.33855
62200,3.21648
62201,2.00902
62202,2.77361
62203,2.62669
62204,2.95064
62205,2.51263
62206,3.89381
62207,3.75476
62208,3.78567
62209,3.27802
62210,3.09813
62211,2.75812
62212,2.94988
62213,3.73776
62214,3.60812
62215,3.40678
62216,3.87527
62217,4.45065
62218,3.45648
62219,3.45377
62220,4.18371
62221,2.78631
62222,1.62848
62223,2.54896
62224,2.98084
62225,3.86697
62226,3.20459
62227,4.01137
62228,1.80873
62229,3.37565
62230,2.90111
62231,2.45384
62232,3.34037
62233,3.45917
62234,3.80067
62235,2.9603
62236,2.87441
62237,4.18867
62238,3.49825
62239,2.93911
62240,3.40342
62241,2.8549
62242,3.58426
62243,3.55276
62244,4.31086
62245,3.84938
62246,2.93806
62247,1.60283
62248,3.44675
62249,3.08304
62250,4.54586
62251,4.64606
62252,3.69968
62253,4.71153
62254,3.8048
62255,4.4372
62256,4.47969
62257,4.04946
62258,3.74696
62259,4.63146
62260,4.23403
62261,3.89618
62262,4.08982
62263,3.69622
62264,4.32503
62265,4.14422
62266,4.79534
62267,4.56144
62268,3.30473
62269,4.28707
62270,4.511
62271,4.694
62272,4.59841
62273,4.47275
62274,4.28483
62275,3.82711
62276,3.23358
62277,5.0
62278,3.56826
62279,2.83212
62280,4.67592
62281,4.14383
62282,4.49446
62283,4.2301
62284,4.90077
62285,3.32217
62286,4.913
62287,3.77029
62288,4.13351
62289,4.92485
62290,4.58906
62291,3.56664
62292,4.03617
62293,3.82746
62294,3.71228
62295,4.61497
62296,4.12405
62297,4.03863
62298,3.59574
62299,4.12125
62300,3.04645
62301,3.16192
62302,4.37767
62303,3.52556
62304,4.23567
62305,3.87087
62306,4.18268
62307,4.20001
62308,4.42312
62309,4.37904
62310,3.24048
62311,4.36724
62312,4.08809
62313,4.32928
62314,4.59114
62315,4.1916
62316,3.4207
62317,4.7727
62318,1.99065
62319,4.31106
62320,2.3797
62321,3.59387
62322,3.16051
62323,2.44337
62324,3.05603
62325,2.04651
62326,2.4923
62327,1.8254
62328,1.51391
62329,2.25841
62330,2.31347
62331,2.57292
62332,2.77376
62333,2.05874
62334,4.06345
62335,2.31872
62336,3.73344
62337,2.64453
62338,3.64338
62339,2.42713
62340,2.98931
62341,1.81932
62342,1.38601
62343,2.76572
62344,2.57334
62345,1.71232
62346,2.06716
62347,3.02731
62348,2.84082
62349,1.93797
62350,1.40736
62351,1.02555
62352,2.7428
62353,2.79584
62354,1.8481
62355,3.49124
62356,3.03919
62357,4.59726
62358,1.9909
62359,1.84537
62360,4.15015
62361,3.84157
62362,3.45359
62363,2.85238
62364,4.75554
62365,2.45878
62366,2.20597
62367,4.50239
62368,3.41113
62369,4.95652
62370,3.85787
62371,3.46031
62372,3.99742
62373,4.00097
62374,2.92788
62375,3.71982
62376,4.07082
62377,2.66894
62378,4.05268
62379,3.16811
62380,3.72889
62381,3.24832
62382,3.02244
62383,2.32398
62384,3.90898
62385,3.66219
62386,3.98679
62387,3.53955
62388,3.61967
62389,3.02151
62390,2.9379
62391,3.02603
62392,3.08282
62393,2.89621
62394,3.52946
62395,2.25689
62396,3.32803
62397,3.12483
62398,2.99588
62399,4.2531
62400,3.48414
62401,4.01863
62402,3.29206
62403,3.32771
62404,3.48898
62405,3.94652
62406,4.36622
62407,3.35946
62408,2.14305
62409,4.97307
62410,2.48777
62411,3.36626
62412,4.00511
62413,3.619
62414,3.25888
62415,4.05669
62416,3.70355
62417,3.75171
62418,3.83893
62419,3.30322
62420,3.55454
62421,4.35179
62422,4.42471
62423,3.85641
62424,3.44488
62425,3.59474
62426,4.20455
62427,4.15542
62428,4.80533
62429,3.13805
62430,3.613
62431,2.82345
62432,4.00034
62433,3.21902
62434,3.34396
62435,3.95968
62436,4.30654
62437,3.18021
62438,3.73978
62439,3.27941
62440,3.5566
62441,2.39829
62442,2.39885
62443,1.94999
62444,1.91995
62445,2.66868
62446,1.62354
62447,2.61325
62448,3.06072
62449,2.71318
62450,2.71998
62451,2.83191
62452,3.04273
62453,1.99145
62454,2.26917
62455,3.05297
62456,2.77012
62457,1.79884
62458,2.40996
62459,3.26085
62460,4.31281
62461,2.72684
62462,2.77212
62463,2.93946
62464,3.21034
62465,2.66688
62466,2.90662
62467,2.43618
62468,2.2904
62469,3.04846
62470,2.29954
62471,2.11038
62472,3.2701
62473,3.61624
62474,3.46926
62475,1.59433
62476,1.98138
62477,2.44499
62478,3.05539
62479,2.97786
62480,3.25866
62481,3.14015
62482,2.30548
62483,2.60528
62484,3.50138
62485,1.75615
62486,2.26864
62487,2.95005
62488,3.82357
62489,3.28429
62490,1.71101
62491,4.00297
62492,3.14591
62493,2.05742
62494,1.55852
62495,3.06097
62496,3.13853
62497,2.10685
62498,3.09973
62499,2.75921
62500,2.3907
62501,2.04327
62502,1.67906
62503,2.59308
62504,4.28894
62505,3.02239
62506,1.96983
62507,3.00064
62508,2.34169
62509,2.17393
62510,2.5167
62511,1.69579
62512,2.02521
62513,3.38086
62514,1.90198
62515,1.93631
62516,2.8426
62517,2.41492
62518,3.20812
62519,1.32381
62520,4.10812
62521,1.59184
62522,1.55571
62523,3.23709
62524,2.43351
62525,2.37569
62526,4.27472
62527,2.91964
62528,2.25923
62529,3.29235
62530,3.47994
62531,4.14892
62532,3.76321
62533,3.99556
62534,3.96619
62535,2.49015
62536,3.57352
62537,4.95012
62538,4.71669
62539,4.4285
62540,4.56187
62541,3.67069
62542,4.11322
62543,3.53332
62544,3.85017
62545,3.12324
62546,4.93469
62547,3.08917
62548,4.22128
62549,3.97068
62550,4.20727
62551,4.53533
62552,4.52257
62553,3.09384
62554,4.17043
62555,4.2121
62556,4.6195
62557,3.98743
62558,4.60307
62559,3.76443
62560,4.51366
62561,4.16167
62562,4.562
62563,4.27182
62564,4.78791
62565,4.29288
62566,4.97222
62567,3.87232
62568,4.87981
62569,5.0
62570,3.70441
62571,4.52133
62572,2.28893
62573,3.9181
62574,4.60615
62575,4.47533
62576,2.18028
62577,4.04012
62578,4.24983
62579,3.15757
62580,3.0873
62581,4.21605
62582,2.85766
62583,4.0122
62584,4.10288
62585,3.64197
62586,2.7836
62587,3.18993
62588,3.90474
62589,3.6838
62590,4.39437
62591,3.6193
62592,3.48309
62593,4.1433
62594,3.99715
62595,3.62014
62596,3.55805
62597,3.61677
62598,3.3352
62599,3.47226
62600,4.024
62601,4.67965
62602,4.84594
62603,4.00199
62604,3.92311
62605,4.93321
62606,4.52254
62607,4.3102
62608,4.89359
62609,3.7389
62610,4.62091
62611,4.11604
62612,2.93001
62613,5.0
62614,4.48044
62615,3.69229
62616,4.68995
62617,3.80631
62618,4.75408
62619,4.80421
62620,3.42083
62621,4.5884
62622,3.30796
62623,5.0
62624,3.49835
62625,3.96017
62626,4.00191
62627,4.42426
62628,3.07104
62629,2.92556
62630,3.49985
62631,4.24173
62632,4.20027
62633,2.58096
62634,2.6913
62635,2.30341
62636,4.45293
62637,3.994
62638,2.72422
62639,2.0785
62640,4.44936
62641,2.51117
62642,3.36006
62643,3.59766
62644,3.99618
62645,3.27138
62646,3.41897
62647,4.50435
62648,3.64428
62649,3.57538
62650,3.78669
62651,3.54524
62652,3.38949
62653,4.32676
62654,3.98439
62655,2.51862
62656,2.72785
62657,4.07481
62658,3.57585
62659,4.28368
62660,2.69914
62661,2.11378
62662,3.59048
62663,3.06486
62664,3.45419
62665,3.68144
62666,4.42934
62667,3.53718
62668,4.23695
62669,2.79421
62670,3.22224
62671,3.01149
62672,4.53461
62673,2.75619
62674,4.50481
62675,2.46895
62676,2.66978
62677,3.18721
62678,3.59674
62679,4.32822
62680,3.8186
62681,4.09093
62682,3.87649
62683,3.90394
62684,4.96291
62685,3.20771
62686,3.55888
62687,4.14249
62688,2.9659
62689,4.01337
62690,3.34738
62691,5.0
62692,4.09779
62693,3.45149
62694,2.97212
62695,4.46584
62696,3.28708
62697,3.68877
62698,2.49405
62699,3.67659
62700,2.97346
62701,3.23039
62702,2.97879
62703,2.79666
62704,2.98792
62705,3.7194
62706,4.79635
62707,4.6933
62708,2.81798
62709,2.03289
62710,2.86574
62711,3.96842
62712,3.56161
62713,5.0
62714,3.37855
62715,4.49565
62716,5.0
62717,3.35575
62718,2.86599
62719,3.90795
62720,4.53096
62721,3.24611
62722,2.51037
62723,2.50071
62724,2.74918
62725,1.82624
62726,1.97886
62727,3.1658
62728,3.45953
62729,2.50463
62730,3.18815
62731,2.71126
62732,2.89935
62733,2.90937
62734,1.96837
62735,3.02941
62736,2.04159
62737,1.0
62738,1.84131
62739,3.62854
62740,2.51624
62741,3.39246
62742,4.59656
62743,3.09953
62744,4.14332
62745,4.61085
62746,4.39093
62747,3.41805
62748,4.094
62749,3.37831
62750,3.77182
62751,3.87567
62752,4.05266
62753,4.50424
62754,3.29019
62755,4.63659
62756,3.06423
62757,4.56566
62758,4.51243
62759,4.40084
62760,3.28227
62761,4.38015
62762,4.09624
62763,3.9064
62764,3.8638
62765,3.78325
62766,2.37188
62767,4.63711
62768,3.17102
62769,3.21198
62770,4.53953
62771,5.0
62772,2.6455
62773,3.51392
62774,4.17091
62775,5.0
62776,4.03638
62777,4.71646
62778,3.16631
62779,3.22954
62780,3.07465
62781,3.76748
62782,3.74471
62783,2.97023
62784,3.29344
62785,3.22355
62786,2.83172
62787,3.90148
62788,3.98991
62789,2.53026
62790,3.64688
62791,3.89645
62792,4.41181
62793,4.21135
62794,4.63926
62795,4.28614
62796,3.0389
62797,3.87619
62798,3.74145
62799,4.05652
62800,4.02144
62801,2.65892
62802,3.94716
62803,3.75527
62804,2.5598
62805,3.18961
62806,4.47018
62807,4.59253
62808,3.97861
62809,4.42566
62810,1.55072
62811,4.99062
62812,3.64262
62813,2.46334
62814,4.22377
62815,4.1708
62816,4.32816
62817,4.31125
62818,4.96486
62819,5.0
62820,3.04015
62821,2.54315
62822,2.76929
62823,3.26687
62824,3.4368
62825,3.82606
62826,3.72227
62827,3.65306
62828,4.11836
62829,3.12608
62830,2.80053
62831,2.47654
62832,3.39433
62833,3.02703
62834,3.54033
62835,3.49676
62836,2.59808
62837,3.31635
62838,2.6889
62839,1.7174
62840,2.96599
62841,2.91122
62842,2.60504
62843,3.02137
62844,2.88477
62845,2.7128
62846,3.749
62847,4.59471
62848,2.44972
62849,3.8035
62850,3.4979
62851,3.07891
62852,2.27081
62853,3.94806
62854,2.16519
62855,3.65675
62856,3.56613
62857,3.47285
62858,2.46346
62859,2.56991
62860,4.26378
62861,3.35638
62862,2.97489
62863,3.0558
62864,4.86544
62865,2.75669
62866,3.10881
62867,1.83373
62868,4.32219
62869,3.12178
62870,4.00556
62871,3.69525
62872,2.78351
62873,4.04748
62874,3.43215
62875,3.16356
62876,2.34842
62877,1.77586
62878,3.21644
62879,4.33149
62880,3.76655
62881,3.66109
62882,1.49292
62883,2.60267
62884,2.78185
62885,2.1174
62886,3.39401
62887,2.31641
62888,2.84449
62889,3.16075
62890,3.76414
62891,3.21578
62892,3.76732
62893,3.45695
62894,3.91174
62895,2.24707
62896,2.36282
62897,2.74328
62898,3.85203
62899,2.41252
62900,2.43523
62901,3.30407
62902,4.31246
62903,2.76659
62904,1.61665
62905,4.33564
62906,2.57672
62907,1.86716
62908,4.01938
62909,2.03648
62910,2.56625
62911,2.59716
62912,4.11459
62913,2.31268
62914,3.14253
62915,1.43672
62916,2.95001
62917,1.76034
62918,3.64437
62919,2.97325
62920,3.60108
62921,2.73752
62922,3.40195
62923,3.22051
62924,1.75639
62925,3.51391
62926,2.38396
62927,3.13803
62928,2.16267
62929,3.20866
62930,3.40852
62931,2.37431
62932,3.40556
62933,2.59375
62934,5.0
62935,2.20155
62936,3.08724
62937,3.22033
62938,2.35315
62939,3.34217
62940,2.19881
62941,3.37789
62942,2.4284
62943,3.86848
62944,2.03853
62945,3.12474
62946,3.36902
62947,3.02109
62948,2.65602
62949,2.52327
62950,1.64815
62951,3.66323
62952,2.68767
62953,2.48824
62954,2.97276
62955,3.70299
62956,2.98292
62957,2.83298
62958,3.79638
62959,2.86709
62960,1.24592
62961,3.0679
62962,2.61526
62963,2.00141
62964,1.27864
62965,2.32218
62966,3.93432
62967,2.0855
62968,3.52179
62969,3.27595
62970,3.63959
62971,4.26116
62972,2.50872
62973,2.89425
62974,1.63394
62975,2.80726
62976,3.1696
62977,1.59157
62978,2.38916
62979,2.57579
62980,2.52094
62981,2.17231
62982,2.07313
62983,3.90258
62984,3.61445
62985,2.5215
62986,2.78509
62987,1.65078
62988,4.35931
62989,3.36585
62990,4.21828
62991,3.56442
62992,2.84068
62993,1.95808
62994,3.21174
62995,3.19957
62996,2.42762
62997,2.399
62998,3.48392
62999,2.2919
63000,2.04613
63001,3.94812
63002,3.10236
63003,3.35689
63004,5.0
63005,3.8722
63006,3.78331
63007,2.58255
63008,2.6939
63009,3.80625
63010,5.0
63011,4.51248
63012,4.1248
63013,4.59924
63014,4.85653
63015,4.22916
63016,4.30804
63017,4.63639
63018,4.46539
63019,4.07178
63020,4.94732
63021,4.44448
63022,3.77746
63023,3.81973
63024,4.04918
63025,3.9647
63026,3.75464
63027,3.56219
63028,3.11611
63029,4.71644
63030,4.20944
63031,3.13844
63032,3.75965
63033,3.89104
63034,4.05023
63035,2.82771
63036,2.91251
63037,4.24939
63038,3.84304
63039,3.97635
63040,3.53209
63041,3.6344
63042,3.75518
63043,4.64592
63044,4.89294
63045,5.0
63046,4.7677
63047,4.63154
63048,4.94005
63049,4.00305
63050,3.58326
63051,3.79817
63052,2.51346
63053,4.48831
63054,4.51622
63055,4.46993
63056,4.9981
63057,4.49221
63058,3.91475
63059,4.12236
63060,4.72574
63061,4.24275
63062,3.89756
63063,4.28936
63064,4.44275
63065,3.64775
63066,4.43657
63067,3.77388
63068,3.73365
63069,3.77931
63070,3.90516
63071,4.15177
63072,3.37836
63073,3.89162
63074,4.82335
63075,4.89318
63076,3.92654
63077,4.24954
63078,3.85808
63079,4.45698
63080,4.86723
63081,4.73416
63082,3.39368
63083,3.78285
63084,3.30631
63085,5.0
63086,4.16576
63087,4.4756
63088,2.9804
63089,3.75608
63090,4.18443
63091,4.22778
63092,3.95848
63093,3.99496
63094,4.11209
63095,4.43685
63096,4.19406
63097,3.23211
63098,3.27192
63099,2.05667
63100,3.37827
63101,3.47254
63102,3.78287
63103,4.07064
63104,4.92542
63105,3.85605
63106,4.27145
63107,4.54339
63108,4.07937
63109,4.47635
63110,3.73706
63111,4.52782
63112,2.50522
63113,3.84717
63114,3.24217
63115,3.32537
63116,4.62133
63117,3.44354
63118,4.23674
63119,4.37676
63120,4.95762
63121,5.0
63122,4.14354
63123,2.9495
63124,3.33134
63125,1.55399
63126,2.65008
63127,3.44209
63128,2.31771
63129,3.29911
63130,1.68404
63131,3.62259
63132,3.30059
63133,1.39801
63134,3.39965
63135,2.48806
63136,1.53002
63137,4.06017
63138,2.93615
63139,3.19888
63140,2.50124
63141,3.45809
63142,2.26501
63143,1.0
63144,1.34334
63145,3.00819
63146,2.41891
63147,3.29464
63148,3.30426
63149,2.04926
63150,1.71323
63151,3.91401
63152,3.00921
63153,3.86552
63154,2.8971
63155,3.12784
63156,3.30232
63157,4.06248
63158,2.33826
63159,1.8606
63160,2.52627
63161,3.90841
63162,2.60423
63163,4.10218
63164,2.45397
63165,2.48888
63166,3.31882
63167,1.93958
63168,2.2031
63169,1.59897
63170,2.91873
63171,3.53182
63172,3.03194
63173,3.50728
63174,2.94899
63175,2.00119
63176,2.18213
63177,3.80292
63178,2.07632
63179,3.21695
63180,3.56555
63181,3.68855
63182,2.6456
63183,2.26468
63184,3.39067
63185,2.97521
63186,4.07386
63187,3.94166
63188,2.29389
63189,3.60251
63190,1.4364
63191,3.41596
63192,3.28233
63193,4.04986
63194,2.39387
63195,3.92278
63196,4.28034
63197,3.36993
63198,3.73887
63199,3.40181
63200,3.63981
63201,3.02306
63202,3.07375
63203,2.89537
63204,2.81674
63205,2.85708
63206,2.27646
63207,3.43617
63208,3.80376
63209,3.53168
63210,3.2554
63211,3.49993
63212,3.41254
63213,3.43845
63214,3.661
63215,4.43211
63216,4.42718
63217,4.7123
63218,3.26535
63219,3.29459
63220,4.23284
63221,3.50491
63222,3.39066
63223,4.4719
63224,4.48529
63225,4.02655
63226,3.31427
63227,3.53225
63228,3.37238
63229,3.66095
63230,4.03807
63231,3.85621
63232,4.38855
63233,3.90745
63234,3.90448
63235,4.15763
63236,4.26562
63237,4.33996
63238,3.56096
63239,4.23556
63240,3.45711
63241,3.77269
63242,4.42823
63243,3.78465
63244,4.42031
63245,3.86429
63246,4.22143
63247,3.17162
63248,4.32424
63249,3.72732
63250,4.5571
63251,3.59652
63252,4.40043
63253,4.00075
63254,3.26967
63255,3.74015
63256,3.30535
63257,3.6301
63258,4.18302
63259,3.75799
63260,4.64872
63261,4.01088
63262,3.30141
63263,4.2218
63264,3.87505
63265,3.48077
63266,3.70309
63267,4.10365
63268,4.32916
63269,4.31945
63270,4.32297
63271,4.6321
63272,4.18002
63273,4.48219
63274,3.42303
63275,3.01568
63276,4.01373
63277,3.77862
63278,2.07826
63279,2.82292
63280,3.42325
63281,1.74088
63282,3.36042
63283,3.90828
63284,2.87601
63285,3.60602
63286,2.02542
63287,3.18407
63288,3.56378
63289,3.6793
63290,1.39748
63291,4.23815
63292,1.95804
63293,3.02798
63294,3.14446
63295,3.25108
63296,2.8871
63297,2.80458
63298,2.55433
63299,3.95216
63300,3.39099
63301,2.33376
63302,2.66979
63303,1.73736
63304,3.24607
63305,2.13028
63306,2.69781
63307,2.83957
63308,1.67457
63309,2.62264
63310,3.54969
63311,4.86125
63312,3.74445
63313,2.45278
63314,2.04343
63315,3.67528
63316,3.5244
63317,3.7389
63318,2.48153
63319,3.12841
63320,2.34695
63321,3.94957
63322,3.83995
63323,2.78025
63324,3.07756
63325,3.18021
63326,3.26767
63327,2.68027
63328,2.74242
63329,2.08184
63330,3.94282
63331,3.18709
63332,3.0873
63333,3.04018
63334,2.45458
63335,2.20381
63336,3.4869
63337,3.03502
63338,2.11903
63339,2.79147
63340,3.28266
63341,3.25434
63342,3.25994
63343,2.46269
63344,3.4871
63345,3.43192
63346,3.58988
63347,2.51771
63348,2.10032
63349,2.61396
63350,2.14335
63351,2.83967
63352,3.34348
63353,2.87716
63354,2.95558
63355,2.7004
63356,2.70591
63357,3.02497
63358,2.86101
63359,3.56012
63360,3.8238
63361,3.07883
63362,3.40452
63363,1.44023
63364,3.45509
63365,2.05369
63366,2.25319
63367,3.87048
63368,3.54216
63369,3.31779
63370,2.7504
63371,4.01453
63372,3.79915
63373,3.82983
63374,4.0248
63375,3.28772
63376,3.25816
63377,2.51293
63378,2.58878
63379,3.54279
63380,4.12765
63381,2.75113
63382,1.83028
63383,4.09563
63384,4.24803
63385,2.02017
63386,2.85638
63387,3.44195
63388,2.65346
63389,1.89722
63390,2.68316
63391,2.72739
63392,1.57788
63393,2.51585
63394,3.76558
63395,3.21667
63396,2.99071
63397,3.47366
63398,3.86632
63399,1.70223
63400,3.38019
63401,3.3411
63402,4.89776
63403,3.5826
63404,2.41598
63405,3.65589
63406,2.54703
63407,2.87379
63408,1.53828
63409,1.00457
63410,3.36797
63411,4.11358
63412,1.77759
63413,3.77822
63414,3.12536
63415,3.35539
63416,2.01072
63417,3.29521
63418,2.22148
63419,3.16657
63420,2.11242
63421,2.35869
63422,1.94672
63423,3.40637
63424,4.09466
63425,4.30034
63426,3.35359
63427,3.29928
63428,3.57583
63429,1.57891
63430,4.76867
63431,4.23276
63432,3.78183
63433,4.08443
63434,4.30692
63435,2.67521
63436,4.12965
63437,4.49822
63438,3.90067
63439,3.55545
63440,3.47882
63441,3.28517
63442,4.23732
63443,2.90555
63444,4.19434
63445,4.31223
63446,3.8421
63447,3.65307
63448,4.26137
63449,2.65438
63450,4.08451
63451,4.61944
63452,4.25248
63453,4.54797
63454,4.06412
63455,2.88088
63456,3.04336
63457,3.71679
63458,2.20676
63459,4.33542
63460,2.84943
63461,3.81775
63462,2.22623
63463,3.13248
63464,3.58243
63465,2.83742
63466,2.47447
63467,2.13905
63468,3.09208
63469,2.74734
63470,3.1789
63471,2.6867
63472,3.19621
63473,3.82495
63474,2.49379
63475,2.31119
63476,3.46886
63477,2.57484
63478,2.62878
63479,1.7429
63480,2.73903
63481,3.4671
63482,1.95322
63483,2.62022
63484,1.73871
63485,2.7132
63486,3.12076
63487,3.48082
63488,2.34431
63489,2.62571
63490,2.55196
63491,3.13732
63492,2.73999
63493,2.36686
63494,1.2912
63495,4.22622
63496,2.5717
63497,2.85046
63498,3.43471
63499,2.04759
63500,3.26885
63501,3.1728
63502,2.29545
63503,2.20892
63504,2.73586
63505,2.38101
63506,2.05135
63507,2.28998
63508,1.65404
63509,3.66881
63510,3.14941
63511,2.10364
63512,2.64596
63513,1.59907
63514,3.55139
63515,1.34926
63516,2.31974
63517,2.26353
63518,3.16913
63519,3.47434
63520,2.44352
63521,2.71202
63522,3.17984
63523,2.98456
63524,2.25444
63525,3.47419
63526,3.13296
63527,2.43654
63528,2.52258
63529,2.75808
63530,3.53319
63531,2.07976
63532,3.78385
63533,3.86951
63534,2.15666
63535,3.93112
63536,4.01086
63537,4.24796
63538,4.59301
63539,3.74697
63540,3.66881
63541,4.11827
63542,4.77034
63543,3.97717
63544,4.3838
63545,4.02326
63546,4.53013
63547,3.92673
63548,2.40933
63549,3.77329
63550,3.68904
63551,3.86222
63552,4.19789
63553,1.6548
63554,4.66787
63555,3.48881
63556,2.74604
63557,3.08726
63558,3.38491
63559,1.40465
63560,4.5917
63561,4.90433
63562,4.81525
63563,4.52441
63564,4.94501
63565,1.91366
63566,4.58059
63567,4.24448
63568,2.05786
63569,4.32766
63570,4.16102
63571,5.0
63572,4.26412
63573,4.42063
63574,3.74636
63575,3.00632
63576,4.13544
63577,4.62667
63578,3.70872
63579,3.73693
63580,2.4894
63581,3.03781
63582,3.04272
63583,4.09879
63584,3.67202
63585,3.211
63586,3.70609
63587,3.09482
63588,4.29867
63589,3.91995
63590,4.10138
63591,3.62887
63592,3.91404
63593,4.48351
63594,3.69177
63595,3.5386
63596,1.69591
63597,3.24235
63598,4.08942
63599,4.02229
63600,3.29707
63601,3.31615
63602,3.52741
63603,3.73494
63604,4.25934
63605,4.26099
63606,4.51089
63607,3.6656
63608,3.17054
63609,4.28412
63610,4.5265
63611,4.32534
63612,4.65336
63613,3.95854
63614,3.53967
63615,4.32106
63616,4.55404
63617,4.69321
63618,3.75522
63619,3.98167
63620,3.65429
63621,4.42213
63622,4.46321
63623,4.69896
63624,4.32283
63625,3.65445
63626,4.23614
63627,4.14793
63628,3.77642
63629,4.12527
63630,3.79971
63631,3.9643
63632,3.31689
63633,4.40017
63634,4.34831
63635,4.85293
63636,4.6726
63637,4.18508
63638,5.0
63639,4.79319
63640,4.15833
63641,4.34791
63642,3.7947
63643,3.79113
63644,4.37046
63645,4.59638
63646,4.51735
63647,4.3625
63648,4.50709
63649,4.08988
63650,3.86179
63651,4.88424
63652,3.61573
63653,5.0
63654,3.35974
63655,2.64112
63656,3.84042
63657,3.85211
63658,4.12972
63659,3.8926
63660,5.0
63661,4.35435
63662,4.75516
63663,4.43358
63664,4.33412
63665,4.6051
63666,3.85807
63667,4.66421
63668,4.83196
63669,4.45032
63670,3.32335
63671,3.33652
63672,4.77091
63673,2.94103
63674,4.6961
63675,3.91202
63676,3.13329
63677,3.45991
63678,4.21864
63679,4.29468
63680,4.08509
63681,3.51452
63682,3.73965
63683,3.86544
63684,2.90698
63685,3.26524
63686,3.8712
63687,3.71495
63688,2.99934
63689,2.55593
63690,3.0499
63691,3.91571
63692,4.44177
63693,2.54013
63694,2.06516
63695,3.68639
63696,3.49257
63697,4.13439
63698,3.65033
63699,2.63044
63700,3.58347
63701,4.03446
63702,3.15617
63703,1.92584
63704,2.30053
63705,2.71719
63706,4.45013
63707,3.7103
63708,2.01438
63709,3.6779
63710,3.52142
63711,4.08907
63712,1.86615
63713,3.29921
63714,4.53244
63715,2.7314
63716,4.0231
63717,4.00878
63718,3.93622
63719,2.48462
63720,2.98324
63721,4.24828
63722,3.48414
63723,3.84148
63724,3.98246
63725,3.72329
63726,3.09794
63727,4.5924
63728,2.12051
63729,3.5873
63730,4.48986
63731,3.97773
63732,4.14596
63733,3.34529
63734,4.55312
63735,4.17563
63736,3.79357
63737,3.77785
63738,3.70999
63739,3.74512
63740,3.99049
63741,2.7212
63742,3.73135
63743,3.80983
63744,4.18497
63745,4.66524
63746,3.26646
63747,3.70502
63748,4.07524
63749,3.14132
63750,4.71162
63751,4.65146
63752,4.20855
63753,3.26188
63754,4.49894
63755,3.32554
63756,5.0
63757,3.61784
63758,3.85711
63759,2.90531
63760,2.95867
63761,4.01875
63762,3.38404
63763,4.30653
63764,3.31966
63765,4.10892
63766,1.82125
63767,3.40142
63768,3.08219
63769,1.97609
63770,3.35531
63771,3.67286
63772,4.10639
63773,2.87342
63774,3.59019
63775,2.68294
63776,3.14763
63777,3.81111
63778,3.9141
63779,3.14211
63780,2.71829
63781,3.96106
63782,3.32485
63783,2.65048
63784,3.1711
63785,4.03236
63786,2.89686
63787,3.23274
63788,3.46112
63789,2.91181
63790,2.81762
63791,2.98719
63792,3.60344
63793,3.35319
63794,3.23364
63795,4.39295
63796,4.01522
63797,3.61073
63798,2.97079
63799,2.60316
63800,3.89373
63801,3.34445
63802,3.48952
63803,3.62921
63804,3.1012
63805,1.70362
63806,3.47061
63807,5.0
63808,3.07942
63809,2.75772
63810,2.78218
63811,3.43982
63812,2.73739
63813,3.38556
63814,4.22932
63815,1.65396
63816,3.8149
63817,3.16831
63818,3.22651
63819,2.29142
63820,1.86568
63821,3.14337
63822,2.59975
63823,3.23108
63824,2.6232
63825,3.09046
63826,1.82675
63827,1.93087
63828,3.68742
63829,2.88254
63830,3.17776
63831,3.01329
63832,3.2552
63833,2.61148
63834,2.3765
63835,4.3233
63836,3.67315
63837,4.26051
63838,2.71164
63839,3.17025
63840,3.78266
63841,1.35716
63842,2.52068
63843,3.89307
63844,2.87279
63845,3.38275
63846,3.92663
63847,4.1815
63848,2.6536
63849,3.76608
63850,4.25892
63851,2.25709
63852,4.63799
63853,3.15477
63854,3.12201
63855,3.47308
63856,3.20125
63857,2.78799
63858,3.72165
63859,3.20203
63860,3.10796
63861,2.0704
63862,2.85828
63863,3.84927
63864,3.84648
63865,3.50911
63866,2.14182
63867,4.26837
63868,3.25869
63869,4.72717
63870,3.4934
63871,3.37881
63872,4.75001
63873,3.71966
63874,3.03777
63875,3.89617
63876,2.51371
63877,3.13046
63878,3.29998
63879,4.14949
63880,4.72108
63881,4.52334
63882,3.98929
63883,3.36657
63884,1.86863
63885,4.07746
63886,4.6999
63887,3.71346
63888,4.28874
63889,2.79759
63890,3.02703
63891,3.14236
63892,3.27967
63893,4.58215
63894,4.32901
63895,3.86097
63896,3.23779
63897,4.52077
63898,3.65538
63899,3.53119
63900,4.25581
63901,3.91846
63902,2.94681
63903,3.36745
63904,3.45825
63905,3.25456
63906,3.77007
63907,1.45349
63908,3.69347
63909,3.20213
63910,3.74839
63911,3.67229
63912,4.36945
63913,3.74299
63914,4.29189
63915,3.4082
63916,3.73806
63917,4.52708
63918,3.61585
63919,3.43304
63920,4.54501
63921,2.9986
63922,4.12076
63923,4.12436
63924,4.15908
63925,3.89177
63926,4.28706
63927,4.13635
63928,4.52111
63929,4.61822
63930,1.82116
63931,4.05132
63932,3.70049
63933,3.21704
63934,3.03257
63935,3.75068
63936,4.50916
63937,1.72201
63938,3.39407
63939,4.27382
63940,4.41099
63941,4.11533
63942,3.81754
63943,4.22545
63944,4.67661
63945,3.86442
63946,3.4893
63947,2.61457
63948,2.78908
63949,2.09787
63950,1.91384
63951,2.99299
63952,1.6765
63953,5.0
63954,4.81352
63955,4.66057
63956,5.0
63957,3.77109
63958,4.66174
63959,3.90136
63960,4.55792
63961,3.05106
63962,3.90007
63963,3.72838
63964,5.0
63965,4.17483
63966,3.60839
63967,3.22118
63968,2.12923
63969,4.32521
63970,4.53715
63971,4.59133
63972,4.52245
63973,4.95965
63974,4.94726
63975,3.43945
63976,4.51484
63977,3.67757
63978,4.54507
63979,3.85882
63980,5.0
63981,3.51519
63982,3.11874
63983,3.45407
63984,3.45978
63985,2.63741
63986,3.16542
63987,2.79408
63988,2.70867
63989,1.82308
63990,2.66997
63991,2.60148
63992,2.0551
63993,3.09382
63994,3.16243
63995,2.24732
63996,2.24165
63997,2.22708
63998,3.23072
63999,2.54716
64000,4.05139
64001,2.78019
64002,3.19131
64003,2.36748
64004,2.36313
64005,2.85192
64006,1.61347
64007,3.24122
64008,2.71167
64009,2.62006
64010,3.18852
64011,2.86284
64012,4.03856
64013,3.13849
64014,3.01922
64015,3.13986
64016,3.50638
64017,4.09353
64018,2.90653
64019,2.45848
64020,3.28887
64021,2.70256
64022,3.71184
64023,3.5942
64024,5.0
64025,4.35994
64026,4.67184
64027,5.0
64028,3.2986
64029,4.81618
64030,5.0
64031,3.0674
64032,2.78409
64033,2.9907
64034,1.50042
64035,2.61666
64036,3.16591
64037,4.01482
64038,4.73394
64039,4.23655
64040,3.36471
64041,3.72527
64042,4.13385
64043,3.8974
64044,3.73071
64045,3.45384
64046,3.99895
64047,4.24552
64048,4.28539
64049,3.31879
64050,3.99267
64051,3.53286
64052,3.69057
64053,3.99307
64054,3.12616
64055,3.72286
64056,3.91142
64057,4.58029
64058,3.54995
64059,3.61207
64060,3.17253
64061,3.65404
64062,3.28699
64063,3.16593
64064,3.54914
64065,4.26424
64066,4.28711
64067,3.79526
64068,3.72797
64069,4.71792
64070,3.76852
64071,3.73401
64072,3.93862
64073,3.38148
64074,4.1117
64075,4.27319
64076,4.29722
64077,2.96011
64078,1.90773
64079,2.40159
64080,1.09126
64081,3.77915
64082,2.97054
64083,3.89321
64084,1.55673
64085,3.67066
64086,4.67801
64087,4.50155
64088,3.40951
64089,4.65874
64090,3.17381
64091,3.65978
64092,3.77027
64093,4.30434
64094,4.98153
64095,3.69846
64096,4.48006
64097,3.12727
64098,3.5275
64099,3.51257
64100,4.47272
64101,3.63834
64102,2.99889
64103,4.98321
64104,4.13815
64105,3.33718
64106,4.20606
64107,4.07743
64108,4.3019
64109,4.31414
64110,3.69734
64111,3.33776
64112,4.42475
64113,4.40771
64114,4.33234
64115,2.81449
64116,4.77361
64117,4.28942
64118,4.87711
64119,4.4049
64120,4.81199
64121,4.16098
64122,4.65647
64123,4.55157
64124,3.83368
64125,4.66832
64126,3.85974
64127,4.60016
64128,3.6853
64129,3.17193
64130,3.76372
64131,4.08549
64132,4.025
64133,3.39639
64134,3.30022
64135,3.62632
64136,4.14942
64137,3.83866
64138,4.64428
64139,3.99332
64140,2.33888
64141,3.35151
64142,4.68092
64143,3.7302
64144,3.62452
64145,4.58739
64146,3.60953
64147,3.35268
64148,3.09745
64149,3.43043
64150,2.70435
64151,4.15862
64152,4.60618
64153,5.0
64154,3.75337
64155,4.31773
64156,2.91292
64157,3.90619
64158,4.64379
64159,3.05902
64160,4.26213
64161,4.42622
64162,4.90632
64163,3.73156
64164,4.60653
64165,4.13342
64166,4.59481
64167,4.25165
64168,2.43646
64169,3.37864
64170,3.09991
64171,3.34154
64172,3.46027
64173,3.74403
64174,5.0
64175,3.3112
64176,2.73449
64177,3.32051
64178,3.51388
64179,3.67026
64180,3.42819
64181,2.5926
64182,3.69826
64183,3.48192
64184,3.83838
64185,3.23453
64186,3.76218
64187,4.12585
64188,3.74965
64189,3.9639
64190,2.09602
64191,2.74448
64192,4.24283
64193,3.19696
64194,3.41873
64195,3.57547
64196,3.59301
64197,3.42581
64198,4.17298
64199,4.08116
64200,3.51795
64201,3.54358
64202,3.25571
64203,3.74627
64204,2.44428
64205,2.94301
64206,2.69507
64207,3.58339
64208,3.97418
64209,3.48777
64210,3.71771
64211,4.14915
64212,3.99229
64213,4.03049
64214,4.21424
64215,3.9533
64216,3.95207
64217,2.77303
64218,4.5839
64219,2.82029
64220,5.0
64221,3.73272
64222,3.50685
64223,3.75877
64224,3.09024
64225,4.71476
64226,4.43915
64227,4.31996
64228,5.0
64229,4.24859
64230,4.60041
64231,4.27552
64232,4.85265
64233,4.63924
64234,4.24652
64235,4.99026
64236,4.84734
64237,4.49221
64238,4.2036
64239,4.29054
64240,4.75096
64241,3.89902
64242,4.4612
64243,4.22873
64244,4.90096
64245,3.02118
64246,1.97054
64247,3.23682
64248,3.17148
64249,1.85538
64250,2.89813
64251,3.36849
64252,3.68702
64253,3.56582
64254,3.77719
64255,4.38677
64256,4.10875
64257,4.23586
64258,4.6468
64259,3.53821
64260,4.32618
64261,4.23235
64262,3.39231
64263,3.88667
64264,2.68165
64265,3.87617
64266,3.41635
64267,3.34353
64268,2.80784
64269,2.81583
64270,3.7826
64271,3.8921
64272,3.29147
64273,3.48842
64274,3.23656
64275,3.37428
64276,4.04166
64277,3.84522
64278,2.98082
64279,3.32867
64280,2.48572
64281,3.62369
64282,3.92351
64283,1.90297
64284,2.60655
64285,2.74657
64286,3.16663
64287,3.06771
64288,3.11559
64289,2.74876
64290,3.84364
64291,3.02887
64292,3.45775
64293,2.68892
64294,1.47744
64295,3.05991
64296,2.98031
64297,4.03347
64298,5.0
64299,3.52035
64300,4.19522
64301,4.03538
64302,3.03311
64303,3.14455
64304,3.80546
64305,4.64288
64306,1.71581
64307,3.08174
64308,2.60823
64309,3.16017
64310,4.96448
64311,3.82038
64312,4.52129
64313,4.80723
64314,4.54413
64315,2.80476
64316,2.99014
64317,4.31201
64318,3.18932
64319,2.05887
64320,4.36251
64321,4.68919
64322,4.73835
64323,4.1928
64324,2.92422
64325,3.28311
64326,4.19464
64327,3.48127
64328,4.47141
64329,3.86177
64330,3.01278
64331,4.03648
64332,4.44235
64333,4.06425
64334,4.88416
64335,2.69037
64336,4.32285
64337,4.98499
64338,3.15364
64339,3.69891
64340,4.00795
64341,3.71716
64342,4.46944
64343,4.9658
64344,4.91061
64345,5.0
64346,3.04215
64347,3.90551
64348,3.85463
64349,4.55927
64350,4.01237
64351,4.5201
64352,4.54788
64353,4.24492
64354,3.04621
64355,2.77712
64356,3.75214
64357,4.02001
64358,4.56736
64359,2.98069
64360,3.80874
64361,4.3111
64362,3.93877
64363,3.76395
64364,4.16669
64365,4.3015
64366,3.43744
64367,4.02609
64368,4.2317
64369,4.87348
64370,4.74238
64371,5.0
64372,4.29253
64373,3.54199
64374,4.19977
64375,3.56749
64376,3.90082
64377,3.83358
64378,4.30614
64379,4.31248
64380,4.58383
64381,3.36375
64382,4.6347
64383,3.77811
64384,2.77451
64385,3.56564
64386,3.93015
64387,3.73207
64388,3.05785
64389,4.3976
64390,4.53441
64391,4.55479
64392,4.53055
64393,3.31028
64394,2.84191
64395,3.51827
64396,2.83857
64397,3.11535
64398,2.73239
64399,3.48372
64400,2.57199
64401,2.94073
64402,3.8817
64403,4.04378
64404,4.67069
64405,2.2928
64406,3.82952
64407,2.46768
64408,4.62897
64409,5.0
64410,2.79542
64411,4.0889
64412,3.54807
64413,3.59992
64414,2.90579
64415,3.49433
64416,4.19911
64417,4.47701
64418,4.48837
64419,3.37228
64420,3.71775
64421,4.11148
64422,4.06674
64423,2.76608
64424,3.46433
64425,3.63708
64426,4.0381
64427,3.44402
64428,4.72532
64429,3.41648
64430,3.73106
64431,2.76688
64432,2.31664
64433,4.67637
64434,2.54404
64435,3.55923
64436,3.20434
64437,3.37213
64438,3.83249
64439,2.43877
64440,2.20927
64441,2.77047
64442,3.78945
64443,2.86853
64444,2.69828
64445,1.73887
64446,3.47425
64447,3.23289
64448,1.19357
64449,2.93256
64450,3.42663
64451,2.96459
64452,2.81823
64453,2.47849
64454,2.93404
64455,3.96265
64456,3.62718
64457,2.57617
64458,2.64184
64459,2.41248
64460,1.79206
64461,2.05135
64462,3.10936
64463,1.6879
64464,1.86937
64465,3.85953
64466,2.67624
64467,2.43987
64468,2.5966
64469,2.6076
64470,3.76689
64471,3.59489
64472,3.24161
64473,3.815
64474,2.19456
64475,1.01244
64476,2.58381
64477,3.44048
64478,2.79518
64479,3.53826
64480,3.22919
64481,3.21717
64482,3.44388
64483,2.31378
64484,1.80387
64485,3.02386
64486,2.64614
64487,2.49376
64488,2.74027
64489,2.69306
64490,3.26332
64491,2.26905
64492,1.94356
64493,3.79191
64494,3.01497
64495,1.88551
64496,1.7793
64497,2.67187
64498,2.05496
64499,4.1624
64500,4.1651
64501,3.45283
64502,4.51042
64503,3.56722
64504,4.30235
64505,2.63825
64506,4.20085
64507,3.94005
64508,2.90987
64509,4.13792
64510,4.64214
64511,4.37285
64512,3.78921
64513,3.75202
64514,3.66549
64515,4.05591
64516,4.64026
64517,3.77558
64518,4.47798
64519,3.3293
64520,3.77147
64521,3.41164
64522,4.23852
64523,4.11058
64524,3.15528
64525,4.22934
64526,2.85379
64527,4.09397
64528,4.45178
64529,3.39305
64530,2.58955
64531,4.3342
64532,3.95378
64533,4.07778
64534,4.8127
64535,3.0042
64536,2.39843
64537,3.57526
64538,4.53744
64539,3.67055
64540,4.2533
64541,2.03473
64542,2.74241
64543,2.86992
64544,3.98969
64545,4.45269
64546,4.78404
64547,4.10939
64548,4.48937
64549,3.83609
64550,2.51228
64551,3.29403
64552,5.0
64553,3.85672
64554,4.2016
64555,2.5372
64556,2.60609
64557,4.68086
64558,3.75139
64559,3.40456
64560,3.18438
64561,3.54024
64562,3.43768
64563,3.69018
64564,3.46028
64565,3.90289
64566,3.84583
64567,4.54028
64568,3.60431
64569,3.21052
64570,3.53031
64571,4.18098
64572,3.1197
64573,4.10447
64574,3.7318
64575,2.99501
64576,3.37438
64577,2.73551
64578,3.44524
64579,4.06235
64580,3.0056
64581,2.91141
64582,2.17485
64583,3.44678
64584,2.69903
64585,2.36178
64586,2.74732
64587,4.01227
64588,4.49324
64589,2.49662
64590,4.38769
64591,2.35335
64592,2.44597
64593,3.95208
64594,3.22776
64595,4.26158
64596,3.05803
64597,4.53647
64598,3.38734
64599,2.34327
64600,4.00485
64601,4.40648
64602,4.09441
64603,4.52749
64604,3.37379
64605,2.96016
64606,3.33957
64607,4.15587
64608,3.26353
64609,3.7507
64610,2.42155
64611,3.07143
64612,3.5421
64613,4.06474
64614,4.69337
64615,4.44169
64616,4.45264
64617,4.13546
64618,4.29394
64619,4.79959
64620,4.25356
64621,5.0
64622,4.17367
64623,4.59465
64624,3.78631
64625,4.45585
64626,4.91617
64627,4.4705
64628,3.7345
64629,4.4942
64630,4.27283
64631,4.72542
64632,3.82291
64633,4.37285
64634,4.61075
64635,5.0
64636,3.55328
64637,4.65364
64638,3.78101
64639,3.67747
64640,3.41643
64641,4.76647
64642,3.7823
64643,4.09074
64644,4.35161
64645,4.51594
64646,3.1394
64647,4.41926
64648,4.01444
64649,4.58246
64650,4.84386
64651,1.30818
64652,4.07986
64653,2.25708
64654,4.05878
64655,3.27222
64656,1.13508
64657,2.64519
64658,2.92888
64659,4.32715
64660,2.56006
64661,3.09225
64662,2.20948
64663,2.8148
64664,4.34056
64665,4.36619
64666,1.51556
64667,3.58124
64668,2.87697
64669,3.85589
64670,3.54019
64671,3.61267
64672,4.55999
64673,3.0657
64674,3.94936
64675,2.70026
64676,3.74792
64677,3.85252
64678,3.67611
64679,2.42782
64680,2.87425
64681,3.64821
64682,2.68162
64683,2.89908
64684,3.6968
64685,2.17475
64686,1.13894
64687,2.88002
64688,3.10988
64689,3.61395
64690,2.97985
64691,3.52325
64692,1.94099
64693,1.72015
64694,1.38753
64695,2.1959
64696,1.85924
64697,3.90823
64698,4.04552
64699,2.80481
64700,3.8485
64701,3.06922
64702,4.18731
64703,4.2622
64704,3.23559
64705,2.81491
64706,4.49955
64707,3.56839
64708,3.70073
64709,3.08703
64710,4.32151
64711,4.07254
64712,3.82111
64713,2.94925
64714,3.83525
64715,3.54004
64716,3.159
64717,2.45324
64718,2.93642
64719,3.22072
64720,4.53514
64721,1.9615
64722,1.82905
64723,3.02528
64724,1.65907
64725,2.4439
64726,2.68334
64727,3.87806
64728,1.96854
64729,3.49061
64730,2.89277
64731,2.92193
64732,3.0771
64733,3.2514
64734,4.12377
64735,2.85527
64736,4.27673
64737,4.05616
64738,3.22705
64739,4.34949
64740,3.0929
64741,3.55503
64742,3.35238
64743,3.75712
64744,3.4893
64745,3.18259
64746,3.44272
64747,4.56174
64748,4.11482
64749,3.64069
64750,3.77913
64751,3.70244
64752,2.72785
64753,4.81974
64754,4.47437
64755,3.55693
64756,3.99018
64757,4.6215
64758,3.53037
64759,4.59156
64760,3.58123
64761,4.59025
64762,1.4066
64763,2.41345
64764,2.31466
64765,4.62935
64766,3.19532
64767,3.35257
64768,4.317
64769,4.16432
64770,3.26698
64771,3.59637
64772,4.53518
64773,4.01805
64774,2.20851
64775,3.42866
64776,3.16972
64777,4.33962
64778,4.32111
64779,4.31629
64780,3.36009
64781,3.77946
64782,3.19923
64783,4.15885
64784,3.44713
64785,2.37776
64786,4.36322
64787,3.46095
64788,3.64623
64789,1.5093
64790,3.60506
64791,2.6681
64792,2.91621
64793,2.90252
64794,3.16043
64795,4.05329
64796,3.22924
64797,3.30196
64798,2.5268
64799,3.64854
64800,2.64206
64801,4.89255
64802,5.0
64803,4.99937
64804,4.34342
64805,5.0
64806,5.0
64807,3.94105
64808,4.79292
64809,4.78031
64810,4.92331
64811,3.45924
64812,4.94652
64813,5.0
64814,4.16698
64815,5.0
64816,3.71603
64817,2.93787
64818,3.37467
64819,3.99831
64820,2.89874
64821,3.54303
64822,3.45959
64823,3.1567
64824,3.67176
64825,3.81944
64826,3.67417
64827,3.49703
64828,3.71722
64829,2.99047
64830,2.46485
64831,3.49902
64832,3.19265
64833,3.28844
64834,4.44461
64835,3.87014
64836,2.91027
64837,4.1458
64838,3.64757
64839,4.76138
64840,3.14408
64841,3.38573
64842,3.9907
64843,5.0
64844,4.65563
64845,3.83568
64846,3.59801
64847,4.81738
64848,2.29581
64849,3.25498
64850,2.15174
64851,4.34492
64852,3.7219
64853,3.44541
64854,2.39597
64855,3.69065
64856,3.57971
64857,4.27001
64858,4.2163
64859,3.99852
64860,5.0
64861,2.82795
64862,4.35798
64863,2.85685
64864,4.16429
64865,2.84033
64866,3.90943
64867,3.84363
64868,2.16343
64869,2.93973
64870,1.91222
64871,2.38614
64872,3.91626
64873,4.66608
64874,3.53265
64875,4.45747
64876,3.49374
64877,4.32457
64878,4.10143
64879,4.41461
64880,4.46214
64881,1.4898
64882,2.47128
64883,3.24322
64884,4.03521
64885,5.0
64886,3.47912
64887,3.62444
64888,4.30006
64889,4.07257
64890,3.63695
64891,3.83872
64892,4.92033
64893,2.44868
64894,2.44435
64895,3.29933
64896,3.24129
64897,3.03298
64898,4.75526
64899,3.63773
64900,2.43632
64901,3.56696
64902,2.16897
64903,3.06981
64904,3.44631
64905,3.16614
64906,3.0756
64907,4.66734
64908,4.12316
64909,2.67011
64910,4.1384
64911,3.78839
64912,4.16696
64913,2.8675
64914,2.48933
64915,3.1958
64916,4.22512
64917,4.77881
64918,4.62493
64919,5.0
64920,4.60382
64921,4.39586
64922,5.0
64923,3.62787
64924,4.27581
64925,4.74115
64926,4.35777
64927,4.56184
64928,3.31276
64929,3.55023
64930,3.41797
64931,4.40365
64932,3.52866
64933,3.05114
64934,4.21738
64935,1.94736
64936,3.28544
64937,2.99465
64938,5.0
64939,3.99408
64940,4.53527
64941,3.84264
64942,3.89771
64943,4.30926
64944,4.28907
64945,3.12531
64946,2.17988
64947,4.20569
64948,2.90738
64949,3.19864
64950,2.60188
64951,2.82931
64952,3.0639
64953,2.91331
64954,4.80705
64955,4.12363
64956,4.35336
64957,3.26488
64958,5.0
64959,4.39665
64960,3.68551
64961,4.10298
64962,3.48106
64963,2.62882
64964,4.29351
64965,4.32014
64966,3.99757
64967,4.50026
64968,3.89758
64969,2.86032
64970,4.09914
64971,3.65591
64972,4.40273
64973,3.82072
64974,2.62118
64975,4.03524
64976,3.60684
64977,5.0
64978,4.34921
64979,3.33423
64980,3.39594
64981,3.99268
64982,4.44567
64983,3.6325
64984,3.44874
64985,2.61845
64986,3.84129
64987,4.29981
64988,3.7935
64989,3.51265
64990,3.15616
64991,4.43483
64992,3.74907
64993,4.4711
64994,4.45538
64995,4.15629
64996,3.60655
64997,4.1991
64998,4.52627
64999,3.68331
65000,4.06007
65001,3.88013
65002,3.32651
65003,2.88185
65004,2.74604
65005,3.54209
65006,4.92408
65007,4.90838
65008,4.86031
65009,2.84513
65010,4.52124
65011,3.72978
65012,3.16976
65013,4.03762
65014,3.9593
65015,1.4776
65016,3.62561
65017,3.89789
65018,3.94113
65019,3.19257
65020,3.71826
65021,3.68893
65022,4.68671
65023,4.45656
65024,3.81285
65025,2.5566
65026,4.11304
65027,3.77759
65028,3.42787
65029,3.57938
65030,3.79257
65031,4.5877
65032,3.27578
65033,3.15604
65034,3.42939
65035,3.80249
65036,2.35192
65037,4.33034
65038,4.35767
65039,3.28599
65040,3.47001
65041,3.62056
65042,3.4905
65043,2.62019
65044,1.8849
65045,3.78794
65046,3.89422
65047,2.3601
65048,2.94109
65049,2.25592
65050,3.90493
65051,2.32351
65052,1.0
65053,2.47054
65054,3.10092
65055,3.46828
65056,2.49338
65057,1.5723
65058,4.2784
65059,2.21716
65060,4.37223
65061,3.47607
65062,4.14512
65063,3.74205
65064,3.75435
65065,3.37285
65066,3.15818
65067,3.82718
65068,4.66364
65069,4.24069
65070,4.21961
65071,4.44802
65072,4.09404
65073,4.31544
65074,3.4379
65075,3.33637
65076,4.689
65077,4.57712
65078,4.69742
65079,3.74804
65080,3.22992
65081,3.26986
65082,4.96428
65083,4.40058
65084,4.80378
65085,4.62753
65086,4.40635
65087,4.98869
65088,3.59343
65089,4.06449
65090,4.77076
65091,2.99367
65092,5.0
65093,3.52659
65094,5.0
65095,4.32038
65096,3.42216
65097,4.0591
65098,3.91392
65099,3.00753
65100,3.64245
65101,4.51913
65102,2.82113
65103,3.24415
65104,3.09075
65105,4.62267
65106,4.49201
65107,3.88216
65108,4.11144
65109,4.1208
65110,4.18269
65111,1.72502
65112,2.61294
65113,3.17928
65114,3.19947
65115,4.06161
65116,2.46982
65117,4.02656
65118,1.40933
65119,1.4923
65120,3.79665
65121,1.85052
65122,2.2632
65123,3.41961
65124,3.29842
65125,3.60619
65126,1.72182
65127,2.62483
65128,1.81065
65129,3.25049
65130,2.75725
65131,1.62793
65132,1.46326
65133,2.96369
65134,3.06157
65135,3.21414
65136,2.92748
65137,2.86326
65138,1.55188
65139,2.45703
65140,2.57724
65141,2.90019
65142,2.19634
65143,4.3556
65144,3.35531
65145,3.68887
65146,4.05
65147,3.2912
65148,3.20326
65149,3.23386
65150,1.48147
65151,3.80932
65152,2.63312
65153,2.4526
65154,1.91288
65155,2.13824
65156,5.0
65157,3.1346
65158,3.01056
65159,3.19309
65160,2.04007
65161,2.96144
65162,2.56762
65163,1.75861
65164,5.0
65165,2.43083
65166,2.82792
65167,2.012
65168,3.55255
65169,3.09504
65170,3.40146
65171,3.04834
65172,3.64672
65173,2.05123
65174,4.27312
65175,4.51774
65176,4.36855
65177,4.64683
65178,4.28398
65179,4.71578
65180,4.31945
65181,4.02163
65182,4.45231
65183,4.52698
65184,3.57373
65185,5.0
65186,4.27471
65187,4.35948
65188,4.256
65189,4.17688
65190,4.44213
65191,4.00952
65192,4.24256
65193,4.0023
65194,2.5369
65195,3.61128
65196,4.54136
65197,3.72136
65198,3.72071
65199,3.20353
65200,3.36865
65201,3.48504
65202,2.85557
65203,2.33128
65204,2.87451
65205,4.47849
65206,3.84569
65207,3.80961
65208,2.64463
65209,3.73025
65210,3.00935
65211,3.80496
65212,3.97142
65213,3.66848
65214,2.93356
65215,2.86101
65216,3.1414
65217,4.45237
65218,3.86946
65219,3.78053
65220,3.27372
65221,4.8058
65222,4.21146
65223,2.56674
65224,3.40757
65225,2.69539
65226,2.14769
65227,2.4423
65228,1.90017
65229,2.16288
65230,2.75457
65231,3.80775
65232,3.1798
65233,1.86047
65234,3.57534
65235,3.48225
65236,2.39575
65237,2.33032
65238,2.72016
65239,2.03805
65240,2.88329
65241,3.18013
65242,1.56647
65243,3.34655
65244,3.11846
65245,1.9413
65246,2.57283
65247,2.68103
65248,1.72884
65249,2.1688
65250,1.77676
65251,2.51461
65252,4.0918
65253,1.81684
65254,2.20183
65255,3.31182
65256,2.09507
65257,2.97181
65258,2.76481
65259,2.39912
65260,3.19434
65261,1.67757
65262,3.69436
65263,2.22465
65264,3.49488
65265,2.49074
65266,2.1543
65267,2.60146
65268,2.97246
65269,1.83635
65270,1.56463
65271,2.89788
65272,3.12411
65273,2.58926
65274,2.79796
65275,2.31965
65276,3.14056
65277,3.09037
65278,2.92996
65279,2.69886
65280,2.1003
65281,3.61457
65282,3.45532
65283,2.22811
65284,3.59423
65285,3.47737
65286,1.97512
65287,2.65943
65288,4.18107
65289,3.61308
65290,2.84702
65291,2.92375
65292,2.58594
65293,2.97031
65294,4.05816
65295,3.92387
65296,3.02933
65297,2.01204
65298,3.60936
65299,3.77901
65300,3.70106
65301,3.03158
65302,3.90239
65303,3.86722
65304,3.99943
65305,3.12339
65306,2.74942
65307,3.51074
65308,2.98912
65309,4.10289
65310,4.77164
65311,4.59617
65312,5.0
65313,3.94097
65314,4.58846
65315,4.3442
65316,2.62441
65317,4.55923
65318,4.49248
65319,4.32923
65320,3.68835
65321,4.72511
65322,4.49834
65323,4.02446
65324,4.21992
65325,4.9539
65326,4.09048
65327,4.34147
65328,4.05925
65329,3.31817
65330,3.24595
65331,3.76446
65332,4.60654
65333,4.09182
65334,4.06911
65335,3.992
65336,2.60868
65337,3.59178
65338,2.66046
65339,4.45117
65340,3.81953
65341,2.70491
65342,2.45124
65343,3.14295
65344,3.04864
65345,3.63756
65346,3.5202
65347,4.1547
65348,3.38455
65349,2.98746
65350,4.56069
65351,4.32826
65352,3.96731
65353,3.08437
65354,2.59676
65355,3.43877
65356,4.51339
65357,3.73967
65358,4.05559
65359,3.95584
65360,2.38563
65361,3.15728
65362,2.0991
65363,4.30307
65364,4.12265
65365,3.07762
65366,3.85811
65367,4.42114
65368,2.54666
65369,3.83648
65370,3.42968
65371,4.53393
65372,3.7634
65373,3.76147
65374,2.8526
65375,3.49989
65376,3.74525
65377,2.21213
65378,3.55666
65379,4.17037
65380,4.52008
65381,4.15032
65382,3.69076
65383,2.17337
65384,2.28642
65385,2.47734
65386,2.42116
65387,3.04147
65388,3.67923
65389,3.70723
65390,2.21885
65391,3.01884
65392,1.7441
65393,3.18049
65394,2.71336
65395,1.93494
65396,3.22326
65397,1.54327
65398,2.68418
65399,3.24635
65400,2.22533
65401,1.7844
65402,2.6261
65403,1.82675
65404,2.49179
65405,2.31414
65406,1.21132
65407,2.96106
65408,2.31736
65409,2.58781
65410,2.41553
65411,3.88111
65412,1.80784
65413,2.94398
65414,1.54964
65415,3.86187
65416,3.03659
65417,1.0
65418,1.93032
65419,1.73327
65420,3.05603
65421,3.6852
65422,2.76535
65423,2.19258
65424,3.01482
65425,1.80539
65426,3.23643
65427,3.96457
65428,1.34955
65429,2.31325
65430,1.0
65431,3.44031
65432,2.82836
65433,2.50146
65434,2.11252
65435,3.61176
65436,3.77301
65437,2.33779
65438,1.57262
65439,1.77526
65440,1.93688
65441,3.01546
65442,2.71812
65443,3.72668
65444,1.73567
65445,1.22244
65446,1.90051
65447,3.46426
65448,4.81443
65449,2.92217
65450,4.38317
65451,4.18589
65452,5.0
65453,5.0
65454,3.23329
65455,3.82253
65456,3.5824
65457,3.67665
65458,3.60664
65459,2.76553
65460,4.39455
65461,3.2658
65462,4.26103
65463,3.87026
65464,3.85812
65465,4.52714
65466,3.52383
65467,2.23528
65468,3.50094
65469,4.14481
65470,2.2255
65471,3.18236
65472,3.4335
65473,2.57586
65474,2.44288
65475,3.64935
65476,3.0739
65477,2.87429
65478,3.72765
65479,4.25796
65480,3.87724
65481,3.82345
65482,2.94938
65483,3.84898
65484,4.15843
65485,3.51803
65486,3.2385
65487,3.01654
65488,3.62655
65489,1.51361
65490,3.0309
65491,3.6342
65492,2.75921
65493,2.89554
65494,4.17707
65495,2.84993
65496,2.20034
65497,3.08635
65498,3.39606
65499,3.55078
65500,3.50492
65501,4.21418
65502,3.8777
65503,3.94919
65504,3.05034
65505,3.44995
65506,3.55917
65507,4.78399
65508,4.2653
65509,3.43574
65510,4.21212
65511,3.2264
65512,3.95225
65513,3.08858
65514,3.5764
65515,3.85888
65516,3.67033
65517,2.91668
65518,3.81215
65519,3.85458
65520,2.98587
65521,3.65987
65522,3.60845
65523,3.42499
65524,4.12098
65525,3.2598
65526,4.04248
65527,3.41234
65528,3.90649
65529,2.20954
65530,3.36388
65531,3.70373
65532,3.95229
65533,3.20072
65534,4.34302
65535,3.07865
65536,3.91785
65537,4.39425
65538,4.31535
65539,4.74755
65540,4.12921
65541,3.63244
65542,4.28246
65543,4.75471
65544,3.49252
65545,2.94212
65546,3.12177
65547,4.42782
65548,4.69355
65549,3.71742
65550,3.79081
65551,3.66651
65552,3.42108
65553,4.12242
65554,3.37051
65555,2.63306
65556,3.86202
65557,3.13466
65558,2.93122
65559,3.55156
65560,3.10682
65561,4.36901
65562,4.05577
65563,4.66131
65564,4.23625
65565,4.26846
65566,3.4059
65567,3.40582
65568,3.69694
65569,3.77686
65570,2.80798
65571,1.91042
65572,3.61399
65573,4.42022
65574,4.22848
65575,3.97346
65576,2.81358
65577,2.86523
65578,2.50242
65579,4.23801
65580,3.91705
65581,4.73623
65582,3.62766
65583,4.81778
65584,2.61884
65585,3.46729
65586,2.52099
65587,3.65408
65588,1.0
65589,3.49444
65590,3.41005
65591,3.30228
65592,3.93461
65593,4.2493
65594,2.99735
65595,3.06009
65596,2.52542
65597,3.85793
65598,3.66084
65599,4.39182
65600,4.11647
65601,4.6471
65602,3.99131
65603,3.48731
65604,2.55346
65605,2.9506
65606,3.97223
65607,3.74817
65608,4.73688
65609,2.9539
65610,2.77251
65611,3.03132
65612,2.90291
65613,4.51827
65614,3.98827
65615,2.66065
65616,3.43599
65617,2.63373
65618,2.83992
65619,3.90897
65620,1.84447
65621,2.90909
65622,4.19826
65623,3.23699
65624,3.70931
65625,4.00631
65626,2.42804
65627,2.85351
65628,5.0
65629,3.91979
65630,3.68503
65631,3.89498
65632,4.15101
65633,3.9225
65634,3.4701
65635,2.32561
65636,3.15423
65637,4.94996
65638,3.93765
65639,4.33035
65640,4.1416
65641,3.28729
65642,3.25452
65643,4.25182
65644,3.45202
65645,4.48353
65646,4.62389
65647,3.83538
65648,4.29418
65649,4.60479
65650,4.15769
65651,3.52785
65652,2.67588
65653,4.0741
65654,3.47598
65655,3.01819
65656,3.00004
65657,3.56217
65658,4.01557
65659,3.41108
65660,3.96549
65661,3.54574
65662,4.1364
65663,3.92699
65664,3.44989
65665,5.0
65666,3.72413
65667,3.55771
65668,4.43422
65669,3.13929
65670,3.12983
65671,4.3103
65672,4.05143
65673,4.92819
65674,4.32683
65675,3.70709
65676,4.78715
65677,4.88685
65678,3.98224
65679,4.59277
65680,4.22276
65681,4.09109
65682,1.66135
65683,3.38356
65684,3.43431
65685,2.86593
65686,3.856
65687,3.38333
65688,5.0
65689,2.91275
65690,2.36795
65691,2.84631
65692,3.18479
65693,2.1858
65694,3.27703
65695,4.72383
65696,3.16815
65697,2.52078
65698,2.2922
65699,3.94202
65700,4.71509
65701,4.67791
65702,5.0
65703,4.76386
65704,2.94346
65705,4.13501
65706,3.45171
65707,3.15122
65708,3.5466
65709,4.21923
65710,2.34174
65711,3.21083
65712,4.20499
65713,4.64533
65714,1.4696
65715,3.36344
65716,2.52797
65717,3.2713
65718,3.62963
65719,2.2967
65720,4.32085
65721,4.87572
65722,3.4819
65723,4.62721
65724,4.13715
65725,4.4285
65726,2.66023
65727,3.37802
65728,3.25968
65729,3.88004
65730,4.23059
65731,4.21968
65732,3.98015
65733,4.47696
65734,4.60224
65735,4.2518
65736,4.22173
65737,4.00292
65738,4.50476
65739,5.0
65740,4.00809
65741,3.94586
65742,4.35079
65743,4.26521
65744,4.61832
65745,3.54894
65746,3.16647
65747,4.44177
65748,3.97881
65749,3.12296
65750,4.33809
65751,3.94064
65752,4.70265
65753,4.05376
65754,4.05362
65755,4.21469
65756,3.57333
65757,3.54717
65758,3.23223
65759,3.70562
65760,4.514
65761,4.26626
65762,3.51761
65763,3.54004
65764,4.03392
65765,3.63345
65766,3.87884
65767,4.05909
65768,4.09102
65769,3.75233
65770,4.16877
65771,4.31339
65772,4.56912
65773,3.58353
65774,3.35018
65775,4.23806
65776,4.01406
65777,4.58162
65778,3.67422
65779,4.23766
65780,3.6859
65781,2.88025
65782,3.63627
65783,4.50878
65784,4.70402
65785,2.07351
65786,3.42128
65787,4.54248
65788,3.06433
65789,3.89506
65790,4.39203
65791,3.76943
65792,3.77633
65793,3.7324
65794,2.53812
65795,3.69372
65796,4.61707
65797,3.09627
65798,4.48051
65799,3.21439
65800,2.58202
65801,3.50594
65802,3.4487
65803,2.28553
65804,4.41908
65805,3.39436
65806,4.03981
65807,4.81999
65808,4.83279
65809,4.7437
65810,4.84204
65811,4.47366
65812,4.3165
65813,3.188
65814,4.36521
65815,4.03692
65816,4.32261
65817,4.46335
65818,2.29777
65819,2.06531
65820,2.96595
65821,3.65479
65822,3.60412
65823,3.31774
65824,3.50123
65825,2.32965
65826,2.78426
65827,2.67224
65828,2.54626
65829,1.1503
65830,3.2324
65831,3.22437
65832,1.87745
65833,2.61993
65834,2.77873
65835,2.10059
65836,3.54034
65837,3.36578
65838,2.26381
65839,1.94552
65840,3.41269
65841,2.20183
65842,1.81885
65843,3.41046
65844,3.1719
65845,3.96361
65846,2.88144
65847,2.4921
65848,1.89711
65849,1.71288
65850,2.82594
65851,3.0549
65852,1.84948
65853,3.27941
65854,2.37256
65855,3.5325
65856,2.48869
65857,4.16742
65858,2.56824
65859,2.40107
65860,2.90478
65861,2.05726
65862,1.6754
65863,3.97169
65864,3.41607
65865,4.66655
65866,3.32744
65867,3.57877
65868,2.89976
65869,3.78174
65870,4.45379
65871,3.72465
65872,4.60178
65873,4.52769
65874,3.67056
65875,2.88413
65876,3.50322
65877,3.55449
65878,2.89798
65879,3.20424
65880,3.55244
65881,3.83776
65882,3.10977
65883,3.9778
65884,2.53463
65885,2.96716
65886,1.83186
65887,2.89313
65888,3.18535
65889,4.32061
65890,3.33439
65891,2.27954
65892,4.81374
65893,2.31708
65894,3.82465
65895,3.3329
65896,3.38758
65897,4.15347
65898,4.28998
65899,3.75368
65900,3.60865
65901,3.63998
65902,3.64642
65903,3.91552
65904,3.88449
65905,3.41049
65906,3.49643
65907,3.22109
65908,3.49974
65909,3.63837
65910,3.75677
65911,3.77346
65912,3.4811
65913,3.34226
65914,3.88712
65915,3.622
65916,4.12925
65917,3.70836
65918,3.89316
65919,3.09215
65920,2.84475
65921,3.48575
65922,2.31048
65923,3.7616
65924,4.15813
65925,3.8242
65926,2.85483
65927,3.45057
65928,3.84808
65929,3.72863
65930,3.99252
65931,3.7071
65932,3.12801
65933,3.46624
65934,3.35433
65935,4.13641
65936,4.82852
65937,4.38392
65938,2.49023
65939,3.09491
65940,3.7174
65941,4.42947
65942,4.42183
65943,4.09431
65944,3.02969
65945,3.77144
65946,4.93452
65947,3.71785
65948,3.62187
65949,3.60255
65950,3.85812
65951,3.67537
65952,4.52581
65953,4.03565
65954,3.84039
65955,1.62869
65956,4.88987
65957,4.3518
65958,3.93796
65959,4.69685
65960,3.51862
65961,3.31932
65962,3.93846
65963,3.37298
65964,4.03099
65965,3.40414
65966,1.6701
65967,3.61993
65968,4.00583
65969,4.13129
65970,4.44866
65971,4.99138
65972,2.73852
65973,3.13737
65974,3.69654
65975,3.77964
65976,3.32633
65977,1.94981
65978,3.21222
65979,3.41954
65980,3.83635
65981,4.20373
65982,3.81623
65983,3.43571
65984,4.5563
65985,4.00286
65986,4.24962
65987,3.41456
65988,1.17164
65989,3.82205
65990,2.95631
65991,4.75432
65992,2.6225
65993,4.56049
65994,3.27376
65995,3.79783
65996,4.6615
65997,4.38314
65998,4.13
65999,4.06194
66000,4.67392
66001,5.0
66002,4.34107
66003,4.9279
66004,3.89749
66005,4.85408
66006,4.37847
66007,4.82283
66008,3.67716
66009,3.81757
66010,4.94404
66011,4.16777
66012,4.48897
66013,2.7074
66014,4.53145
66015,4.4755
66016,3.39734
66017,2.94071
66018,3.09108
66019,4.87393
66020,5.0
66021,4.53828
66022,4.7742
66023,4.68162
66024,2.50094
66025,2.24855
66026,3.14591
66027,2.41534
66028,2.99197
66029,3.80458
66030,3.53718
66031,3.92973
66032,3.02127
66033,4.09445
66034,3.75853
66035,4.47331
66036,2.83996
66037,3.80015
66038,2.68765
66039,4.35805
66040,2.88985
66041,1.04757
66042,2.03311
66043,3.76536
66044,3.31716
66045,3.77057
66046,3.1437
66047,3.51107
66048,2.91946
66049,3.36971
66050,4.00431
66051,3.8534
66052,4.19072
66053,2.88916
66054,3.35333
66055,3.19241
66056,3.14814
66057,3.72626
66058,3.38534
66059,3.46943
66060,3.76541
66061,2.93148
66062,3.18823
66063,3.69768
66064,3.57727
66065,3.63161
66066,3.29424
66067,3.61023
66068,3.9139
66069,3.46864
66070,3.59591
66071,4.11572
66072,3.10644
66073,3.60615
66074,3.93282
66075,3.5411
66076,3.67781
66077,4.14361
66078,3.70426
66079,3.39708
66080,3.50793
66081,2.92639
66082,3.76892
66083,3.09461
66084,3.50371
66085,3.53278
66086,3.04285
66087,3.94698
66088,2.8108
66089,2.99078
66090,4.00928
66091,3.09773
66092,3.66842
66093,3.7647
66094,3.25006
66095,4.03183
66096,3.98137
66097,4.11277
66098,4.23809
66099,3.72956
66100,2.29848
66101,3.93158
66102,2.43364
66103,3.03803
66104,3.5271
66105,3.2684
66106,3.39736
66107,2.89331
66108,3.61087
66109,3.58347
66110,3.44778
66111,4.14774
66112,4.23552
66113,4.06918
66114,4.30837
66115,3.4317
66116,3.86238
66117,3.68603
66118,2.6223
66119,4.01747
66120,3.72252
66121,2.89015
66122,3.81392
66123,3.37406
66124,3.26714
66125,2.98072
66126,3.2084
66127,4.79409
66128,3.14289
66129,3.98355
66130,4.65677
66131,3.44882
66132,3.5075
66133,4.27882
66134,3.04249
66135,4.28186
66136,4.29446
66137,3.06184
66138,3.71405
66139,3.03747
66140,3.99094
66141,3.96446
66142,4.80832
66143,4.05156
66144,3.88408
66145,3.97735
66146,3.78039
66147,3.51703
66148,2.99848
66149,4.54421
66150,4.71124
66151,4.1677
66152,4.60102
66153,4.2374
66154,3.68486
66155,4.33733
66156,3.58738
66157,3.74749
66158,4.69096
66159,4.15387
66160,2.90787
66161,3.99006
66162,4.85976
66163,3.17444
66164,4.18473
66165,3.90285
66166,3.63859
66167,3.53849
66168,4.741
66169,3.91244
66170,3.70991
66171,4.37472
66172,1.54163
66173,3.66988
66174,4.387
66175,2.77661
66176,2.83918
66177,3.997
66178,4.00943
66179,3.98696
66180,4.1952
66181,3.04258
66182,3.12781
66183,3.60549
66184,3.36169
66185,4.08837
66186,3.72354
66187,3.70818
66188,3.36587
66189,3.41731
66190,3.8583
66191,3.9563
66192,4.07586
66193,2.50688
66194,3.03379
66195,3.82227
66196,3.34656
66197,3.93693
66198,4.02879
66199,4.03499
66200,3.67104
66201,3.86962
66202,2.9457
66203,3.55098
66204,4.02527
66205,3.454
66206,4.09291
66207,4.22031
66208,3.92128
66209,4.08125
66210,4.12418
66211,3.44325
66212,4.00311
66213,4.14426
66214,2.93684
66215,3.92387
66216,4.15133
66217,3.22928
66218,3.47079
66219,4.0021
66220,3.79899
66221,3.10645
66222,2.88064
66223,2.05745
66224,2.04487
66225,3.7568
66226,2.95269
66227,2.74408
66228,3.60499
66229,3.24535
66230,4.65262
66231,4.24378
66232,4.57995
66233,4.9872
66234,3.48569
66235,3.66756
66236,2.87468
66237,4.0958
66238,4.0098
66239,2.94949
66240,3.04021
66241,2.69925
66242,3.38156
66243,3.23333
66244,3.22053
66245,4.64708
66246,2.96429
66247,3.17522
66248,3.89384
66249,3.18883
66250,2.11414
66251,2.79281
66252,3.62527
66253,4.03301
66254,3.55394
66255,2.96325
66256,2.81263
66257,4.13238
66258,4.17356
66259,4.2496
66260,4.31438
66261,4.26099
66262,4.13169
66263,4.20802
66264,3.86227
66265,4.31426
66266,3.72922
66267,3.61186
66268,4.45011
66269,4.1883
66270,3.80394
66271,3.61221
66272,4.80773
66273,4.20078
66274,4.53715
66275,3.41471
66276,3.67174
66277,3.21955
66278,2.55302
66279,3.33793
66280,3.26411
66281,3.61068
66282,3.89593
66283,4.06774
66284,3.23931
66285,3.56368
66286,3.58807
66287,3.22773
66288,4.5729
66289,4.14837
66290,3.73749
66291,3.84499
66292,4.94452
66293,4.25217
66294,3.75746
66295,3.51309
66296,4.7706
66297,3.65119
66298,4.62372
66299,4.37945
66300,4.67381
66301,4.19825
66302,3.89086
66303,4.72028
66304,2.624
66305,2.54202
66306,2.93786
66307,2.11946
66308,2.81378
66309,2.46884
66310,1.99659
66311,4.89242
66312,3.0058
66313,1.34089
66314,3.43388
66315,3.84321
66316,2.66003
66317,4.19084
66318,2.44098
66319,2.95328
66320,3.50503
66321,3.8177
66322,3.4348
66323,3.01524
66324,2.07446
66325,3.45078
66326,2.78243
66327,3.12982
66328,3.02987
66329,4.57789
66330,3.9291
66331,4.16425
66332,4.63858
66333,2.83848
66334,3.34196
66335,2.90619
66336,3.75494
66337,1.70109
66338,2.0459
66339,1.92291
66340,3.37229
66341,5.0
66342,3.25226
66343,1.56344
66344,2.17133
66345,2.46093
66346,2.17498
66347,4.67158
66348,2.16723
66349,4.75583
66350,4.27377
66351,2.52221
66352,2.52817
66353,2.87673
66354,3.17514
66355,4.24986
66356,1.797
66357,1.49892
66358,3.06585
66359,2.79843
66360,1.99474
66361,2.87884
66362,1.33164
66363,2.13875
66364,3.57538
66365,3.44778
66366,4.35405
66367,3.78848
66368,4.68183
66369,4.38042
66370,2.34073
66371,3.05113
66372,4.37001
66373,3.60006
66374,4.14851
66375,4.06117
66376,4.31517
66377,3.13144
66378,2.33663
66379,3.27855
66380,2.17414
66381,2.48295
66382,2.75727
66383,2.54198
66384,3.61008
66385,3.23464
66386,2.30105
66387,1.55425
66388,2.43202
66389,3.02794
66390,2.52104
66391,2.05426
66392,3.16872
66393,1.48427
66394,2.44508
66395,1.89241
66396,3.0525
66397,1.99911
66398,2.5441
66399,3.27994
66400,2.88484
66401,3.57943
66402,3.28211
66403,4.3207
66404,2.76005
66405,3.87432
66406,3.89087
66407,4.34871
66408,3.30013
66409,3.18834
66410,2.84296
66411,3.95907
66412,3.12857
66413,2.39224
66414,3.8591
66415,3.4047
66416,3.20132
66417,2.74125
66418,4.08839
66419,2.52564
66420,2.26839
66421,4.87137
66422,3.38664
66423,2.65991
66424,3.46766
66425,4.25933
66426,3.04592
66427,1.80728
66428,3.72463
66429,2.93374
66430,2.92639
66431,4.42935
66432,1.72609
66433,3.53168
66434,4.11617
66435,3.96878
66436,3.82455
66437,1.95454
66438,2.83568
66439,2.09725
66440,3.01473
66441,4.08821
66442,4.28461
66443,2.68912
66444,3.67042
66445,2.51633
66446,4.11915
66447,3.48033
66448,2.99691
66449,4.22731
66450,3.52475
66451,1.79156
66452,3.74545
66453,3.61932
66454,3.91644
66455,4.21054
66456,3.38617
66457,3.96657
66458,3.62907
66459,3.45033
66460,3.88135
66461,2.48858
66462,2.4481
66463,3.90375
66464,2.74225
66465,3.71764
66466,3.47024
66467,2.76565
66468,3.28978
66469,3.84876
66470,2.61836
66471,2.67587
66472,3.73062
66473,3.42404
66474,3.92958
66475,2.93105
66476,4.35587
66477,2.6575
66478,4.3227
66479,3.16192
66480,3.18829
66481,3.54501
66482,3.32841
66483,4.0125
66484,2.57875
66485,3.72358
66486,4.5982
66487,2.77263
66488,4.43417
66489,3.48027
66490,3.87408
66491,3.8823
66492,3.8535
66493,3.32558
66494,3.50151
66495,3.62608
66496,4.72427
66497,4.10575
66498,2.49274
66499,4.07492
66500,4.36562
66501,3.21667
66502,3.2212
66503,2.29925
66504,2.12406
66505,3.41317
66506,3.19243
66507,2.53109
66508,1.93043
66509,2.95921
66510,2.95683
66511,3.19592
66512,3.22443
66513,3.13453
66514,4.30292
66515,3.53218
66516,4.69899
66517,3.89139
66518,3.65692
66519,4.26645
66520,4.11783
66521,4.33686
66522,4.57432
66523,4.07858
66524,3.9745
66525,4.19101
66526,3.93159
66527,3.48854
66528,3.49998
66529,2.40332
66530,3.62696
66531,3.30552
66532,4.27095
66533,4.24757
66534,4.32164
66535,4.08982
66536,3.54086
66537,4.45172
66538,3.33006
66539,3.83781
66540,3.15462
66541,4.3066
66542,3.54701
66543,4.26561
66544,4.02605
66545,3.37581
66546,3.2384
66547,3.68743
66548,4.23631
66549,4.08195
66550,2.99536
66551,4.39077
66552,4.51791
66553,3.77283
66554,2.0846
66555,4.01842
66556,4.02628
66557,4.21591
66558,3.8657
66559,3.82223
66560,3.19932
66561,3.56634
66562,1.94267
66563,1.56302
66564,3.07804
66565,2.40677
66566,2.79583
66567,2.48344
66568,3.21733
66569,2.00766
66570,3.09526
66571,3.10953
66572,1.48167
66573,3.38161
66574,2.99424
66575,2.59103
66576,2.5872
66577,2.18197
66578,2.98824
66579,2.83102
66580,2.9771
66581,3.76308
66582,2.10093
66583,2.77722
66584,2.70689
66585,3.80759
66586,3.13292
66587,1.97769
66588,2.94856
66589,3.08439
66590,2.8442
66591,2.2517
66592,2.92711
66593,3.36762
66594,3.37235
66595,3.47636
66596,3.18596
66597,2.31077
66598,2.14742
66599,1.51009
66600,2.56946
66601,2.88793
66602,2.36205
66603,4.12347
66604,2.67428
66605,2.81941
66606,2.26217
66607,3.19742
66608,3.10239
66609,2.74311
66610,3.54813
66611,3.54219
66612,3.84073
66613,2.01861
66614,2.38356
66615,3.786
66616,5.0
66617,2.88279
66618,1.3876
66619,3.80298
66620,2.1961
66621,2.09426
66622,2.99495
66623,3.2721
66624,2.88592
66625,3.14993
66626,1.75639
66627,3.80618
66628,3.11754
66629,4.10467
66630,3.30824
66631,1.34087
66632,2.88304
66633,3.12254
66634,1.61805
66635,3.63403
66636,3.38511
66637,3.21568
66638,2.53455
66639,1.19179
66640,1.88858
66641,3.06234
66642,1.15233
66643,3.05368
66644,1.68557
66645,3.42841
66646,4.22817
66647,3.97072
66648,4.32774
66649,3.23009
66650,3.9954
66651,3.66739
66652,2.98111
66653,4.41747
66654,4.07462
66655,2.02509
66656,3.27143
66657,1.47164
66658,4.02541
66659,2.72008
66660,3.84823
66661,1.51931
66662,2.97675
66663,3.05139
66664,3.40599
66665,2.92916
66666,2.30198
66667,2.39331
66668,2.52575
66669,2.84471
66670,2.97263
66671,2.41288
66672,1.67216
66673,2.40747
66674,3.552
66675,2.94399
66676,3.23987
66677,3.86796
66678,2.61175
66679,2.71809
66680,3.64696
66681,3.59082
66682,3.14564
66683,3.63479
66684,3.30525
66685,4.1319
66686,4.45015
66687,4.77903
66688,3.86561
66689,2.05147
66690,5.0
66691,3.85053
66692,4.34821
66693,4.18691
66694,3.23187
66695,3.05605
66696,3.77105
66697,4.76467
66698,3.35233
66699,3.61504
66700,3.52025
66701,3.42265
66702,3.5889
66703,3.90799
66704,3.31327
66705,3.67543
66706,4.3297
66707,3.03776
66708,3.56342
66709,3.61252
66710,3.49169
66711,3.15222
66712,4.04405
66713,3.81142
66714,3.82183
66715,3.75514
66716,3.18363
66717,3.10864
66718,2.73533
66719,2.59081
66720,1.57918
66721,2.97322
66722,3.01952
66723,3.4889
66724,2.87423
66725,2.65897
66726,3.41346
66727,1.90405
66728,2.87786
66729,3.33855
66730,4.17725
66731,3.33487
66732,2.18769
66733,3.42546
66734,2.9937
66735,1.62245
66736,2.69556
66737,2.58426
66738,3.5381
66739,3.03646
66740,2.59933
66741,3.4065
66742,2.50162
66743,2.89504
66744,3.08045
66745,1.51643
66746,2.9285
66747,3.4505
66748,2.46465
66749,3.18782
66750,1.90224
66751,2.7452
66752,2.26673
66753,3.51386
66754,2.70964
66755,2.74572
66756,2.71862
66757,2.93909
66758,2.43789
66759,3.52365
66760,3.26652
66761,4.04966
66762,3.2325
66763,3.99984
66764,3.47445
66765,2.90072
66766,2.92652
66767,3.93572
66768,2.49466
66769,2.0661
66770,3.53108
66771,2.13369
66772,2.89529
66773,2.39352
66774,3.87881
66775,2.71853
66776,2.92615
66777,3.30257
66778,2.57706
66779,3.12115
66780,3.33181
66781,3.06305
66782,2.36654
66783,3.46656
66784,4.24397
66785,4.06034
66786,4.43536
66787,4.56468
66788,2.63373
66789,3.31982
66790,3.29987
66791,3.34741
66792,3.62365
66793,3.33802
66794,3.56993
66795,3.89198
66796,3.3542
66797,3.51324
66798,4.06246
66799,4.21088
66800,2.75494
66801,3.01013
66802,4.46855
66803,3.22262
66804,3.84267
66805,3.24924
66806,3.26883
66807,2.42712
66808,3.38877
66809,2.75805
66810,3.7962
66811,3.77371
66812,3.34946
66813,4.65244
66814,3.56682
66815,3.21255
66816,4.90476
66817,4.14739
66818,3.91448
66819,4.01417
66820,4.30487
66821,4.62621
66822,3.2222
66823,3.45807
66824,4.69285
66825,3.85322
66826,4.37957
66827,3.31513
66828,4.40089
66829,3.31729
66830,3.58378
66831,2.38015
66832,3.54211
66833,4.01281
66834,4.60123
66835,3.4783
66836,4.77096
66837,3.1562
66838,2.47224
66839,3.22377
66840,2.58815
66841,3.81057
66842,3.7757
66843,3.97451
66844,3.69606
66845,4.93558
66846,3.88967
66847,3.75089
66848,3.59332
66849,4.3111
66850,4.25113
66851,4.19902
66852,3.85158
66853,3.68947
66854,3.09513
66855,3.97071
66856,3.27341
66857,2.32134
66858,3.78444
66859,4.18383
66860,3.81207
66861,3.16949
66862,3.89502
66863,4.28203
66864,3.44637
66865,3.65237
66866,3.0715
66867,3.19029
66868,3.04471
66869,3.79689
66870,4.10672
66871,3.87183
66872,3.94959
66873,3.08339
66874,4.41785
66875,4.39095
66876,4.31561
66877,4.76499
66878,4.02915
66879,3.81349
66880,3.54059
66881,2.54635
66882,4.12361
66883,3.20503
66884,3.72464
66885,3.57854
66886,3.8424
66887,3.21618
66888,3.09662
66889,3.65095
66890,3.5556
66891,4.09717
66892,3.85014
66893,2.89914
66894,2.8846
66895,2.76026
66896,3.29571
66897,2.52332
66898,3.01329
66899,1.93198
66900,2.92085
66901,2.79097
66902,1.67522
66903,3.45288
66904,4.27105
66905,2.67475
66906,3.84514
66907,3.50911
66908,2.90124
66909,3.92846
66910,3.63018
66911,3.74332
66912,3.24355
66913,2.33168
66914,2.73407
66915,3.10508
66916,2.63837
66917,2.17584
66918,2.63574
66919,2.96001
66920,2.95145
66921,3.44689
66922,3.13537
66923,3.5821
66924,3.03871
66925,3.76993
66926,3.78597
66927,3.09024
66928,2.76426
66929,2.13949
66930,2.82721
66931,2.18519
66932,3.51114
66933,4.54327
66934,3.43921
66935,3.09507
66936,4.05036
66937,4.36277
66938,1.5773
66939,4.19769
66940,3.53859
66941,3.3133
66942,2.74752
66943,2.31428
66944,2.5908
66945,2.81345
66946,4.67745
66947,4.17739
66948,1.16473
66949,1.59857
66950,3.67761
66951,2.4684
66952,1.35726
66953,2.4477
66954,3.29877
66955,2.38842
66956,2.83946
66957,2.62808
66958,3.69898
66959,1.67689
66960,1.13574
66961,5.0
66962,4.48238
66963,3.46809
66964,4.06803
66965,3.36237
66966,2.83122
66967,3.04842
66968,3.12395
66969,3.4685
66970,4.31155
66971,3.98882
66972,2.97646
66973,3.80979
66974,2.96266
66975,3.06475
66976,3.57963
66977,3.76272
66978,3.96145
66979,4.04475
66980,2.92665
66981,3.19082
66982,3.66832
66983,3.67218
66984,3.80443
66985,4.11374
66986,3.89016
66987,2.98886
66988,3.2674
66989,4.06351
66990,3.33413
66991,3.01271
66992,2.99791
66993,3.91286
66994,2.85704
66995,2.93995
66996,4.7814
66997,4.99539
66998,4.37479
66999,3.96415
67000,5.0
67001,2.44383
67002,3.89137
67003,3.37284
67004,3.49175
67005,2.18649
67006,1.17131
67007,2.04961
67008,4.79352
67009,3.67546
67010,1.55325
67011,5.0
67012,2.31736
67013,4.09524
67014,4.09329
67015,3.55802
67016,1.0
67017,5.0
67018,3.7488
67019,5.0
67020,4.74532
67021,2.62364
67022,1.88706
67023,2.5798
67024,3.56755
67025,4.33741
67026,1.44031
67027,4.44928
67028,3.30186
67029,5.0
67030,4.42416
67031,1.91509
67032,3.8549
67033,4.66846
67034,4.00153
67035,4.61677
67036,4.75407
67037,4.22541
67038,5.0
67039,5.0
67040,3.08763
67041,4.95939
67042,2.84134
67043,2.35393
67044,2.88912
67045,3.26025
67046,3.91039
67047,2.69059
67048,3.60886
67049,4.76616
67050,2.86899
67051,1.53705
67052,4.84603
67053,3.71873
67054,2.94422
67055,3.9912
67056,4.11685
67057,3.87453
67058,2.82322
67059,4.5272
67060,3.79295
67061,4.33625
67062,3.95159
67063,3.80823
67064,3.41182
67065,3.33219
67066,3.80038
67067,3.76333
67068,3.31686
67069,3.50019
67070,4.28229
67071,3.21134
67072,3.09596
67073,4.08792
67074,3.32375
67075,4.29064
67076,3.6953
67077,4.25851
67078,3.40852
67079,3.79274
67080,4.59841
67081,4.83156
67082,4.55872
67083,3.32787
67084,4.38733
67085,4.63975
67086,4.61094
67087,4.60587
67088,4.63937
67089,5.0
67090,3.9862
67091,5.0
67092,4.84455
67093,4.47979
67094,5.0
67095,3.33945
67096,3.90673
67097,3.27298
67098,3.26419
67099,2.87503
67100,2.85731
67101,4.26174
67102,3.69318
67103,4.6855
67104,4.75902
67105,3.85673
67106,1.85917
67107,3.06892
67108,3.127
67109,1.59793
67110,2.92052
67111,3.80612
67112,3.13839
67113,3.77834
67114,4.05185
67115,3.34905
67116,4.14
67117,3.32131
67118,3.34798
67119,3.77836
67120,4.63941
67121,3.50588
67122,4.3241
67123,4.45455
67124,3.47525
67125,2.86287
67126,2.9958
67127,3.53532
67128,4.51081
67129,5.0
67130,4.0286
67131,3.23469
67132,4.69659
67133,3.57515
67134,3.43156
67135,3.41567
67136,2.93617
67137,3.91683
67138,4.30585
67139,3.91976
67140,2.2377
67141,5.0
67142,3.55053
67143,4.41622
67144,5.0
67145,2.61752
67146,4.14123
67147,4.32412
67148,3.82878
67149,3.25631
67150,3.95824
67151,4.33654
67152,3.46764
67153,3.41863
67154,5.0
67155,4.67947
67156,3.5668
67157,2.78388
67158,4.63954
67159,3.95417
67160,3.63248
67161,4.84599
67162,4.67201
67163,4.03246
67164,3.99038
67165,4.58028
67166,4.12268
67167,4.21742
67168,3.92057
67169,4.49201
67170,4.62244
67171,4.51909
67172,4.05468
67173,4.91982
67174,3.12258
67175,3.59874
67176,3.33271
67177,4.37605
67178,3.08783
67179,2.89557
67180,1.95217
67181,4.02538
67182,3.19216
67183,3.15349
67184,4.07776
67185,3.02623
67186,3.28453
67187,5.0
67188,5.0
67189,4.68006
67190,3.47655
67191,4.18642
67192,3.84062
67193,3.12766
67194,4.32416
67195,3.27942
67196,4.53076
67197,3.69239
67198,4.14257
67199,3.37529
67200,5.0
67201,3.39144
67202,3.67101
67203,4.51629
67204,1.6581
67205,1.4983
67206,1.55295
67207,2.33142
67208,2.7496
67209,5.0
67210,3.29322
67211,4.7925
67212,3.3542
67213,1.0
67214,1.99869
67215,3.94933
67216,3.3327
67217,3.1212
67218,1.99495
67219,4.95221
67220,3.1122
67221,1.88161
67222,3.43945
67223,4.65161
67224,4.41677
67225,4.33545
67226,4.239
67227,2.676
67228,3.98424
67229,3.43185
67230,2.64545
67231,3.10736
67232,2.89355
67233,3.23489
67234,2.32134
67235,2.68588
67236,3.83742
67237,3.14207
67238,2.39313
67239,3.06894
67240,2.94529
67241,2.66151
67242,2.57441
67243,2.6236
67244,2.75473
67245,3.33007
67246,2.60797
67247,4.2246
67248,3.69521
67249,3.17752
67250,4.17206
67251,3.00315
67252,3.15048
67253,3.04182
67254,4.02792
67255,3.86704
67256,3.81518
67257,3.1317
67258,2.96164
67259,3.09608
67260,3.07221
67261,3.99749
67262,3.91222
67263,3.21775
67264,2.23771
67265,3.21522
67266,2.73564
67267,3.2999
67268,3.74405
67269,4.00117
67270,3.24373
67271,2.99565
67272,2.24152
67273,3.49092
67274,3.18714
67275,3.16235
67276,3.40245
67277,3.72285
67278,2.51307
67279,2.45535
67280,2.43944
67281,3.20056
67282,3.72392
67283,3.38179
67284,3.18333
67285,3.21472
67286,3.73805
67287,3.58298
67288,4.28153
67289,3.58197
67290,3.98587
67291,4.25938
67292,3.58822
67293,2.62666
67294,3.23713
67295,4.43746
67296,3.22568
67297,3.01103
67298,3.65514
67299,3.41965
67300,4.37358
67301,3.75908
67302,4.64858
67303,3.82255
67304,4.4175
67305,4.41308
67306,4.06696
67307,2.38119
67308,4.1834
67309,3.47738
67310,2.89925
67311,4.32428
67312,3.9367
67313,3.30866
67314,3.09195
67315,3.23687
67316,3.14265
67317,3.47474
67318,3.42997
67319,1.99567
67320,4.36619
67321,3.21883
67322,1.82451
67323,4.1434
67324,2.35391
67325,4.28353
67326,4.11128
67327,2.70601
67328,2.3953
67329,3.23929
67330,3.36176
67331,3.59314
67332,2.09491
67333,3.5151
67334,3.27742
67335,3.43597
67336,3.42616
67337,3.3099
67338,4.62919
67339,3.54016
67340,3.9773
67341,4.54603
67342,3.21392
67343,4.10468
67344,3.52718
67345,3.72764
67346,2.82593
67347,4.62802
67348,2.90886
67349,3.55421
67350,3.40713
67351,4.48522
67352,3.29992
67353,4.11197
67354,3.19244
67355,3.75679
67356,4.1127
67357,3.24075
67358,2.16236
67359,4.84779
67360,2.69057
67361,3.34957
67362,3.99693
67363,3.95844
67364,4.00868
67365,4.40437
67366,4.39649
67367,4.72438
67368,4.07384
67369,4.19278
67370,4.48528
67371,3.66437
67372,2.74952
67373,4.3918
67374,3.17281
67375,3.95787
67376,3.96264
67377,1.50555
67378,3.17242
67379,4.03938
67380,4.69995
67381,4.82928
67382,3.98032
67383,3.85142
67384,1.92421
67385,3.94627
67386,4.22901
67387,4.51765
67388,2.31211
67389,3.52245
67390,3.82797
67391,4.24142
67392,4.44093
67393,3.19227
67394,3.06274
67395,3.51161
67396,4.01544
67397,3.87905
67398,3.61082
67399,2.41877
67400,3.79012
67401,3.33698
67402,4.77611
67403,2.92028
67404,2.92269
67405,4.20115
67406,3.37203
67407,4.22552
67408,4.41928
67409,4.06302
67410,4.57173
67411,3.09771
67412,4.53593
67413,4.51157
67414,4.0832
67415,3.69282
67416,4.69408
67417,3.9282
67418,4.10584
67419,3.96235
67420,4.49395
67421,3.90863
67422,4.35253
67423,3.71288
67424,3.91925
67425,3.89221
67426,3.53685
67427,4.06326
67428,3.97448
67429,3.30218
67430,2.61141
67431,2.25761
67432,4.07645
67433,3.59375
67434,4.35485
67435,2.9897
67436,3.86121
67437,4.50377
67438,4.08732
67439,4.93235
67440,3.66875
67441,4.46146
67442,4.735
67443,3.16667
67444,3.68031
67445,2.99523
67446,2.45629
67447,4.10743
67448,4.78948
67449,4.40044
67450,3.52451
67451,2.32371
67452,4.28783
67453,2.46329
67454,4.33094
67455,3.93186
67456,4.88375
67457,1.95121
67458,4.57208
67459,3.98477
67460,2.881
67461,3.25568
67462,4.77686
67463,3.87376
67464,2.48745
67465,2.50891
67466,3.8903
67467,1.70493
67468,3.4463
67469,2.77496
67470,3.60569
67471,3.81131
67472,3.322
67473,4.36646
67474,3.95552
67475,3.4855
67476,3.11013
67477,3.35335
67478,3.78045
67479,3.74585
67480,3.843
67481,3.1238
67482,3.13833
67483,2.31181
67484,3.45139
67485,3.04582
67486,2.46991
67487,4.1365
67488,3.56581
67489,4.30484
67490,4.99571
67491,4.4559
67492,3.70426
67493,4.20353
67494,4.41615
67495,4.15964
67496,4.62076
67497,3.7273
67498,4.88725
67499,4.65333
67500,3.75119
67501,3.67597
67502,4.67554
67503,3.84988
67504,4.92371
67505,4.25267
67506,4.58134
67507,4.50676
67508,4.66674
67509,4.23076
67510,2.26585
67511,3.0024
67512,2.89153
67513,4.02199
67514,3.23141
67515,3.42504
67516,3.1825
67517,2.88861
67518,3.07079
67519,4.23089
67520,4.90027
67521,4.65516
67522,4.44959
67523,4.68405
67524,3.61931
67525,4.04791
67526,3.61174
67527,3.91692
67528,4.29274
67529,3.7232
67530,3.44142
67531,2.45644
67532,1.8899
67533,2.46402
67534,3.70518
67535,3.81367
67536,3.6355
67537,4.36897
67538,3.4523
67539,3.15068
67540,3.80692
67541,4.12314
67542,4.24792
67543,3.14319
67544,3.69967
67545,3.16069
67546,4.52448
67547,3.85304
67548,3.68015
67549,3.4562
67550,4.57376
67551,3.64185
67552,3.20696
67553,3.38521
67554,3.30769
67555,3.95496
67556,2.61987
67557,2.38485
67558,2.21517
67559,2.92542
67560,4.03042
67561,3.51661
67562,2.59598
67563,2.39029
67564,3.39434
67565,3.47311
67566,4.71733
67567,4.15709
67568,4.82764
67569,2.15132
67570,3.81949
67571,4.07731
67572,3.5868
67573,4.07935
67574,3.53078
67575,4.1629
67576,2.75982
67577,4.25095
67578,2.93883
67579,3.55984
67580,4.33606
67581,4.19416
67582,3.22608
67583,3.7761
67584,4.02421
67585,3.53467
67586,3.04829
67587,3.84257
67588,3.71611
67589,4.06915
67590,3.70081
67591,3.88122
67592,3.88421
67593,4.23107
67594,2.97304
67595,4.09825
67596,2.41526
67597,4.10772
67598,3.1861
67599,3.3894
67600,3.88233
67601,3.66597
67602,3.70998
67603,3.97725
67604,3.83523
67605,3.78363
67606,3.41684
67607,3.26672
67608,3.45913
67609,2.41541
67610,3.41876
67611,3.58223
67612,3.76375
67613,3.81662
67614,3.80571
67615,3.14991
67616,2.9255
67617,4.04969
67618,4.12684
67619,4.00026
67620,3.79301
67621,3.55933
67622,3.21097
67623,3.06127
67624,3.32342
67625,3.81311
67626,3.62081
67627,3.06971
67628,4.58174
67629,4.80984
67630,4.0374
67631,3.94374
67632,4.05322
67633,3.61919
67634,2.93839
67635,3.29595
67636,1.83102
67637,2.70447
67638,2.42722
67639,2.47887
67640,1.02027
67641,3.99178
67642,2.12688
67643,3.83785
67644,1.92135
67645,1.60963
67646,1.0
67647,3.63422
67648,2.27122
67649,3.14115
67650,1.2728
67651,4.15597
67652,3.90742
67653,3.4331
67654,2.59264
67655,3.42505
67656,3.19827
67657,1.5118
67658,1.16254
67659,2.15584
67660,3.36253
67661,2.71761
67662,3.57287
67663,4.16743
67664,3.71262
67665,2.46118
67666,3.06623
67667,3.05902
67668,2.92153
67669,4.01633
67670,1.93604
67671,3.11808
67672,2.81291
67673,3.35881
67674,4.78629
67675,1.18594
67676,1.15463
67677,1.18392
67678,3.79494
67679,2.15668
67680,4.11669
67681,2.46667
67682,3.23204
67683,4.10585
67684,4.2173
67685,2.93599
67686,2.6925
67687,3.7165
67688,3.62483
67689,4.44476
67690,3.98169
67691,4.51428
67692,4.22605
67693,2.15725
67694,2.92305
67695,2.3518
67696,3.08298
67697,1.83239
67698,2.57335
67699,5.0
67700,3.00154
67701,2.60284
67702,3.03349
67703,4.12898
67704,3.51313
67705,3.02554
67706,2.78548
67707,3.40746
67708,3.13584
67709,4.87867
67710,1.56192
67711,3.58091
67712,2.25107
67713,3.20674
67714,2.52444
67715,4.0604
67716,3.63257
67717,3.15205
67718,4.2874
67719,2.76601
67720,3.62621
67721,2.9391
67722,3.42716
67723,2.14482
67724,3.80168
67725,3.67573
67726,2.92489
67727,3.02238
67728,1.87492
67729,3.88046
67730,2.26097
67731,3.75687
67732,3.07798
67733,2.27251
67734,1.51515
67735,2.7746
67736,3.00351
67737,4.12838
67738,3.89685
67739,3.80156
67740,4.27854
67741,3.41138
67742,3.87378
67743,3.53074
67744,3.64238
67745,3.68557
67746,3.43288
67747,3.66991
67748,3.44279
67749,3.78402
67750,4.03216
67751,4.2932
67752,3.79273
67753,3.26087
67754,4.26693
67755,4.15629
67756,3.64707
67757,4.57338
67758,3.95068
67759,3.88663
67760,3.9899
67761,4.0507
67762,3.52884
67763,2.69676
67764,3.31828
67765,2.63331
67766,3.2688
67767,4.31844
67768,3.61074
67769,4.34005
67770,3.01444
67771,3.29245
67772,3.54774
67773,3.36019
67774,3.14891
67775,3.62651
67776,3.10646
67777,2.98758
67778,4.84329
67779,4.13533
67780,3.54442
67781,3.48482
67782,3.05454
67783,2.63852
67784,3.72279
67785,2.67167
67786,3.5969
67787,3.07329
67788,3.12871
67789,2.59626
67790,3.62501
67791,3.16968
67792,2.93907
67793,3.7738
67794,4.20542
67795,4.48735
67796,2.3985
67797,2.79361
67798,2.97727
67799,3.58632
67800,4.50147
67801,3.0864
67802,4.65873
67803,3.68148
67804,1.7962
67805,4.1429
67806,4.40068
67807,3.51672
67808,3.99479
67809,2.48541
67810,3.79406
67811,3.8833
67812,1.96916
67813,3.65601
67814,3.40974
67815,2.68526
67816,2.25097
67817,3.92367
67818,2.61959
67819,2.88916
67820,2.5945
67821,2.59524
67822,3.53408
67823,4.13798
67824,3.63192
67825,2.88597
67826,2.08359
67827,2.1786
67828,3.1277
67829,2.63432
67830,3.89492
67831,3.66131
67832,3.2691
67833,3.46266
67834,3.77044
67835,3.82953
67836,2.08636
67837,2.06211
67838,2.33617
67839,2.86006
67840,2.56295
67841,3.09003
67842,3.31511
67843,3.11145
67844,2.46275
67845,1.05673
67846,1.9809
67847,2.35923
67848,3.45711
67849,2.74257
67850,1.87557
67851,2.44305
67852,3.98028
67853,2.90888
67854,3.09236
67855,2.80951
67856,2.35227
67857,3.27786
67858,3.47754
67859,4.4466
67860,3.10309
67861,3.06168
67862,3.59244
67863,2.76476
67864,1.94311
67865,3.238
67866,3.4608
67867,2.37538
67868,2.72172
67869,3.80346
67870,2.89433
67871,3.54139
67872,1.81616
67873,3.50029
67874,2.83393
67875,2.02829
67876,3.60541
67877,3.3786
67878,3.33382
67879,3.66968
67880,3.53678
67881,3.41855
67882,3.60618
67883,2.48961
67884,2.15406
67885,3.48989
67886,2.32961
67887,3.04218
67888,3.0673
67889,3.01858
67890,3.78804
67891,3.42506
67892,3.33962
67893,2.90385
67894,2.09781
67895,3.65417
67896,4.10102
67897,3.25925
67898,3.8143
67899,2.49191
67900,3.19539
67901,3.51658
67902,3.60257
67903,3.9477
67904,2.60625
67905,3.47374
67906,4.46129
67907,4.26845
67908,3.04644
67909,3.6126
67910,3.38017
67911,3.32439
67912,3.24224
67913,3.61894
67914,2.49395
67915,3.35402
67916,2.89986
67917,3.45861
67918,1.81854
67919,1.32594
67920,2.5715
67921,4.06706
67922,2.83779
67923,2.62768
67924,2.75888
67925,2.79542
67926,5.0
67927,1.63937
67928,5.0
67929,3.56927
67930,4.41896
67931,4.52152
67932,4.22944
67933,4.57664
67934,2.53192
67935,3.5013
67936,4.28822
67937,2.64483
67938,4.03413
67939,4.26042
67940,3.22367
67941,2.85108
67942,3.45166
67943,4.16774
67944,3.95478
67945,3.98742
67946,4.03578
67947,4.43264
67948,3.58587
67949,3.7986
67950,4.49819
67951,3.24301
67952,4.34302
67953,3.54306
67954,3.22724
67955,4.22529
67956,4.51301
67957,4.0263
67958,4.47114
67959,2.61971
67960,3.37147
67961,2.79061
67962,4.15688
67963,3.39076
67964,4.06586
67965,3.23138
67966,3.66774
67967,3.33414
67968,3.6177
67969,2.96464
67970,3.38977
67971,3.17142
67972,4.20703
67973,4.0393
67974,2.69698
67975,3.25801
67976,4.37758
67977,4.00801
67978,4.29583
67979,4.05242
67980,2.17329
67981,3.6054
67982,4.43938
67983,3.1924
67984,5.0
67985,3.8095
67986,4.48173
67987,4.25038
67988,3.6342
67989,3.943
67990,4.38061
67991,3.64634
67992,4.45387
67993,4.22439
67994,3.09414
67995,4.50328
67996,4.5438
67997,3.6109
67998,2.62695
67999,4.10736
68000,4.09342
68001,3.37166
68002,3.81092
68003,3.99305
68004,4.28671
68005,3.72314
68006,3.92155
68007,3.55145
68008,3.44355
68009,2.84538
68010,4.07014
68011,2.54135
68012,4.02491
68013,4.31492
68014,4.16529
68015,4.21946
68016,3.87591
68017,4.0021
68018,3.70418
68019,3.75657
68020,3.54815
68021,3.76108
68022,2.63757
68023,4.0988
68024,2.98178
68025,2.63411
68026,3.1161
68027,2.75624
68028,3.72082
68029,3.35751
68030,2.96123
68031,3.88037
68032,3.08512
68033,3.40221
68034,3.74851
68035,3.60806
68036,3.92238
68037,2.39332
68038,3.51028
68039,3.27541
68040,3.69303
68041,2.3156
68042,3.46222
68043,3.69649
68044,4.2508
68045,3.4959
68046,4.64805
68047,2.80161
68048,3.81301
68049,3.82052
68050,4.69247
68051,4.50071
68052,4.03692
68053,4.7515
68054,3.18432
68055,2.17682
68056,3.36689
68057,3.63696
68058,3.37398
68059,4.30758
68060,4.17414
68061,3.42798
68062,4.5417
68063,4.0166
68064,3.91753
68065,2.9382
68066,4.27243
68067,3.41748
68068,3.7097
68069,4.07126
68070,3.43539
68071,2.88939
68072,3.98994
68073,4.15412
68074,3.8619
68075,3.90687
68076,3.23482
68077,3.64315
68078,4.48893
68079,4.64151
68080,2.81008
68081,2.48195
68082,3.52856
68083,4.08104
68084,3.11407
68085,3.45613
68086,3.50713
68087,4.07086
68088,4.72844
68089,4.66067
68090,3.82778
68091,3.88436
68092,3.7929
68093,4.31526
68094,4.16234
68095,4.7132
68096,2.68969
68097,4.05529
68098,4.54393
68099,3.99528
68100,4.06017
68101,3.96345
68102,3.6055
68103,3.51276
68104,3.40786
68105,4.41783
68106,3.94215
68107,3.66913
68108,3.50303
68109,1.95891
68110,3.77951
68111,4.46853
68112,3.88029
68113,3.11774
68114,2.94572
68115,3.02326
68116,4.26842
68117,4.2836
68118,4.1683
68119,3.72064
68120,4.19548
68121,4.40145
68122,2.53704
68123,1.91335
68124,1.61584
68125,3.91445
68126,1.47029
68127,3.79929
68128,2.12582
68129,3.96067
68130,2.60984
68131,3.51271
68132,2.85424
68133,3.54989
68134,1.63248
68135,1.89837
68136,2.27852
68137,2.25017
68138,2.88728
68139,1.43705
68140,3.46254
68141,3.08242
68142,3.53388
68143,2.84188
68144,1.74078
68145,2.5635
68146,3.00651
68147,2.70733
68148,2.02504
68149,4.01407
68150,3.05117
68151,2.88968
68152,2.25302
68153,3.12215
68154,2.13073
68155,4.71171
68156,3.76431
68157,3.08222
68158,3.57346
68159,2.9123
68160,4.07621
68161,3.12035
68162,2.5858
68163,2.66846
68164,1.8724
68165,3.7478
68166,3.47289
68167,2.99816
68168,3.00632
68169,2.4723
68170,3.31054
68171,1.81805
68172,2.50666
68173,1.85351
68174,2.14776
68175,4.90436
68176,2.31364
68177,5.0
68178,3.00468
68179,4.54639
68180,3.61107
68181,3.44479
68182,3.02787
68183,2.67114
68184,5.0
68185,2.39231
68186,1.77345
68187,2.95181
68188,3.92549
68189,5.0
68190,5.0
68191,4.42095
68192,5.0
68193,4.91221
68194,4.55785
68195,4.3334
68196,4.66404
68197,3.51496
68198,3.86058
68199,4.03898
68200,4.21675
68201,4.28653
68202,3.61309
68203,4.68702
68204,4.98203
68205,4.78566
68206,4.37609
68207,3.83218
68208,4.02509
68209,3.82519
68210,3.83423
68211,4.09233
68212,3.82256
68213,3.54653
68214,3.57136
68215,3.59767
68216,3.71902
68217,4.03408
68218,3.36522
68219,3.718
68220,3.36004
68221,3.40025
68222,3.71737
68223,3.45943
68224,3.88072
68225,3.25525
68226,3.71265
68227,3.38818
68228,3.76399
68229,3.68457
68230,3.28076
68231,3.83904
68232,3.86414
68233,3.94143
68234,3.28553
68235,3.3371
68236,3.28472
68237,3.90991
68238,4.0052
68239,3.8646
68240,2.82177
68241,3.64499
68242,3.23507
68243,3.25226
68244,3.91631
68245,3.13409
68246,4.08474
68247,3.92966
68248,3.16075
68249,3.75993
68250,3.47965
68251,3.26526
68252,2.93399
68253,2.97619
68254,3.70028
68255,3.54374
68256,3.27413
68257,4.25446
68258,3.87285
68259,3.26871
68260,3.96124
68261,3.12612
68262,4.05785
68263,2.95091
68264,3.51242
68265,2.74416
68266,3.58862
68267,3.89171
68268,2.75804
68269,3.70248
68270,3.77235
68271,3.09198
68272,3.5022
68273,3.67305
68274,2.66021
68275,3.43948
68276,2.96095
68277,2.94419
68278,3.58172
68279,3.36536
68280,3.45533
68281,3.21485
68282,3.97385
68283,3.46493
68284,3.98193
68285,3.57347
68286,3.32697
68287,3.8087
68288,4.11788
68289,3.67844
68290,5.0
68291,4.73771
68292,5.0
68293,4.99987
68294,4.51735
68295,3.61762
68296,2.90232
68297,2.974
68298,4.4213
68299,3.65705
68300,3.55462
68301,3.50318
68302,3.71065
68303,4.58356
68304,4.43894
68305,4.56272
68306,3.63528
68307,4.42058
68308,5.0
68309,3.49734
68310,3.47316
68311,4.40968
68312,3.96552
68313,4.33176
68314,4.02138
68315,4.36745
68316,4.75768
68317,3.19896
68318,4.86977
68319,5.0
68320,3.56165
68321,2.72557
68322,2.65197
68323,2.84809
68324,3.155
68325,4.77753
68326,2.85005
68327,3.8934
68328,4.45967
68329,1.78732
68330,2.73594
68331,1.77389
68332,4.53872
68333,3.30306
68334,4.06352
68335,2.16531
68336,4.51355
68337,2.72852
68338,3.13684
68339,2.4025
68340,2.98775
68341,2.82961
68342,2.32474
68343,4.18176
68344,1.76215
68345,4.51222
68346,3.97177
68347,3.63171
68348,3.48592
68349,2.88195
68350,3.51434
68351,3.05572
68352,4.48977
68353,4.08326
68354,4.23472
68355,3.18465
68356,3.86282
68357,2.9522
68358,1.35254
68359,4.50308
68360,4.19144
68361,4.26967
68362,4.22341
68363,2.23087
68364,2.45221
68365,4.75135
68366,4.18906
68367,4.30343
68368,3.37178
68369,4.60018
68370,3.47118
68371,4.29431
68372,4.14565
68373,3.5919
68374,3.80746
68375,4.07739
68376,3.7265
68377,3.96221
68378,4.36385
68379,3.6843
68380,3.28626
68381,3.53456
68382,3.96235
68383,3.86045
68384,3.60345
68385,3.9134
68386,4.02035
68387,4.07912
68388,4.10234
68389,3.81101
68390,3.78527
68391,2.6494
68392,3.98049
68393,4.07788
68394,3.79974
68395,3.68068
68396,3.52352
68397,3.66197
68398,3.00566
68399,3.67164
68400,3.89028
68401,3.93658
68402,3.7375
68403,4.09
68404,3.44987
68405,4.14563
68406,3.22832
68407,3.58571
68408,4.45784
68409,3.54685
68410,4.09136
68411,3.96827
68412,4.05114
68413,4.06808
68414,3.57096
68415,4.76714
68416,3.63815
68417,4.16469
68418,3.40367
68419,3.30437
68420,3.85942
68421,3.3341
68422,3.58251
68423,3.27524
68424,3.11245
68425,2.84529
68426,4.00122
68427,4.6073
68428,2.33232
68429,4.14849
68430,3.2543
68431,3.38039
68432,3.78231
68433,4.33986
68434,3.97592
68435,4.07791
68436,4.55162
68437,4.4312
68438,4.56154
68439,4.00694
68440,3.93008
68441,4.39895
68442,4.01055
68443,4.16073
68444,4.45941
68445,3.82769
68446,4.52317
68447,4.48742
68448,4.16843
68449,3.90054
68450,3.91879
68451,3.8391
68452,4.37337
68453,4.20919
68454,3.91001
68455,4.33495
68456,4.56354
68457,4.07746
68458,1.53793
68459,3.37411
68460,2.77576
68461,2.37362
68462,2.51728
68463,3.17046
68464,3.14018
68465,3.98324
68466,3.99186
68467,5.0
68468,3.66528
68469,3.40833
68470,4.85254
68471,4.06844
68472,3.64773
68473,4.92006
68474,4.23799
68475,4.69078
68476,4.18643
68477,3.95927
68478,4.89257
68479,4.48335
68480,4.54896
68481,4.84027
68482,4.09505
68483,4.72965
68484,4.38073
68485,4.00563
68486,4.05503
68487,3.82675
68488,4.18295
68489,2.96793
68490,4.65182
68491,4.33758
68492,4.66971
68493,5.0
68494,5.0
68495,3.45287
68496,4.43765
68497,4.2098
68498,3.9087
68499,5.0
68500,2.33627
68501,3.93863
68502,3.22994
68503,4.05135
68504,3.44174
68505,3.81585
68506,3.73216
68507,4.70596
68508,4.98576
68509,3.7346
68510,4.58897
68511,3.69396
68512,4.7924
68513,3.63226
68514,4.54353
68515,4.48814
68516,4.14438
68517,4.72251
68518,4.72344
68519,4.38125
68520,3.39442
68521,4.40134
68522,3.41382
68523,3.71807
68524,3.16773
68525,2.7572
68526,3.58103
68527,2.80681
68528,3.95872
68529,3.13095
68530,3.04574
68531,2.53476
68532,3.44281
68533,3.86425
68534,2.76025
68535,2.6296
68536,3.14588
68537,3.07906
68538,3.49307
68539,1.88996
68540,3.3164
68541,3.28511
68542,2.47723
68543,2.60496
68544,3.58121
68545,4.48309
68546,3.17468
68547,3.73743
68548,4.43455
68549,4.50585
68550,3.64013
68551,4.90015
68552,4.35226
68553,3.62337
68554,4.21341
68555,3.68483
68556,4.38038
68557,1.93053
68558,4.05199
68559,3.19847
68560,4.66776
68561,4.73638
68562,3.90284
68563,4.13468
68564,3.69246
68565,3.8427
68566,3.41551
68567,3.3428
68568,3.96181
68569,3.68528
68570,4.25033
68571,4.09671
68572,4.08575
68573,4.34
68574,4.04581
68575,4.47209
68576,3.95
68577,5.0
68578,3.61392
68579,4.05361
68580,3.8422
68581,3.01774
68582,3.60185
68583,4.06543
68584,2.03775
68585,3.11782
68586,3.68025
68587,3.69591
68588,3.94228
68589,2.39336
68590,2.1697
68591,2.32087
68592,2.55579
68593,1.36088
68594,1.97573
68595,1.82675
68596,2.72018
68597,3.77768
68598,3.76888
68599,1.0056
68600,3.35262
68601,1.88575
68602,4.26741
68603,3.32106
68604,4.32828
68605,3.97096
68606,3.55603
68607,3.82714
68608,4.41332
68609,2.51708
68610,2.95496
68611,4.83384
68612,4.31646
68613,2.84562
68614,3.91764
68615,3.64061
68616,3.73366
68617,3.35777
68618,3.61292
68619,4.08924
68620,3.52531
68621,3.27918
68622,3.63953
68623,4.05742
68624,3.1334
68625,3.04816
68626,3.70887
68627,2.42486
68628,2.45515
68629,2.78938
68630,2.66574
68631,3.10514
68632,3.11025
68633,2.89763
68634,2.38063
68635,1.89136
68636,4.84683
68637,3.95422
68638,2.57836
68639,5.0
68640,4.29331
68641,3.24437
68642,4.05295
68643,3.92697
68644,4.90593
68645,3.44468
68646,3.44807
68647,4.88268
68648,4.7801
68649,4.61823
68650,4.66166
68651,4.23444
68652,3.82718
68653,2.28757
68654,4.39607
68655,3.78314
68656,3.1358
68657,3.01839
68658,4.33445
68659,4.26041
68660,4.12174
68661,2.83752
68662,3.76862
68663,3.41393
68664,4.25101
68665,3.79537
68666,3.11575
68667,4.45297
68668,3.15368
68669,4.59811
68670,3.88145
68671,4.88799
68672,4.46021
68673,4.31585
68674,4.36346
68675,2.75686
68676,3.81134
68677,4.79201
68678,4.28713
68679,4.45703
68680,3.00107
68681,4.03001
68682,3.29235
68683,4.57418
68684,4.54251
68685,3.89037
68686,3.87469
68687,4.13385
68688,4.2104
68689,3.97055
68690,3.92065
68691,4.13456
68692,3.75844
68693,4.50996
68694,4.39543
68695,4.38874
68696,3.45795
68697,4.12234
68698,4.03757
68699,4.52547
68700,3.87462
68701,4.2111
68702,3.84272
68703,4.85981
68704,3.04528
68705,4.01029
68706,4.21937
68707,3.41593
68708,2.61079
68709,3.6009
68710,3.73296
68711,3.38661
68712,3.39692
68713,3.97584
68714,3.96299
68715,4.46014
68716,4.13649
68717,2.28682
68718,4.44031
68719,3.70943
68720,3.98062
68721,4.0464
68722,3.77139
68723,3.36113
68724,4.15976
68725,3.50231
68726,4.32053
68727,3.54946
68728,3.2506
68729,3.02704
68730,3.76462
68731,4.07311
68732,3.92583
68733,3.92818
68734,3.84612
68735,3.932
68736,4.92449
68737,4.82619
68738,4.50536
68739,3.63444
68740,3.37096
68741,4.1626
68742,3.77428
68743,3.53022
68744,4.07091
68745,3.93346
68746,4.8329
68747,2.80666
68748,2.28807
68749,3.74057
68750,4.5125
68751,4.16301
68752,4.11194
68753,3.59354
68754,3.7092
68755,3.21852
68756,4.1432
68757,4.53018
68758,4.98352
68759,4.01024
68760,4.26966
68761,3.99514
68762,3.34162
68763,3.78888
68764,3.97746
68765,3.03624
68766,5.0
68767,3.46963
68768,3.14438
68769,4.01686
68770,4.97941
68771,3.90767
68772,4.29096
68773,3.0643
68774,2.7053
68775,4.06798
68776,3.78289
68777,4.17262
68778,4.03554
68779,4.36325
68780,3.77799
68781,3.40502
68782,3.70372
68783,4.26831
68784,4.3641
68785,3.72124
68786,3.69246
68787,4.05168
68788,4.85148
68789,4.45388
68790,3.92809
68791,4.34259
68792,3.72304
68793,3.90985
68794,3.94285
68795,3.19997
68796,3.28653
68797,3.64427
68798,4.34151
68799,4.17433
68800,3.97003
68801,3.76237
68802,3.79424
68803,3.31594
68804,4.19409
68805,4.44812
68806,3.62505
68807,3.06207
68808,4.44208
68809,3.34321
68810,4.16934
68811,2.98687
68812,3.75113
68813,3.66508
68814,3.08758
68815,3.93905
68816,3.90471
68817,3.55423
68818,3.68321
68819,3.67807
68820,3.46662
68821,3.76399
68822,3.89346
68823,3.80254
68824,3.19334
68825,2.92586
68826,3.8499
68827,3.80343
68828,4.98726
68829,3.67199
68830,3.71441
68831,3.36761
68832,3.58
68833,4.24455
68834,3.83033
68835,4.15228
68836,3.54336
68837,5.0
68838,5.0
68839,4.33518
68840,4.04777
68841,4.34362
68842,3.91346
68843,4.10415
68844,4.03699
68845,4.32932
68846,3.74537
68847,3.47524
68848,2.7807
68849,4.07078
68850,4.44482
68851,4.05556
68852,3.60947
68853,3.68028
68854,4.84574
68855,4.67758
68856,3.23234
68857,4.45435
68858,4.16348
68859,3.8364
68860,4.74168
68861,3.77611
68862,4.076
68863,4.66178
68864,4.54274
68865,4.74185
68866,4.52951
68867,4.65409
68868,3.3875
68869,4.06325
68870,3.13731
68871,3.92871
68872,2.8343
68873,4.05391
68874,3.7151
68875,3.35793
68876,3.63596
68877,2.95799
68878,4.4844
68879,4.14205
68880,3.43291
68881,1.99799
68882,4.42743
68883,3.80378
68884,3.91964
68885,3.66616
68886,3.06221
68887,4.52519
68888,2.35843
68889,4.9144
68890,4.26538
68891,4.35846
68892,2.67225
68893,4.35821
68894,4.70917
68895,3.18146
68896,1.57173
68897,3.48602
68898,3.89147
68899,2.52295
68900,4.11538
68901,4.77952
68902,3.01626
68903,4.19532
68904,4.14535
68905,3.89589
68906,1.54132
68907,4.00352
68908,4.04272
68909,3.15991
68910,3.37825
68911,3.8778
68912,4.16917
68913,4.32646
68914,2.20466
68915,4.08905
68916,3.89176
68917,4.23222
68918,4.23854
68919,4.96684
68920,3.83439
68921,1.28698
68922,3.7587
68923,4.36333
68924,3.15413
68925,2.71939
68926,3.04852
68927,2.49503
68928,3.84279
68929,3.78787
68930,3.86151
68931,3.34557
68932,3.79479
68933,4.59802
68934,4.8459
68935,3.01087
68936,3.53405
68937,3.42063
68938,3.19363
68939,3.74472
68940,3.98275
68941,3.12663
68942,2.86809
68943,3.46707
68944,4.05034
68945,2.54139
68946,3.81955
68947,3.06255
68948,3.39516
68949,2.94874
68950,3.38497
68951,1.94503
68952,3.90281
68953,3.83352
68954,3.28543
68955,3.78602
68956,3.87353
68957,4.82956
68958,3.77528
68959,3.30152
68960,4.14748
68961,2.86449
68962,3.30071
68963,3.4224
68964,2.02998
68965,2.46901
68966,3.44816
68967,3.33593
68968,2.51026
68969,3.4828
68970,3.76883
68971,3.07038
68972,3.63047
68973,4.53109
68974,3.36789
68975,3.2256
68976,3.56423
68977,2.28791
68978,4.44384
68979,3.15713
68980,3.37826
68981,2.9936
68982,3.54899
68983,3.93807
68984,3.28281
68985,3.57555
68986,3.38437
68987,2.88362
68988,3.80594
68989,3.43777
68990,4.37527
68991,3.92238
68992,3.76428
68993,3.24627
68994,3.48118
68995,3.63527
68996,3.97539
68997,3.36508
68998,3.49185
68999,2.9767
69000,2.93144
69001,3.83976
69002,3.83111
69003,3.26065
69004,3.56563
69005,3.77464
69006,3.78001
69007,3.48033
69008,3.76912
69009,4.48364
69010,4.42604
69011,4.05201
69012,3.54582
69013,3.71503
69014,4.2765
69015,3.56017
69016,3.89422
69017,4.89985
69018,4.67413
69019,4.64705
69020,4.83713
69021,3.02566
69022,3.24301
69023,3.1523
69024,3.65846
69025,3.62849
69026,3.00711
69027,3.17776
69028,3.38984
69029,3.08942
69030,3.96297
69031,3.82647
69032,3.22398
69033,2.37612
69034,3.47799
69035,3.96356
69036,3.65832
69037,2.77672
69038,4.17111
69039,3.83921
69040,3.94001
69041,3.34547
69042,4.7874
69043,5.0
69044,3.8802
69045,3.93694
69046,3.05396
69047,4.94179
69048,3.98069
69049,4.66586
69050,3.86996
69051,3.57331
69052,5.0
69053,4.11667
69054,4.38522
69055,3.07467
69056,3.77014
69057,4.3677
69058,3.87525
69059,3.9501
69060,4.48465
69061,2.83844
69062,4.53291
69063,3.67205
69064,4.41737
69065,4.08598
69066,4.1286
69067,2.35131
69068,3.18099
69069,4.34551
69070,3.11264
69071,2.17606
69072,3.40189
69073,1.94382
69074,3.41742
69075,1.51592
69076,5.0
69077,1.62526
69078,4.08961
69079,4.61935
69080,4.07497
69081,3.04409
69082,3.62301
69083,3.61553
69084,3.76883
69085,2.67398
69086,3.64137
69087,3.83764
69088,4.11381
69089,4.45478
69090,4.25405
69091,3.63
69092,3.3094
69093,1.98418
69094,4.98447
69095,5.0
69096,3.59047
69097,4.71359
69098,3.95825
69099,3.76764
69100,3.40674
69101,3.61834
69102,3.20552
69103,3.84269
69104,3.69552
69105,4.12234
69106,4.33129
69107,4.11798
69108,3.30265
69109,3.89178
69110,4.52067
69111,3.52085
69112,3.76768
69113,4.57912
69114,3.28565
69115,4.25694
69116,3.19939
69117,4.2121
69118,3.83084
69119,3.81983
69120,3.39982
69121,3.63886
69122,3.88341
69123,3.72862
69124,3.5906
69125,4.59577
69126,4.42683
69127,4.59109
69128,3.74953
69129,3.5797
69130,3.70934
69131,3.55162
69132,3.31549
69133,3.25926
69134,3.11758
69135,4.17945
69136,3.11221
69137,3.58329
69138,2.86463
69139,3.82877
69140,4.22094
69141,4.20741
69142,3.08939
69143,4.09596
69144,4.13031
69145,3.0815
69146,3.05381
69147,2.29222
69148,3.43907
69149,3.04598
69150,3.39217
69151,2.49761
69152,3.4951
69153,3.07703
69154,4.54134
69155,2.93582
69156,3.84729
69157,2.08866
69158,3.86217
69159,2.77282
69160,2.20986
69161,2.19256
69162,3.42183
69163,3.6024
69164,2.91547
69165,2.60554
69166,3.11621
69167,2.91706
69168,2.40609
69169,2.67814
69170,2.97426
69171,2.66494
69172,4.03873
69173,3.66293
69174,3.18352
69175,3.11846
69176,3.44882
69177,2.837
69178,4.0019
69179,3.58442
69180,4.03229
69181,3.49862
69182,4.31315
69183,4.16842
69184,2.88152
69185,2.09786
69186,2.86244
69187,4.41284
69188,2.67823
69189,3.01826
69190,3.20009
69191,2.2791
69192,3.81432
69193,2.2964
69194,1.42903
69195,3.56647
69196,3.23426
69197,3.09619
69198,3.16603
69199,3.69002
69200,2.34614
69201,3.4177
69202,3.33781
69203,1.0
69204,3.50663
69205,2.88144
69206,3.19413
69207,2.7143
69208,4.52462
69209,1.68714
69210,3.60724
69211,4.12088
69212,1.81099
69213,2.48248
69214,3.487
69215,1.71682
69216,4.40889
69217,2.65988
69218,3.04715
69219,4.17611
69220,2.3168
69221,4.69846
69222,1.56054
69223,4.43118
69224,3.40429
69225,4.20075
69226,3.83373
69227,4.22429
69228,4.11459
69229,4.04335
69230,4.75748
69231,4.16185
69232,3.4495
69233,3.91963
69234,4.40272
69235,3.37163
69236,4.38159
69237,3.7893
69238,4.08025
69239,4.33029
69240,3.50826
69241,4.4251
69242,4.03568
69243,4.82819
69244,4.60113
69245,2.34748
69246,3.61775
69247,2.42554
69248,4.79865
69249,4.43104
69250,3.48568
69251,3.97565
69252,2.91217
69253,3.36215
69254,3.99594
69255,3.21374
69256,3.25283
69257,2.8673
69258,2.66324
69259,3.47529
69260,3.10415
69261,2.76166
69262,3.68802
69263,3.78458
69264,4.19794
69265,3.45159
69266,4.17762
69267,4.68025
69268,4.39436
69269,4.77085
69270,5.0
69271,3.6885
69272,4.17228
69273,4.02298
69274,3.82332
69275,3.78209
69276,3.44986
69277,3.76823
69278,3.57373
69279,4.38816
69280,3.51455
69281,4.21898
69282,4.1977
69283,4.77004
69284,3.96821
69285,3.29892
69286,4.00423
69287,3.98031
69288,4.03169
69289,3.47443
69290,3.83322
69291,2.16538
69292,2.47166
69293,2.91967
69294,3.50492
69295,3.39187
69296,3.72868
69297,3.26364
69298,2.5298
69299,3.94099
69300,3.15905
69301,3.77639
69302,3.54269
69303,2.46268
69304,3.48983
69305,2.96702
69306,3.19619
69307,3.47459
69308,3.07801
69309,3.11536
69310,4.11273
69311,3.35207
69312,3.15935
69313,3.06747
69314,3.36494
69315,3.38099
69316,2.44389
69317,4.11453
69318,3.58734
69319,3.6555
69320,2.94921
69321,3.70797
69322,3.00915
69323,3.47083
69324,2.51657
69325,4.50187
69326,4.28354
69327,3.32813
69328,4.34034
69329,3.39845
69330,3.79723
69331,3.05581
69332,3.81592
69333,4.02059
69334,4.54878
69335,4.13275
69336,3.33867
69337,1.7116
69338,4.33135
69339,3.868
69340,4.67988
69341,4.36221
69342,4.19696
69343,4.57449
69344,4.3798
69345,4.14944
69346,2.5918
69347,3.85879
69348,3.98754
69349,3.60793
69350,4.14258
69351,3.66801
69352,4.35364
69353,2.68439
69354,4.42104
69355,2.28864
69356,3.88404
69357,3.582
69358,3.22557
69359,3.89081
69360,5.0
69361,3.73422
69362,3.27465
69363,4.27152
69364,3.9543
69365,3.00407
69366,3.45827
69367,4.61045
69368,4.43287
69369,3.42375
69370,2.38194
69371,2.46231
69372,1.80842
69373,3.03436
69374,3.54189
69375,4.0304
69376,3.52234
69377,4.00625
69378,2.82428
69379,3.81645
69380,4.25514
69381,4.03669
69382,3.4748
69383,3.90835
69384,3.92568
69385,4.19127
69386,3.74669
69387,3.6542
69388,3.34207
69389,4.02878
69390,4.30438
69391,3.95128
69392,3.87246
69393,3.66336
69394,3.72897
69395,3.9759
69396,4.09189
69397,4.32823
69398,3.68397
69399,3.28279
69400,4.10654
69401,3.96194
69402,4.06454
69403,3.79605
69404,4.09902
69405,3.32465
69406,3.05985
69407,3.9538
69408,4.16829
69409,3.81849
69410,4.37432
69411,3.92572
69412,3.89598
69413,4.25467
69414,2.77388
69415,2.40034
69416,2.7093
69417,2.13566
69418,4.00588
69419,3.55292
69420,2.82132
69421,4.67885
69422,4.52243
69423,1.0
69424,2.65597
69425,4.19057
69426,2.88089
69427,3.51726
69428,2.72287
69429,2.8351
69430,3.74863
69431,3.22172
69432,3.11753
69433,3.01026
69434,2.25648
69435,3.63929
69436,3.30062
69437,4.20636
69438,4.26049
69439,2.29534
69440,1.9898
69441,2.38297
69442,1.0079
69443,2.91155
69444,1.43275
69445,4.03192
69446,2.68786
69447,1.72459
69448,1.32222
69449,2.5303
69450,4.25502
69451,2.7298
69452,3.52362
69453,4.24068
69454,3.37948
69455,4.2695
69456,2.24915
69457,2.54162
69458,2.73323
69459,1.74021
69460,1.838
69461,3.98683
69462,2.48207
69463,3.97762
69464,2.43925
69465,3.26769
69466,1.57972
69467,3.95452
69468,1.09865
69469,3.47947
69470,3.20979
69471,2.32993
69472,3.59542
69473,2.94845
69474,2.96224
69475,2.94488
69476,3.64711
69477,3.12376
69478,3.98022
69479,2.54293
69480,3.15702
69481,1.60469
69482,3.11309
69483,4.02803
69484,3.93752
69485,4.56842
69486,4.58856
69487,4.20064
69488,4.31213
69489,3.17951
69490,4.076
69491,3.3656
69492,4.65411
69493,3.61823
69494,4.14907
69495,3.12359
69496,4.02222
69497,4.47798
69498,3.85238
69499,3.04805
69500,4.72903
69501,4.83068
69502,2.03192
69503,3.99087
69504,3.35314
69505,2.80554
69506,4.6148
69507,1.75915
69508,4.57206
69509,3.85035
69510,3.99609
69511,4.55869
69512,4.64003
69513,3.69458
69514,4.54579
69515,3.90646
69516,2.43949
69517,2.34646
69518,4.46121
69519,3.93377
69520,3.92945
69521,2.71184
69522,3.06046
69523,4.2908
69524,3.97779
69525,2.99208
69526,3.43478
69527,4.33392
69528,4.00215
69529,3.15307
69530,3.91625
69531,4.04155
69532,4.50393
69533,4.47118
69534,2.87557
69535,3.11215
69536,3.62754
69537,2.95822
69538,3.97347
69539,3.51747
69540,4.13301
69541,3.48105
69542,3.80215
69543,3.15198
69544,3.66543
69545,3.74756
69546,3.3742
69547,3.65989
69548,4.66715
69549,4.45361
69550,3.15653
69551,3.37706
69552,3.96782
69553,4.5608
69554,4.37163
69555,3.95147
69556,3.95703
69557,4.01431
69558,4.84832
69559,4.69085
69560,4.47189
69561,3.0086
69562,4.55097
69563,4.91721
69564,5.0
69565,3.16256
69566,4.36426
69567,3.60015
69568,3.38246
69569,3.54047
69570,4.63218
69571,4.36971
69572,2.09684
69573,4.86899
69574,3.59757
69575,3.5224
69576,3.45824
69577,3.78871
69578,3.77958
69579,5.0
69580,3.04023
69581,4.11533
69582,4.68012
69583,3.2056
69584,3.24336
69585,4.31577
69586,4.53541
69587,4.82405
69588,4.0987
69589,3.29903
69590,3.86572
69591,3.65118
69592,2.94621
69593,3.6676
69594,3.45894
69595,1.83842
69596,2.0424
69597,2.40685
69598,2.24859
69599,1.0
69600,3.34861
69601,1.75152
69602,3.48839
69603,4.10516
69604,2.44368
69605,3.37631
69606,4.60978
69607,3.23726
69608,2.25817
69609,4.14972
69610,3.58928
69611,4.30243
69612,2.83334
69613,3.47661
69614,3.44859
69615,4.66838
69616,3.76087
69617,4.69532
69618,4.23737
69619,4.64271
69620,4.03302
69621,2.91263
69622,2.99866
69623,4.12215
69624,2.72567
69625,4.13393
69626,3.76887
69627,2.20703
69628,2.65405
69629,4.9957
69630,3.78035
69631,4.38145
69632,4.34789
69633,4.27669
69634,3.72531
69635,1.6195
69636,4.04699
69637,3.43181
69638,3.56328
69639,3.59816
69640,3.23202
69641,3.51046
69642,4.82796
69643,3.0884
69644,3.72254
69645,4.37455
69646,2.01564
69647,4.07792
69648,3.57716
69649,2.67046
69650,3.14169
69651,2.50279
69652,2.34554
69653,2.81968
69654,3.522
69655,3.57037
69656,4.67758
69657,3.65913
69658,4.25471
69659,3.88481
69660,4.53999
69661,3.65982
69662,4.6561
69663,4.12818
69664,4.55723
69665,4.24059
69666,2.74875
69667,4.3241
69668,4.28998
69669,4.10305
69670,3.99578
69671,4.02453
69672,3.16234
69673,3.49225
69674,1.9419
69675,3.97979
69676,3.70977
69677,2.6399
69678,3.57319
69679,4.11776
69680,3.07231
69681,4.0106
69682,5.0
69683,2.35379
69684,3.94928
69685,3.69607
69686,3.91215
69687,4.23254
69688,4.01241
69689,4.13284
69690,3.81838
69691,1.0
69692,3.77722
69693,2.98764
69694,2.82733
69695,4.89845
69696,3.99489
69697,4.84104
69698,3.48425
69699,4.70536
69700,4.88607
69701,3.51518
69702,3.8442
69703,2.27509
69704,3.38453
69705,4.06777
69706,2.97623
69707,3.29199
69708,3.44259
69709,3.403
69710,1.0
69711,2.85581
69712,4.23815
69713,3.36038
69714,4.1845
69715,3.66179
69716,3.41447
69717,4.21953
69718,4.37353
69719,4.40924
69720,2.91275
69721,3.84747
69722,3.55632
69723,4.57814
69724,2.83904
69725,2.34241
69726,4.29027
69727,2.77421
69728,4.1361
69729,3.45479
69730,4.31717
69731,3.81473
69732,4.09403
69733,3.99237
69734,2.48132
69735,4.29806
69736,3.87532
69737,3.35374
69738,3.69233
69739,3.38361
69740,4.29629
69741,4.32046
69742,4.60314
69743,2.28827
69744,3.82373
69745,4.10001
69746,4.82233
69747,4.24273
69748,3.53181
69749,2.62548
69750,2.83467
69751,3.60493
69752,3.75696
69753,4.46721
69754,4.75195
69755,3.58342
69756,3.10999
69757,3.14015
69758,5.0
69759,2.43253
69760,4.52758
69761,3.29284
69762,4.1739
69763,3.41607
69764,3.75426
69765,2.42317
69766,3.41565
69767,2.21402
69768,1.69435
69769,3.33249
69770,3.90603
69771,2.97036
69772,3.5676
69773,4.45957
69774,4.10591
69775,2.70939
69776,4.96555
69777,2.64558
69778,4.49664
69779,2.79283
69780,2.69839
69781,3.83897
69782,4.30681
69783,2.3774
69784,3.85467
69785,4.33304
69786,3.33935
69787,4.32505
69788,2.28913
69789,5.0
69790,1.49081
69791,2.48636
69792,3.96795
69793,3.92408
69794,3.71521
69795,3.39399
69796,3.87208
69797,4.09115
69798,3.65717
69799,3.70799
69800,3.30973
69801,4.05282
69802,3.63268
69803,4.37902
69804,3.73361
69805,4.07777
69806,3.77482
69807,3.16527
69808,4.71414
69809,3.20922
69810,4.46993
69811,3.35132
69812,5.0
69813,2.06708
69814,3.92862
69815,3.11201
69816,3.18705
69817,2.78558
69818,4.96815
69819,5.0
69820,5.0
69821,4.00185
69822,3.62261
69823,1.91139
69824,3.95831
69825,4.56274
69826,4.06257
69827,4.04516
69828,3.465
69829,2.23375
69830,3.94489
69831,4.41101
69832,3.79462
69833,3.14998
69834,4.4758
69835,3.91795
69836,4.78096
69837,3.77385
69838,5.0
69839,3.80115
69840,4.49333
69841,5.0
69842,4.42851
69843,4.17968
69844,3.02903
69845,4.6478
69846,5.0
69847,4.16745
69848,4.79757
69849,4.04265
69850,3.76232
69851,4.09704
69852,4.80728
69853,4.3964
69854,4.14585
69855,4.52356
69856,5.0
69857,4.11143
69858,3.92637
69859,4.64176
69860,4.25722
69861,4.18361
69862,3.28349
69863,3.69712
69864,3.54672
69865,4.50099
69866,4.73021
69867,4.07204
69868,4.53166
69869,4.60482
69870,4.47815
69871,3.55951
69872,2.73615
69873,4.92206
69874,4.42413
69875,3.83154
69876,4.45802
69877,4.27622
69878,4.34872
69879,3.75153
69880,4.43348
69881,2.84251
69882,2.77316
69883,2.55981
69884,3.71278
69885,3.12042
69886,4.08298
69887,2.94249
69888,2.88851
69889,3.40914
69890,1.98357
69891,4.62581
69892,3.68498
69893,2.89794
69894,4.36549
69895,1.38827
69896,1.96476
69897,4.19903
69898,1.90544
69899,2.75355
69900,4.34036
69901,1.46354
69902,4.70246
69903,4.60576
69904,4.49581
69905,4.09915
69906,2.59953
69907,3.01818
69908,3.02537
69909,3.77593
69910,2.34742
69911,1.51217
69912,3.07156
69913,1.80447
69914,2.86597
69915,3.59534
69916,2.55729
69917,3.26668
69918,2.66569
69919,3.73454
69920,3.90438
69921,3.71892
69922,2.87722
69923,4.509
69924,3.53304
69925,2.81756
69926,2.43445
69927,2.75999
69928,2.00874
69929,2.78231
69930,2.26411
69931,2.75433
69932,3.40451
69933,3.69117
69934,2.71599
69935,3.07412
69936,1.67432
69937,2.0962
69938,3.6493
69939,3.49315
69940,3.50375
69941,2.81062
69942,3.30653
69943,3.57764
69944,2.93979
69945,3.39631
69946,2.85633
69947,3.31698
69948,3.23421
69949,3.2631
69950,3.12946
69951,3.20581
69952,2.88119
69953,2.7508
69954,3.37832
69955,2.80771
69956,1.40634
69957,3.25082
69958,3.79728
69959,2.13972
69960,1.94828
69961,2.85128
69962,2.10616
69963,1.9188
69964,3.37032
69965,1.7785
69966,3.06588
69967,2.77624
69968,3.46504
69969,3.27756
69970,2.7939
69971,3.3727
69972,2.94992
69973,2.76514
69974,2.55714
69975,2.55152
69976,3.28392
69977,3.51287
69978,3.30684
69979,1.90671
69980,3.2344
69981,3.83686
69982,2.13401
69983,2.26388
69984,3.84756
69985,3.23363
69986,1.79593
69987,2.96865
69988,2.23689
69989,2.50227
69990,3.26358
69991,2.17606
69992,2.46635
69993,3.14843
69994,2.31166
69995,1.98887
69996,2.91713
69997,2.39828
69998,2.99888
69999,2.2705
70000,2.38018
70001,2.07594
70002,2.24636
70003,2.26629
70004,1.5042
70005,3.16299
70006,3.38952
70007,3.12953
70008,2.32976
70009,3.46148
70010,2.63702
70011,3.77267
70012,3.07851
70013,3.0599
70014,2.54985
70015,4.10124
70016,3.91603
70017,4.86829
70018,5.0
70019,5.0
70020,4.49811
70021,2.90891
70022,3.11228
70023,3.45345
70024,3.52046
70025,2.67802
70026,4.82727
70027,5.0
70028,4.84232
70029,4.57873
70030,3.47065
70031,4.02076
70032,1.65941
70033,3.44061
70034,4.0603
70035,1.74244
70036,3.21379
70037,2.49095
70038,2.72783
70039,3.06805
70040,4.14418
70041,3.27173
70042,2.87605
70043,2.71124
70044,4.33977
70045,3.61922
70046,4.16368
70047,3.85927
70048,3.62373
70049,3.40716
70050,3.52725
70051,3.37604
70052,3.82863
70053,3.92457
70054,3.13328
70055,3.61751
70056,3.7534
70057,3.64027
70058,4.07088
70059,4.33425
70060,3.72957
70061,2.82315
70062,3.66816
70063,3.49729
70064,3.8404
70065,3.91305
70066,3.82057
70067,3.09637
70068,4.46948
70069,3.28366
70070,4.7535
70071,3.95321
70072,5.0
70073,3.85406
70074,4.3498
70075,4.28647
70076,4.03772
70077,4.50753
70078,4.88011
70079,3.912
70080,3.66651
70081,3.66047
70082,4.51096
70083,2.85086
70084,4.79504
70085,4.03704
70086,4.53253
70087,5.0
70088,4.78873
70089,3.77284
70090,4.7922
70091,2.38018
70092,4.54259
70093,4.58436
70094,4.75511
70095,2.12625
70096,4.83851
70097,2.63254
70098,3.71855
70099,2.18953
70100,3.48321
70101,4.44092
70102,3.94046
70103,4.53357
70104,3.34043
70105,2.96742
70106,3.84047
70107,2.69913
70108,4.09811
70109,2.63469
70110,2.80845
70111,4.95721
70112,3.60759
70113,4.07063
70114,4.43031
70115,4.19498
70116,4.52985
70117,4.08854
70118,4.41449
70119,4.25813
70120,5.0
70121,4.46759
70122,4.17284
70123,2.82651
70124,4.65826
70125,3.77548
70126,2.94607
70127,4.37575
70128,3.29143
70129,3.48728
70130,4.19422
70131,3.22809
70132,4.03667
70133,4.62155
70134,3.71539
70135,3.79786
70136,4.3072
70137,4.5755
70138,4.88894
70139,4.05596
70140,3.60526
70141,4.62194
70142,3.80872
70143,4.72812
70144,4.66347
70145,4.95695
70146,4.76796
70147,4.87938
70148,4.64613
70149,4.73292
70150,3.66717
70151,4.60468
70152,4.13314
70153,4.789
70154,3.88846
70155,4.47239
70156,4.70405
70157,3.72633
70158,4.27114
70159,4.6878
70160,3.29963
70161,4.33279
70162,4.78884
70163,4.65953
70164,4.28424
70165,4.55623
70166,4.98167
70167,3.28874
70168,3.66282
70169,4.78023
70170,4.59602
70171,4.55639
70172,2.75349
70173,4.37304
70174,4.78306
70175,4.21498
70176,3.69353
70177,3.92521
70178,4.69394
70179,4.25497
70180,4.04475
70181,4.2124
70182,5.0
70183,4.87168
70184,4.44145
70185,3.73951
70186,3.85154
70187,4.32582
70188,4.65795
70189,4.64802
70190,3.4211
70191,4.71862
70192,4.64366
70193,3.6763
70194,4.65098
70195,4.07499
70196,3.92797
70197,3.22698
70198,3.28786
70199,3.40375
70200,3.08268
70201,3.27061
70202,2.80952
70203,5.0
70204,3.27357
70205,3.73472
70206,3.44012
70207,4.64082
70208,3.62305
70209,2.92267
70210,4.03086
70211,3.62658
70212,3.58735
70213,4.66208
70214,2.77971
70215,2.86121
70216,3.16681
70217,3.46735
70218,3.51881
70219,4.41945
70220,4.5793
70221,3.7466
70222,4.20606
70223,3.6363
70224,4.49252
70225,4.4358
70226,4.20028
70227,4.26186
70228,3.09282
70229,4.26949
70230,3.04509
70231,2.51368
70232,3.74971
70233,4.39303
70234,4.25825
70235,3.47855
70236,4.20762
70237,4.03901
70238,4.59651
70239,4.02047
70240,4.71267
70241,4.55412
70242,4.34025
70243,4.27617
70244,4.06056
70245,3.10085
70246,4.35002
70247,5.0
70248,4.1593
70249,3.95106
70250,4.78651
70251,4.49862
70252,4.1176
70253,4.54144
70254,4.37653
70255,4.61174
70256,4.30138
70257,3.98722
70258,4.26137
70259,3.80727
70260,4.42878
70261,3.78674
70262,4.19112
70263,3.37678
70264,2.91044
70265,4.29348
70266,4.67295
70267,4.48149
70268,4.65729
70269,4.46418
70270,3.58666
70271,3.80016
70272,2.71356
70273,3.95193
70274,3.49171
70275,4.63394
70276,4.02082
70277,3.57377
70278,4.25251
70279,4.16913
70280,4.18697
70281,4.10148
70282,3.99375
70283,4.09511
70284,3.9978
70285,4.22895
70286,4.06601
70287,4.21002
70288,3.60915
70289,4.66519
70290,4.51922
70291,4.39976
70292,4.44731
70293,4.48175
70294,3.61149
70295,4.15271
70296,4.10658
70297,3.12881
70298,4.25217
70299,4.06941
70300,3.3973
70301,4.52678
70302,4.52324
70303,4.41311
70304,4.06797
70305,5.0
70306,3.03267
70307,3.801
70308,3.15567
70309,4.08104
70310,3.09314
70311,4.35507
70312,3.9875
70313,4.11707
70314,3.58784
70315,4.33955
70316,3.78484
70317,4.33662
70318,3.57185
70319,4.10116
70320,4.34707
70321,4.2768
70322,4.64516
70323,4.69259
70324,4.62302
70325,2.99963
70326,4.80994
70327,4.62004
70328,4.11012
70329,4.47578
70330,3.93135
70331,4.00273
70332,4.05769
70333,3.80571
70334,3.68461
70335,3.97628
70336,2.71024
70337,4.2802
70338,4.3237
70339,3.16785
70340,3.69326
70341,4.26868
70342,4.12697
70343,4.4009
70344,3.66901
70345,4.09258
70346,4.96199
70347,1.0
70348,3.95153
70349,2.34958
70350,2.76032
70351,3.45241
70352,3.7959
70353,2.04988
70354,3.15606
70355,3.16117
70356,4.74449
70357,2.84536
70358,2.5172
70359,3.53752
70360,4.13177
70361,3.72256
70362,4.46919
70363,3.60841
70364,4.26091
70365,1.26549
70366,3.71119
70367,2.8362
70368,4.29284
70369,3.12629
70370,3.6301
70371,3.38933
70372,3.10146
70373,4.52353
70374,2.76741
70375,3.27508
70376,3.49095
70377,3.25162
70378,2.98629
70379,3.18903
70380,4.06763
70381,3.92318
70382,2.9491
70383,2.73027
70384,3.05037
70385,3.46079
70386,3.71936
70387,2.74492
70388,4.15835
70389,3.14764
70390,4.22469
70391,3.22181
70392,5.0
70393,4.61523
70394,3.05444
70395,4.71232
70396,4.28944
70397,4.47224
70398,3.48845
70399,3.20119
70400,3.52421
70401,4.77065
70402,3.26164
70403,4.73603
70404,3.04931
70405,3.09068
70406,4.74254
70407,3.69947
70408,4.55413
70409,2.99153
70410,4.2603
70411,3.53844
70412,3.54764
70413,4.04745
70414,2.82927
70415,2.35227
70416,1.96381
70417,3.68218
70418,4.01718
70419,3.47062
70420,2.75364
70421,2.98576
70422,3.84402
70423,2.71867
70424,2.79626
70425,3.2203
70426,3.32597
70427,3.6162
70428,3.33895
70429,5.0
70430,4.19371
70431,4.17347
70432,4.60161
70433,3.86658
70434,2.70892
70435,2.75511
70436,3.67164
70437,2.41387
70438,3.95891
70439,3.21314
70440,3.71182
70441,3.81943
70442,3.46529
70443,4.12363
70444,4.47184
70445,4.24552
70446,3.50355
70447,4.289
70448,3.83124
70449,4.02098
70450,3.21531
70451,3.63299
70452,2.97161
70453,4.01843
70454,3.74089
70455,3.89123
70456,4.83491
70457,2.97879
70458,4.31474
70459,4.07216
70460,4.54948
70461,4.75823
70462,4.15825
70463,3.62169
70464,4.08077
70465,3.61888
70466,4.18134
70467,3.14348
70468,3.84371
70469,3.87113
70470,4.15932
70471,3.63118
70472,3.76774
70473,3.28014
70474,3.31701
70475,3.79574
70476,3.79939
70477,4.07818
70478,3.03457
70479,2.60209
70480,2.6753
70481,2.65392
70482,4.15468
70483,3.39989
70484,3.1486
70485,1.68986
70486,2.03195
70487,5.0
70488,1.6841
70489,4.04438
70490,2.00822
70491,1.0
70492,2.05944
70493,2.49488
70494,1.5373
70495,3.30377
70496,1.98521
70497,3.33994
70498,1.66772
70499,1.42695
70500,1.39534
70501,3.23152
70502,3.37191
70503,4.55377
70504,4.54464
70505,2.68409
70506,1.84607
70507,1.0
70508,1.27891
70509,4.18304
70510,2.49313
70511,2.22151
70512,2.55317
70513,3.98672
70514,3.55318
70515,1.0
70516,1.46306
70517,2.06846
70518,1.83472
70519,2.52396
70520,2.35681
70521,3.91007
70522,1.82167
70523,4.84285
70524,1.11587
70525,2.73733
70526,4.43703
70527,2.29849
70528,2.47557
70529,4.0134
70530,2.68237
70531,3.48047
70532,2.54061
70533,2.92561
70534,1.55082
70535,2.09907
70536,2.58937
70537,3.24016
70538,4.70677
70539,1.0
70540,4.43064
70541,4.49813
70542,4.04318
70543,3.12373
70544,3.48094
70545,3.31307
70546,1.93647
70547,1.44798
70548,5.0
70549,2.20495
70550,2.13575
70551,3.61191
70552,2.19532
70553,3.70217
70554,1.38913
70555,2.80977
70556,2.89674
70557,2.64003
70558,2.93106
70559,1.17947
70560,1.96499
70561,1.0
70562,2.23273
70563,2.0098
70564,4.60669
70565,2.89095
70566,1.39836
70567,1.88118
70568,4.2202
70569,3.06594
70570,1.89774
70571,3.85145
70572,3.69089
70573,1.0
70574,1.37533
70575,3.88626
70576,3.92273
70577,1.15283
70578,1.93099
70579,1.39611
70580,2.52689
70581,1.87097
70582,4.05262
70583,2.45091
70584,3.4095
70585,2.3267
70586,1.84661
70587,2.68832
70588,2.03182
70589,3.99832
70590,4.04962
70591,3.6108
70592,3.37976
70593,1.50436
70594,1.5752
70595,2.65218
70596,3.17831
70597,2.29253
70598,2.54305
70599,4.15766
70600,2.0586
70601,1.8156
70602,1.7051
70603,3.79501
70604,3.56097
70605,3.37124
70606,3.0285
70607,3.28481
70608,4.43482
70609,3.77353
70610,3.53454
70611,3.6372
70612,4.40282
70613,3.46912
70614,3.59723
70615,3.67809
70616,3.19979
70617,4.03498
70618,3.84491
70619,2.60892
70620,3.93417
70621,3.90392
70622,4.39884
70623,3.83479
70624,3.88256
70625,4.09162
70626,4.03178
70627,4.3902
70628,4.26081
70629,4.80117
70630,4.80856
70631,3.81735
70632,3.88731
70633,3.70331
70634,3.41021
70635,4.09014
70636,4.59645
70637,4.10396
70638,4.38514
70639,2.77267
70640,4.31184
70641,4.64794
70642,3.93139
70643,4.30573
70644,4.10533
70645,4.43573
70646,3.32928
70647,4.0641
70648,4.76117
70649,3.61175
70650,4.70785
70651,2.57198
70652,4.98213
70653,3.27776
70654,3.20512
70655,3.46771
70656,4.80729
70657,3.00377
70658,4.10169
70659,3.53514
70660,3.5739
70661,4.58005
70662,3.82503
70663,3.71511
70664,3.23105
70665,4.64416
70666,3.23089
70667,4.32345
70668,4.30193
70669,3.20937
70670,3.94707
70671,2.99722
70672,4.00591
70673,4.83592
70674,3.86884
70675,4.25025
70676,3.48972
70677,3.89287
70678,3.55472
70679,3.90812
70680,4.62148
70681,4.70054
70682,3.50692
70683,3.73692
70684,3.90173
70685,4.3626
70686,2.93952
70687,3.82953
70688,4.15839
70689,3.53484
70690,4.19638
70691,2.48081
70692,1.92323
70693,1.32333
70694,3.52804
70695,3.7939
70696,4.99664
70697,3.48261
70698,2.55827
70699,3.83015
70700,2.74079
70701,2.00358
70702,3.30571
70703,4.01781
70704,2.74383
70705,3.32493
70706,2.98466
70707,4.02771
70708,3.57442
70709,4.49093
70710,2.78702
70711,3.64683
70712,3.90407
70713,3.67242
70714,3.37976
70715,4.3449
70716,3.91524
70717,3.36714
70718,2.36471
70719,3.05816
70720,5.0
70721,4.33578
70722,4.25684
70723,4.42496
70724,4.48748
70725,4.46724
70726,2.07459
70727,4.41165
70728,3.55998
70729,2.83551
70730,3.92192
70731,2.0784
70732,3.19275
70733,3.71245
70734,4.14259
70735,4.33688
70736,2.32368
70737,3.89267
70738,1.55281
70739,4.11692
70740,1.77336
70741,3.14336
70742,3.09053
70743,3.6219
70744,4.39332
70745,3.23887
70746,3.67805
70747,2.50104
70748,1.88998
70749,3.95049
70750,3.82079
70751,3.66004
70752,2.80087
70753,3.62127
70754,2.92003
70755,3.05679
70756,2.95177
70757,2.01748
70758,1.79792
70759,4.30004
70760,3.70738
70761,4.19867
70762,2.25765
70763,4.19533
70764,4.28623
70765,3.3839
70766,4.51854
70767,4.26434
70768,3.63792
70769,4.89625
70770,3.60373
70771,3.91178
70772,3.8995
70773,4.0683
70774,4.09799
70775,4.58828
70776,4.21057
70777,5.0
70778,4.88409
70779,2.67568
70780,4.0197
70781,4.24934
70782,4.07673
70783,4.36303
70784,4.19113
70785,1.0
70786,4.9149
70787,4.21545
70788,3.69048
70789,4.20893
70790,3.42339
70791,3.74841
70792,3.79432
70793,4.51813
70794,3.82078
70795,4.03776
70796,3.86709
70797,3.82396
70798,3.9173
70799,3.9474
70800,4.08775
70801,4.24429
70802,3.58748
70803,3.67503
70804,4.18221
70805,3.78122
70806,3.86579
70807,4.27165
70808,4.13095
70809,4.05495
70810,4.49158
70811,3.74711
70812,4.30584
70813,4.2972
70814,4.37028
70815,3.10533
70816,2.12852
70817,4.28033
70818,2.33129
70819,3.99802
70820,4.87483
70821,2.55159
70822,3.53065
70823,3.15449
70824,4.22701
70825,4.79532
70826,3.94329
70827,1.36829
70828,3.8854
70829,2.96574
70830,2.47065
70831,3.57102
70832,3.08829
70833,3.57719
70834,3.76281
70835,2.73376
70836,3.12454
70837,2.80269
70838,3.74497
70839,4.32135
70840,2.94101
70841,4.10489
70842,3.85161
70843,3.86003
70844,4.34199
70845,4.01761
70846,3.32565
70847,4.1866
70848,3.01131
70849,3.79459
70850,2.32297
70851,4.01317
70852,1.70051
70853,3.10248
70854,2.23797
70855,3.81557
70856,3.31168
70857,4.45403
70858,3.82053
70859,3.87629
70860,3.22377
70861,3.83948
70862,3.87017
70863,3.7352
70864,4.7728
70865,4.43487
70866,4.24318
70867,3.36584
70868,3.00842
70869,4.10342
70870,3.83883
70871,3.15472
70872,4.20941
70873,4.39505
70874,4.748
70875,4.18028
70876,3.67124
70877,3.50864
70878,3.90103
70879,4.45335
70880,3.69261
70881,4.20566
70882,4.0631
70883,3.7706
70884,3.32937
70885,4.32343
70886,3.10527
70887,3.45851
70888,3.69795
70889,3.40878
70890,1.61077
70891,3.52381
70892,3.49483
70893,3.70352
70894,3.21998
70895,4.43374
70896,4.30243
70897,3.15735
70898,2.67648
70899,2.82562
70900,2.4897
70901,2.02101
70902,4.96462
70903,3.76545
70904,3.06112
70905,3.6164
70906,3.28694
70907,3.37093
70908,4.30939
70909,2.91385
70910,4.17075
70911,3.50291
70912,4.24128
70913,4.02138
70914,3.27074
70915,2.73978
70916,4.35279
70917,3.22229
70918,3.82981
70919,2.85069
70920,3.96961
70921,3.29864
70922,4.50951
70923,4.44884
70924,4.00867
70925,3.86091
70926,3.98447
70927,3.24085
70928,3.49874
70929,2.50102
70930,3.43901
70931,2.08485
70932,3.7725
70933,2.27863
70934,4.37008
70935,2.80525
70936,3.54682
70937,2.52076
70938,2.78175
70939,2.79639
70940,4.19592
70941,3.48515
70942,4.6506
70943,4.77432
70944,4.02341
70945,5.0
70946,3.01963
70947,4.24109
70948,4.98755
70949,4.43461
70950,3.46356
70951,3.97626
70952,3.24243
70953,3.02508
70954,3.00284
70955,3.72429
70956,2.87693
70957,3.57493
70958,3.10091
70959,2.83717
70960,3.40437
70961,3.55982
70962,2.56204
70963,4.42336
70964,4.07727
70965,4.68507
70966,4.00811
70967,4.66521
70968,3.66739
70969,3.18566
70970,3.72731
70971,2.44997
70972,3.90954
70973,2.56015
70974,4.21772
70975,3.9651
70976,3.63756
70977,4.93738
70978,3.50479
70979,2.94904
70980,4.10709
70981,4.09661
70982,3.56906
70983,4.33128
70984,3.31749
70985,4.19842
70986,4.38085
70987,2.9733
70988,4.37609
70989,3.41643
70990,4.53971
70991,3.73031
70992,3.15952
70993,3.93127
70994,2.60052
70995,3.73333
70996,3.52486
70997,3.00901
70998,3.94549
70999,2.78562
71000,3.72275
71001,3.30805
71002,3.06471
71003,4.09568
71004,3.99665
71005,4.28392
71006,3.74598
71007,2.86368
71008,3.11115
71009,2.9259
71010,3.32015
71011,2.99567
71012,3.87874
71013,2.76566
71014,2.65505
71015,3.66164
71016,3.08544
71017,3.60066
71018,3.00197
71019,3.65505
71020,3.39875
71021,3.35875
71022,3.21934
71023,3.82928
71024,3.60741
71025,3.68293
71026,3.76034
71027,3.1263
71028,3.88638
71029,3.12119
71030,2.29391
71031,2.93882
71032,2.19716
71033,3.6426
71034,3.99688
71035,3.63479
71036,3.36068
71037,2.88801
71038,2.73534
71039,3.84252
71040,3.9163
71041,4.17422
71042,3.17992
71043,2.32126
71044,2.92479
71045,3.73484
71046,5.0
71047,2.10852
71048,2.28858
71049,2.20225
71050,3.03147
71051,3.22366
71052,3.37541
71053,2.5281
71054,3.6221
71055,3.84892
71056,2.75586
71057,1.81476
71058,3.29131
71059,2.60092
71060,4.45383
71061,1.59707
71062,3.92901
71063,2.07542
71064,2.27417
71065,3.52223
71066,3.67643
71067,3.12313
71068,1.91313
71069,4.48443
71070,2.69452
71071,4.08378
71072,4.25144
71073,4.47094
71074,3.68823
71075,4.40902
71076,4.58662
71077,4.48423
71078,4.79396
71079,4.2476
71080,3.5996
71081,4.35877
71082,3.52467
71083,4.58127
71084,3.41834
71085,3.00451
71086,3.57661
71087,3.62837
71088,4.20205
71089,2.39224
71090,4.58003
71091,3.4988
71092,2.93173
71093,3.81231
71094,2.96304
71095,4.30037
71096,3.79316
71097,3.90838
71098,2.74906
71099,3.77356
71100,3.49886
71101,3.19912
71102,3.57059
71103,3.07305
71104,3.74853
71105,3.05489
71106,4.23251
71107,3.8261
71108,3.32414
71109,2.58005
71110,3.15521
71111,5.0
71112,3.00438
71113,2.80292
71114,4.72751
71115,2.46833
71116,2.22513
71117,2.38293
71118,3.62645
71119,2.69771
71120,3.84257
71121,4.23795
71122,3.74518
71123,2.50014
71124,3.37689
71125,3.05083
71126,3.14816
71127,4.13127
71128,4.33961
71129,2.90996
71130,3.41523
71131,3.57966
71132,3.59943
71133,3.33159
71134,3.87104
71135,3.18334
71136,3.76968
71137,2.08488
71138,3.55801
71139,3.194
71140,5.0
71141,4.5242
71142,4.18503
71143,4.77101
71144,3.47513
71145,2.797
71146,3.49707
71147,3.32431
71148,2.71521
71149,2.85699
71150,4.02306
71151,3.82483
71152,4.10368
71153,3.35783
71154,3.54757
71155,2.65782
71156,2.79554
71157,3.91346
71158,3.52962
71159,3.33961
71160,2.73527
71161,4.82743
71162,3.27413
71163,3.66888
71164,3.68484
71165,3.32442
71166,2.74054
71167,4.41567
71168,4.62915
71169,1.64415
71170,3.98649
71171,4.36281
71172,4.2537
71173,2.10077
71174,2.59047
71175,2.98497
71176,4.38904
71177,2.30706
71178,3.05767
71179,3.45563
71180,2.91678
71181,2.65158
71182,1.55524
71183,3.18276
71184,1.88341
71185,3.73518
71186,2.95973
71187,3.19904
71188,3.51539
71189,3.77825
71190,4.38956
71191,4.25037
71192,3.66864
71193,3.02345
71194,3.20394
71195,3.72658
71196,2.54445
71197,4.01693
71198,3.45737
71199,3.3038
71200,1.12739
71201,3.56259
71202,3.50735
71203,3.26254
71204,3.00273
71205,4.21769
71206,1.28542
71207,2.98723
71208,3.81442
71209,1.9511
71210,3.16032
71211,2.8326
71212,3.19835
71213,1.96812
71214,3.3184
71215,2.58377
71216,3.54117
71217,4.36003
71218,3.35327
71219,4.44254
71220,2.25192
71221,3.83357
71222,4.43605
71223,3.05975
71224,2.55564
71225,3.21447
71226,3.82878
71227,2.62177
71228,4.12147
71229,4.0678
71230,5.0
71231,4.90871
71232,3.22395
71233,3.09831
71234,3.07059
71235,3.2617
71236,3.52924
71237,2.52645
71238,3.52192
71239,2.71098
71240,3.59175
71241,3.2847
71242,3.16197
71243,3.27596
71244,3.12986
71245,2.62212
71246,3.52032
71247,2.4859
71248,3.16088
71249,2.33056
71250,4.06544
71251,3.16737
71252,3.44734
71253,3.66898
71254,3.83263
71255,3.20883
71256,3.32885
71257,3.90618
71258,3.02482
71259,3.73359
71260,4.71326
71261,3.42597
71262,4.11071
71263,4.58806
71264,3.93527
71265,4.04776
71266,3.09121
71267,5.0
71268,4.28093
71269,4.24122
71270,2.98512
71271,4.14973
71272,4.30063
71273,3.96294
71274,4.49482
71275,4.41832
71276,3.81035
71277,4.83905
71278,4.06259
71279,3.29496
71280,3.36184
71281,3.18285
71282,4.47778
71283,4.5999
71284,3.0761
71285,2.56774
71286,4.30239
71287,3.84031
71288,4.13911
71289,3.86584
71290,4.35695
71291,2.96772
71292,3.38326
71293,3.9349
71294,4.20575
71295,4.84749
71296,5.0
71297,4.10195
71298,4.60795
71299,3.8104
71300,3.97865
71301,3.99416
71302,3.8236
71303,4.42616
71304,4.17671
71305,4.01938
71306,3.69966
71307,4.3538
71308,4.51068
71309,4.20089
71310,3.23897
71311,3.76142
71312,4.83381
71313,4.06581
71314,3.00263
71315,3.62917
71316,4.90696
71317,4.25686
71318,4.1487
71319,4.54591
71320,4.29605
71321,2.81126
71322,4.28639
71323,3.33897
71324,3.96925
71325,4.37968
71326,3.93872
71327,4.26907
71328,3.88333
71329,3.90687
71330,3.96362
71331,4.14517
71332,3.95495
71333,4.62425
71334,3.98636
71335,4.38755
71336,4.2986
71337,4.46798
71338,4.26196
71339,4.32813
71340,3.50205
71341,4.20814
71342,3.12055
71343,4.09721
71344,3.42588
71345,4.33474
71346,4.13717
71347,5.0
71348,5.0
71349,3.91361
71350,4.70198
71351,4.52207
71352,4.22477
71353,4.50059
71354,3.91783
71355,4.81368
71356,3.24511
71357,3.53465
71358,4.43584
71359,4.783
71360,4.82106
71361,3.74564
71362,4.03274
71363,3.89889
71364,3.89733
71365,4.09429
71366,4.83411
71367,3.75665
71368,4.43867
71369,4.59961
71370,4.21289
71371,4.27836
71372,4.33074
71373,4.42975
71374,4.28823
71375,2.80851
71376,3.86991
71377,3.86411
71378,4.8809
71379,4.70602
71380,3.80494
71381,3.11881
71382,4.22078
71383,4.50913
71384,4.72784
71385,4.01725
71386,4.77821
71387,4.31943
71388,4.31287
71389,4.54543
71390,4.2228
71391,4.54066
71392,4.26426
71393,4.16682
71394,3.99182
71395,4.40546
71396,3.89939
71397,3.75496
71398,2.767
71399,3.88133
71400,3.4526
71401,4.03964
71402,1.0
71403,4.65226
71404,3.86569
71405,3.01332
71406,4.55921
71407,3.27755
71408,3.99679
71409,4.41645
71410,4.17246
71411,3.41831
71412,3.8443
71413,3.91121
71414,3.74627
71415,3.61192
71416,3.86396
71417,4.14533
71418,4.49625
71419,3.78956
71420,4.15497
71421,3.72645
71422,4.11529
71423,4.46966
71424,4.11931
71425,4.22607
71426,3.51457
71427,3.32643
71428,3.7268
71429,3.96991
71430,3.05063
71431,4.11756
71432,3.50195
71433,4.46638
71434,4.32257
71435,3.84136
71436,2.72776
71437,3.89729
71438,3.39973
71439,3.25267
71440,2.60717
71441,3.43955
71442,4.11273
71443,3.12755
71444,3.3236
71445,3.83381
71446,3.08466
71447,3.0157
71448,2.30963
71449,4.47958
71450,1.68092
71451,3.87717
71452,2.8449
71453,2.86033
71454,2.73377
71455,3.24414
71456,4.09756
71457,2.35849
71458,3.28021
71459,4.8896
71460,4.20527
71461,4.22149
71462,4.74403
71463,4.475
71464,3.58089
71465,3.16804
71466,2.9288
71467,3.24586
71468,3.36926
71469,3.91528
71470,3.65611
71471,2.5455
71472,3.47356
71473,2.8269
71474,5.0
71475,3.0519
71476,2.62964
71477,3.23853
71478,3.63854
71479,2.68434
71480,2.17574
71481,3.2768
71482,2.97223
71483,3.92913
71484,4.54562
71485,3.09577
71486,2.87578
71487,3.861
71488,4.11382
71489,3.87291
71490,2.66298
71491,3.46137
71492,1.94945
71493,4.73942
71494,2.40078
71495,3.69204
71496,3.37095
71497,3.88007
71498,4.47776
71499,3.64076
71500,3.86865
71501,4.42077
71502,3.33296
71503,4.0897
71504,3.65413
71505,3.96403
71506,3.19461
71507,3.2552
71508,3.63537
71509,3.4108
71510,2.27469
71511,3.13777
71512,3.28709
71513,3.18624
71514,4.56935
71515,3.77902
71516,3.62804
71517,3.56359
71518,4.31955
71519,3.92134
71520,1.9632
71521,3.96735
71522,3.87414
71523,3.59459
71524,3.20426
71525,3.28619
71526,2.93605
71527,1.84659
71528,4.0151
71529,3.71876
71530,3.64591
71531,2.31941
71532,1.21666
71533,2.66539
71534,2.07856
71535,3.35942
71536,2.38018
71537,3.02053
71538,2.64243
71539,3.07696
71540,4.30794
71541,3.34297
71542,2.76878
71543,3.68861
71544,3.68327
71545,4.3634
71546,4.03054
71547,3.1052
71548,3.30985
71549,4.12272
71550,3.90191
71551,4.64371
71552,4.06854
71553,4.31477
71554,3.40751
71555,3.08909
71556,3.80132
71557,3.32234
71558,4.26151
71559,3.40732
71560,2.90624
71561,3.70496
71562,4.20561
71563,3.9771
71564,2.0971
71565,3.34655
71566,4.00539
71567,4.57131
71568,3.18964
71569,3.55259
71570,3.14129
71571,3.95047
71572,3.455
71573,3.7845
71574,3.16492
71575,3.80733
71576,3.83359
71577,3.95008
71578,3.00811
71579,3.69849
71580,3.71782
71581,3.90807
71582,3.2686
71583,3.41592
71584,3.79915
71585,3.37946
71586,3.92462
71587,4.83962
71588,4.02389
71589,3.48014
71590,3.86432
71591,3.49919
71592,3.91709
71593,3.80889
71594,1.0
71595,2.76039
71596,3.44762
71597,3.23383
71598,5.0
71599,2.96538
71600,4.72258
71601,2.99132
71602,3.59535
71603,4.48995
71604,3.7065
71605,4.40406
71606,2.67992
71607,5.0
71608,4.20895
71609,4.19549
71610,4.33502
71611,4.28735
71612,2.93632
71613,3.39539
71614,3.0871
71615,2.96193
71616,4.46113
71617,4.38937
71618,3.9718
71619,3.41748
71620,3.59584
71621,3.43715
71622,4.12421
71623,3.43106
71624,4.39088
71625,3.01131
71626,4.368
71627,4.62711
71628,3.91316
71629,4.43572
71630,3.99464
71631,4.123
71632,3.68833
71633,2.96523
71634,3.86319
71635,4.2793
71636,3.69397
71637,3.97629
71638,4.73522
71639,4.84875
71640,4.69463
71641,4.44011
71642,3.19222
71643,3.90728
71644,3.15999
71645,4.04218
71646,2.41606
71647,4.06217
71648,3.11977
71649,3.42966
71650,3.31736
71651,4.96333
71652,3.95663
71653,3.48299
71654,4.24997
71655,2.49195
71656,3.65176
71657,4.31664
71658,4.34272
71659,4.22553
71660,4.89408
71661,4.13958
71662,3.91796
71663,3.4829
71664,5.0
71665,3.47251
71666,3.39147
71667,3.38541
71668,5.0
71669,3.44733
71670,2.41761
71671,3.28345
71672,4.15348
71673,4.26676
71674,3.20439
71675,3.48286
71676,2.55918
71677,3.0711
71678,2.65478
71679,3.67638
71680,2.90394
71681,3.22663
71682,2.80131
71683,2.6577
71684,3.47486
71685,2.00161
71686,2.16763
71687,4.154
71688,2.66836
71689,1.0
71690,2.3032
71691,2.09806
71692,2.25454
71693,1.41712
71694,3.5697
71695,4.76821
71696,4.24493
71697,4.32191
71698,4.48273
71699,3.4824
71700,3.50059
71701,2.04088
71702,3.78224
71703,2.92445
71704,3.67005
71705,3.65442
71706,4.0027
71707,3.7225
71708,3.05928
71709,3.50726
71710,3.36016
71711,5.0
71712,4.29389
71713,4.02776
71714,2.69406
71715,2.93347
71716,2.33342
71717,2.00996
71718,2.12124
71719,2.36198
71720,3.08721
71721,2.97757
71722,3.63526
71723,1.83725
71724,4.40853
71725,4.51773
71726,4.78439
71727,4.46229
71728,4.28895
71729,4.22489
71730,3.89711
71731,4.91491
71732,4.10083
71733,2.76603
71734,4.37694
71735,4.39693
71736,3.43807
71737,5.0
71738,4.31098
71739,4.29756
71740,4.27727
71741,3.65915
71742,3.42183
71743,4.94316
71744,4.46846
71745,4.13914
71746,4.82984
71747,4.59199
71748,4.05601
71749,3.87905
71750,4.66397
71751,3.97294
71752,4.21633
71753,4.81302
71754,3.82889
71755,3.58969
71756,3.92176
71757,3.60094
71758,3.84051
71759,4.48932
71760,4.61889
71761,4.00511
71762,4.63445
71763,4.79648
71764,4.45453
71765,4.85663
71766,3.98047
71767,3.87491
71768,3.46527
71769,1.39603
71770,2.39694
71771,3.15771
71772,3.78185
71773,5.0
71774,4.48563
71775,2.81332
71776,3.37793
71777,4.84857
71778,2.96844
71779,3.76782
71780,3.46906
71781,4.0738
71782,3.90101
71783,4.03086
71784,3.75067
71785,3.60077
71786,3.80698
71787,4.48099
71788,3.75476
71789,3.91545
71790,3.6288
71791,4.31075
71792,4.18196
71793,3.37848
71794,3.80462
71795,4.16284
71796,3.71722
71797,3.2053
71798,3.59994
71799,4.1366
71800,4.27248
71801,3.77396
71802,4.25934
71803,3.95169
71804,4.15748
71805,2.36656
71806,4.0028
71807,3.94439
71808,3.69661
71809,4.20502
71810,4.72417
71811,3.30007
71812,3.15471
71813,2.26898
71814,1.0
71815,4.39815
71816,2.12763
71817,2.25756
71818,3.87265
71819,4.37338
71820,3.6643
71821,2.9098
71822,3.84717
71823,3.92045
71824,1.0
71825,3.10224
71826,2.25113
71827,3.02422
71828,3.22673
71829,3.82839
71830,3.21247
71831,3.3997
71832,3.14625
71833,3.85044
71834,3.36235
71835,3.99661
71836,3.45578
71837,3.84235
71838,2.38631
71839,3.84052
71840,3.66077
71841,3.03867
71842,3.57097
71843,3.13487
71844,4.45514
71845,3.73334
71846,3.6975
71847,2.50941
71848,3.70828
71849,4.14139
71850,3.1017
71851,3.92625
71852,4.45241
71853,3.85444
71854,2.81287
71855,4.37449
71856,3.69538
71857,3.92561
71858,3.74695
71859,3.15131
71860,3.75248
71861,3.0557
71862,3.39138
71863,2.55312
71864,4.34233
71865,3.48339
71866,3.44918
71867,4.15991
71868,4.31803
71869,4.58237
71870,2.74609
71871,4.46128
71872,2.31328
71873,3.84666
71874,5.0
71875,2.60553
71876,4.17999
71877,3.45862
71878,4.40238
71879,4.2486
71880,3.55752
71881,2.64382
71882,4.50576
71883,3.50583
71884,3.12354
71885,3.72832
71886,3.98247
71887,2.84873
71888,4.19458
71889,3.70696
71890,4.17159
71891,4.06666
71892,3.93487
71893,4.66952
71894,3.49263
71895,3.45919
71896,3.67935
71897,3.70236
71898,4.53017
71899,4.27544
71900,4.22653
71901,3.76479
71902,3.91348
71903,2.79857
71904,3.29444
71905,3.63065
71906,3.83266
71907,4.48966
71908,4.15034
71909,4.26185
71910,4.43153
71911,4.22672
71912,2.34901
71913,3.87138
71914,4.02606
71915,4.06936
71916,2.84065
71917,3.92254
71918,3.38043
71919,3.72742
71920,4.23246
71921,4.33879
71922,2.57509
71923,2.69628
71924,3.09809
71925,3.68575
71926,4.34012
71927,3.09843
71928,4.34629
71929,1.42259
71930,3.31614
71931,3.4633
71932,4.07835
71933,3.82841
71934,4.14646
71935,4.06546
71936,3.68919
71937,3.69163
71938,4.15284
71939,2.48226
71940,3.84192
71941,4.4485
71942,3.70867
71943,3.98683
71944,3.88924
71945,3.21282
71946,3.33915
71947,3.4877
71948,3.23949
71949,3.33819
71950,3.88726
71951,3.94554
71952,3.36991
71953,3.7608
71954,3.85121
71955,4.48532
71956,4.74536
71957,3.8047
71958,4.48132
71959,3.63851
71960,4.78262
71961,3.51723
71962,4.48143
71963,4.31702
71964,3.56463
71965,3.54151
71966,4.05127
71967,3.90971
71968,3.23148
71969,3.85057
71970,3.73752
71971,4.3842
71972,4.19992
71973,4.15721
71974,3.06488
71975,3.51135
71976,2.87472
71977,2.53047
71978,3.36214
71979,3.20648
71980,1.94922
71981,2.78002
71982,2.95498
71983,2.67047
71984,2.51151
71985,2.66856
71986,5.0
71987,3.9077
71988,3.22275
71989,2.68243
71990,2.28618
71991,3.13332
71992,3.21077
71993,3.35456
71994,3.68606
71995,3.1604
71996,3.0839
71997,3.63007
71998,3.80864
71999,3.16767
72000,2.1527
72001,3.29925
72002,3.79936
72003,4.63998
72004,4.00494
72005,2.37911
72006,3.80474
72007,3.95033
72008,3.02088
72009,3.97209
72010,2.75001
72011,4.38987
72012,2.99235
72013,2.29214
72014,2.83917
72015,3.50655
72016,3.00594
72017,2.23826
72018,3.55308
72019,4.21567
72020,2.27102
72021,4.27443
72022,2.23652
72023,3.27751
72024,3.15293
72025,2.34472
72026,4.6497
72027,4.61543
72028,4.84856
72029,2.90788
72030,2.16708
72031,2.4262
72032,3.92625
72033,4.32565
72034,2.6691
72035,3.11654
72036,2.70522
72037,3.46676
72038,3.67899
72039,3.36247
72040,3.83715
72041,3.73872
72042,2.95275
72043,2.94427
72044,2.61871
72045,4.32859
72046,3.46461
72047,3.11646
72048,2.32477
72049,3.09998
72050,2.979
72051,2.46336
72052,2.78
72053,2.46114
72054,3.63927
72055,3.57811
72056,3.77973
72057,3.16854
72058,3.99585
72059,2.31171
72060,2.7247
72061,2.20705
72062,3.55575
72063,3.57563
72064,4.68357
72065,3.08916
72066,3.26925
72067,3.02682
72068,2.86128
72069,4.03734
72070,3.74456
72071,2.65317
72072,4.10979
72073,4.10615
72074,4.61883
72075,2.38394
72076,3.7412
72077,4.56934
72078,4.14881
72079,4.30021
72080,3.88791
72081,3.83399
72082,2.37562
72083,4.14564
72084,4.0165
72085,3.67442
72086,3.82671
72087,3.29458
72088,3.54214
72089,4.12141
72090,3.43319
72091,4.98827
72092,4.83966
72093,3.23574
72094,4.10049
72095,3.83787
72096,2.00874
72097,3.93811
72098,4.49853
72099,4.40302
72100,3.64998
72101,3.39045
72102,4.41183
72103,3.69948
72104,2.01683
72105,4.25903
72106,2.04593
72107,4.74284
72108,3.79359
72109,1.0
72110,3.46856
72111,4.207
72112,3.67815
72113,4.00414
72114,3.90807
72115,3.75322
72116,2.94113
72117,3.18381
72118,2.65934
72119,4.44421
72120,4.65095
72121,3.83316
72122,3.9078
72123,3.90845
72124,4.27388
72125,4.18808
72126,3.22985
72127,3.15308
72128,4.15189
72129,3.38211
72130,4.49802
72131,4.49583
72132,3.68583
72133,4.18012
72134,4.72765
72135,3.6132
72136,3.97353
72137,3.86388
72138,3.26154
72139,3.86479
72140,4.02463
72141,3.56142
72142,4.09442
72143,3.98376
72144,3.31623
72145,3.03115
72146,3.03896
72147,3.15821
72148,4.16116
72149,4.0097
72150,3.73419
72151,4.61247
72152,3.6012
72153,3.95673
72154,3.55972
72155,3.97818
72156,4.43708
72157,5.0
72158,3.61485
72159,4.20597
72160,4.16622
72161,3.15234
72162,2.27701
72163,4.4451
72164,3.84693
72165,3.52671
72166,4.70519
72167,4.2945
72168,3.52966
72169,3.04259
72170,2.1329
72171,4.49272
72172,4.35786
72173,3.53659
72174,4.39037
72175,2.82409
72176,4.10357
72177,2.70946
72178,3.21934
72179,3.37444
72180,3.54567
72181,2.9487
72182,3.63068
72183,3.44709
72184,3.78498
72185,3.73968
72186,2.28948
72187,3.35496
72188,2.99522
72189,2.47155
72190,4.39882
72191,3.28303
72192,3.43313
72193,3.3604
72194,4.14642
72195,3.87866
72196,3.57868
72197,3.13779
72198,3.15555
72199,3.1295
72200,2.13086
72201,4.05377
72202,2.57817
72203,4.12368
72204,3.95805
72205,3.14524
72206,4.29607
72207,4.29515
72208,3.73323
72209,4.93631
72210,3.58824
72211,2.93233
72212,2.57045
72213,3.25926
72214,2.49951
72215,2.83614
72216,3.1474
72217,4.14349
72218,3.21518
72219,4.62401
72220,3.79832
72221,3.16216
72222,3.1587
72223,4.67837
72224,2.99133
72225,4.51295
72226,3.93487
72227,3.40902
72228,3.4558
72229,4.12725
72230,1.0
72231,3.36282
72232,1.88234
72233,2.95628
72234,1.90978
72235,2.56377
72236,2.72119
72237,3.0521
72238,4.83112
72239,2.71898
72240,3.37384
72241,3.32941
72242,4.50216
72243,3.86049
72244,4.1537
72245,3.46117
72246,4.07397
72247,4.05951
72248,4.15409
72249,4.49107
72250,4.62579
72251,4.32798
72252,4.66214
72253,4.34866
72254,4.18022
72255,4.732
72256,5.0
72257,4.86616
72258,4.92875
72259,4.07032
72260,3.936
72261,3.12998
72262,4.65548
72263,3.43375
72264,4.24662
72265,3.26411
72266,4.56846
72267,3.87376
72268,3.81993
72269,4.39369
72270,3.9739
72271,4.68487
72272,2.84293
72273,4.36381
72274,3.36457
72275,4.41731
72276,4.22117
72277,4.3676
72278,4.02422
72279,4.29032
72280,4.47196
72281,2.52369
72282,4.60292
72283,3.36899
72284,3.57805
72285,3.24065
72286,3.47152
72287,3.98361
72288,4.31342
72289,5.0
72290,3.75259
72291,1.21387
72292,2.82325
72293,4.51005
72294,3.83538
72295,3.95834
72296,3.22458
72297,3.58784
72298,2.74167
72299,4.30342
72300,3.56291
72301,3.34135
72302,5.0
72303,3.39128
72304,2.39954
72305,3.40307
72306,3.83874
72307,3.93451
72308,3.58171
72309,4.48201
72310,3.82818
72311,3.00856
72312,3.77437
72313,3.86927
72314,2.66374
72315,3.99055
72316,2.27485
72317,4.24774
72318,1.67569
72319,4.157
72320,2.86724
72321,2.20597
72322,4.47789
72323,4.34347
72324,3.28516
72325,4.08294
72326,4.09433
72327,4.49627
72328,3.57776
72329,4.46438
72330,4.74137
72331,3.5106
72332,4.3347
72333,3.71474
72334,4.78609
72335,4.13474
72336,4.09681
72337,3.81408
72338,3.4466
72339,2.42392
72340,2.18461
72341,3.34092
72342,3.95273
72343,3.15124
72344,2.27278
72345,3.31958
72346,2.59679
72347,3.03528
72348,2.72124
72349,2.84286
72350,3.15552
72351,3.8064
72352,3.20964
72353,3.39763
72354,3.46372
72355,4.07233
72356,2.55805
72357,3.51122
72358,2.77149
72359,3.6032
72360,2.89586
72361,3.22807
72362,2.79429
72363,3.80449
72364,3.24052
72365,3.68956
72366,3.45432
72367,3.16778
72368,3.38564
72369,3.7099
72370,3.39292
72371,3.62871
72372,3.29036
72373,3.3477
72374,3.31089
72375,3.53926
72376,4.13027
72377,2.77502
72378,3.75669
72379,3.33592
72380,4.23336
72381,4.21132
72382,3.42705
72383,3.10415
72384,3.81253
72385,3.51014
72386,3.28929
72387,4.23266
72388,3.42261
72389,3.46016
72390,3.64338
72391,3.18824
72392,3.29208
72393,3.05666
72394,3.1587
72395,3.08222
72396,2.94605
72397,3.55467
72398,2.7571
72399,3.40131
72400,3.67989
72401,3.8022
72402,3.40362
72403,4.42746
72404,4.59081
72405,4.0686
72406,3.85911
72407,3.88876
72408,2.0605
72409,3.80291
72410,3.0532
72411,2.22053
72412,4.06426
72413,3.52147
72414,3.29585
72415,2.95148
72416,3.6119
72417,3.0697
72418,3.95374
72419,5.0
72420,3.47275
72421,3.08328
72422,4.67786
72423,4.0599
72424,3.82794
72425,5.0
72426,3.63878
72427,5.0
72428,3.76563
72429,3.61362
72430,3.121
72431,3.55946
72432,3.19166
72433,3.35491
72434,3.61964
72435,2.97697
72436,2.46029
72437,3.71484
72438,2.71981
72439,3.76543
72440,5.0
72441,2.32593
72442,2.94415
72443,4.29646
72444,4.30405
72445,3.20009
72446,3.75453
72447,3.58852
72448,4.36814
72449,3.50416
72450,3.60423
72451,4.85594
72452,4.2095
72453,3.03249
72454,4.6465
72455,4.56945
72456,4.56023
72457,3.74864
72458,4.76688
72459,4.73769
72460,4.50611
72461,4.45458
72462,3.84139
72463,4.78598
72464,4.86933
72465,4.72571
72466,3.95786
72467,3.40162
72468,3.61275
72469,4.47079
72470,4.97442
72471,5.0
72472,3.94653
72473,3.75052
72474,4.98684
72475,4.50441
72476,3.63618
72477,4.62699
72478,3.64385
72479,4.80336
72480,3.58439
72481,2.33772
72482,3.03585
72483,2.99132
72484,3.39272
72485,2.90277
72486,2.73245
72487,4.04313
72488,4.65002
72489,3.4531
72490,3.78884
72491,2.44468
72492,3.19594
72493,3.4507
72494,3.49109
72495,2.21391
72496,3.10007
72497,3.96874
72498,4.08456
72499,3.49781
72500,3.77814
72501,2.7968
72502,2.79934
72503,3.90614
72504,2.15551
72505,3.27467
72506,3.2859
72507,3.90435
72508,1.20073
72509,3.75502
72510,3.87854
72511,3.87349
72512,2.55527
72513,2.95481
72514,2.9412
72515,1.81497
72516,2.91095
72517,4.3952
72518,2.74205
72519,3.53466
72520,4.20239
72521,3.05847
72522,3.08114
72523,1.80885
72524,4.12747
72525,2.12804
72526,5.0
72527,2.84967
72528,3.69292
72529,2.96075
72530,3.82264
72531,3.0155
72532,3.22592
72533,2.55009
72534,3.58259
72535,4.11752
72536,4.39979
72537,3.31769
72538,4.58239
72539,4.29102
72540,3.92783
72541,3.87735
72542,3.44389
72543,3.26806
72544,3.08738
72545,3.69387
72546,3.128
72547,1.97454
72548,4.66321
72549,3.5189
72550,3.46951
72551,2.7968
72552,3.38867
72553,3.54844
72554,2.82786
72555,3.93802
72556,3.63271
72557,2.90562
72558,2.5286
72559,2.056
72560,2.89027
72561,2.69866
72562,4.74049
72563,4.07257
72564,4.74005
72565,3.8368
72566,4.82463
72567,4.6999
72568,2.76155
72569,4.94623
72570,4.76529
72571,4.45624
72572,4.32623
72573,3.20814
72574,4.44039
72575,2.05197
72576,2.24142
72577,4.28972
72578,4.75151
72579,4.21036
72580,4.22338
72581,4.5506
72582,3.74247
72583,2.90196
72584,4.59857
72585,3.55837
72586,3.11446
72587,3.18338
72588,3.47528
72589,4.11527
72590,3.19846
72591,1.43018
72592,2.23047
72593,4.37439
72594,1.43645
72595,3.60778
72596,3.81918
72597,3.34634
72598,2.17256
72599,1.94521
72600,1.89065
72601,3.14613
72602,3.31505
72603,4.40942
72604,1.97154
72605,2.87125
72606,2.31985
72607,3.87262
72608,3.82905
72609,4.25718
72610,3.61849
72611,2.92309
72612,3.38778
72613,3.47899
72614,2.99908
72615,4.0556
72616,4.23956
72617,1.73113
72618,3.48237
72619,4.76265
72620,4.02276
72621,3.58488
72622,3.61534
72623,3.95853
72624,4.04027
72625,3.55704
72626,3.66128
72627,4.30737
72628,2.70736
72629,3.76292
72630,3.39868
72631,3.96251
72632,4.63899
72633,4.36535
72634,4.11384
72635,4.37024
72636,3.88329
72637,2.18232
72638,2.67975
72639,3.78448
72640,4.3596
72641,3.50418
72642,3.00996
72643,4.09351
72644,3.5823
72645,3.36154
72646,3.38348
72647,4.6647
72648,3.83316
72649,3.70324
72650,2.96437
72651,1.97912
72652,3.87363
72653,4.0837
72654,4.06933
72655,2.39209
72656,4.12876
72657,3.35451
72658,3.07022
72659,2.27514
72660,4.17887
72661,3.3823
72662,4.65155
72663,3.83554
72664,4.27652
72665,4.07175
72666,2.40175
72667,3.95012
72668,2.32978
72669,2.61258
72670,3.50995
72671,3.88095
72672,4.00831
72673,4.27511
72674,3.5893
72675,3.23447
72676,3.03507
72677,3.93174
72678,2.56137
72679,3.27414
72680,3.19533
72681,2.00615
72682,3.8614
72683,4.10254
72684,3.49009
72685,3.68972
72686,2.43834
72687,3.54697
72688,5.0
72689,4.12601
72690,4.1991
72691,2.83244
72692,2.73353
72693,3.15094
72694,2.39349
72695,4.18069
72696,3.49872
72697,3.31763
72698,2.72591
72699,3.84854
72700,3.33029
72701,3.07366
72702,3.23312
72703,4.50838
72704,4.02037
72705,3.69947
72706,2.94279
72707,4.54005
72708,3.56484
72709,4.76027
72710,4.04672
72711,1.48892
72712,1.43273
72713,1.0
72714,3.61713
72715,3.74039
72716,3.3598
72717,3.67213
72718,4.00258
72719,4.23037
72720,3.22713
72721,3.71965
72722,3.8639
72723,3.64684
72724,4.06927
72725,3.8729
72726,5.0
72727,2.45387
72728,3.9464
72729,3.04857
72730,4.36932
72731,2.41308
72732,4.22342
72733,4.03605
72734,3.85714
72735,2.90493
72736,4.22334
72737,4.81028
72738,3.48753
72739,3.64113
72740,3.32895
72741,3.93189
72742,2.51607
72743,1.91625
72744,4.41511
72745,3.99559
72746,3.35991
72747,2.66288
72748,3.60132
72749,3.64097
72750,3.31032
72751,4.17364
72752,4.0553
72753,4.07864
72754,3.96421
72755,4.53613
72756,3.66565
72757,4.61061
72758,2.98834
72759,3.49873
72760,4.95072
72761,3.88044
72762,4.65353
72763,4.28238
72764,3.81552
72765,4.97286
72766,2.35014
72767,3.37485
72768,4.30966
72769,3.75282
72770,4.30905
72771,2.23605
72772,2.49602
72773,4.24188
72774,3.37596
72775,3.47903
72776,4.11211
72777,3.62376
72778,3.76364
72779,3.1657
72780,3.41645
72781,2.85562
72782,3.9191
72783,4.23361
72784,3.36138
72785,3.70863
72786,2.47009
72787,4.78151
72788,4.33089
72789,3.95358
72790,3.59629
72791,4.19481
72792,4.38387
72793,3.29045
72794,2.66967
72795,2.48399
72796,3.40805
72797,2.87681
72798,2.67805
72799,4.62701
72800,3.15044
72801,2.99371
72802,4.59511
72803,3.49829
72804,2.56674
72805,4.11753
72806,2.41196
72807,2.46042
72808,2.15648
72809,2.79872
72810,2.48909
72811,3.48758
72812,3.5643
72813,2.81609
72814,3.47252
72815,3.37606
72816,3.15816
72817,3.30976
72818,4.04364
72819,2.26579
72820,4.27436
72821,3.21014
72822,3.2419
72823,3.12725
72824,2.88556
72825,3.62227
72826,2.89436
72827,3.81949
72828,4.68909
72829,4.32999
72830,3.57195
72831,2.99978
72832,4.28377
72833,4.92292
72834,4.36886
72835,3.38877
72836,3.19208
72837,3.59699
72838,2.73541
72839,2.08233
72840,4.06641
72841,3.9174
72842,4.15904
72843,4.45638
72844,3.4679
72845,3.91128
72846,2.64252
72847,3.17914
72848,3.39978
72849,2.60654
72850,2.81201
72851,3.93371
72852,3.32339
72853,2.9443
72854,4.66436
72855,4.73595
72856,4.37692
72857,4.26071
72858,2.74128
72859,3.10104
72860,3.36016
72861,2.95213
72862,4.26629
72863,3.86167
72864,3.13785
72865,4.23914
72866,3.4307
72867,3.76699
72868,3.19952
72869,4.0188
72870,3.92692
72871,3.77928
72872,4.04872
72873,3.32697
72874,3.74475
72875,2.83406
72876,4.00539
72877,3.81239
72878,4.13636
72879,4.34847
72880,4.09523
72881,3.84198
72882,4.29538
72883,2.23812
72884,3.44359
72885,3.50537
72886,3.04922
72887,2.53645
72888,4.07647
72889,3.6319
72890,3.96589
72891,3.2389
72892,4.45581
72893,3.47715
72894,5.0
72895,5.0
72896,4.30985
72897,1.32974
72898,3.76405
72899,4.17183
72900,3.49312
72901,3.3958
72902,3.07137
72903,3.64289
72904,3.01577
72905,3.92905
72906,4.25933
72907,4.09401
72908,2.42601
72909,3.47676
72910,3.74328
72911,3.05608
72912,2.8699
72913,3.08594
72914,2.45814
72915,2.42158
72916,2.68002
72917,3.68692
72918,2.74794
72919,2.2466
72920,3.50347
72921,2.94779
72922,3.12353
72923,3.318
72924,1.95481
72925,2.85601
72926,2.597
72927,2.68968
72928,2.43926
72929,2.60921
72930,2.15365
72931,2.22901
72932,2.73627
72933,4.51471
72934,4.25478
72935,3.57548
72936,4.6964
72937,4.74615
72938,4.43252
72939,5.0
72940,4.5891
72941,4.05269
72942,3.53205
72943,4.10527
72944,5.0
72945,3.85624
72946,2.53712
72947,3.88084
72948,1.0
72949,3.5728
72950,3.38216
72951,1.30422
72952,3.20535
72953,2.12201
72954,3.94754
72955,3.93561
72956,1.8098
72957,2.309
72958,3.73061
72959,3.46436
72960,3.94653
72961,3.8602
72962,3.51098
72963,3.34798
72964,1.49575
72965,3.56313
72966,3.22974
72967,3.28151
72968,1.0
72969,1.81645
72970,2.89493
72971,3.03046
72972,5.0
72973,3.39661
72974,4.0414
72975,4.68969
72976,4.50304
72977,4.11865
72978,3.93448
72979,4.43691
72980,3.74846
72981,3.59742
72982,4.37143
72983,2.71469
72984,3.91423
72985,5.0
72986,4.73583
72987,4.67604
72988,4.75675
72989,3.40226
72990,4.48541
72991,2.99173
72992,2.69504
72993,2.33376
72994,4.05014
72995,2.63712
72996,3.9154
72997,3.23289
72998,3.95271
72999,4.18942
73000,2.51992
73001,4.86255
73002,3.89664
73003,3.88946
73004,3.00424
73005,3.52752
73006,3.96264
73007,1.81843
73008,2.25916
73009,3.36014
73010,2.35093
73011,3.02119
73012,2.0873
73013,3.22907
73014,3.75521
73015,3.34369
73016,4.33845
73017,2.5224
73018,3.28456
73019,3.93801
73020,3.58333
73021,3.38901
73022,3.74535
73023,3.65321
73024,3.64327
73025,4.59125
73026,3.68554
73027,3.27211
73028,3.66841
73029,2.72411
73030,4.11629
73031,3.04887
73032,3.97101
73033,3.44638
73034,4.15435
73035,4.30364
73036,3.67711
73037,3.62471
73038,4.30074
73039,3.58536
73040,4.06733
73041,4.10202
73042,4.18472
73043,4.4562
73044,4.4211
73045,4.00745
73046,2.33815
73047,4.00553
73048,4.43661
73049,2.92876
73050,3.73017
73051,5.0
73052,3.50803
73053,3.83565
73054,3.21834
73055,3.20335
73056,4.57615
73057,3.21239
73058,4.61827
73059,3.98298
73060,3.85732
73061,3.44045
73062,4.31423
73063,4.2586
73064,4.50906
73065,3.10323
73066,4.33905
73067,5.0
73068,3.91905
73069,4.07172
73070,4.44138
73071,4.4278
73072,4.51984
73073,4.70263
73074,4.33391
73075,4.10864
73076,4.35655
73077,3.84285
73078,4.738
73079,4.32441
73080,4.21454
73081,4.1704
73082,3.94397
73083,4.66751
73084,4.19583
73085,4.00825
73086,4.25371
73087,4.80644
73088,3.76401
73089,2.66943
73090,4.81501
73091,4.108
73092,4.19414
73093,4.2866
73094,3.91124
73095,4.11657
73096,3.1976
73097,3.68485
73098,4.78334
73099,5.0
73100,4.90301
73101,4.01978
73102,4.04898
73103,3.94107
73104,5.0
73105,4.51319
73106,4.13034
73107,4.63463
73108,4.49119
73109,3.97453
73110,2.94728
73111,4.23572
73112,4.47981
73113,4.04771
73114,3.79547
73115,4.01633
73116,4.23256
73117,3.56756
73118,3.68113
73119,3.50651
73120,4.30427
73121,4.31398
73122,3.79936
73123,4.28115
73124,5.0
73125,3.05674
73126,4.08089
73127,4.39008
73128,4.09009
73129,3.20402
73130,4.03827
73131,3.87981
73132,4.34025
73133,4.40639
73134,4.53525
73135,3.79395
73136,3.933
73137,5.0
73138,4.2622
73139,4.50428
73140,3.56791
73141,3.46654
73142,3.66444
73143,4.32617
73144,3.13158
73145,3.4172
73146,3.40591
73147,2.8063
73148,2.86764
73149,3.57189
73150,3.39916
73151,3.39013
73152,3.88058
73153,3.90144
73154,4.10134
73155,4.30518
73156,3.13475
73157,3.169
73158,3.56934
73159,2.26651
73160,3.41861
73161,3.51751
73162,3.3557
73163,4.31522
73164,3.0276
73165,2.24679
73166,4.30144
73167,4.04349
73168,3.9417
73169,2.94469
73170,3.0828
73171,2.50111
73172,3.97242
73173,3.3856
73174,3.77514
73175,3.22138
73176,3.46592
73177,2.91458
73178,2.53902
73179,2.6138
73180,3.89601
73181,3.06555
73182,3.84777
73183,3.25854
73184,2.50282
73185,1.96772
73186,2.43255
73187,2.49127
73188,3.31563
73189,4.57243
73190,3.16836
73191,2.83134
73192,2.62777
73193,3.10421
73194,1.991
73195,3.42448
73196,2.55668
73197,2.80213
73198,3.22145
73199,4.03184
73200,4.15342
73201,3.80835
73202,2.48194
73203,2.62304
73204,3.65414
73205,1.51743
73206,2.59827
73207,2.99643
73208,3.57015
73209,3.56502
73210,4.01762
73211,2.59134
73212,2.91071
73213,1.81497
73214,1.93157
73215,1.9776
73216,2.06359
73217,3.04848
73218,3.75143
73219,3.22797
73220,4.08188
73221,3.67098
73222,2.1433
73223,2.91211
73224,3.55622
73225,3.73978
73226,4.00915
73227,3.68941
73228,3.65448
73229,4.08012
73230,4.01182
73231,2.97821
73232,1.74583
73233,4.21589
73234,2.71681
73235,4.82627
73236,2.97572
73237,3.36523
73238,2.81531
73239,2.13527
73240,4.02503
73241,3.89997
73242,2.35631
73243,3.50566
73244,3.19383
73245,2.72509
73246,3.06747
73247,3.68839
73248,3.76756
73249,3.2234
73250,4.00931
73251,3.72651
73252,4.61577
73253,3.28867
73254,3.65906
73255,4.86991
73256,2.61618
73257,4.68816
73258,4.57235
73259,4.30324
73260,3.98392
73261,3.34681
73262,3.93222
73263,3.75521
73264,3.75998
73265,2.65332
73266,3.01304
73267,2.60613
73268,4.7115
73269,2.31071
73270,4.59618
73271,2.00118
73272,4.25691
73273,2.96016
73274,3.84822
73275,3.80799
73276,3.32346
73277,1.89861
73278,4.18649
73279,3.79573
73280,1.72772
73281,3.43312
73282,1.87152
73283,2.82583
73284,3.4075
73285,1.39576
73286,2.05165
73287,2.69072
73288,1.99928
73289,3.66642
73290,2.85509
73291,4.24162
73292,3.46631
73293,3.9168
73294,4.06789
73295,4.65455
73296,4.75651
73297,4.35018
73298,4.23822
73299,4.06173
73300,3.55405
73301,4.04232
73302,4.80676
73303,3.46352
73304,4.43111
73305,3.40547
73306,3.97762
73307,4.86105
73308,4.90085
73309,3.76426
73310,3.96299
73311,4.47324
73312,3.37264
73313,3.96864
73314,3.92283
73315,3.96676
73316,4.10983
73317,4.0315
73318,3.93139
73319,3.03175
73320,4.42879
73321,3.41187
73322,2.5372
73323,3.58925
73324,3.98402
73325,3.57696
73326,2.88743
73327,3.36709
73328,4.15102
73329,4.02697
73330,3.70378
73331,3.79067
73332,3.74149
73333,3.63706
73334,3.79799
73335,3.02704
73336,2.60317
73337,3.22468
73338,2.75974
73339,2.82402
73340,4.11395
73341,4.44113
73342,3.21205
73343,3.47554
73344,4.00547
73345,3.33442
73346,4.71426
73347,2.84134
73348,3.62203
73349,4.44747
73350,4.30422
73351,4.40873
73352,3.85188
73353,3.9533
73354,4.32913
73355,5.0
73356,4.21678
73357,2.97024
73358,4.05394
73359,4.37282
73360,4.98478
73361,4.34147
73362,3.40396
73363,2.7475
73364,4.67109
73365,4.73157
73366,4.26368
73367,3.06661
73368,3.7231
73369,4.767
73370,4.7932
73371,4.38764
73372,3.25606
73373,3.00882
73374,4.21497
73375,4.7133
73376,3.53407
73377,2.96384
73378,4.45817
73379,4.00534
73380,4.45583
73381,4.15999
73382,3.7328
73383,4.72498
73384,3.45749
73385,3.89345
73386,3.95335
73387,2.48036
73388,5.0
73389,3.28121
73390,4.26825
73391,2.23654
73392,2.87603
73393,5.0
73394,3.64277
73395,2.2829
73396,3.28043
73397,2.404
73398,2.9339
73399,3.27182
73400,3.40063
73401,3.96713
73402,3.33363
73403,2.9517
73404,4.29178
73405,3.26324
73406,5.0
73407,3.80272
73408,4.62536
73409,3.59769
73410,3.36912
73411,3.31203
73412,3.56947
73413,3.95116
73414,3.90108
73415,3.4111
73416,3.19644
73417,2.8596
73418,3.27397
73419,3.14307
73420,3.33357
73421,2.10134
73422,3.31106
73423,3.24943
73424,4.2077
73425,3.92502
73426,2.19889
73427,4.00742
73428,3.76381
73429,3.65863
73430,3.53465
73431,2.63609
73432,3.37556
73433,4.11716
73434,3.63657
73435,3.87799
73436,1.95413
73437,2.7536
73438,3.38533
73439,3.50759
73440,3.53139
73441,4.09171
73442,3.48925
73443,2.29279
73444,2.55517
73445,3.03918
73446,3.42678
73447,3.8205
73448,2.73143
73449,2.61801
73450,3.27477
73451,4.13153
73452,3.38654
73453,3.19142
73454,3.84768
73455,3.30414
73456,3.63025
73457,2.61341
73458,3.78127
73459,2.53414
73460,3.41148
73461,2.8829
73462,3.34021
73463,4.03542
73464,3.37793
73465,3.5384
73466,3.21176
73467,2.28692
73468,3.10403
73469,3.40966
73470,3.19287
73471,1.81412
73472,3.01609
73473,2.73157
73474,2.30114
73475,3.40683
73476,2.85456
73477,3.11764
73478,4.1041
73479,2.95805
73480,3.58812
73481,2.93095
73482,4.2958
73483,3.78856
73484,3.35017
73485,3.12358
73486,3.53484
73487,2.79124
73488,4.53804
73489,3.65487
73490,3.82486
73491,3.71335
73492,3.52545
73493,3.52542
73494,3.28823
73495,4.00506
73496,4.13983
73497,3.94219
73498,4.73039
73499,3.6995
73500,3.37278
73501,3.75159
73502,4.67473
73503,3.84652
73504,4.55972
73505,4.47288
73506,2.81821
73507,3.55511
73508,3.87217
73509,4.28308
73510,2.81081
73511,3.84257
73512,4.27475
73513,2.7627
73514,2.93119
73515,3.88479
73516,3.99353
73517,4.40475
73518,3.79332
73519,4.29559
73520,3.32423
73521,3.60814
73522,3.83918
73523,3.99404
73524,3.20735
73525,2.95622
73526,4.2298
73527,4.59978
73528,3.69897
73529,3.05488
73530,4.28031
73531,3.28934
73532,4.37791
73533,2.40307
73534,4.11322
73535,3.74274
73536,3.99826
73537,1.75672
73538,3.26082
73539,4.58945
73540,3.00034
73541,2.96125
73542,2.4738
73543,3.51418
73544,2.94107
73545,2.26268
73546,2.75124
73547,3.66055
73548,2.99256
73549,2.82606
73550,3.83779
73551,3.25588
73552,4.11615
73553,2.79307
73554,3.81004
73555,2.9071
73556,2.96807
73557,1.57328
73558,3.38005
73559,3.24275
73560,3.10512
73561,2.22333
73562,4.8081
73563,3.84046
73564,2.93991
73565,3.39414
73566,3.06881
73567,3.23295
73568,3.71689
73569,2.80732
73570,3.27289
73571,3.34331
73572,4.42681
73573,3.3675
73574,3.26905
73575,3.16309
73576,3.1747
73577,4.67255
73578,3.66352
73579,4.13762
73580,3.70653
73581,2.97184
73582,2.47129
73583,2.98651
73584,2.74841
73585,3.5895
73586,3.08004
73587,2.34886
73588,2.66399
73589,2.50702
73590,3.09409
73591,3.18722
73592,1.44956
73593,4.48572
73594,2.05467
73595,4.70112
73596,3.26081
73597,2.35947
73598,2.84637
73599,3.74791
73600,4.61185
73601,4.21281
73602,1.90068
73603,4.61427
73604,4.30565
73605,1.95108
73606,3.46603
73607,3.56329
73608,3.67579
73609,4.26149
73610,1.90517
73611,3.97318
73612,4.41574
73613,4.45492
73614,3.75814
73615,4.37788
73616,4.30198
73617,3.94819
73618,4.05419
73619,2.91772
73620,1.34177
73621,3.47872
73622,2.93764
73623,1.8869
73624,4.10503
73625,3.94234
73626,4.60969
73627,3.99303
73628,4.1651
73629,4.28725
73630,4.12271
73631,2.63212
73632,3.89993
73633,3.69098
73634,3.70506
73635,3.42811
73636,2.3801
73637,2.14273
73638,2.78095
73639,3.83529
73640,3.74652
73641,2.48409
73642,2.05577
73643,3.89717
73644,3.99274
73645,1.74991
73646,3.90101
73647,2.15751
73648,2.33424
73649,3.378
73650,3.24969
73651,5.0
73652,4.89911
73653,4.35959
73654,3.85906
73655,2.02741
73656,4.16401
73657,2.25424
73658,2.692
73659,4.61683
73660,3.31905
73661,1.93266
73662,1.28516
73663,2.14028
73664,2.6411
73665,3.91422
73666,1.91972
73667,3.88712
73668,4.56217
73669,2.11332
73670,1.60784
73671,4.37369
73672,5.0
73673,4.01444
73674,4.79218
73675,1.75892
73676,3.65959
73677,4.84454
73678,4.2407
73679,4.01075
73680,3.15951
73681,3.45814
73682,4.38754
73683,4.36319
73684,4.53572
73685,3.65626
73686,3.51255
73687,5.0
73688,4.28026
73689,4.3678
73690,4.7879
73691,4.34392
73692,4.48866
73693,4.02425
73694,4.42081
73695,3.99476
73696,2.92066
73697,4.83459
73698,4.49659
73699,4.91684
73700,4.50798
73701,4.30638
73702,2.77952
73703,3.45969
73704,3.57933
73705,3.59061
73706,4.42697
73707,4.96309
73708,2.90312
73709,3.76546
73710,3.66028
73711,2.52725
73712,3.50766
73713,2.98075
73714,2.3811
73715,2.32306
73716,4.15188
73717,2.5448
73718,2.57564
73719,3.81896
73720,2.91759
73721,3.5009
73722,3.3047
73723,4.15794
73724,3.5039
73725,3.75446
73726,4.77133
73727,2.95902
73728,3.57563
73729,1.58879
73730,3.34145
73731,4.32172
73732,3.97954
73733,3.64861
73734,4.62225
73735,3.94291
73736,2.48379
73737,4.00447
73738,3.80097
73739,2.96083
73740,4.55214
73741,2.39339
73742,4.16068
73743,2.88248
73744,3.85605
73745,4.70585
73746,3.96274
73747,3.12728
73748,4.38549
73749,3.97698
73750,4.81019
73751,3.97698
73752,3.66015
73753,4.44185
73754,4.08386
73755,4.63815
73756,4.6897
73757,2.80776
73758,3.47003
73759,4.54111
73760,2.76582
73761,3.77154
73762,4.41087
73763,4.2785
73764,3.94564
73765,4.35237
73766,3.44166
73767,3.43956
73768,3.05005
73769,3.77299
73770,3.58914
73771,2.5219
73772,3.93796
73773,2.97514
73774,4.37078
73775,4.59043
73776,4.16234
73777,4.22773
73778,4.17488
73779,3.43224
73780,3.99056
73781,4.0487
73782,5.0
73783,4.57785
73784,2.96155
73785,4.54448
73786,4.59423
73787,3.31605
73788,4.74859
73789,4.70209
73790,2.36968
73791,2.98096
73792,3.65546
73793,4.05212
73794,3.22105
73795,4.87105
73796,3.44846
73797,4.3586
73798,4.35495
73799,4.02256
73800,4.27633
73801,4.55755
73802,2.43642
73803,4.89421
73804,4.12975
73805,4.78987
73806,3.3916
73807,4.54414
73808,3.88792
73809,4.11605
73810,5.0
73811,5.0
73812,3.92243
73813,4.96539
73814,4.58037
73815,4.74371
73816,3.5876
73817,1.89286
73818,4.02052
73819,3.66223
73820,2.33388
73821,4.38784
73822,4.31659
73823,4.74921
73824,4.39584
73825,4.01207
73826,4.27055
73827,3.44763
73828,4.31802
73829,4.50195
73830,3.84017
73831,3.93882
73832,4.79762
73833,4.29145
73834,4.58899
73835,3.99374
73836,3.3604
73837,3.12012
73838,3.31916
73839,4.88582
73840,2.17328
73841,4.5612
73842,4.35372
73843,4.10343
73844,4.2691
73845,2.30896
73846,4.13175
73847,3.49375
73848,4.01343
73849,3.06391
73850,4.2897
73851,3.4253
73852,3.12687
73853,4.57605
73854,3.81277
73855,3.44766
73856,4.9001
73857,4.24602
73858,3.98101
73859,3.21104
73860,3.62818
73861,2.68148
73862,3.46659
73863,3.50439
73864,3.58138
73865,3.84085
73866,4.19214
73867,2.70458
73868,3.83268
73869,3.57643
73870,4.50437
73871,4.87268
73872,3.61062
73873,3.57501
73874,2.11972
73875,3.24762
73876,3.24028
73877,2.40905
73878,3.13911
73879,2.30824
73880,2.58049
73881,4.08296
73882,2.92785
73883,3.01454
73884,3.44472
73885,3.1915
73886,3.16145
73887,3.03945
73888,4.85206
73889,3.15338
73890,2.97104
73891,2.9922
73892,2.63863
73893,3.53841
73894,3.32974
73895,5.0
73896,3.59083
73897,5.0
73898,3.36432
73899,2.27681
73900,4.20146
73901,3.76375
73902,3.65794
73903,4.31733
73904,4.64254
73905,3.53268
73906,2.26651
73907,5.0
73908,4.13004
73909,4.87567
73910,4.01966
73911,3.26099
73912,4.33619
73913,3.11498
73914,3.41656
73915,3.53712
73916,4.23761
73917,4.85036
73918,4.35588
73919,3.43418
73920,4.12152
73921,3.86777
73922,3.93724
73923,3.54487
73924,3.96456
73925,3.22347
73926,2.33481
73927,3.17367
73928,4.36479
73929,2.99844
73930,3.80245
73931,3.8002
73932,2.62216
73933,4.51254
73934,4.23946
73935,4.22052
73936,3.5346
73937,3.69561
73938,3.97585
73939,4.89345
73940,3.68514
73941,3.52957
73942,4.46461
73943,3.81534
73944,3.64016
73945,3.43623
73946,4.37126
73947,4.87573
73948,3.62723
73949,4.49107
73950,4.37624
73951,3.79885
73952,4.28407
73953,3.78532
73954,3.08646
73955,3.33673
73956,3.85734
73957,4.90467
73958,3.29289
73959,3.96915
73960,3.88112
73961,3.28001
73962,4.29872
73963,3.98015
73964,3.08418
73965,3.03451
73966,4.44438
73967,3.50406
73968,4.26357
73969,4.56934
73970,2.79386
73971,3.2023
73972,4.30079
73973,4.51375
73974,4.23586
73975,2.78425
73976,4.27
73977,3.61448
73978,3.80143
73979,3.64892
73980,3.26536
73981,3.77393
73982,3.54297
73983,3.1009
73984,5.0
73985,2.98182
73986,3.06222
73987,3.51615
73988,3.45657
73989,3.74584
73990,3.33699
73991,3.22022
73992,2.60312
73993,3.21853
73994,3.95026
73995,3.73116
73996,3.37807
73997,4.24183
73998,3.84552
73999,3.2937
74000,3.77412
74001,2.30296
74002,4.6138
74003,1.93804
74004,3.86715
74005,3.60386
74006,3.58673
74007,3.63415
74008,3.86789
74009,3.67487
74010,3.75689
74011,4.68733
74012,3.98763
74013,4.23636
74014,4.87263
74015,3.52922
74016,3.19545
74017,5.0
74018,4.32651
74019,5.0
74020,4.49778
74021,4.18616
74022,4.39606
74023,3.64885
74024,4.68616
74025,4.21327
74026,3.30132
74027,3.02635
74028,3.63672
74029,4.04193
74030,3.3872
74031,3.575
74032,4.54262
74033,3.03311
74034,3.74653
74035,3.03892
74036,2.86307
74037,2.9944
74038,3.44871
74039,3.22681
74040,2.35485
74041,2.91138
74042,2.99267
74043,2.84236
74044,3.26082
74045,3.14753
74046,3.31068
74047,2.92861
74048,3.21843
74049,3.34432
74050,3.45912
74051,2.99012
74052,2.83459
74053,3.06023
74054,3.74302
74055,3.43399
74056,3.36922
74057,2.36972
74058,3.4949
74059,3.01992
74060,2.84133
74061,3.32664
74062,2.75434
74063,3.30811
74064,3.51462
74065,3.53137
74066,3.45444
74067,2.74183
74068,3.49786
74069,2.85753
74070,2.466
74071,3.35981
74072,2.56512
74073,2.90485
74074,2.25371
74075,3.42994
74076,3.20119
74077,3.9943
74078,3.59945
74079,2.79546
74080,2.26533
74081,2.84008
74082,3.21368
74083,3.25506
74084,3.38887
74085,3.13487
74086,2.89944
74087,3.70463
74088,2.89358
74089,2.86245
74090,2.86368
74091,2.50664
74092,1.80961
74093,3.78825
74094,3.30937
74095,3.70052
74096,3.57182
74097,3.98956
74098,3.57214
74099,3.86812
74100,2.7254
74101,2.81806
74102,3.48726
74103,3.48756
74104,3.46853
74105,3.01694
74106,2.73155
74107,3.04921
74108,2.7516
74109,2.6262
74110,2.72252
74111,3.23286
74112,2.82908
74113,4.43254
74114,2.61416
74115,3.58988
74116,2.8479
74117,3.81913
74118,3.32003
74119,3.48967
74120,3.99257
74121,3.71311
74122,3.00766
74123,3.69409
74124,3.41387
74125,4.12401
74126,3.64115
74127,4.01982
74128,1.15049
74129,3.15632
74130,3.18286
74131,5.0
74132,4.58384
74133,4.10784
74134,3.6019
74135,2.73177
74136,4.07521
74137,4.03697
74138,5.0
74139,4.20327
74140,2.31085
74141,2.70632
74142,2.90521
74143,2.909
74144,1.0
74145,3.06948
74146,2.64102
74147,3.09707
74148,3.13574
74149,3.40172
74150,3.10604
74151,3.71902
74152,2.89814
74153,1.0
74154,2.83352
74155,2.3215
74156,2.77395
74157,3.01354
74158,3.47759
74159,2.67616
74160,3.05657
74161,3.21115
74162,1.88901
74163,1.45594
74164,2.62916
74165,2.25932
74166,2.62128
74167,2.8935
74168,3.82664
74169,2.61313
74170,2.2848
74171,3.58146
74172,4.29148
74173,1.0
74174,4.32037
74175,4.03493
74176,4.41143
74177,3.51017
74178,3.96326
74179,3.03721
74180,2.83208
74181,3.67392
74182,4.29504
74183,3.63452
74184,4.07434
74185,4.30239
74186,3.76194
74187,4.0702
74188,2.93235
74189,4.50979
74190,3.84697
74191,3.56423
74192,3.92601
74193,3.91238
74194,2.80782
74195,3.6201
74196,3.28585
74197,2.93818
74198,4.0898
74199,3.94087
74200,2.6078
74201,3.31235
74202,2.76934
74203,2.85448
74204,2.77844
74205,3.28258
74206,3.97879
74207,2.62445
74208,3.58912
74209,3.22824
74210,2.95092
74211,4.17061
74212,3.22752
74213,2.34371
74214,3.07352
74215,3.70232
74216,2.90905
74217,4.24562
74218,3.55759
74219,4.03348
74220,4.11298
74221,3.31146
74222,3.28342
74223,3.75066
74224,3.63491
74225,3.4071
74226,3.1065
74227,2.95656
74228,2.73657
74229,3.8076
74230,4.4185
74231,3.25825
74232,3.25531
74233,2.77982
74234,3.03512
74235,2.95435
74236,2.11312
74237,1.99485
74238,2.39262
74239,2.33518
74240,3.00046
74241,1.05861
74242,3.4492
74243,4.35015
74244,3.60969
74245,3.62422
74246,2.35388
74247,2.25639
74248,2.01863
74249,4.16124
74250,1.47119
74251,1.0
74252,2.61117
74253,2.59901
74254,5.0
74255,3.82454
74256,3.17201
74257,3.3886
74258,2.74565
74259,3.44445
74260,3.23261
74261,3.7108
74262,3.85238
74263,3.53613
74264,4.14581
74265,3.23622
74266,3.05669
74267,2.47415
74268,3.50936
74269,3.3296
74270,4.10802
74271,3.18845
74272,2.48344
74273,2.93342
74274,2.73306
74275,2.60369
74276,3.01867
74277,4.79233
74278,3.93627
74279,4.70959
74280,3.99366
74281,4.17402
74282,3.31487
74283,3.65688
74284,3.33879
74285,2.5511
74286,2.49988
74287,3.42233
74288,2.53282
74289,3.28661
74290,2.15333
74291,3.29145
74292,3.18944
74293,3.44744
74294,2.88063
74295,2.83451
74296,3.58049
74297,3.73835
74298,3.14479
74299,3.48288
74300,4.16861
74301,3.00889
74302,2.01867
74303,3.33151
74304,3.23307
74305,2.92957
74306,3.03753
74307,3.20682
74308,3.46141
74309,1.77222
74310,2.89229
74311,2.35651
74312,3.87197
74313,1.83141
74314,3.8383
74315,2.76498
74316,3.42197
74317,2.34669
74318,2.51724
74319,2.93009
74320,2.93978
74321,3.19678
74322,2.70919
74323,2.04822
74324,3.79431
74325,2.09222
74326,3.16956
74327,3.54399
74328,4.20569
74329,3.36363
74330,3.61959
74331,2.12933
74332,3.8081
74333,4.38855
74334,4.1437
74335,3.31079
74336,4.01671
74337,2.54083
74338,3.92364
74339,4.20312
74340,3.18108
74341,3.43743
74342,2.2931
74343,4.26806
74344,3.72146
74345,3.43183
74346,2.55102
74347,2.34637
74348,2.08616
74349,1.72842
74350,3.59182
74351,3.87424
74352,2.67842
74353,3.83457
74354,3.23344
74355,3.14572
74356,2.42282
74357,3.97854
74358,4.07005
74359,2.81069
74360,2.85614
74361,1.99225
74362,2.3547
74363,2.0002
74364,4.07493
74365,2.75743
74366,2.90751
74367,3.00383
74368,2.75594
74369,3.56856
74370,1.6094
74371,3.95513
74372,3.71463
74373,3.5806
74374,3.1058
74375,3.47224
74376,3.01311
74377,1.84546
74378,3.93252
74379,4.39189
74380,3.61517
74381,1.91301
74382,4.06312
74383,2.47672
74384,3.17906
74385,4.32648
74386,3.54977
74387,3.42952
74388,2.78721
74389,2.53363
74390,3.43353
74391,3.67761
74392,3.33107
74393,2.50662
74394,2.80111
74395,3.46974
74396,3.72956
74397,3.38932
74398,2.79838
74399,3.46787
74400,3.77438
74401,2.87132
74402,1.9066
74403,2.89203
74404,1.61395
74405,1.63815
74406,3.75638
74407,3.60118
74408,3.41849
74409,2.51037
74410,3.4123
74411,2.56789
74412,3.53634
74413,4.07807
74414,3.78665
74415,3.3671
74416,3.67278
74417,3.9529
74418,4.15019
74419,3.32376
74420,2.49683
74421,2.20927
74422,2.69877
74423,3.94779
74424,1.53542
74425,2.17734
74426,3.18614
74427,3.34202
74428,3.67191
74429,3.58037
74430,1.89607
74431,2.09853
74432,2.24039
74433,2.07801
74434,2.49145
74435,2.87166
74436,3.63692
74437,4.41444
74438,2.25479
74439,2.51944
74440,3.98619
74441,2.79808
74442,4.01127
74443,4.18215
74444,2.77559
74445,3.4114
74446,3.468
74447,4.1388
74448,2.67339
74449,1.49273
74450,3.53105
74451,2.16422
74452,3.29649
74453,2.9599
74454,3.19522
74455,2.85119
74456,3.66777
74457,3.09814
74458,2.41975
74459,3.12201
74460,3.67069
74461,3.29977
74462,3.82607
74463,4.44177
74464,4.83916
74465,3.40034
74466,4.64423
74467,5.0
74468,4.68153
74469,4.49577
74470,3.95341
74471,4.27033
74472,4.49904
74473,3.42187
74474,4.25933
74475,3.09036
74476,3.77097
74477,4.18721
74478,4.57162
74479,4.40778
74480,4.60632
74481,4.01482
74482,4.03562
74483,2.99898
74484,4.6227
74485,3.93354
74486,4.18625
74487,4.65664
74488,4.26165
74489,3.86291
74490,5.0
74491,4.89592
74492,4.41612
74493,4.14619
74494,4.54005
74495,3.31786
74496,3.77411
74497,4.6382
74498,4.10585
74499,4.42478
74500,4.01515
74501,3.45567
74502,4.32656
74503,4.93247
74504,4.55949
74505,4.33031
74506,4.59601
74507,4.11712
74508,4.82943
74509,4.84315
74510,2.04942
74511,4.53464
74512,4.51585
74513,4.79399
74514,4.38889
74515,4.52593
74516,3.14401
74517,4.0587
74518,5.0
74519,4.45266
74520,4.1287
74521,4.4365
74522,5.0
74523,3.63176
74524,4.3581
74525,4.14466
74526,4.72256
74527,3.57247
74528,3.33011
74529,4.0626
74530,3.79402
74531,3.49027
74532,3.92842
74533,4.46346
74534,3.94715
74535,3.10731
74536,4.48489
74537,3.3891
74538,3.93359
74539,4.16102
74540,3.6802
74541,3.88469
74542,3.75588
74543,4.1916
74544,3.67768
74545,4.09975
74546,3.36969
74547,3.94947
74548,4.44426
74549,4.2963
74550,4.60065
74551,4.02249
74552,4.64668
74553,4.00306
74554,3.85832
74555,4.87959
74556,3.99814
74557,4.0599
74558,3.27855
74559,4.83526
74560,4.707
74561,4.33705
74562,4.12004
74563,4.45524
74564,3.26828
74565,3.84511
74566,4.14037
74567,3.72868
74568,3.68372
74569,3.67027
74570,3.98656
74571,4.04708
74572,4.10678
74573,4.61868
74574,4.00381
74575,3.52463
74576,4.13334
74577,3.64987
74578,4.05308
74579,3.88367
74580,3.90526
74581,4.70825
74582,2.08924
74583,2.54178
74584,2.66026
74585,3.74322
74586,2.16217
74587,2.83476
74588,2.50206
74589,3.445
74590,2.322
74591,4.11232
74592,2.42631
74593,3.67356
74594,2.15506
74595,2.6875
74596,3.98164
74597,3.54278
74598,3.47153
74599,3.76752
74600,3.63653
74601,1.99941
74602,3.85333
74603,3.77609
74604,3.25808
74605,1.75604
74606,3.06389
74607,2.96156
74608,3.92903
74609,3.93496
74610,4.70466
74611,2.58564
74612,3.04203
74613,2.08591
74614,2.06009
74615,3.22279
74616,3.33966
74617,4.00497
74618,3.87234
74619,4.31259
74620,3.9652
74621,3.11278
74622,3.9589
74623,3.02128
74624,3.51191
74625,4.37592
74626,4.11933
74627,4.01964
74628,4.14715
74629,3.77852
74630,4.00686
74631,2.35543
74632,4.00214
74633,3.20816
74634,3.89721
74635,1.5688
74636,4.42875
74637,3.11486
74638,3.08496
74639,3.03011
74640,3.35325
74641,2.8476
74642,2.96467
74643,3.19704
74644,1.55027
74645,3.86764
74646,2.80454
74647,3.72472
74648,3.46477
74649,3.41154
74650,2.1872
74651,1.07275
74652,3.61
74653,3.51041
74654,2.96889
74655,3.76024
74656,2.93752
74657,1.81911
74658,4.46447
74659,3.88714
74660,3.66526
74661,2.66716
74662,3.56192
74663,3.02339
74664,3.8276
74665,3.6756
74666,4.5006
74667,4.51046
74668,4.67
74669,3.57305
74670,3.73646
74671,4.29794
74672,3.7802
74673,3.58681
74674,4.3313
74675,4.40756
74676,4.04489
74677,4.04993
74678,4.34159
74679,4.40096
74680,3.0883
74681,4.53622
74682,4.37474
74683,4.96561
74684,4.23896
74685,4.36481
74686,4.54523
74687,4.30257
74688,4.03907
74689,5.0
74690,3.41871
74691,4.57386
74692,3.95452
74693,4.40216
74694,4.25612
74695,4.96999
74696,4.39607
74697,4.19755
74698,3.75272
74699,4.24032
74700,3.68449
74701,3.54502
74702,2.6878
74703,3.5409
74704,3.7069
74705,3.48733
74706,3.35051
74707,3.16727
74708,2.77477
74709,3.3007
74710,3.46548
74711,2.75445
74712,3.26369
74713,3.39719
74714,3.25071
74715,2.38932
74716,3.48996
74717,2.18111
74718,3.51529
74719,4.16825
74720,3.66232
74721,2.70883
74722,3.82276
74723,3.76344
74724,3.09524
74725,2.9881
74726,3.81122
74727,3.46715
74728,2.70959
74729,3.50884
74730,2.72647
74731,3.47678
74732,3.38767
74733,3.51826
74734,3.4973
74735,3.68151
74736,3.19462
74737,4.20095
74738,3.03744
74739,3.14684
74740,3.4841
74741,3.43502
74742,3.43801
74743,3.55617
74744,3.60311
74745,4.31231
74746,3.96985
74747,3.47685
74748,3.82701
74749,3.78361
74750,3.88314
74751,4.65859
74752,4.18981
74753,4.4172
74754,4.28412
74755,3.59896
74756,3.7823
74757,4.58003
74758,1.43032
74759,4.06608
74760,4.31241
74761,2.6109
74762,3.13662
74763,3.69835
74764,2.93344
74765,3.65548
74766,3.86857
74767,3.70462
74768,4.07601
74769,3.29903
74770,2.13043
74771,3.66903
74772,3.02976
74773,3.55222
74774,3.09658
74775,4.61452
74776,3.64696
74777,2.96821
74778,4.1371
74779,5.0
74780,3.5495
74781,3.66455
74782,4.40062
74783,4.14514
74784,4.32155
74785,3.91428
74786,3.43604
74787,4.62079
74788,4.31937
74789,4.09092
74790,4.66745
74791,2.66069
74792,2.40917
74793,2.65534
74794,2.78467
74795,3.72243
74796,4.45451
74797,2.63802
74798,1.96411
74799,2.21254
74800,4.08479
74801,2.19668
74802,4.81988
74803,4.15315
74804,3.91096
74805,3.89487
74806,2.52341
74807,4.34231
74808,3.3586
74809,4.3113
74810,3.47908
74811,4.31552
74812,4.16932
74813,4.16714
74814,4.40255
74815,2.4694
74816,3.41805
74817,4.17802
74818,3.0795
74819,3.20868
74820,4.04878
74821,3.75721
74822,1.90249
74823,2.71311
74824,2.51464
74825,3.51418
74826,3.68627
74827,3.86009
74828,3.99
74829,3.78854
74830,3.58716
74831,3.49872
74832,3.26356
74833,3.40885
74834,3.95269
74835,2.38214
74836,4.05359
74837,4.2055
74838,4.80882
74839,4.18695
74840,2.74352
74841,4.69651
74842,4.6812
74843,4.40153
74844,4.1567
74845,4.43679
74846,4.03714
74847,4.62618
74848,4.16319
74849,2.49866
74850,3.87494
74851,4.72176
74852,3.4278
74853,3.4969
74854,5.0
74855,3.86967
74856,4.65068
74857,4.20117
74858,5.0
74859,3.22555
74860,4.65781
74861,3.57326
74862,3.3163
74863,4.86891
74864,3.99941
74865,4.2122
74866,3.39454
74867,3.68864
74868,2.92772
74869,3.685
74870,4.19212
74871,3.19042
74872,4.66236
74873,4.75375
74874,3.74128
74875,4.09824
74876,2.97364
74877,3.89781
74878,4.51468
74879,4.30816
74880,3.74462
74881,3.64193
74882,4.35718
74883,4.19947
74884,4.12135
74885,3.62711
74886,3.58019
74887,4.05765
74888,3.54998
74889,4.27966
74890,3.48379
74891,3.77393
74892,4.60719
74893,2.13042
74894,3.61648
74895,3.80967
74896,3.38568
74897,4.11084
74898,3.0379
74899,3.02838
74900,3.77683
74901,3.04241
74902,3.8916
74903,3.05519
74904,3.20662
74905,4.27461
74906,3.14352
74907,3.51156
74908,3.45671
74909,2.4546
74910,3.2481
74911,3.08032
74912,3.22057
74913,3.59073
74914,3.72673
74915,3.07703
74916,3.14627
74917,4.25879
74918,3.73692
74919,3.47991
74920,3.27022
74921,2.2354
74922,3.52018
74923,2.32071
74924,1.9832
74925,3.71698
74926,3.99416
74927,2.11741
74928,3.92763
74929,2.62962
74930,3.85083
74931,3.63062
74932,3.30383
74933,3.27544
74934,3.27305
74935,3.02742
74936,1.48353
74937,2.94457
74938,2.94599
74939,3.99026
74940,2.25463
74941,3.98675
74942,3.02997
74943,3.60402
74944,4.68362
74945,3.57338
74946,3.79577
74947,4.08432
74948,3.95948
74949,3.01716
74950,3.48391
74951,3.16139
74952,3.38291
74953,3.47742
74954,3.28912
74955,3.54079
74956,3.22831
74957,3.5913
74958,3.87014
74959,3.50643
74960,2.84092
74961,3.83649
74962,3.41968
74963,4.166
74964,3.00216
74965,4.50353
74966,3.79639
74967,3.91021
74968,3.58688
74969,3.37244
74970,3.08011
74971,3.54681
74972,2.99246
74973,3.13942
74974,3.66177
74975,3.52695
74976,4.57107
74977,4.0543
74978,4.04392
74979,3.80729
74980,3.63687
74981,3.76013
74982,3.0272
74983,3.279
74984,3.13056
74985,3.36841
74986,2.90355
74987,3.33192
74988,4.44077
74989,4.74786
74990,5.0
74991,4.42834
74992,5.0
74993,4.02669
74994,4.25124
74995,3.91849
74996,3.47149
74997,4.21639
74998,4.7624
74999,4.9172
75000,2.40314
75001,3.31338
75002,4.98401
75003,4.08607
75004,3.29812
75005,4.66968
75006,2.95108
75007,4.96239
75008,3.69096
75009,2.85444
75010,3.41781
75011,2.27271
75012,5.0
75013,3.82091
75014,3.95178
75015,3.00413
75016,4.30465
75017,4.05372
75018,3.97491
75019,3.40224
75020,3.12205
75021,4.10654
75022,4.40473
75023,3.15851
75024,1.99422
75025,3.36667
75026,3.42136
75027,4.26717
75028,3.65886
75029,3.20244
75030,3.79492
75031,1.7721
75032,3.63082
75033,3.15241
75034,3.70051
75035,2.94164
75036,3.22543
75037,4.00179
75038,3.53825
75039,2.86159
75040,3.65797
75041,3.73825
75042,3.42063
75043,4.01148
75044,2.57497
75045,3.57046
75046,2.74433
75047,2.53187
75048,1.98099
75049,3.5104
75050,3.45487
75051,3.47272
75052,3.44594
75053,1.68658
75054,2.10445
75055,3.56543
75056,3.5519
75057,3.5985
75058,3.97025
75059,3.09877
75060,3.66028
75061,3.52491
75062,3.11488
75063,3.18872
75064,2.69549
75065,3.10447
75066,2.85065
75067,2.98414
75068,3.18776
75069,3.83132
75070,2.219
75071,3.6649
75072,3.24538
75073,3.73292
75074,3.98049
75075,3.44959
75076,3.73499
75077,2.75853
75078,3.94336
75079,3.81514
75080,3.98027
75081,3.96029
75082,2.66469
75083,2.89138
75084,2.694
75085,3.38908
75086,2.55716
75087,2.94362
75088,2.70824
75089,4.0378
75090,3.30359
75091,4.13863
75092,2.27335
75093,4.04895
75094,2.54232
75095,2.38414
75096,3.27527
75097,2.98631
75098,4.0425
75099,3.11637
75100,3.68089
75101,3.85619
75102,3.54316
75103,3.62211
75104,2.3965
75105,1.13699
75106,4.03183
75107,3.00511
75108,1.90135
75109,2.94628
75110,1.91645
75111,3.47287
75112,3.42858
75113,2.03898
75114,3.31231
75115,2.67452
75116,1.78046
75117,3.90034
75118,3.87126
75119,2.37051
75120,3.62219
75121,2.67401
75122,1.85523
75123,3.43654
75124,3.46588
75125,3.0896
75126,4.00127
75127,3.62184
75128,4.6208
75129,2.3491
75130,3.36901
75131,2.25355
75132,3.44275
75133,2.51614
75134,2.85072
75135,3.82026
75136,4.36739
75137,4.31464
75138,3.97054
75139,3.89923
75140,4.43764
75141,4.39067
75142,3.77652
75143,3.09941
75144,3.35029
75145,4.17623
75146,3.65351
75147,3.61038
75148,3.16904
75149,2.84854
75150,4.60577
75151,3.33562
75152,3.95829
75153,3.7268
75154,4.40723
75155,3.92817
75156,3.43972
75157,3.57508
75158,3.59163
75159,4.40274
75160,2.79044
75161,3.69029
75162,2.80449
75163,3.52384
75164,3.4825
75165,3.3783
75166,4.05543
75167,4.05982
75168,4.47178
75169,4.17248
75170,4.27644
75171,3.41902
75172,3.93915
75173,4.09928
75174,3.62254
75175,4.40426
75176,4.45448
75177,2.56186
75178,4.40547
75179,4.14739
75180,4.63548
75181,4.43644
75182,3.68248
75183,3.49306
75184,4.25452
75185,3.92706
75186,3.79942
75187,3.1082
75188,4.17145
75189,2.90618
75190,3.22094
75191,3.62241
75192,2.99388
75193,4.43219
75194,2.65642
75195,3.70101
75196,3.32855
75197,2.26881
75198,3.73092
75199,4.02046
75200,3.31727
75201,3.40702
75202,2.5389
75203,3.20871
75204,3.51875
75205,3.8997
75206,3.36924
75207,3.65631
75208,4.19695
75209,3.61595
75210,4.0466
75211,3.94768
75212,3.94451
75213,2.68473
75214,3.06999
75215,3.24221
75216,3.46858
75217,3.14063
75218,3.60154
75219,3.2652
75220,2.60439
75221,3.35696
75222,4.38102
75223,3.021
75224,3.57381
75225,2.40147
75226,3.39756
75227,2.72246
75228,3.82404
75229,3.8457
75230,3.57992
75231,3.57076
75232,4.76124
75233,3.42993
75234,5.0
75235,3.79092
75236,3.67567
75237,4.714
75238,3.65334
75239,4.83006
75240,4.54027
75241,4.32138
75242,4.13456
75243,4.42004
75244,4.64692
75245,1.0
75246,1.99463
75247,5.0
75248,4.12495
75249,3.9469
75250,4.90658
75251,5.0
75252,4.39727
75253,4.15898
75254,5.0
75255,3.83579
75256,4.0961
75257,3.74185
75258,3.21378
75259,2.77101
75260,3.77508
75261,3.35265
75262,3.37007
75263,4.40729
75264,3.5881
75265,4.87609
75266,2.92151
75267,3.95371
75268,1.0
75269,3.63661
75270,3.75334
75271,3.07069
75272,3.48753
75273,4.06191
75274,1.0
75275,1.20701
75276,1.0
75277,1.08199
75278,1.0
75279,4.18774
75280,3.58493
75281,4.64299
75282,4.40395
75283,3.57116
75284,4.19118
75285,2.92467
75286,2.36348
75287,1.40859
75288,2.85632
75289,2.0419
75290,2.43306
75291,1.30078
75292,2.2904
75293,2.15341
75294,2.79476
75295,2.0066
75296,2.46457
75297,3.49006
75298,2.73098
75299,1.42601
75300,1.40909
75301,3.46146
75302,4.04615
75303,3.57481
75304,3.58841
75305,2.37781
75306,3.31453
75307,1.69232
75308,2.95541
75309,2.71598
75310,2.25483
75311,1.65097
75312,4.52116
75313,2.12215
75314,1.83076
75315,2.23472
75316,2.32748
75317,2.35267
75318,3.99993
75319,3.24591
75320,4.65813
75321,4.79973
75322,3.85763
75323,3.45128
75324,4.09518
75325,5.0
75326,5.0
75327,5.0
75328,4.53309
75329,5.0
75330,4.72503
75331,4.37978
75332,3.20427
75333,2.65626
75334,4.64419
75335,4.12612
75336,3.91799
75337,4.71185
75338,4.74185
75339,4.64053
75340,2.80138
75341,4.62289
75342,4.51113
75343,4.75516
75344,3.69594
75345,3.55107
75346,3.75453
75347,2.40353
75348,4.47319
75349,4.58272
75350,3.96131
75351,4.99861
75352,3.35378
75353,4.48191
75354,2.60822
75355,4.28108
75356,2.68158
75357,4.02421
75358,4.78921
75359,3.83786
75360,4.72085
75361,4.12548
75362,3.99538
75363,3.55931
75364,4.38978
75365,2.77685
75366,4.13443
75367,1.67423
75368,3.53204
75369,3.4976
75370,3.77298
75371,4.04502
75372,3.16028
75373,3.45049
75374,3.59736
75375,2.13598
75376,3.57826
75377,4.26731
75378,4.15336
75379,2.87193
75380,4.27201
75381,2.73921
75382,3.85675
75383,4.23526
75384,3.54614
75385,3.52603
75386,4.46799
75387,2.5381
75388,2.71782
75389,3.15206
75390,4.07864
75391,2.3419
75392,3.30749
75393,3.10471
75394,1.74679
75395,3.26416
75396,4.27003
75397,2.70442
75398,4.04584
75399,4.06353
75400,3.56537
75401,3.46887
75402,3.45917
75403,3.69097
75404,3.78762
75405,5.0
75406,2.6859
75407,3.66649
75408,4.00193
75409,3.03903
75410,3.81672
75411,3.6241
75412,3.51806
75413,3.71113
75414,4.40012
75415,4.38743
75416,3.76201
75417,2.36454
75418,3.75216
75419,4.78775
75420,4.99937
75421,4.02109
75422,2.61156
75423,3.72951
75424,2.54664
75425,3.20779
75426,4.61305
75427,5.0
75428,3.97526
75429,4.45668
75430,4.08667
75431,4.87147
75432,3.77572
75433,2.3128
75434,3.64484
75435,4.84448
75436,2.9834
75437,5.0
75438,4.22302
75439,3.73594
75440,5.0
75441,3.4261
75442,3.84069
75443,3.86396
75444,5.0
75445,3.81321
75446,3.65803
75447,4.12248
75448,3.58451
75449,4.08687
75450,4.08794
75451,3.87379
75452,4.57172
75453,3.38102
75454,3.91695
75455,3.44517
75456,4.19911
75457,3.75061
75458,4.40877
75459,4.2481
75460,1.96175
75461,4.53238
75462,4.65914
75463,3.10222
75464,3.86957
75465,2.55199
75466,4.68631
75467,3.8412
75468,4.30818
75469,2.34903
75470,3.41112
75471,4.27637
75472,4.0629
75473,3.80237
75474,4.0682
75475,3.72428
75476,3.05722
75477,4.74676
75478,3.44116
75479,1.80932
75480,3.67956
75481,2.88829
75482,4.06179
75483,4.03869
75484,4.9781
75485,2.98773
75486,4.38057
75487,4.5193
75488,3.66237
75489,4.16395
75490,3.57642
75491,3.88917
75492,2.85128
75493,3.92867
75494,4.44951
75495,2.86471
75496,4.42251
75497,4.48286
75498,4.77173
75499,3.6127
75500,4.35136
75501,2.90889
75502,4.04858
75503,3.70502
75504,3.83562
75505,3.02162
75506,2.17249
75507,2.22025
75508,3.54554
75509,1.7526
75510,3.55724
75511,2.87289
75512,2.61133
75513,3.6035
75514,3.30022
75515,3.28249
75516,3.22449
75517,3.29746
75518,3.18953
75519,4.64861
75520,3.57482
75521,2.9652
75522,4.73999
75523,3.68437
75524,4.33399
75525,5.0
75526,4.10557
75527,2.78769
75528,4.91851
75529,1.88028
75530,2.28915
75531,2.26427
75532,3.33284
75533,4.23971
75534,4.72813
75535,4.51738
75536,3.60773
75537,3.4374
75538,3.6288
75539,4.39132
75540,4.12606
75541,4.62247
75542,4.12725
75543,3.74179
75544,4.03387
75545,3.44304
75546,4.06423
75547,3.27743
75548,3.85391
75549,4.50589
75550,3.6227
75551,3.23584
75552,4.30709
75553,4.22793
75554,4.42023
75555,4.17385
75556,4.38296
75557,3.99946
75558,4.4606
75559,4.1348
75560,3.54743
75561,4.21047
75562,3.87687
75563,3.95136
75564,3.64469
75565,4.32596
75566,3.58831
75567,4.25995
75568,3.77092
75569,3.78096
75570,3.24426
75571,4.25086
75572,4.09484
75573,4.5269
75574,4.49281
75575,4.43087
75576,4.75556
75577,3.62209
75578,4.99868
75579,4.3934
75580,4.42059
75581,4.55077
75582,4.62947
75583,3.28424
75584,4.29389
75585,3.84032
75586,4.65586
75587,2.98387
75588,4.45479
75589,4.41751
75590,4.06842
75591,4.3546
75592,4.03415
75593,4.43148
75594,4.07049
75595,4.19095
75596,4.59604
75597,4.32188
75598,3.92753
75599,4.03573
75600,4.49084
75601,4.23527
75602,4.4587
75603,4.1648
75604,4.37331
75605,4.2346
75606,4.01101
75607,4.19777
75608,4.41743
75609,4.02764
75610,3.93532
75611,4.63599
75612,4.19808
75613,4.23551
75614,3.42832
75615,4.571
75616,4.16103
75617,4.18327
75618,3.57639
75619,3.32155
75620,3.64094
75621,3.15903
75622,4.23197
75623,4.7009
75624,4.4061
75625,4.22766
75626,3.09122
75627,3.42286
75628,4.61437
75629,4.75645
75630,4.45634
75631,4.15431
75632,3.72077
75633,4.70959
75634,4.00194
75635,4.39307
75636,4.57175
75637,4.30939
75638,4.50782
75639,3.49295
75640,4.3336
75641,3.97301
75642,3.88499
75643,4.52973
75644,2.90304
75645,3.74191
75646,4.00312
75647,4.51864
75648,2.55646
75649,4.01921
75650,4.57369
75651,2.81234
75652,4.38462
75653,3.95829
75654,3.32085
75655,4.33551
75656,4.33518
75657,3.18777
75658,4.37588
75659,4.45425
75660,3.39151
75661,4.48834
75662,4.34421
75663,4.32555
75664,4.25884
75665,4.13885
75666,4.42173
75667,4.8818
75668,4.42459
75669,4.29419
75670,3.96528
75671,4.30602
75672,4.71673
75673,4.46416
75674,4.26576
75675,4.48585
75676,4.22332
75677,3.65225
75678,4.0724
75679,3.87969
75680,4.5108
75681,4.03125
75682,4.29373
75683,4.03252
75684,3.1658
75685,2.508
75686,3.48961
75687,3.94049
75688,2.95992
75689,3.09992
75690,4.43959
75691,4.55709
75692,4.8409
75693,1.57033
75694,3.41152
75695,3.97742
75696,3.02478
75697,3.645
75698,3.58056
75699,2.45626
75700,2.19956
75701,4.18329
75702,4.77507
75703,1.29552
75704,3.06296
75705,3.89643
75706,4.45646
75707,1.86787
75708,3.88316
75709,1.57295
75710,2.7745
75711,1.40119
75712,2.6777
75713,4.01503
75714,3.14894
75715,2.35224
75716,4.00678
75717,2.1089
75718,3.57912
75719,3.99192
75720,3.74238
75721,2.41633
75722,2.95276
75723,3.33825
75724,3.0184
75725,3.69764
75726,2.48129
75727,2.39597
75728,2.61531
75729,3.89597
75730,2.09368
75731,3.50782
75732,2.33946
75733,3.03974
75734,3.30744
75735,3.5277
75736,3.09134
75737,4.11778
75738,4.42436
75739,4.15371
75740,3.78485
75741,1.04884
75742,1.2361
75743,3.7681
75744,2.14474
75745,4.11074
75746,4.11807
75747,4.3512
75748,2.43592
75749,2.997
75750,1.97495
75751,1.91094
75752,1.80741
75753,3.40162
75754,2.38329
75755,2.22814
75756,3.49003
75757,3.02312
75758,3.53763
75759,3.39319
75760,2.647
75761,1.74885
75762,3.03551
75763,2.92169
75764,3.90408
75765,3.95555
75766,2.20981
75767,2.55052
75768,3.98025
75769,2.16445
75770,2.29582
75771,3.32276
75772,1.7666
75773,1.0
75774,1.79482
75775,3.11854
75776,2.49602
75777,1.78623
75778,3.87719
75779,3.46231
75780,2.25054
75781,2.38489
75782,1.26894
75783,3.97511
75784,2.05088
75785,3.46559
75786,2.75442
75787,2.87727
75788,4.0438
75789,3.24755
75790,1.60638
75791,2.33275
75792,2.97734
75793,3.96323
75794,3.80784
75795,2.71872
75796,1.82268
75797,1.90597
75798,2.64114
75799,1.83945
75800,5.0
75801,3.41231
75802,4.23598
75803,2.61648
75804,2.12593
75805,4.84256
75806,3.7805
75807,4.23987
75808,4.20458
75809,3.8995
75810,2.8059
75811,4.73469
75812,3.42886
75813,4.04664
75814,3.8603
75815,4.39281
75816,4.18631
75817,4.17244
75818,4.00732
75819,3.31632
75820,3.78575
75821,4.95648
75822,3.30419
75823,3.49343
75824,4.15426
75825,4.01157
75826,3.63336
75827,3.12573
75828,5.0
75829,4.2578
75830,4.21811
75831,3.9929
75832,3.00769
75833,4.02209
75834,3.75174
75835,1.60897
75836,2.81735
75837,3.24438
75838,3.47479
75839,1.84597
75840,3.92484
75841,3.01927
75842,2.16245
75843,3.4191
75844,1.5105
75845,2.23024
75846,2.73621
75847,2.41434
75848,3.4046
75849,3.61284
75850,2.75313
75851,2.1471
75852,2.6697
75853,3.59266
75854,2.74353
75855,2.76619
75856,2.33898
75857,3.02699
75858,2.55214
75859,2.27173
75860,3.62196
75861,4.49406
75862,2.07822
75863,2.92883
75864,3.02423
75865,2.27234
75866,2.26138
75867,2.60888
75868,2.50822
75869,3.61823
75870,2.46621
75871,2.4376
75872,3.03451
75873,2.24377
75874,1.91249
75875,3.81209
75876,3.18026
75877,2.07525
75878,3.04265
75879,3.0219
75880,3.49021
75881,3.14677
75882,3.3817
75883,3.1005
75884,1.85926
75885,3.42334
75886,2.68261
75887,3.4592
75888,1.39542
75889,1.95019
75890,3.38819
75891,1.39148
75892,2.88687
75893,2.57421
75894,3.47924
75895,2.95682
75896,3.57015
75897,3.7965
75898,2.74984
75899,2.73485
75900,2.96641
75901,2.74628
75902,2.26654
75903,2.80669
75904,2.35502
75905,2.70361
75906,3.93431
75907,3.43403
75908,3.48759
75909,2.57779
75910,2.74787
75911,2.65289
75912,2.20926
75913,2.39911
75914,3.43494
75915,2.87438
75916,2.81677
75917,3.23453
75918,1.83007
75919,3.76939
75920,3.2268
75921,2.6901
75922,2.62016
75923,3.45062
75924,2.29163
75925,1.62324
75926,2.75193
75927,2.40675
75928,2.71971
75929,2.81786
75930,2.29881
75931,2.27692
75932,1.43755
75933,3.58328
75934,2.8423
75935,3.35861
75936,1.86041
75937,4.56242
75938,3.87199
75939,2.98864
75940,2.82242
75941,3.08633
75942,3.00029
75943,3.17684
75944,4.56692
75945,1.44704
75946,2.39543
75947,3.23845
75948,2.75962
75949,2.96698
75950,4.53532
75951,3.96297
75952,4.55914
75953,4.30017
75954,3.95858
75955,4.57875
75956,4.57107
75957,2.87468
75958,3.4585
75959,3.18032
75960,3.74531
75961,4.68575
75962,3.7245
75963,4.32125
75964,3.34802
75965,3.76352
75966,4.61196
75967,3.439
75968,3.87718
75969,3.48738
75970,3.01799
75971,3.25239
75972,2.72333
75973,3.28674
75974,4.14673
75975,3.61154
75976,2.81782
75977,3.43994
75978,4.15501
75979,3.83397
75980,3.90203
75981,4.1921
75982,3.77953
75983,3.1256
75984,4.16066
75985,1.97579
75986,3.71798
75987,3.32862
75988,2.08885
75989,2.45877
75990,3.03766
75991,3.25538
75992,3.67023
75993,3.64966
75994,2.29551
75995,3.72692
75996,2.2354
75997,3.89368
75998,3.31427
75999,4.18089
76000,4.78344
76001,4.82436
76002,5.0
76003,3.69134
76004,4.74853
76005,4.76744
76006,2.64103
76007,3.33773
76008,2.70032
76009,3.80751
76010,3.16836
76011,1.68596
76012,2.7803
76013,1.99629
76014,2.29518
76015,2.66124
76016,3.178
76017,3.26596
76018,4.12835
76019,4.35902
76020,2.61166
76021,2.48435
76022,3.45816
76023,4.0058
76024,3.70789
76025,1.04071
76026,3.34314
76027,2.82256
76028,3.72767
76029,3.44296
76030,2.04367
76031,3.08024
76032,1.83314
76033,3.65701
76034,2.80142
76035,3.71891
76036,2.62759
76037,2.59884
76038,3.76782
76039,3.68933
76040,4.21543
76041,1.3457
76042,3.4673
76043,3.58833
76044,2.6702
76045,2.97823
76046,2.47089
76047,2.06492
76048,4.34531
76049,4.64813
76050,4.71678
76051,5.0
76052,4.90378
76053,2.64892
76054,4.61908
76055,3.3141
76056,4.45024
76057,3.60031
76058,4.20074
76059,3.48667
76060,3.81138
76061,4.60081
76062,2.73519
76063,3.89497
76064,3.98903
76065,3.68315
76066,3.52403
76067,2.83537
76068,3.67861
76069,4.35672
76070,4.3648
76071,3.69326
76072,4.80123
76073,4.87788
76074,3.548
76075,3.44368
76076,4.10271
76077,3.54071
76078,2.94961
76079,3.3598
76080,4.02742
76081,3.42952
76082,2.85098
76083,3.24203
76084,4.8524
76085,3.23224
76086,3.2928
76087,3.49603
76088,4.15862
76089,3.83598
76090,4.58991
76091,1.63546
76092,3.89508
76093,5.0
76094,3.85494
76095,3.08685
76096,4.27572
76097,4.16156
76098,4.60941
76099,3.70333
76100,4.30361
76101,4.12774
76102,3.98641
76103,4.18395
76104,3.88408
76105,3.9269
76106,3.95712
76107,5.0
76108,4.11549
76109,3.09264
76110,4.06343
76111,3.92984
76112,2.55384
76113,2.95557
76114,3.93417
76115,3.20556
76116,3.96511
76117,2.29873
76118,3.25032
76119,3.54305
76120,3.96362
76121,3.45753
76122,3.94811
76123,3.45061
76124,3.97038
76125,3.14014
76126,3.66503
76127,3.17078
76128,2.97732
76129,2.97172
76130,3.02914
76131,3.968
76132,3.51699
76133,3.2863
76134,4.42652
76135,4.0721
76136,3.63202
76137,4.49411
76138,2.15074
76139,3.38046
76140,3.57877
76141,4.78773
76142,4.74838
76143,3.39631
76144,3.64212
76145,4.05668
76146,4.05775
76147,1.32677
76148,3.12523
76149,2.11037
76150,3.25409
76151,3.65209
76152,5.0
76153,3.56408
76154,4.42362
76155,2.90235
76156,2.50707
76157,4.40455
76158,2.54907
76159,4.46297
76160,3.01245
76161,1.11122
76162,3.9992
76163,1.0
76164,2.4618
76165,3.33168
76166,3.36136
76167,4.57691
76168,3.72348
76169,3.10892
76170,4.34244
76171,4.38695
76172,2.32105
76173,3.88606
76174,3.78373
76175,3.53721
76176,3.68533
76177,4.10368
76178,4.12588
76179,3.18702
76180,3.70327
76181,2.80744
76182,3.62311
76183,3.86543
76184,3.66666
76185,4.05127
76186,2.43039
76187,3.42933
76188,1.9666
76189,3.19624
76190,2.03372
76191,2.95614
76192,3.74681
76193,2.43496
76194,2.62864
76195,4.08946
76196,3.43538
76197,2.97656
76198,3.61613
76199,4.53828
76200,2.9577
76201,4.0736
76202,3.88374
76203,3.24445
76204,3.62266
76205,3.97783
76206,2.75012
76207,3.1795
76208,4.56611
76209,3.64196
76210,3.86202
76211,3.19896
76212,1.86788
76213,4.08096
76214,3.7237
76215,3.95939
76216,4.05217
76217,4.22902
76218,5.0
76219,3.24952
76220,3.59389
76221,2.90218
76222,2.33191
76223,3.12155
76224,3.7052
76225,3.57
76226,3.8809
76227,3.71414
76228,3.63503
76229,4.04666
76230,3.25471
76231,3.70558
76232,2.84951
76233,3.63402
76234,3.68264
76235,3.52165
76236,2.24686
76237,4.16586
76238,4.47603
76239,2.73691
76240,4.17338
76241,2.06225
76242,4.48285
76243,4.72926
76244,3.39253
76245,2.05512
76246,3.99843
76247,4.43424
76248,4.41361
76249,3.99769
76250,4.66442
76251,3.79634
76252,3.6163
76253,3.12958
76254,3.31187
76255,2.11133
76256,2.31222
76257,3.45356
76258,2.79384
76259,3.94246
76260,1.50534
76261,3.83138
76262,3.92624
76263,3.28519
76264,4.18385
76265,3.7786
76266,4.20404
76267,3.74745
76268,3.73391
76269,3.24254
76270,4.30002
76271,4.60017
76272,4.88883
76273,4.21885
76274,4.23195
76275,4.02025
76276,3.41813
76277,4.07096
76278,4.07842
76279,3.19294
76280,3.29999
76281,1.78515
76282,3.61025
76283,4.54002
76284,3.59744
76285,3.69375
76286,3.40527
76287,3.34737
76288,3.32486
76289,4.09938
76290,3.80716
76291,3.59028
76292,3.70188
76293,4.41391
76294,4.43574
76295,3.79006
76296,4.51614
76297,3.12327
76298,4.21882
76299,4.1306
76300,4.54008
76301,3.68614
76302,3.74756
76303,4.30157
76304,4.3707
76305,4.70103
76306,4.21276
76307,4.5497
76308,4.48088
76309,3.38489
76310,3.69987
76311,4.51392
76312,3.94704
76313,3.87837
76314,2.88821
76315,3.061
76316,4.15519
76317,4.3918
76318,3.4275
76319,3.85788
76320,3.8848
76321,4.40339
76322,3.99891
76323,3.10108
76324,4.25941
76325,4.72122
76326,1.86336
76327,2.56733
76328,2.04672
76329,2.7893
76330,3.14523
76331,3.43987
76332,4.34095
76333,1.31587
76334,1.0
76335,1.0
76336,1.29272
76337,2.27976
76338,1.81033
76339,1.0
76340,2.02346
76341,1.03771
76342,4.44271
76343,2.24099
76344,2.57869
76345,1.0
76346,4.23576
76347,4.80291
76348,4.23578
76349,4.05064
76350,2.24392
76351,2.94324
76352,3.68489
76353,2.03602
76354,2.48846
76355,1.69023
76356,1.61142
76357,3.3429
76358,4.58497
76359,3.48592
76360,3.4772
76361,4.02213
76362,2.84638
76363,2.26272
76364,1.07868
76365,2.56755
76366,2.04488
76367,4.5404
76368,4.16579
76369,3.83577
76370,3.38809
76371,2.994
76372,3.78646
76373,3.56056
76374,3.17049
76375,4.31602
76376,4.43807
76377,3.29303
76378,1.47366
76379,3.35771
76380,3.15494
76381,1.94012
76382,3.3832
76383,2.63559
76384,2.98453
76385,3.86884
76386,1.95432
76387,4.28645
76388,3.68302
76389,2.5008
76390,1.95661
76391,3.70112
76392,3.76357
76393,3.66369
76394,2.19327
76395,3.88147
76396,3.7501
76397,2.89381
76398,2.95692
76399,3.20832
76400,2.60414
76401,3.93178
76402,3.21136
76403,3.97553
76404,1.32869
76405,2.79588
76406,3.27996
76407,3.44366
76408,2.51248
76409,3.51314
76410,3.37957
76411,4.466
76412,2.05808
76413,3.67142
76414,2.44357
76415,4.31467
76416,4.14975
76417,1.63919
76418,3.69388
76419,3.6331
76420,3.54724
76421,4.49896
76422,3.71898
76423,4.67516
76424,4.33019
76425,4.04246
76426,3.60866
76427,4.107
76428,3.30241
76429,2.72976
76430,4.41453
76431,4.02208
76432,3.65749
76433,2.43413
76434,2.87244
76435,3.00238
76436,2.50719
76437,3.42015
76438,3.90681
76439,2.72647
76440,3.35475
76441,3.26079
76442,4.30347
76443,2.76072
76444,4.33287
76445,3.40065
76446,3.99054
76447,2.66638
76448,2.55605
76449,2.28394
76450,1.95949
76451,1.49626
76452,2.1748
76453,3.93894
76454,2.47131
76455,2.51331
76456,3.67704
76457,4.31708
76458,3.70339
76459,1.73781
76460,3.29711
76461,2.33046
76462,2.52807
76463,3.74128
76464,2.46014
76465,2.78165
76466,4.20047
76467,3.97259
76468,3.80333
76469,2.74709
76470,2.68066
76471,3.15568
76472,3.35099
76473,2.2848
76474,4.27235
76475,4.24553
76476,4.01883
76477,4.30805
76478,3.01394
76479,4.80031
76480,3.28722
76481,4.73833
76482,4.57125
76483,3.89952
76484,4.24041
76485,4.78139
76486,2.86456
76487,1.82257
76488,4.30094
76489,1.30939
76490,3.75748
76491,3.32991
76492,2.29913
76493,2.93429
76494,2.78404
76495,3.63893
76496,3.34191
76497,4.2654
76498,4.45312
76499,3.92955
76500,4.5721
76501,4.09535
76502,4.29251
76503,4.37236
76504,3.86925
76505,4.86675
76506,3.85165
76507,5.0
76508,3.9415
76509,3.54205
76510,4.02307
76511,3.93075
76512,4.05305
76513,3.35951
76514,4.16905
76515,2.60969
76516,3.37695
76517,3.75602
76518,2.29406
76519,3.11566
76520,1.9991
76521,3.2839
76522,2.71003
76523,4.68364
76524,4.11354
76525,3.22576
76526,3.21385
76527,2.59522
76528,3.9745
76529,4.44179
76530,2.79694
76531,3.10355
76532,2.19995
76533,3.56878
76534,3.93384
76535,4.14018
76536,3.76491
76537,3.79856
76538,4.50041
76539,3.14894
76540,3.0903
76541,4.0309
76542,4.0016
76543,2.91173
76544,1.67614
76545,3.39028
76546,4.31216
76547,4.70248
76548,4.49123
76549,4.76376
76550,3.39524
76551,3.8081
76552,3.30049
76553,4.58272
76554,4.28435
76555,4.31037
76556,2.26333
76557,3.79538
76558,3.62931
76559,3.021
76560,4.2432
76561,3.27218
76562,4.10486
76563,3.62473
76564,4.35414
76565,3.62409
76566,3.62465
76567,3.29045
76568,4.6384
76569,4.60366
76570,4.61413
76571,3.685
76572,4.36466
76573,3.77138
76574,3.3804
76575,4.16645
76576,4.09624
76577,2.19251
76578,4.92993
76579,3.67947
76580,3.52735
76581,4.25582
76582,3.53224
76583,3.95339
76584,4.63822
76585,3.9836
76586,3.93854
76587,3.96525
76588,1.79399
76589,3.60706
76590,3.61529
76591,3.32015
76592,3.67758
76593,3.63995
76594,2.4618
76595,3.8101
76596,3.62403
76597,2.808
76598,3.16748
76599,3.90739
76600,4.23599
76601,3.97256
76602,4.68472
76603,4.3444
76604,3.70564
76605,3.80369
76606,3.1615
76607,2.40115
76608,3.76493
76609,3.5118
76610,4.0229
76611,2.54155
76612,3.5615
76613,3.76902
76614,3.18918
76615,3.66848
76616,4.03484
76617,4.32461
76618,4.2628
76619,4.03934
76620,3.02326
76621,4.28713
76622,3.57784
76623,4.4014
76624,3.70104
76625,2.40912
76626,4.47043
76627,3.79579
76628,4.02566
76629,3.31651
76630,4.20733
76631,4.01433
76632,3.31955
76633,4.14652
76634,3.11955
76635,4.57594
76636,4.23965
76637,3.56798
76638,2.70839
76639,3.57468
76640,3.22497
76641,3.96966
76642,4.01729
76643,4.43044
76644,4.81789
76645,4.07113
76646,3.76144
76647,3.86898
76648,2.66108
76649,2.45136
76650,3.99022
76651,3.30993
76652,3.77889
76653,2.92274
76654,4.54181
76655,3.67321
76656,3.55772
76657,4.21323
76658,3.54275
76659,2.81939
76660,3.55765
76661,2.70595
76662,4.57269
76663,4.10183
76664,4.42423
76665,2.7239
76666,4.23456
76667,3.88039
76668,3.8412
76669,3.93538
76670,4.63805
76671,3.59613
76672,4.65525
76673,4.33854
76674,4.75462
76675,4.41139
76676,4.11492
76677,3.39377
76678,3.54469
76679,2.95954
76680,2.89644
76681,3.35809
76682,3.39348
76683,4.79338
76684,2.37686
76685,3.88692
76686,3.28328
76687,3.88009
76688,2.57321
76689,3.99673
76690,3.28441
76691,3.89117
76692,4.28708
76693,4.11894
76694,3.39429
76695,2.62539
76696,3.84052
76697,3.73662
76698,2.82201
76699,3.37984
76700,2.87363
76701,4.21097
76702,3.31966
76703,3.44622
76704,2.89496
76705,2.69982
76706,4.35358
76707,3.46442
76708,3.9661
76709,3.06106
76710,3.88319
76711,2.83055
76712,3.96774
76713,3.19526
76714,2.99469
76715,3.14414
76716,3.1639
76717,3.68364
76718,3.32784
76719,4.15752
76720,2.53886
76721,5.0
76722,4.4597
76723,4.0886
76724,3.90136
76725,4.39639
76726,2.97371
76727,2.82397
76728,4.67639
76729,4.0515
76730,4.53723
76731,3.23046
76732,3.84394
76733,4.45582
76734,3.85743
76735,2.61136
76736,3.98059
76737,2.94893
76738,4.18039
76739,3.14578
76740,4.5742
76741,4.73429
76742,3.97676
76743,4.09905
76744,3.28017
76745,3.75581
76746,3.47953
76747,3.28192
76748,2.63056
76749,3.9185
76750,4.11726
76751,4.29182
76752,4.02683
76753,3.81858
76754,3.53876
76755,4.03998
76756,3.65127
76757,3.87582
76758,3.67513
76759,3.07085
76760,3.29831
76761,4.10643
76762,3.16658
76763,3.31579
76764,4.37705
76765,3.83204
76766,4.86701
76767,1.50808
76768,3.11738
76769,1.0
76770,1.0
76771,2.01966
76772,1.0
76773,1.08847
76774,2.54281
76775,1.0
76776,2.80003
76777,3.26645
76778,4.95003
76779,3.15145
76780,3.54797
76781,2.82525
76782,3.38614
76783,2.33468
76784,3.14392
76785,3.40401
76786,3.19482
76787,3.6464
76788,2.95258
76789,2.86562
76790,3.30096
76791,2.78007
76792,3.6525
76793,2.6816
76794,2.84499
76795,3.05695
76796,3.50062
76797,4.07356
76798,3.70959
76799,3.76827
76800,3.57942
76801,2.86981
76802,3.56102
76803,2.6121
76804,4.13453
76805,3.53071
76806,3.91414
76807,3.33616
76808,3.84976
76809,3.36944
76810,4.18245
76811,2.85222
76812,4.5996
76813,3.65229
76814,3.49728
76815,4.75784
76816,4.82178
76817,3.732
76818,3.65798
76819,4.64875
76820,3.34882
76821,3.92098
76822,3.3768
76823,2.68756
76824,4.42279
76825,3.74571
76826,3.65589
76827,4.62092
76828,3.64675
76829,3.69576
76830,2.95898
76831,2.80382
76832,3.6928
76833,3.99338
76834,3.99012
76835,3.66071
76836,3.40181
76837,3.09227
76838,4.9669
76839,2.62491
76840,2.48853
76841,4.69658
76842,3.23995
76843,3.41097
76844,3.37091
76845,2.89498
76846,2.84458
76847,4.79077
76848,4.14234
76849,3.58871
76850,2.52482
76851,4.06565
76852,4.19066
76853,3.3155
76854,3.20857
76855,3.34379
76856,2.23095
76857,4.78676
76858,4.52725
76859,3.60998
76860,2.66927
76861,4.2394
76862,4.35111
76863,3.2336
76864,3.19339
76865,2.1987
76866,3.34457
76867,3.6762
76868,3.01132
76869,3.54404
76870,4.62845
76871,3.29284
76872,4.12492
76873,3.31044
76874,2.92608
76875,3.90248
76876,3.91314
76877,3.47087
76878,3.00167
76879,3.56057
76880,2.44943
76881,3.18845
76882,3.91555
76883,3.06178
76884,3.95298
76885,3.44923
76886,3.37347
76887,3.94698
76888,4.44482
76889,3.64086
76890,4.10131
76891,4.2516
76892,2.9453
76893,3.89556
76894,3.81309
76895,4.24134
76896,3.40346
76897,2.9077
76898,3.86661
76899,3.21676
76900,3.68049
76901,3.01011
76902,2.89537
76903,3.94143
76904,3.40529
76905,4.22664
76906,2.9377
76907,4.25598
76908,4.31314
76909,3.13569
76910,2.30005
76911,3.90737
76912,3.74485
76913,4.76895
76914,2.8766
76915,2.44769
76916,3.5592
76917,3.89304
76918,3.26528
76919,3.6441
76920,3.25463
76921,3.81525
76922,3.32018
76923,2.24489
76924,3.50114
76925,4.73265
76926,4.44243
76927,4.25052
76928,2.83932
76929,4.25492
76930,4.56794
76931,4.15353
76932,4.07775
76933,3.96867
76934,3.90455
76935,1.96303
76936,3.39065
76937,4.16883
76938,4.81042
76939,2.55958
76940,3.94208
76941,2.53641
76942,3.07919
76943,4.28563
76944,4.78655
76945,4.20817
76946,3.47266
76947,3.13619
76948,5.0
76949,3.88108
76950,4.98109
76951,4.46155
76952,4.83462
76953,4.67794
76954,4.50233
76955,4.0199
76956,4.13637
76957,3.55038
76958,3.96432
76959,3.77132
76960,3.863
76961,4.12829
76962,4.04717
76963,3.39647
76964,3.89834
76965,3.78591
76966,3.53972
76967,3.70092
76968,3.61542
76969,3.66515
76970,4.18762
76971,4.24093
76972,4.53266
76973,3.71832
76974,3.01011
76975,4.01617
76976,3.81151
76977,3.44412
76978,3.33806
76979,3.81456
76980,3.30207
76981,3.67941
76982,3.36216
76983,3.72028
76984,3.85916
76985,4.27081
76986,2.74167
76987,3.51907
76988,3.04771
76989,4.28484
76990,4.73334
76991,3.85345
76992,3.72963
76993,2.74225
76994,2.65206
76995,1.2178
76996,2.88385
76997,3.45956
76998,3.53159
76999,3.58696
77000,3.96676
77001,3.45019
77002,3.53106
77003,4.89405
77004,4.33128
77005,4.2863
77006,4.2109
77007,4.06949
77008,3.62119
77009,5.0
77010,3.11636
77011,5.0
77012,4.45533
77013,3.47643
77014,3.6822
77015,2.93313
77016,3.32579
77017,3.56152
77018,2.94538
77019,3.85076
77020,3.54677
77021,2.21435
77022,2.88036
77023,3.54077
77024,3.98657
77025,3.30119
77026,2.8233
77027,1.84789
77028,1.73457
77029,3.85812
77030,3.50131
77031,2.42724
77032,3.35945
77033,2.78904
77034,3.15205
77035,2.11463
77036,3.44121
77037,3.47581
77038,3.57471
77039,4.0811
77040,4.04082
77041,3.19068
77042,3.15301
77043,3.55324
77044,3.62393
77045,3.01193
77046,4.58945
77047,3.45909
77048,3.72242
77049,3.94125
77050,3.14674
77051,3.06831
77052,3.18441
77053,2.50462
77054,3.57873
77055,3.21426
77056,2.69833
77057,3.462
77058,2.43219
77059,3.35182
77060,3.04702
77061,3.20294
77062,4.05215
77063,2.39777
77064,2.45643
77065,3.33927
77066,1.84965
77067,2.9646
77068,3.36504
77069,2.17393
77070,3.65503
77071,2.77386
77072,3.63378
77073,3.13548
77074,3.90356
77075,3.29359
77076,2.96692
77077,3.52578
77078,4.01348
77079,3.10375
77080,2.76595
77081,2.25233
77082,3.22888
77083,3.33746
77084,1.74649
77085,3.72189
77086,2.9218
77087,3.66789
77088,4.14275
77089,3.08893
77090,3.5178
77091,2.78025
77092,3.37587
77093,2.48579
77094,2.52855
77095,3.40923
77096,3.25008
77097,3.63549
77098,3.98136
77099,4.13813
77100,2.8636
77101,4.00239
77102,3.36758
77103,3.25062
77104,3.03134
77105,3.79626
77106,3.35472
77107,3.38376
77108,3.90956
77109,2.44273
77110,2.89065
77111,3.30643
77112,3.55328
77113,3.05173
77114,3.96381
77115,3.45368
77116,4.0433
77117,2.23933
77118,3.34469
77119,3.95935
77120,4.84124
77121,4.91853
77122,4.76348
77123,4.06484
77124,5.0
77125,3.60006
77126,4.48704
77127,5.0
77128,5.0
77129,4.73362
77130,3.77543
77131,3.35968
77132,1.88301
77133,3.90644
77134,3.51514
77135,3.4597
77136,3.45914
77137,3.75677
77138,2.34844
77139,4.09731
77140,2.27321
77141,4.39428
77142,4.62518
77143,3.60133
77144,3.65477
77145,2.3715
77146,3.39393
77147,3.84899
77148,2.90985
77149,3.19615
77150,4.30781
77151,2.95078
77152,4.2076
77153,4.12335
77154,3.4277
77155,3.79464
77156,3.92593
77157,3.79421
77158,4.49076
77159,3.97975
77160,3.53094
77161,1.43954
77162,3.95016
77163,4.3059
77164,3.21084
77165,2.64434
77166,4.1462
77167,4.25074
77168,3.94676
77169,3.67156
77170,2.03821
77171,3.54932
77172,4.38639
77173,3.92687
77174,3.39778
77175,3.82455
77176,3.66602
77177,3.28964
77178,3.13514
77179,4.52978
77180,4.2205
77181,4.53288
77182,2.53576
77183,2.84349
77184,4.37282
77185,2.97641
77186,3.07053
77187,4.53096
77188,2.48913
77189,3.89963
77190,3.95236
77191,2.80884
77192,4.3972
77193,3.14551
77194,4.11898
77195,2.6676
77196,3.55888
77197,3.61661
77198,4.5139
77199,3.69247
77200,3.07824
77201,4.39926
77202,3.70834
77203,2.89672
77204,3.77919
77205,3.02104
77206,4.48749
77207,3.75816
77208,2.97676
77209,3.99605
77210,3.45186
77211,4.16316
77212,3.19787
77213,3.50159
77214,3.76313
77215,4.40188
77216,3.24892
77217,4.12742
77218,2.79842
77219,3.17515
77220,3.17882
77221,2.98977
77222,1.28551
77223,1.76014
77224,3.13212
77225,1.75622
77226,2.42488
77227,2.6763
77228,3.0114
77229,2.25798
77230,3.10437
77231,2.52582
77232,2.65719
77233,2.96363
77234,3.32973
77235,1.53425
77236,3.39706
77237,1.0
77238,2.9196
77239,3.10968
77240,3.29787
77241,2.87491
77242,3.75289
77243,2.39215
77244,3.18066
77245,2.97998
77246,3.46626
77247,4.19612
77248,3.10955
77249,3.31764
77250,2.96085
77251,3.04227
77252,2.99847
77253,3.07308
77254,3.4757
77255,4.05147
77256,3.40591
77257,3.22296
77258,4.17771
77259,4.51809
77260,2.76479
77261,2.8752
77262,4.2382
77263,4.41439
77264,3.64201
77265,3.22016
77266,4.84985
77267,4.70856
77268,4.35776
77269,3.68928
77270,3.85464
77271,4.00372
77272,4.14839
77273,4.27372
77274,3.23879
77275,4.40659
77276,4.5053
77277,2.65943
77278,3.37614
77279,2.91512
77280,4.70536
77281,4.56047
77282,4.34799
77283,4.23109
77284,4.51422
77285,4.48062
77286,2.64483
77287,4.31217
77288,4.40877
77289,3.93366
77290,3.71232
77291,3.79672
77292,3.9531
77293,4.14315
77294,4.60228
77295,4.04071
77296,3.70155
77297,4.61365
77298,3.81813
77299,2.59866
77300,4.19113
77301,2.63153
77302,3.94908
77303,3.72016
77304,2.91517
77305,3.2952
77306,4.26474
77307,4.19394
77308,3.027
77309,3.47841
77310,2.6211
77311,3.61236
77312,4.57138
77313,4.06412
77314,4.08144
77315,4.0806
77316,3.09501
77317,2.34989
77318,3.39306
77319,2.91442
77320,2.82084
77321,3.15288
77322,2.44135
77323,3.52063
77324,4.00473
77325,3.76182
77326,3.09962
77327,2.25114
77328,3.58184
77329,3.94156
77330,1.92477
77331,3.4554
77332,2.87436
77333,2.68039
77334,3.54573
77335,2.6424
77336,2.86307
77337,2.09519
77338,2.35868
77339,2.69545
77340,3.76248
77341,4.2041
77342,3.04759
77343,2.38289
77344,3.67918
77345,3.67361
77346,3.28529
77347,3.75094
77348,3.81397
77349,3.60691
77350,3.42631
77351,3.24691
77352,3.13043
77353,3.23595
77354,3.26949
77355,3.20177
77356,3.95861
77357,3.16009
77358,3.22913
77359,4.27422
77360,3.36083
77361,2.7349
77362,2.73109
77363,3.92766
77364,3.02992
77365,3.78003
77366,3.59264
77367,4.27177
77368,4.13483
77369,2.29869
77370,3.5836
77371,2.8755
77372,2.58274
77373,2.90674
77374,3.48597
77375,4.30388
77376,1.67296
77377,4.56388
77378,3.43146
77379,3.99457
77380,3.90211
77381,3.05156
77382,2.88583
77383,3.87982
77384,3.6758
77385,3.61207
77386,2.72216
77387,3.11945
77388,1.86007
77389,3.15566
77390,4.20559
77391,3.97427
77392,3.06387
77393,2.97267
77394,4.01192
77395,2.27101
77396,3.05961
77397,3.69846
77398,4.09609
77399,3.88214
77400,4.7665
77401,3.99243
77402,4.59521
77403,4.28287
77404,4.16444
77405,4.24409
77406,4.34452
77407,3.13507
77408,2.98263
77409,3.62492
77410,2.91322
77411,4.142
77412,3.2482
77413,3.87007
77414,4.10285
77415,4.09547
77416,2.94937
77417,3.24225
77418,3.64267
77419,4.26537
77420,3.88276
77421,3.65438
77422,2.73698
77423,3.16887
77424,5.0
77425,3.59432
77426,3.95283
77427,2.32192
77428,3.13948
77429,2.82588
77430,3.15773
77431,3.14297
77432,3.27314
77433,3.91461
77434,3.46096
77435,3.38537
77436,3.12598
77437,3.64714
77438,2.72916
77439,3.16928
77440,3.87937
77441,3.96454
77442,3.66052
77443,3.63446
77444,3.13935
77445,2.81564
77446,4.73448
77447,3.62995
77448,3.33764
77449,2.94531
77450,3.28959
77451,4.12874
77452,4.129
77453,3.74354
77454,3.89631
77455,3.80725
77456,2.92547
77457,3.51935
77458,3.29114
77459,4.55602
77460,3.80798
77461,3.60729
77462,3.32355
77463,4.24767
77464,5.0
77465,4.3002
77466,3.47577
77467,3.59101
77468,3.53337
77469,4.22059
77470,3.54363
77471,3.17174
77472,4.63915
77473,3.1653
77474,3.51313
77475,1.76012
77476,3.38737
77477,2.80205
77478,4.22363
77479,4.52025
77480,3.47534
77481,3.78482
77482,2.79347
77483,3.52662
77484,4.35558
77485,2.84907
77486,3.31764
77487,3.41374
77488,4.43671
77489,2.82945
77490,3.31266
77491,3.7636
77492,3.7672
77493,2.42561
77494,4.29196
77495,4.40396
77496,4.86576
77497,4.36286
77498,4.52338
77499,4.17879
77500,4.04069
77501,2.10702
77502,2.86548
77503,3.30748
77504,4.23722
77505,3.65012
77506,3.17758
77507,3.83211
77508,3.64726
77509,4.09503
77510,3.68989
77511,3.6532
77512,4.12066
77513,3.70251
77514,3.22807
77515,3.95589
77516,3.45359
77517,3.68864
77518,4.50657
77519,2.31798
77520,2.89428
77521,3.58428
77522,3.70022
77523,4.55983
77524,2.6587
77525,3.3406
77526,3.46728
77527,3.93976
77528,3.34881
77529,2.37228
77530,3.73602
77531,3.10038
77532,3.97859
77533,3.13992
77534,1.5396
77535,3.86527
77536,4.06113
77537,2.67655
77538,2.75489
77539,3.61373
77540,4.30303
77541,3.78587
77542,3.01383
77543,1.71852
77544,2.54238
77545,3.88683
77546,4.38737
77547,4.11758
77548,4.59033
77549,3.31446
77550,2.87142
77551,3.31228
77552,4.66954
77553,4.51596
77554,4.24196
77555,3.48391
77556,3.2547
77557,4.67994
77558,1.0
77559,3.08865
77560,3.31732
77561,3.46116
77562,3.65101
77563,4.19747
77564,3.33883
77565,4.39617
77566,4.83486
77567,4.04429
77568,4.25303
77569,1.05361
77570,2.71505
77571,4.09484
77572,3.53169
77573,4.99236
77574,4.49837
77575,3.68686
77576,4.83765
77577,2.46831
77578,4.24309
77579,3.77776
77580,3.48571
77581,3.8969
77582,4.21748
77583,4.24226
77584,4.36265
77585,3.21277
77586,2.92274
77587,3.82373
77588,4.70447
77589,3.75345
77590,3.55716
77591,3.97236
77592,4.15475
77593,4.11296
77594,5.0
77595,5.0
77596,3.77613
77597,5.0
77598,5.0
77599,5.0
77600,5.0
77601,4.81858
77602,5.0
77603,4.00695
77604,4.05412
77605,4.02021
77606,3.78989
77607,3.50876
77608,3.65845
77609,3.40719
77610,4.48188
77611,4.01788
77612,5.0
77613,2.88688
77614,3.8859
77615,3.65293
77616,4.01142
77617,3.41532
77618,4.90022
77619,4.89274
77620,4.0999
77621,3.60125
77622,2.77643
77623,3.42513
77624,4.01142
77625,3.30195
77626,4.32635
77627,4.19439
77628,4.45445
77629,4.25405
77630,4.54969
77631,4.65235
77632,3.79563
77633,2.9242
77634,1.63458
77635,2.63786
77636,3.19232
77637,3.54432
77638,4.39976
77639,3.02124
77640,3.28752
77641,3.38005
77642,2.74119
77643,4.02555
77644,4.19987
77645,3.89329
77646,2.7481
77647,4.37105
77648,3.63434
77649,3.00597
77650,3.46263
77651,3.94066
77652,4.26966
77653,2.3042
77654,3.88389
77655,2.08291
77656,3.35333
77657,3.67594
77658,3.97194
77659,3.21221
77660,2.79952
77661,2.60054
77662,3.75816
77663,4.20209
77664,2.98277
77665,4.05146
77666,2.82911
77667,4.12029
77668,3.73724
77669,3.97975
77670,4.1061
77671,3.61329
77672,3.896
77673,4.13617
77674,3.91957
77675,1.87487
77676,3.29564
77677,2.74125
77678,4.42487
77679,4.89682
77680,4.12308
77681,4.46852
77682,3.61677
77683,3.56564
77684,3.39001
77685,4.3035
77686,4.27595
77687,2.49982
77688,2.39166
77689,3.00562
77690,2.70384
77691,1.98531
77692,2.09699
77693,2.31098
77694,1.7704
77695,2.61296
77696,1.94925
77697,2.10523
77698,2.70495
77699,4.16915
77700,3.68497
77701,4.37356
77702,4.6648
77703,5.0
77704,4.43412
77705,4.17349
77706,2.71306
77707,2.98275
77708,3.52776
77709,3.37751
77710,3.25729
77711,2.48582
77712,3.59814
77713,2.96533
77714,2.06737
77715,3.48448
77716,3.35453
77717,2.44537
77718,2.94159
77719,2.58068
77720,3.37907
77721,2.83121
77722,3.51613
77723,1.51894
77724,3.78519
77725,3.52348
77726,3.62367
77727,3.95418
77728,3.42258
77729,3.30248
77730,3.54486
77731,3.2293
77732,3.53066
77733,2.08872
77734,2.9637
77735,1.93552
77736,3.83341
77737,2.91231
77738,3.8564
77739,3.34179
77740,2.78141
77741,2.46305
77742,3.38381
77743,4.49678
77744,4.73968
77745,4.90387
77746,4.43868
77747,1.0
77748,3.23963
77749,4.63815
77750,4.49721
77751,5.0
77752,2.51015
77753,3.50262
77754,2.95184
77755,3.83141
77756,2.95384
77757,2.48737
77758,3.22224
77759,2.66353
77760,2.59001
77761,3.66834
77762,2.86832
77763,2.8121
77764,4.43916
77765,3.47244
77766,2.46142
77767,2.38743
77768,3.19799
77769,3.16465
77770,3.38483
77771,2.4979
77772,3.66284
77773,3.50201
77774,2.62329
77775,4.05785
77776,1.81131
77777,3.73982
77778,4.60584
77779,3.55604
77780,4.18534
77781,4.72843
77782,2.95419
77783,3.54784
77784,4.2592
77785,3.96623
77786,3.75093
77787,2.08837
77788,3.60043
77789,4.57687
77790,3.56546
77791,2.8729
77792,2.83898
77793,3.75616
77794,4.41866
77795,4.39989
77796,3.00609
77797,3.81764
77798,1.97471
77799,4.33729
77800,2.63809
77801,4.84542
77802,3.79327
77803,3.34908
77804,3.16295
77805,4.1703
77806,4.11546
77807,3.22581
77808,4.23016
77809,4.16001
77810,3.00874
77811,4.43284
77812,4.08548
77813,3.7182
77814,3.62709
77815,2.34981
77816,2.6469
77817,2.7401
77818,2.93714
77819,2.80918
77820,3.38692
77821,4.29097
77822,1.99394
77823,4.01228
77824,4.60562
77825,4.52509
77826,3.77253
77827,4.11614
77828,3.11341
77829,3.51266
77830,5.0
77831,3.74202
77832,3.048
77833,3.60542
77834,3.62978
77835,3.77024
77836,3.90882
77837,3.04793
77838,4.5852
77839,3.42009
77840,3.36647
77841,2.78467
77842,2.64822
77843,2.46107
77844,3.93797
77845,4.29977
77846,2.97422
77847,3.43177
77848,3.18967
77849,3.46215
77850,4.76773
77851,4.90654
77852,4.7609
77853,3.19257
77854,4.11158
77855,2.60974
77856,1.83936
77857,3.42345
77858,2.97052
77859,3.42576
77860,3.4683
77861,3.80774
77862,2.43812
77863,3.94981
77864,3.61109
77865,1.9833
77866,3.71199
77867,2.81337
77868,3.89664
77869,3.48664
77870,3.09061
77871,3.55026
77872,4.9829
77873,3.96785
77874,4.56837
77875,4.71713
77876,4.46012
77877,3.74811
77878,2.99455
77879,4.21002
77880,3.89459
77881,2.71844
77882,3.80293
77883,3.57296
77884,2.51047
77885,2.71275
77886,1.51732
77887,3.28522
77888,3.11028
77889,3.11938
77890,3.32274
77891,2.82373
77892,3.79403
77893,2.30567
77894,3.14746
77895,3.70056
77896,3.10285
77897,3.37906
77898,3.73092
77899,2.76298
77900,3.9928
77901,2.4418
77902,2.99267
77903,3.05933
77904,3.43038
77905,2.2112
77906,2.54163
77907,2.17718
77908,3.05734
77909,2.60559
77910,3.36714
77911,3.54567
77912,3.79161
77913,3.05218
77914,3.62011
77915,3.23576
77916,2.87152
77917,2.83597
77918,2.97275
77919,3.74496
77920,4.32701
77921,3.01859
77922,4.17568
77923,4.38269
77924,4.48919
77925,3.37075
77926,4.04046
77927,4.54896
77928,4.46478
77929,4.05991
77930,3.84261
77931,2.94244
77932,2.65888
77933,3.51795
77934,3.78079
77935,4.12876
77936,3.77752
77937,3.82746
77938,3.30215
77939,4.00091
77940,3.94332
77941,3.57703
77942,4.52899
77943,4.44025
77944,4.07873
77945,3.65461
77946,2.76446
77947,3.71059
77948,3.96936
77949,4.32731
77950,3.47668
77951,3.83153
77952,3.78012
77953,4.37521
77954,3.41338
77955,2.32902
77956,4.1845
77957,4.28606
77958,3.96668
77959,4.25947
77960,4.1739
77961,3.59399
77962,4.40058
77963,3.89531
77964,4.70438
77965,4.83607
77966,2.35715
77967,4.5409
77968,4.0847
77969,2.9411
77970,4.45149
77971,4.29593
77972,4.01666
77973,3.72891
77974,4.4847
77975,2.96445
77976,3.67083
77977,2.80908
77978,4.39606
77979,2.89974
77980,2.91274
77981,3.10705
77982,3.90505
77983,4.39086
77984,3.35983
77985,3.24791
77986,1.45931
77987,2.79424
77988,2.29785
77989,1.37728
77990,3.19932
77991,3.25562
77992,1.78353
77993,1.0
77994,3.60992
77995,1.43389
77996,1.03568
77997,2.32157
77998,1.1032
77999,4.27273
78000,2.96728
78001,2.3495
78002,1.87796
78003,2.88798
78004,1.45823
78005,1.59702
78006,1.60762
78007,1.29221
78008,1.60526
78009,2.23595
78010,4.59303
78011,1.0
78012,4.14496
78013,3.83554
78014,3.03007
78015,3.31649
78016,1.56856
78017,2.89613
78018,1.61296
78019,1.0
78020,1.95237
78021,3.00297
78022,2.57771
78023,1.74111
78024,1.81592
78025,1.84629
78026,1.05181
78027,1.81587
78028,2.02828
78029,2.76619
78030,2.02863
78031,3.51528
78032,2.20329
78033,2.60428
78034,1.91108
78035,1.89886
78036,2.23951
78037,1.99064
78038,2.2657
78039,1.0
78040,4.54678
78041,4.18696
78042,3.86164
78043,3.88066
78044,4.16695
78045,4.61638
78046,4.34523
78047,3.47609
78048,4.0664
78049,4.54283
78050,4.01772
78051,4.67823
78052,4.23895
78053,5.0
78054,4.40825
78055,3.97438
78056,4.43822
78057,4.34823
78058,3.67675
78059,3.66866
78060,4.2644
78061,3.57823
78062,2.04924
78063,1.26021
78064,3.06949
78065,4.68591
78066,3.97563
78067,2.8815
78068,4.32267
78069,2.85075
78070,3.48122
78071,3.64098
78072,4.34987
78073,3.34587
78074,4.06196
78075,4.36502
78076,3.63348
78077,4.00299
78078,3.95915
78079,3.77173
78080,4.24478
78081,3.59235
78082,4.24751
78083,3.59133
78084,4.4644
78085,3.68007
78086,2.66777
78087,2.82748
78088,2.93402
78089,2.93793
78090,3.52647
78091,2.48192
78092,3.31754
78093,2.80643
78094,2.80049
78095,2.40295
78096,3.4134
78097,3.09161
78098,2.47968
78099,3.60883
78100,2.86468
78101,3.59773
78102,2.23043
78103,3.79088
78104,3.79847
78105,3.53136
78106,2.76089
78107,2.419
78108,3.78381
78109,3.56069
78110,2.95651
78111,3.52266
78112,3.44335
78113,3.52473
78114,3.71864
78115,2.56104
78116,1.91361
78117,3.94137
78118,3.04649
78119,3.18109
78120,4.04425
78121,3.30699
78122,3.06277
78123,3.34306
78124,3.18706
78125,3.55926
78126,2.77864
78127,3.8033
78128,3.4545
78129,2.84957
78130,2.70807
78131,2.81057
78132,2.3217
78133,3.69993
78134,2.88661
78135,3.45665
78136,3.18083
78137,2.97023
78138,3.62474
78139,3.50187
78140,2.85687
78141,3.51386
78142,3.54078
78143,2.64148
78144,3.62151
78145,2.85085
78146,4.52078
78147,3.20133
78148,2.89112
78149,3.898
78150,3.34819
78151,3.55201
78152,4.07582
78153,3.47773
78154,4.00773
78155,4.19105
78156,3.19968
78157,2.99935
78158,3.99022
78159,3.15277
78160,3.8048
78161,3.17281
78162,3.47347
78163,3.89875
78164,2.87006
78165,4.01273
78166,3.95076
78167,3.80144
78168,3.28723
78169,3.09835
78170,3.94413
78171,4.27994
78172,3.37816
78173,1.92973
78174,4.09687
78175,3.46343
78176,3.30636
78177,2.10437
78178,3.55609
78179,2.96298
78180,2.82414
78181,2.5612
78182,3.97812
78183,4.59898
78184,3.39275
78185,4.33327
78186,2.77473
78187,4.10455
78188,1.12243
78189,4.41203
78190,2.85595
78191,3.09596
78192,4.27713
78193,2.96151
78194,3.19098
78195,3.31608
78196,1.73162
78197,3.32883
78198,4.31699
78199,3.80685
78200,3.89838
78201,3.29395
78202,4.37029
78203,3.22276
78204,4.51912
78205,3.44119
78206,3.32412
78207,3.55953
78208,3.96661
78209,4.56972
78210,3.4235
78211,3.35521
78212,4.00379
78213,3.38027
78214,3.65113
78215,3.03309
78216,3.83053
78217,3.31064
78218,4.02295
78219,4.3416
78220,4.19814
78221,3.81543
78222,2.26233
78223,3.7031
78224,4.15327
78225,2.27905
78226,3.07782
78227,3.45291
78228,3.34864
78229,4.31427
78230,3.25751
78231,3.60353
78232,3.52153
78233,4.47842
78234,3.67508
78235,3.18121
78236,3.4463
78237,3.51951
78238,4.06632
78239,3.90212
78240,3.75906
78241,2.68028
78242,2.22438
78243,3.38698
78244,3.89128
78245,4.22052
78246,4.57605
78247,4.8914
78248,3.38885
78249,3.69627
78250,4.87094
78251,2.50529
78252,3.73453
78253,3.56766
78254,5.0
78255,4.60577
78256,4.42186
78257,2.90699
78258,4.52313
78259,3.67486
78260,3.47523
78261,4.40736
78262,3.46906
78263,2.66498
78264,3.22246
78265,4.73607
78266,4.52473
78267,4.77558
78268,4.34281
78269,3.89894
78270,3.2456
78271,3.02756
78272,4.17863
78273,3.89021
78274,2.87306
78275,3.98911
78276,4.39201
78277,2.66216
78278,4.56521
78279,2.96018
78280,4.79613
78281,4.69177
78282,2.54927
78283,3.31543
78284,3.45487
78285,4.18444
78286,2.83262
78287,3.13827
78288,4.2136
78289,2.86647
78290,2.80496
78291,4.56683
78292,4.44325
78293,4.15625
78294,3.32778
78295,4.52468
78296,3.61647
78297,3.73412
78298,2.30816
78299,3.94373
78300,3.91883
78301,4.01938
78302,3.86724
78303,3.20223
78304,3.61092
78305,4.24248
78306,4.86001
78307,4.14154
78308,4.57692
78309,4.24131
78310,3.9154
78311,3.97548
78312,4.54697
78313,2.24155
78314,4.27407
78315,2.90883
78316,3.53771
78317,3.619
78318,4.16046
78319,4.46182
78320,5.0
78321,4.87061
78322,3.29643
78323,4.12821
78324,4.37883
78325,2.73795
78326,3.38774
78327,3.0755
78328,4.21603
78329,3.37627
78330,2.88455
78331,4.27824
78332,2.50632
78333,3.55728
78334,3.65933
78335,2.98903
78336,2.95854
78337,2.88869
78338,4.52191
78339,4.26416
78340,2.36866
78341,3.18557
78342,3.72312
78343,3.99746
78344,3.80853
78345,3.67973
78346,3.78301
78347,4.35883
78348,4.11149
78349,2.82708
78350,2.16242
78351,3.38335
78352,4.15929
78353,2.61357
78354,4.0532
78355,3.84936
78356,4.62255
78357,2.72369
78358,3.94932
78359,4.17011
78360,3.47805
78361,2.00375
78362,3.02417
78363,3.43854
78364,3.76259
78365,3.95372
78366,4.88277
78367,4.76437
78368,3.76002
78369,3.36636
78370,4.34281
78371,3.7897
78372,3.75976
78373,3.85867
78374,2.72656
78375,3.36967
78376,3.4087
78377,3.9856
78378,3.66228
78379,3.85491
78380,3.71883
78381,3.95719
78382,4.1158
78383,3.57594
78384,3.77833
78385,3.95223
78386,3.76269
78387,3.92023
78388,3.37181
78389,4.46076
78390,4.64967
78391,3.27473
78392,2.85443
78393,4.23184
78394,5.0
78395,4.0387
78396,4.45864
78397,3.48372
78398,3.31352
78399,1.99796
78400,4.10838
78401,4.27956
78402,2.64544
78403,4.69041
78404,4.47256
78405,3.75059
78406,3.45302
78407,3.93066
78408,2.83107
78409,3.59253
78410,2.16189
78411,3.33086
78412,3.77747
78413,3.33665
78414,3.42372
78415,4.43171
78416,2.85712
78417,3.39728
78418,4.43099
78419,4.08687
78420,2.56602
78421,4.62718
78422,3.75126
78423,4.26925
78424,4.13997
78425,4.42397
78426,3.03162
78427,4.57181
78428,3.80353
78429,3.98977
78430,4.47189
78431,3.51693
78432,4.29674
78433,3.9074
78434,4.45818
78435,3.50997
78436,4.28835
78437,3.44637
78438,2.9541
78439,4.1997
78440,3.0338
78441,2.54649
78442,2.37174
78443,5.0
78444,3.85947
78445,4.03946
78446,2.6121
78447,3.11993
78448,2.00383
78449,4.37071
78450,2.23841
78451,4.5123
78452,2.35917
78453,4.04792
78454,2.85627
78455,3.12013
78456,3.49726
78457,3.17503
78458,3.40958
78459,3.8462
78460,3.94565
78461,3.67299
78462,4.1722
78463,5.0
78464,4.14458
78465,3.03062
78466,3.28253
78467,3.07462
78468,1.89271
78469,3.87407
78470,3.67687
78471,2.4322
78472,2.41952
78473,3.91007
78474,4.62651
78475,3.87303
78476,3.72553
78477,2.44878
78478,4.40792
78479,2.81385
78480,3.17098
78481,3.70302
78482,3.51726
78483,3.40242
78484,2.34673
78485,1.14686
78486,3.92198
78487,2.6811
78488,3.15455
78489,3.23782
78490,3.50292
78491,2.03991
78492,3.45964
78493,3.95612
78494,3.83936
78495,1.81746
78496,3.54475
78497,4.91787
78498,4.49521
78499,4.79151
78500,4.38344
78501,4.20589
78502,4.69486
78503,4.48688
78504,3.32669
78505,3.96807
78506,4.18602
78507,4.27121
78508,4.5106
78509,4.79735
78510,2.93329
78511,4.63987
78512,4.75526
78513,3.70302
78514,4.12519
78515,3.73562
78516,4.23944
78517,3.91636
78518,4.1183
78519,3.16024
78520,4.76848
78521,4.45238
78522,3.63683
78523,4.00558
78524,4.94455
78525,4.73093
78526,2.78885
78527,4.37632
78528,3.41599
78529,4.48668
78530,3.28877
78531,4.23313
78532,4.50504
78533,1.71459
78534,5.0
78535,4.661
78536,4.62267
78537,2.25096
78538,5.0
78539,2.84156
78540,3.56115
78541,3.96643
78542,3.23948
78543,3.19054
78544,3.88434
78545,3.44854
78546,4.0039
78547,3.59495
78548,3.0553
78549,4.04091
78550,1.8606
78551,2.70641
78552,3.31037
78553,4.11475
78554,2.69042
78555,4.1742
78556,3.33799
78557,2.5932
78558,3.89109
78559,3.71007
78560,4.8757
78561,4.90734
78562,4.43124
78563,4.53286
78564,3.49472
78565,4.34766
78566,4.53422
78567,3.89431
78568,2.85742
78569,2.23367
78570,3.04738
78571,4.27811
78572,4.06001
78573,4.36202
78574,4.07033
78575,4.02539
78576,4.11793
78577,3.67128
78578,3.76812
78579,3.35324
78580,4.37684
78581,4.39557
78582,3.83268
78583,4.79479
78584,3.47202
78585,4.28427
78586,3.42344
78587,4.06998
78588,4.85066
78589,3.9522
78590,4.98426
78591,3.54459
78592,2.63787
78593,3.28591
78594,2.92192
78595,3.09083
78596,2.27369
78597,3.05275
78598,3.38094
78599,3.84235
78600,2.79766
78601,3.62969
78602,3.02363
78603,2.77299
78604,3.91023
78605,2.81966
78606,3.18601
78607,4.22308
78608,3.28526
78609,2.05347
78610,4.14661
78611,4.36246
78612,4.91922
78613,2.93371
78614,2.44968
78615,3.50656
78616,3.73235
78617,3.4996
78618,3.18681
78619,3.53898
78620,2.45998
78621,3.22078
78622,3.31701
78623,3.77176
78624,4.94474
78625,4.83253
78626,4.69521
78627,4.6334
78628,4.34671
78629,4.07823
78630,4.25114
78631,4.81049
78632,4.35642
78633,3.69786
78634,4.28949
78635,3.13162
78636,3.83378
78637,3.11259
78638,2.47468
78639,2.80439
78640,2.93332
78641,2.20036
78642,2.77584
78643,2.19124
78644,2.75419
78645,2.96106
78646,1.28496
78647,1.5498
78648,2.03565
78649,2.0386
78650,2.11386
78651,1.83465
78652,2.83924
78653,2.36266
78654,2.17153
78655,2.88619
78656,3.28927
78657,1.98424
78658,2.9081
78659,2.67864
78660,2.74158
78661,1.0
78662,1.49634
78663,1.77277
78664,1.5429
78665,2.51284
78666,2.28422
78667,3.31409
78668,2.40951
78669,1.90809
78670,4.27253
78671,4.10753
78672,4.02938
78673,4.18856
78674,2.90434
78675,3.81824
78676,4.05731
78677,4.26933
78678,3.69809
78679,2.89551
78680,4.31543
78681,4.25636
78682,3.40447
78683,2.79018
78684,4.00759
78685,4.28669
78686,2.89113
78687,3.60308
78688,4.07988
78689,3.92526
78690,4.1386
78691,3.75955
78692,2.32356
78693,4.07792
78694,2.35698
78695,3.78266
78696,4.14374
78697,2.09825
78698,2.65475
78699,2.80626
78700,3.33662
78701,3.14251
78702,3.73479
78703,2.43671
78704,3.26769
78705,2.91103
78706,1.46695
78707,3.60287
78708,3.54827
78709,4.04845
78710,3.94561
78711,4.68887
78712,3.09008
78713,3.12111
78714,4.54644
78715,4.96822
78716,3.25207
78717,3.48562
78718,4.58229
78719,3.56303
78720,4.47262
78721,1.44401
78722,3.00465
78723,3.89804
78724,3.9679
78725,4.15035
78726,4.76927
78727,4.14391
78728,3.42872
78729,4.42788
78730,3.82725
78731,3.51147
78732,3.95263
78733,3.51381
78734,4.01242
78735,3.4362
78736,4.28199
78737,4.71014
78738,3.45634
78739,3.31193
78740,3.06302
78741,4.18324
78742,3.43272
78743,3.11259
78744,3.78916
78745,3.4418
78746,4.3784
78747,4.393
78748,3.15976
78749,2.66506
78750,3.64952
78751,3.61091
78752,2.98934
78753,3.76267
78754,4.45009
78755,2.68854
78756,3.39317
78757,3.33223
78758,4.13081
78759,4.05178
78760,5.0
78761,4.73123
78762,4.39156
78763,4.78797
78764,3.44175
78765,4.25246
78766,5.0
78767,4.84663
78768,5.0
78769,2.27473
78770,2.75714
78771,3.37624
78772,2.99079
78773,3.9732
78774,3.53466
78775,4.91163
78776,1.27193
78777,4.57355
78778,2.1324
78779,3.61506
78780,3.21042
78781,3.79315
78782,3.48442
78783,3.71614
78784,3.56482
78785,4.18474
78786,3.45219
78787,4.54157
78788,4.35139
78789,4.3078
78790,3.3172
78791,2.65401
78792,3.54447
78793,3.67143
78794,3.90862
78795,3.35292
78796,3.92355
78797,2.71374
78798,2.23833
78799,4.72063
78800,4.3055
78801,3.1767
78802,3.93543
78803,2.77294
78804,4.71082
78805,3.32648
78806,3.60016
78807,4.17576
78808,1.43802
78809,4.43768
78810,4.38493
78811,4.26839
78812,4.26143
78813,3.90597
78814,4.4209
78815,2.85978
78816,4.10011
78817,3.60586
78818,3.06825
78819,3.91437
78820,2.77587
78821,2.87903
78822,2.96579
78823,3.40614
78824,3.05321
78825,3.27246
78826,3.95234
78827,2.04806
78828,3.70258
78829,2.84115
78830,2.71708
78831,3.77196
78832,2.82029
78833,4.19574
78834,4.02949
78835,3.90905
78836,3.04993
78837,4.07313
78838,4.89833
78839,3.97427
78840,4.74712
78841,4.4936
78842,4.54587
78843,3.67071
78844,4.57845
78845,3.46933
78846,3.39261
78847,4.18428
78848,4.16301
78849,3.94478
78850,3.80769
78851,3.15381
78852,3.95874
78853,4.54515
78854,5.0
78855,2.46608
78856,4.20789
78857,4.09314
78858,1.95467
78859,3.92612
78860,3.76913
78861,3.81722
78862,4.16158
78863,4.613
78864,4.42797
78865,4.19991
78866,4.20856
78867,4.24522
78868,4.23476
78869,3.74117
78870,2.6536
78871,4.02995
78872,3.78434
78873,4.66977
78874,3.58971
78875,4.21666
78876,4.05647
78877,4.17819
78878,2.55293
78879,3.41817
78880,4.06692
78881,4.03898
78882,3.90572
78883,3.31366
78884,2.92015
78885,5.0
78886,3.57167
78887,4.97801
78888,4.20361
78889,4.10464
78890,3.3588
78891,3.62543
78892,3.50469
78893,3.64455
78894,3.64964
78895,2.91137
78896,2.71605
78897,3.32431
78898,3.23502
78899,3.3221
78900,3.31326
78901,1.59068
78902,3.0528
78903,3.03621
78904,3.43696
78905,2.99682
78906,3.22552
78907,2.80022
78908,3.45225
78909,2.35814
78910,3.31775
78911,2.76795
78912,3.331
78913,3.49004
78914,2.94045
78915,2.69463
78916,3.51067
78917,3.30367
78918,3.86434
78919,3.15927
78920,3.16366
78921,2.98001
78922,3.44654
78923,3.23235
78924,2.56017
78925,3.24254
78926,2.98481
78927,3.04183
78928,3.33631
78929,3.10451
78930,3.31716
78931,3.02546
78932,3.19849
78933,3.47528
78934,3.38025
78935,3.2211
78936,3.22356
78937,2.17575
78938,3.43581
78939,2.23091
78940,3.12925
78941,3.09924
78942,3.57899
78943,2.73596
78944,3.46233
78945,3.6604
78946,3.23568
78947,3.0639
78948,3.11032
78949,3.02263
78950,2.30727
78951,3.05813
78952,2.71133
78953,3.10867
78954,2.51025
78955,3.12676
78956,3.01806
78957,3.00447
78958,3.02852
78959,3.30638
78960,2.84286
78961,3.61245
78962,3.1401
78963,1.82808
78964,3.06511
78965,3.62847
78966,3.08754
78967,2.57509
78968,3.27664
78969,2.95709
78970,3.39821
78971,2.56473
78972,3.34842
78973,2.62964
78974,3.11827
78975,2.809
78976,2.99404
78977,3.10904
78978,2.62079
78979,3.39624
78980,3.28495
78981,2.61529
78982,3.67933
78983,3.34102
78984,2.29738
78985,3.22454
78986,3.45057
78987,2.95091
78988,2.43855
78989,3.37992
78990,3.27235
78991,3.72188
78992,4.4693
78993,3.44174
78994,3.74077
78995,4.07158
78996,4.09136
78997,3.44993
78998,3.15067
78999,3.61176
79000,4.81493
79001,4.08439
79002,3.31268
79003,4.46293
79004,3.24561
79005,4.18556
79006,3.37174
79007,2.9112
79008,3.12377
79009,3.33466
79010,3.28253
79011,4.01313
79012,2.99434
79013,3.38889
79014,4.45428
79015,2.80192
79016,3.95077
79017,3.82439
79018,3.94954
79019,2.56144
79020,3.5765
79021,3.07888
79022,3.64427
79023,3.10589
79024,2.54407
79025,4.00078
79026,3.36035
79027,3.69417
79028,3.65036
79029,3.52018
79030,4.17162
79031,3.12974
79032,3.92174
79033,3.3318
79034,3.70217
79035,2.51805
79036,4.02196
79037,3.1302
79038,2.80269
79039,4.11048
79040,3.04267
79041,3.4559
79042,3.36883
79043,3.96861
79044,3.75475
79045,3.34935
79046,3.06248
79047,3.27854
79048,2.36743
79049,3.4857
79050,3.91656
79051,3.55164
79052,3.48695
79053,3.79857
79054,3.78912
79055,3.59131
79056,3.47348
79057,4.08446
79058,3.01992
79059,3.76258
79060,2.83422
79061,3.40347
79062,3.48651
79063,3.73634
79064,3.58654
79065,3.27267
79066,2.98078
79067,2.79888
79068,2.9782
79069,3.10038
79070,3.14047
79071,3.86955
79072,3.42037
79073,3.73027
79074,3.50534
79075,4.28447
79076,3.15436
79077,2.75249
79078,3.28287
79079,3.1081
79080,3.58521
79081,3.48338
79082,2.69761
79083,2.89351
79084,3.11411
79085,3.87868
79086,3.09835
79087,3.69403
79088,3.03624
79089,3.51579
79090,3.52945
79091,3.09269
79092,3.39408
79093,3.45274
79094,2.70314
79095,3.58326
79096,3.4456
79097,4.51529
79098,3.8791
79099,3.12758
79100,2.64321
79101,3.81934
79102,3.5335
79103,4.23078
79104,4.06801
79105,3.29354
79106,4.57667
79107,3.806
79108,3.00986
79109,3.66247
79110,3.60321
79111,3.69779
79112,4.57091
79113,4.22711
79114,3.85994
79115,3.65553
79116,3.93894
79117,3.6787
79118,3.39901
79119,4.27866
79120,2.43534
79121,3.33482
79122,4.19033
79123,4.93733
79124,3.00863
79125,4.43152
79126,3.47371
79127,4.03357
79128,3.4965
79129,4.12215
79130,3.03279
79131,4.86652
79132,3.91101
79133,3.55094
79134,3.61952
79135,3.65451
79136,4.79108
79137,2.14979
79138,3.87421
79139,2.50045
79140,3.81314
79141,3.67091
79142,3.55421
79143,2.91088
79144,4.00511
79145,3.79245
79146,4.27471
79147,2.90357
79148,3.22413
79149,3.85273
79150,3.87251
79151,3.5333
79152,4.14512
79153,2.78567
79154,3.53685
79155,4.45731
79156,3.57992
79157,2.32548
79158,3.31986
79159,4.378
79160,4.42696
79161,4.21691
79162,3.54771
79163,4.32818
79164,3.55944
79165,4.42799
79166,2.41126
79167,4.06063
79168,3.50739
79169,3.51314
79170,3.07616
79171,3.18319
79172,4.27024
79173,4.32177
79174,4.26569
79175,3.59874
79176,3.22773
79177,3.28012
79178,3.65891
79179,2.90946
79180,3.09677
79181,3.08743
79182,3.56567
79183,4.36002
79184,3.66612
79185,2.36102
79186,3.22135
79187,4.34799
79188,3.56273
79189,3.05329
79190,3.8157
79191,3.27155
79192,3.98436
79193,2.97944
79194,4.75486
79195,2.4884
79196,4.9164
79197,4.05156
79198,4.66474
79199,3.77545
79200,3.76553
79201,4.74472
79202,4.43904
79203,3.42098
79204,2.6222
79205,4.42562
79206,4.63648
79207,4.41169
79208,3.37877
79209,4.99054
79210,3.0601
79211,4.46791
79212,5.0
79213,4.49781
79214,4.5455
79215,4.28828
79216,3.56497
79217,4.06287
79218,4.67736
79219,4.35944
79220,3.20672
79221,3.42603
79222,4.23919
79223,1.67263
79224,3.40747
79225,3.36172
79226,4.24801
79227,5.0
79228,3.93478
79229,3.04794
79230,4.23151
79231,3.52592
79232,3.98402
79233,3.64149
79234,4.34955
79235,2.99735
79236,2.63027
79237,4.15023
79238,2.66396
79239,2.86012
79240,4.20537
79241,2.48923
79242,3.42287
79243,2.7538
79244,3.51733
79245,2.72396
79246,2.87629
79247,4.36142
79248,3.06247
79249,4.16738
79250,3.89868
79251,3.62071
79252,3.42966
79253,3.88304
79254,2.59226
79255,3.74402
79256,3.03202
79257,4.41984
79258,3.02478
79259,3.49841
79260,2.44029
79261,2.34076
79262,2.84147
79263,2.47639
79264,2.60387
79265,3.84216
79266,3.9833
79267,4.31751
79268,4.25312
79269,4.60306
79270,4.52109
79271,4.81233
79272,4.17158
79273,5.0
79274,3.2921
79275,4.39855
79276,2.78753
79277,3.64908
79278,4.85555
79279,3.74028
79280,2.08326
79281,2.64276
79282,3.14442
79283,3.46813
79284,3.19508
79285,3.7504
79286,2.06081
79287,3.30308
79288,3.19027
79289,2.10256
79290,2.88608
79291,2.64555
79292,2.97023
79293,3.42855
79294,3.77775
79295,3.4829
79296,3.90275
79297,4.27998
79298,3.72616
79299,3.53035
79300,4.2919
79301,4.51061
79302,4.22736
79303,3.56776
79304,3.6752
79305,4.66485
79306,3.63236
79307,4.35102
79308,3.16735
79309,3.87712
79310,3.49036
79311,4.24833
79312,3.67798
79313,3.23524
79314,3.52861
79315,3.42791
79316,3.89814
79317,3.21128
79318,3.957
79319,3.59327
79320,3.2963
79321,3.28829
79322,2.57629
79323,4.59908
79324,4.06494
79325,4.1528
79326,4.2287
79327,3.46213
79328,3.66769
79329,2.35454
79330,3.26839
79331,3.89079
79332,4.44916
79333,2.4827
79334,3.49775
79335,2.89865
79336,3.08356
79337,3.98694
79338,4.59934
79339,4.41645
79340,4.455
79341,4.96917
79342,3.71945
79343,3.66772
79344,3.35668
79345,2.49139
79346,3.52414
79347,3.64812
79348,3.01295
79349,3.36937
79350,4.64469
79351,4.06374
79352,3.86433
79353,4.34436
79354,3.10802
79355,4.29694
79356,3.03726
79357,4.07662
79358,2.53421
79359,3.15411
79360,3.66842
79361,4.01055
79362,3.47741
79363,3.32997
79364,3.27336
79365,4.28145
79366,2.04299
79367,4.60087
79368,2.76792
79369,2.84815
79370,3.86672
79371,3.7955
79372,4.59252
79373,3.72914
79374,2.45214
79375,3.85618
79376,4.50768
79377,3.73006
79378,3.83252
79379,4.47566
79380,3.81157
79381,4.1493
79382,2.10142
79383,4.52276
79384,4.40879
79385,4.46483
79386,3.22227
79387,3.01749
79388,3.14232
79389,2.95324
79390,4.2778
79391,4.02261
79392,4.76248
79393,5.0
79394,4.83754
79395,4.45403
79396,5.0
79397,3.69174
79398,4.47515
79399,4.25471
79400,4.34631
79401,5.0
79402,3.8626
79403,4.47178
79404,3.84961
79405,4.24377
79406,4.07991
79407,4.65829
79408,4.58797
79409,4.45764
79410,4.50248
79411,4.60234
79412,4.36144
79413,4.57832
79414,4.43832
79415,4.79287
79416,3.23859
79417,4.43743
79418,4.24924
79419,4.01356
79420,3.87558
79421,3.95548
79422,4.69656
79423,4.16999
79424,4.82638
79425,4.51886
79426,3.39582
79427,3.86921
79428,3.44578
79429,4.65941
79430,4.03421
79431,4.21498
79432,3.77495
79433,4.34965
79434,5.0
79435,3.75072
79436,4.14836
79437,2.4791
79438,3.6404
79439,4.83989
79440,4.91892
79441,4.22753
79442,3.60694
79443,4.23187
79444,3.77666
79445,4.12366
79446,3.5558
79447,3.35656
79448,3.31413
79449,2.84394
79450,4.50733
79451,3.72779
79452,3.34371
79453,4.08398
79454,3.86056
79455,1.74373
79456,3.4636
79457,3.25101
79458,3.15074
79459,4.33818
79460,2.65717
79461,3.9478
79462,3.54851
79463,4.35193
79464,2.7827
79465,4.38222
79466,3.29985
79467,3.35654
79468,3.23231
79469,2.99702
79470,3.18688
79471,3.5287
79472,3.52811
79473,4.31814
79474,4.36152
79475,3.82583
79476,3.94151
79477,3.17926
79478,3.10516
79479,4.54521
79480,3.91881
79481,2.67004
79482,3.52615
79483,3.8181
79484,4.05412
79485,3.38287
79486,2.35116
79487,2.6456
79488,3.8827
79489,4.61716
79490,4.54218
79491,5.0
79492,5.0
79493,4.74318
79494,3.41832
79495,3.1084
79496,2.87595
79497,3.54632
79498,4.141
79499,4.67598
79500,4.61595
79501,3.56612
79502,4.57206
79503,4.06747
79504,4.65781
79505,3.29544
79506,4.87318
79507,1.0
79508,4.79688
79509,3.0767
79510,5.0
79511,4.02854
79512,3.75189
79513,4.43869
79514,4.13589
79515,3.35787
79516,3.87663
79517,4.32329
79518,4.8386
79519,4.57058
79520,2.20416
79521,1.81587
79522,4.59766
79523,4.45872
79524,3.61582
79525,3.24292
79526,4.30816
79527,4.25282
79528,4.50491
79529,4.25739
79530,4.80266
79531,4.19799
79532,4.62787
79533,3.78424
79534,3.38537
79535,4.31056
79536,4.89411
79537,4.60627
79538,3.62898
79539,3.37264
79540,3.46703
79541,3.80918
79542,4.67217
79543,5.0
79544,4.67821
79545,4.45006
79546,4.14974
79547,4.67916
79548,3.90837
79549,4.8895
79550,3.33928
79551,4.06799
79552,4.19282
79553,4.39094
79554,5.0
79555,4.92452
79556,4.46489
79557,3.5186
79558,4.76819
79559,3.77893
79560,4.11641
79561,3.61806
79562,4.2343
79563,1.43646
79564,3.41675
79565,3.58127
79566,4.40388
79567,3.6946
79568,3.37056
79569,3.37146
79570,4.75461
79571,4.22038
79572,4.17396
79573,3.6834
79574,4.20746
79575,4.16293
79576,4.09405
79577,3.90818
79578,4.80946
79579,4.69393
79580,4.21592
79581,3.4456
79582,4.61128
79583,2.733
79584,3.2099
79585,4.44366
79586,3.5473
79587,3.13883
79588,2.91742
79589,3.19538
79590,3.38448
79591,3.42916
79592,4.38465
79593,3.7947
79594,3.67451
79595,3.96891
79596,3.97797
79597,3.7573
79598,3.341
79599,3.82081
79600,4.03362
79601,3.34384
79602,3.70651
79603,4.51908
79604,4.1251
79605,3.62413
79606,3.44659
79607,3.98699
79608,4.24949
79609,3.40095
79610,2.90786
79611,3.04795
79612,4.16987
79613,4.17317
79614,4.15095
79615,4.02032
79616,3.39763
79617,3.99244
79618,4.20459
79619,3.32817
79620,3.49753
79621,4.13455
79622,3.6186
79623,3.96062
79624,3.56063
79625,3.32128
79626,3.749
79627,4.36385
79628,4.03408
79629,3.35753
79630,3.21806
79631,4.28434
79632,4.17343
79633,4.19629
79634,3.23697
79635,4.05334
79636,3.71478
79637,3.61839
79638,3.86645
79639,3.80784
79640,3.7748
79641,3.91257
79642,4.17588
79643,3.9399
79644,4.43359
79645,4.56474
79646,4.29755
79647,3.55263
79648,3.62563
79649,4.14854
79650,4.08494
79651,3.88631
79652,2.8284
79653,2.9254
79654,4.38769
79655,3.91215
79656,4.49152
79657,3.73385
79658,3.6092
79659,4.3835
79660,4.04601
79661,4.13526
79662,4.62914
79663,3.58172
79664,5.0
79665,3.38833
79666,3.72462
79667,4.8283
79668,4.56498
79669,4.53472
79670,3.76994
79671,3.42452
79672,4.33048
79673,4.64088
79674,4.92415
79675,4.83741
79676,3.30145
79677,4.20861
79678,3.23451
79679,4.92878
79680,4.0402
79681,4.08645
79682,4.60221
79683,4.93133
79684,4.04028
79685,2.60955
79686,4.11384
79687,3.93051
79688,4.08992
79689,2.73952
79690,3.07885
79691,4.08712
79692,3.48232
79693,3.77363
79694,5.0
79695,3.31183
79696,3.91454
79697,4.73199
79698,4.44902
79699,4.09821
79700,3.84954
79701,4.52568
79702,3.58479
79703,4.56128
79704,4.45361
79705,4.12041
79706,4.65357
79707,4.51977
79708,4.44722
79709,4.40291
79710,4.23581
79711,3.84601
79712,4.47664
79713,4.57567
79714,4.14769
79715,4.16856
79716,4.04251
79717,4.58556
79718,4.29699
79719,3.73396
79720,4.72167
79721,4.52768
79722,3.21218
79723,3.19664
79724,5.0
79725,3.36208
79726,4.63588
79727,5.0
79728,2.53546
79729,3.13081
79730,3.82047
79731,3.27323
79732,2.93962
79733,2.99095
79734,4.69427
79735,4.36885
79736,3.56216
79737,2.71791
79738,4.22224
79739,3.93169
79740,4.55564
79741,2.68715
79742,3.754
79743,4.29361
79744,3.38578
79745,3.45282
79746,3.24224
79747,3.7164
79748,3.20832
79749,3.69312
79750,4.22045
79751,4.18442
79752,5.0
79753,4.07296
79754,4.60567
79755,4.60002
79756,3.89979
79757,4.24686
79758,3.79948
79759,3.78499
79760,4.65829
79761,4.39435
79762,3.6224
79763,3.64302
79764,3.21567
79765,4.40158
79766,4.48021
79767,3.75205
79768,4.7443
79769,3.21622
79770,4.02679
79771,2.70312
79772,4.19909
79773,4.17946
79774,3.12579
79775,3.47622
79776,3.84287
79777,3.76493
79778,4.02952
79779,4.47094
79780,4.40338
79781,4.56048
79782,3.26858
79783,4.58767
79784,3.44666
79785,4.06538
79786,4.31963
79787,4.27202
79788,3.12251
79789,4.54355
79790,3.70264
79791,4.58981
79792,4.23502
79793,4.9588
79794,4.21892
79795,3.45623
79796,3.65043
79797,3.27506
79798,4.52889
79799,3.7004
79800,3.38046
79801,4.06741
79802,4.39361
79803,3.95734
79804,3.77204
79805,3.32763
79806,4.33115
79807,3.86864
79808,4.23291
79809,3.49011
79810,4.66096
79811,2.66817
79812,3.71246
79813,3.66728
79814,3.99334
79815,4.68846
79816,3.81205
79817,4.54817
79818,3.41584
79819,3.74571
79820,4.03763
79821,2.96056
79822,3.66815
79823,4.67036
79824,3.28324
79825,4.349
79826,3.90235
79827,3.81769
79828,2.59311
79829,4.61395
79830,3.05719
79831,3.08156
79832,4.0196
79833,3.94817
79834,4.15201
79835,3.9345
79836,3.35543
79837,4.33961
79838,3.86784
79839,4.59893
79840,3.49061
79841,3.22835
79842,3.36573
79843,3.95079
79844,3.29485
79845,4.41813
79846,2.92742
79847,3.86772
79848,4.21033
79849,3.33416
79850,2.28646
79851,3.38742
79852,3.7942
79853,4.28145
79854,4.00688
79855,4.37384
79856,4.56579
79857,3.10724
79858,3.38251
79859,3.1287
79860,3.72178
79861,4.04395
79862,3.13598
79863,2.51796
79864,3.78141
79865,3.82577
79866,3.51245
79867,3.34637
79868,3.35721
79869,2.93553
79870,3.02734
79871,3.00296
79872,3.90487
79873,3.9624
79874,3.51556
79875,3.32793
79876,3.562
79877,3.05962
79878,1.91226
79879,2.81385
79880,3.852
79881,2.65533
79882,1.90792
79883,2.8607
79884,2.57393
79885,3.3625
79886,3.53951
79887,3.61294
79888,3.50791
79889,2.99407
79890,4.14048
79891,3.92349
79892,3.19266
79893,4.02588
79894,3.65105
79895,4.55101
79896,3.06739
79897,2.78435
79898,4.05233
79899,3.58528
79900,1.65909
79901,4.0457
79902,4.29079
79903,3.81512
79904,3.65329
79905,4.42846
79906,2.82167
79907,3.90597
79908,3.9137
79909,3.97386
79910,4.53224
79911,3.78595
79912,4.21812
79913,3.30956
79914,3.5221
79915,3.70269
79916,4.6298
79917,2.62905
79918,4.02143
79919,2.83056
79920,3.12453
79921,2.0584
79922,3.86122
79923,3.83545
79924,3.55763
79925,2.49802
79926,3.88505
79927,3.63736
79928,2.78408
79929,3.55669
79930,2.66376
79931,3.50114
79932,3.99792
79933,3.46332
79934,2.80526
79935,3.36154
79936,3.74105
79937,3.48183
79938,3.90282
79939,3.00091
79940,3.33045
79941,2.52923
79942,3.29736
79943,3.95329
79944,3.34797
79945,3.77452
79946,2.65066
79947,3.698
79948,3.76131
79949,3.66628
79950,3.05804
79951,3.51115
79952,2.68667
79953,3.05976
79954,3.82144
79955,2.14723
79956,2.93233
79957,3.50098
79958,3.61047
79959,3.80164
79960,3.81947
79961,2.88489
79962,2.6029
79963,3.80252
79964,2.81634
79965,3.62138
79966,3.03091
79967,3.66002
79968,4.1606
79969,3.6793
79970,3.09291
79971,3.18977
79972,2.76255
79973,3.16299
79974,3.14573
79975,2.81074
79976,2.30926
79977,3.17792
79978,3.72639
79979,3.3054
79980,3.47608
79981,4.24314
79982,4.00509
79983,2.58845
79984,4.44392
79985,4.83582
79986,2.94171
79987,1.50861
79988,4.08635
79989,3.72551
79990,3.15956
79991,2.6683
79992,4.32654
79993,2.72656
79994,2.951
79995,3.13613
79996,2.55138
79997,3.06289
79998,4.26027
79999,4.75552
80000,4.85974
80001,2.66882
80002,3.88692
80003,5.0
80004,4.78915
80005,4.43787
80006,4.91239
80007,3.66273
80008,4.21051
80009,4.41258
80010,4.655
80011,2.99296
80012,4.53163
80013,3.85072
80014,3.8347
80015,4.87298
80016,4.6286
80017,4.76576
80018,4.76274
80019,3.40371
80020,4.86418
80021,3.42182
80022,3.88803
80023,4.60562
80024,3.08237
80025,3.97745
80026,3.81164
80027,3.59893
80028,4.41023
80029,3.99465
80030,3.5642
80031,3.74538
80032,3.63873
80033,3.36425
80034,3.83193
80035,3.59192
80036,4.41614
80037,4.07029
80038,2.95906
80039,3.13478
80040,4.43527
80041,4.19103
80042,3.44851
80043,3.3827
80044,3.71698
80045,4.23625
80046,2.71783
80047,3.91038
80048,4.50635
80049,3.41093
80050,2.21757
80051,4.06317
80052,3.63125
80053,3.17657
80054,3.47547
80055,3.69358
80056,4.95612
80057,3.55013
80058,2.78516
80059,2.93684
80060,4.33455
80061,3.37657
80062,3.86516
80063,1.94162
80064,3.08146
80065,4.4687
80066,4.1905
80067,3.94771
80068,3.16896
80069,2.16957
80070,3.83033
80071,2.83172
80072,3.28803
80073,2.92515
80074,3.04853
80075,2.75357
80076,3.15268
80077,3.50283
80078,3.08879
80079,3.53016
80080,3.3521
80081,1.77911
80082,3.32586
80083,3.79319
80084,3.93428
80085,3.87152
80086,3.04054
80087,3.98785
80088,3.94844
80089,3.29055
80090,1.19593
80091,4.33294
80092,3.15934
80093,3.86582
80094,1.37862
80095,2.70288
80096,3.79616
80097,3.32801
80098,4.47179
80099,4.54322
80100,3.17784
80101,4.31701
80102,3.75862
80103,4.03359
80104,4.50224
80105,4.62342
80106,4.61585
80107,3.58238
80108,4.88921
80109,4.93215
80110,4.68031
80111,4.54424
80112,4.82823
80113,4.5309
80114,4.89874
80115,4.61713
80116,5.0
80117,4.96848
80118,4.57414
80119,3.98784
80120,4.11345
80121,5.0
80122,4.78485
80123,4.66741
80124,4.16983
80125,4.25611
80126,3.11025
80127,3.9393
80128,4.31188
80129,3.8358
80130,3.94476
80131,4.83658
80132,4.79344
80133,4.28178
80134,4.51873
80135,4.5588
80136,3.7625
80137,4.11149
80138,4.18782
80139,4.1155
80140,3.47846
80141,4.842
80142,4.48679
80143,4.74109
80144,4.17868
80145,4.40977
80146,3.94048
80147,4.45243
80148,4.78634
80149,4.08607
80150,4.42956
80151,4.4044
80152,4.22402
80153,4.42404
80154,4.67104
80155,4.34429
80156,4.49192
80157,4.67223
80158,4.51846
80159,4.81441
80160,3.9472
80161,1.0
80162,4.46432
80163,4.11802
80164,4.76683
80165,4.22656
80166,2.74496
80167,4.51963
80168,4.5146
80169,4.29796
80170,3.73628
80171,4.63257
80172,3.88039
80173,4.07182
80174,4.6154
80175,3.87461
80176,4.22352
80177,3.98402
80178,4.11341
80179,4.64049
80180,3.47288
80181,3.84443
80182,4.02786
80183,4.7025
80184,3.83377
80185,4.44063
80186,4.65591
80187,4.57586
80188,4.10749
80189,3.27805
80190,3.98485
80191,2.4776
80192,2.04501
80193,3.00549
80194,2.72587
80195,2.13707
80196,4.36644
80197,4.89145
80198,2.09111
80199,2.56566
80200,2.61777
80201,4.17613
80202,4.25739
80203,4.42876
80204,3.19019
80205,4.98047
80206,2.96884
80207,3.6289
80208,4.50845
80209,4.63766
80210,2.96818
80211,4.64185
80212,3.78102
80213,4.13877
80214,4.13238
80215,4.69927
80216,4.66518
80217,3.6986
80218,3.68996
80219,4.02788
80220,3.86474
80221,3.12079
80222,4.12247
80223,2.88174
80224,3.49475
80225,3.88263
80226,3.92934
80227,3.26377
80228,3.54703
80229,2.99169
80230,4.11416
80231,3.35374
80232,2.77954
80233,3.47774
80234,2.8809
80235,3.20311
80236,3.45679
80237,3.13785
80238,3.308
80239,2.86268
80240,3.15338
80241,4.80955
80242,3.3342
80243,3.20896
80244,3.56705
80245,3.49824
80246,3.52871
80247,3.43751
80248,3.43542
80249,3.65956
80250,3.44348
80251,3.54537
80252,3.53163
80253,3.24632
80254,2.695
80255,3.954
80256,3.30088
80257,2.58746
80258,3.41306
80259,3.63458
80260,3.67011
80261,2.92663
80262,2.72454
80263,2.84542
80264,3.14203
80265,3.4846
80266,3.28309
80267,3.27994
80268,3.27984
80269,4.65261
80270,3.51901
80271,3.46238
80272,3.4457
80273,3.6346
80274,3.27816
80275,3.27038
80276,3.20814
80277,3.36571
80278,2.59851
80279,3.06865
80280,3.29021
80281,3.10046
80282,2.8122
80283,3.40436
80284,1.65038
80285,3.12828
80286,3.04853
80287,3.11809
80288,2.89735
80289,2.77742
80290,3.05614
80291,3.52728
80292,3.02858
80293,3.09109
80294,2.66315
80295,3.37948
80296,3.06101
80297,3.35485
80298,3.60624
80299,3.23894
80300,3.07321
80301,3.12662
80302,3.63358
80303,3.09707
80304,2.68576
80305,2.99211
80306,2.77945
80307,3.68982
80308,3.16151
80309,3.73111
80310,3.76204
80311,3.59695
80312,3.34928
80313,3.35946
80314,2.97629
80315,2.30021
80316,2.73989
80317,3.60693
80318,3.65765
80319,4.18313
80320,4.82368
80321,4.71614
80322,3.13113
80323,3.47896
80324,3.18543
80325,4.89011
80326,4.33311
80327,3.72401
80328,4.67755
80329,4.44137
80330,3.11529
80331,4.23204
80332,4.12691
80333,4.48028
80334,2.58571
80335,4.24231
80336,3.39657
80337,4.16634
80338,2.14016
80339,4.45247
80340,2.64406
80341,3.05703
80342,1.77372
80343,1.82436
80344,4.11832
80345,4.28359
80346,2.3455
80347,2.69133
80348,2.92389
80349,3.58774
80350,2.95911
80351,2.89373
80352,2.6311
80353,4.11453
80354,2.38016
80355,3.72968
80356,4.70953
80357,3.91679
80358,4.50737
80359,4.29663
80360,3.61475
80361,3.31474
80362,3.8872
80363,1.67453
80364,2.89112
80365,3.94196
80366,3.43387
80367,2.80175
80368,3.84439
80369,3.44483
80370,3.17558
80371,3.37946
80372,2.75526
80373,4.34095
80374,4.1913
80375,3.17248
80376,4.56525
80377,3.89452
80378,4.11099
80379,3.48134
80380,4.1828
80381,4.11315
80382,4.9775
80383,2.90891
80384,3.8027
80385,3.16564
80386,3.5213
80387,3.99111
80388,4.01269
80389,3.69692
80390,3.12855
80391,3.48503
80392,3.5515
80393,3.03097
80394,3.46729
80395,3.82765
80396,4.26633
80397,3.69315
80398,2.97331
80399,4.28687
80400,4.15735
80401,4.03597
80402,4.38801
80403,4.7977
80404,4.5467
80405,4.21763
80406,4.23385
80407,4.69045
80408,4.6374
80409,4.01236
80410,3.90333
80411,4.83134
80412,4.72286
80413,4.43743
80414,4.72186
80415,4.66199
80416,4.04189
80417,4.46119
80418,4.94347
80419,4.4532
80420,4.14395
80421,4.54584
80422,4.53239
80423,3.94488
80424,3.33705
80425,4.25402
80426,4.43397
80427,4.19753
80428,3.09762
80429,4.06811
80430,4.55954
80431,4.19738
80432,3.59435
80433,4.99051
80434,4.045
80435,4.03586
80436,3.71857
80437,4.52861
80438,4.89482
80439,4.21907
80440,4.69845
80441,5.0
80442,4.64394
80443,4.61785
80444,4.82873
80445,4.0152
80446,4.6484
80447,4.64204
80448,4.34571
80449,4.33881
80450,4.02069
80451,4.30579
80452,4.56768
80453,3.63346
80454,3.90873
80455,3.60762
80456,4.61728
80457,4.43316
80458,4.25068
80459,4.53013
80460,4.44789
80461,4.46644
80462,4.6178
80463,4.47887
80464,4.16937
80465,3.58197
80466,5.0
80467,5.0
80468,4.39485
80469,3.95238
80470,4.4444
80471,3.31986
80472,3.72098
80473,4.00242
80474,4.25514
80475,4.65288
80476,2.75368
80477,4.51586
80478,3.42767
80479,4.05891
80480,3.73679
80481,3.47405
80482,3.62249
80483,4.81531
80484,4.38054
80485,2.84964
80486,4.66152
80487,3.76858
80488,3.56656
80489,3.43501
80490,4.29167
80491,3.17851
80492,4.14024
80493,4.12034
80494,3.86611
80495,3.81854
80496,4.26272
80497,3.29058
80498,5.0
80499,3.50153
80500,3.44544
80501,3.5051
80502,4.4614
80503,5.0
80504,5.0
80505,4.91056
80506,3.73626
80507,4.58141
80508,4.37526
80509,4.29552
80510,4.46506
80511,3.35189
80512,3.65949
80513,4.22054
80514,3.81895
80515,3.78749
80516,3.84524
80517,3.30075
80518,4.07972
80519,2.40311
80520,2.81996
80521,4.06001
80522,3.76333
80523,4.61809
80524,3.66546
80525,3.37895
80526,2.63627
80527,3.84392
80528,4.18148
80529,4.04891
80530,2.89247
80531,1.7547
80532,4.89024
80533,3.54998
80534,3.43199
80535,3.63915
80536,4.30932
80537,3.15621
80538,4.52567
80539,4.36468
80540,3.04729
80541,4.08625
80542,3.20562
80543,4.12608
80544,2.57151
80545,3.76744
80546,3.54579
80547,3.67104
80548,4.19146
80549,3.89153
80550,2.44097
80551,3.73115
80552,3.61827
80553,3.89889
80554,3.46501
80555,3.90183
80556,3.50189
80557,3.46749
80558,3.00219
80559,4.01273
80560,4.32764
80561,1.80688
80562,3.20274
80563,3.84582
80564,4.37783
80565,4.00953
80566,3.13491
80567,3.93468
80568,2.62825
80569,2.94486
80570,2.38814
80571,4.20654
80572,3.59304
80573,3.67626
80574,2.63384
80575,3.85076
80576,3.88004
80577,4.10356
80578,3.34821
80579,3.81179
80580,3.37608
80581,2.27998
80582,4.15012
80583,3.40872
80584,3.11729
80585,4.1732
80586,3.71756
80587,4.11366
80588,3.69987
80589,1.83867
80590,3.20853
80591,2.80013
80592,1.90215
80593,3.56056
80594,4.24234
80595,3.94856
80596,3.09846
80597,3.5205
80598,3.13818
80599,3.40317
80600,2.57668
80601,2.43953
80602,3.169
80603,3.93788
80604,4.3729
80605,4.07805
80606,3.51376
80607,3.76183
80608,3.75433
80609,4.08824
80610,4.32134
80611,2.65043
80612,3.73161
80613,3.78857
80614,3.57829
80615,3.54713
80616,4.14192
80617,3.85158
80618,4.45367
80619,2.88726
80620,3.77144
80621,4.17721
80622,3.30945
80623,3.76309
80624,4.1968
80625,4.03913
80626,4.64339
80627,4.24002
80628,2.92809
80629,4.16756
80630,3.57756
80631,3.7872
80632,3.96512
80633,4.2057
80634,4.19128
80635,3.10959
80636,3.36661
80637,3.41316
80638,3.86357
80639,3.03943
80640,4.04217
80641,2.50216
80642,4.00799
80643,3.44021
80644,4.13826
80645,3.13657
80646,3.60266
80647,3.4701
80648,4.14135
80649,3.58182
80650,3.2231
80651,3.26937
80652,2.99732
80653,2.93573
80654,3.47026
80655,3.16179
80656,4.15545
80657,3.6578
80658,3.28582
80659,4.61609
80660,4.28062
80661,3.3645
80662,2.747
80663,3.48825
80664,4.03015
80665,3.35742
80666,3.97596
80667,3.07995
80668,3.71907
80669,4.18113
80670,3.62741
80671,4.23757
80672,4.31496
80673,3.42746
80674,3.28556
80675,3.91378
80676,2.6845
80677,3.60952
80678,4.7246
80679,3.61673
80680,3.99067
80681,4.30863
80682,4.48223
80683,3.95869
80684,3.53517
80685,2.51476
80686,3.64581
80687,3.25232
80688,3.58369
80689,3.66112
80690,3.23952
80691,3.46338
80692,4.01823
80693,3.6662
80694,4.00514
80695,2.96522
80696,2.99844
80697,3.19896
80698,3.3772
80699,3.05806
80700,4.84597
80701,4.00046
80702,5.0
80703,3.41497
80704,2.94756
80705,3.7946
80706,2.18129
80707,4.46984
80708,2.81256
80709,2.23155
80710,4.17907
80711,4.53743
80712,4.12886
80713,4.3447
80714,4.34865
80715,4.97671
80716,4.07014
80717,4.42078
80718,4.75295
80719,4.36533
80720,4.48477
80721,3.79396
80722,4.14865
80723,3.85904
80724,4.13976
80725,4.1147
80726,4.25215
80727,4.02319
80728,3.88272
80729,4.14423
80730,3.75288
80731,4.12138
80732,4.15734
80733,4.2299
80734,3.61339
80735,2.83276
80736,3.0247
80737,3.20127
80738,2.9001
80739,4.33747
80740,4.17181
80741,3.94778
80742,4.02193
80743,4.63949
80744,4.78774
80745,3.33285
80746,5.0
80747,3.83372
80748,3.50068
80749,3.68881
80750,4.81575
80751,3.73733
80752,4.16267
80753,4.16412
80754,3.69327
80755,4.35691
80756,3.69734
80757,3.23902
80758,4.20097
80759,3.73387
80760,3.63531
80761,4.25091
80762,4.21817
80763,3.63178
80764,3.53865
80765,3.55275
80766,3.93392
80767,3.40152
80768,3.4734
80769,4.23017
80770,3.34047
80771,3.62479
80772,3.73018
80773,4.48197
80774,2.68302
80775,4.20515
80776,4.27069
80777,3.12889
80778,3.30953
80779,2.64787
80780,3.85159
80781,3.98069
80782,3.88958
80783,3.72064
80784,4.1753
80785,2.13777
80786,4.65807
80787,4.5166
80788,2.94047
80789,3.59219
80790,3.44994
80791,2.71769
80792,2.25604
80793,1.0
80794,2.23764
80795,4.31825
80796,4.41858
80797,2.41178
80798,4.72208
80799,3.10752
80800,2.37917
80801,2.33941
80802,2.58774
80803,2.80375
80804,3.28787
80805,4.11565
80806,3.08237
80807,2.95361
80808,3.14676
80809,4.00532
80810,4.94299
80811,3.6429
80812,2.82719
80813,5.0
80814,2.22275
80815,3.53648
80816,3.22742
80817,3.90163
80818,2.87195
80819,3.0748
80820,4.73665
80821,4.44326
80822,3.15368
80823,5.0
80824,2.71869
80825,3.19462
80826,4.7549
80827,2.64762
80828,3.35721
80829,2.90362
80830,4.00372
80831,3.72833
80832,4.18908
80833,3.42041
80834,4.50958
80835,2.82862
80836,4.95195
80837,3.03928
80838,3.86529
80839,3.44769
80840,3.97261
80841,3.04481
80842,4.50714
80843,4.76006
80844,4.27757
80845,3.03624
80846,4.20619
80847,3.26218
80848,2.90072
80849,3.80241
80850,3.20254
80851,3.55756
80852,3.19552
80853,2.82889
80854,3.32508
80855,3.8188
80856,4.43033
80857,4.32061
80858,3.39207
80859,3.91806
80860,4.14681
80861,4.09162
80862,4.13927
80863,3.68426
80864,4.48759
80865,4.32833
80866,4.12802
80867,4.36216
80868,2.06455
80869,4.48871
80870,4.73525
80871,2.12376
80872,3.90129
80873,4.10717
80874,3.99088
80875,4.04454
80876,3.57777
80877,3.73271
80878,4.75725
80879,3.65209
80880,3.92287
80881,4.19892
80882,3.64499
80883,4.60141
80884,4.6228
80885,3.74804
80886,4.67542
80887,4.33582
80888,4.01229
80889,3.45812
80890,3.32789
80891,4.05105
80892,4.13243
80893,4.28821
80894,4.47895
80895,3.06504
80896,4.58204
80897,3.44704
80898,4.18613
80899,4.1638
80900,5.0
80901,3.36934
80902,4.25188
80903,4.43003
80904,3.74815
80905,4.56448
80906,4.38792
80907,3.97142
80908,3.60463
80909,4.26129
80910,3.94679
80911,4.04
80912,3.16765
80913,4.42298
80914,2.81977
80915,2.97821
80916,3.74987
80917,4.46658
80918,2.77492
80919,4.42879
80920,4.01709
80921,2.8509
80922,3.69744
80923,4.07678
80924,3.88317
80925,3.33592
80926,4.35077
80927,4.8554
80928,4.23214
80929,3.49342
80930,2.62004
80931,3.22362
80932,3.32917
80933,3.28297
80934,2.17045
80935,4.28157
80936,3.81252
80937,5.0
80938,2.15736
80939,4.22545
80940,4.38153
80941,3.30543
80942,4.46366
80943,3.49003
80944,4.04877
80945,3.51322
80946,2.91456
80947,4.31759
80948,2.13127
80949,3.0494
80950,3.7342
80951,3.65044
80952,4.24492
80953,4.11225
80954,3.60385
80955,3.83852
80956,3.48934
80957,3.85587
80958,4.42567
80959,2.04228
80960,4.23557
80961,3.40129
80962,4.21381
80963,4.09442
80964,4.11573
80965,3.85925
80966,1.88854
80967,3.99666
80968,4.69959
80969,4.08652
80970,4.17037
80971,2.77596
80972,2.87544
80973,3.30769
80974,3.21146
80975,2.48994
80976,2.73373
80977,2.89422
80978,1.66924
80979,3.88054
80980,3.61551
80981,2.48861
80982,1.14482
80983,4.04143
80984,3.36706
80985,2.90733
80986,2.57899
80987,3.12443
80988,4.02958
80989,2.85874
80990,3.94167
80991,2.88229
80992,2.31489
80993,3.43022
80994,3.6235
80995,4.29495
80996,4.3115
80997,3.87805
80998,3.70948
80999,3.14249
81000,4.19593
81001,2.4064
81002,3.69536
81003,4.29375
81004,3.68746
81005,3.32667
81006,1.27922
81007,4.25171
81008,4.73383
81009,4.30897
81010,4.14077
81011,5.0
81012,3.81586
81013,4.02715
81014,4.07038
81015,4.03671
81016,3.04987
81017,3.80034
81018,4.53102
81019,3.52589
81020,4.86413
81021,3.99241
81022,5.0
81023,4.90945
81024,3.87473
81025,1.0
81026,4.04634
81027,3.24075
81028,3.33104
81029,2.8118
81030,3.9578
81031,4.40977
81032,3.80039
81033,3.71345
81034,4.99918
81035,4.3398
81036,4.29257
81037,4.05908
81038,3.87192
81039,3.65824
81040,3.60945
81041,2.48275
81042,3.7033
81043,2.82099
81044,3.0121
81045,4.39439
81046,4.04427
81047,4.50404
81048,4.46104
81049,3.25915
81050,1.74631
81051,3.52424
81052,4.42406
81053,3.54673
81054,3.52577
81055,3.53846
81056,3.92358
81057,3.57678
81058,5.0
81059,3.67782
81060,4.45381
81061,3.60032
81062,3.96058
81063,3.83714
81064,4.66097
81065,3.27908
81066,3.95904
81067,3.88897
81068,3.64164
81069,3.70822
81070,3.77477
81071,3.16539
81072,4.71753
81073,2.26821
81074,3.1951
81075,2.96985
81076,3.41225
81077,4.00889
81078,2.90862
81079,3.2499
81080,2.38931
81081,3.57689
81082,3.37135
81083,4.48333
81084,2.9556
81085,1.56901
81086,3.52381
81087,3.78646
81088,3.76104
81089,3.56881
81090,3.76281
81091,4.50483
81092,3.42802
81093,3.73721
81094,4.16841
81095,3.09602
81096,4.35617
81097,3.24262
81098,3.74767
81099,3.78845
81100,3.96279
81101,3.71962
81102,3.78664
81103,3.5987
81104,4.58557
81105,3.67502
81106,4.70296
81107,3.71332
81108,4.63134
81109,3.3484
81110,4.23568
81111,3.97018
81112,4.15958
81113,3.13909
81114,3.93518
81115,3.65856
81116,4.4771
81117,4.8829
81118,4.4977
81119,3.39796
81120,4.14641
81121,3.76418
81122,3.70942
81123,4.36209
81124,3.56294
81125,4.47401
81126,4.79698
81127,4.17681
81128,4.97636
81129,3.92986
81130,4.60278
81131,4.099
81132,3.56839
81133,3.61203
81134,3.41587
81135,4.26708
81136,3.47287
81137,4.52951
81138,3.88764
81139,3.9405
81140,3.53011
81141,2.49694
81142,3.95365
81143,4.20203
81144,2.99641
81145,3.90049
81146,4.02571
81147,4.27481
81148,4.32469
81149,3.6058
81150,3.90564
81151,3.90271
81152,4.69454
81153,4.0583
81154,3.50036
81155,3.2509
81156,2.85642
81157,3.75534
81158,4.06776
81159,3.14528
81160,4.24647
81161,3.16349
81162,3.58503
81163,3.7878
81164,3.27186
81165,3.43998
81166,3.97357
81167,3.505
81168,4.26107
81169,2.75927
81170,4.07369
81171,4.27322
81172,3.15093
81173,3.31948
81174,2.84196
81175,2.43844
81176,1.96463
81177,2.79235
81178,1.34694
81179,3.29006
81180,3.3075
81181,4.43595
81182,3.98957
81183,3.23226
81184,3.63824
81185,3.86406
81186,3.08771
81187,2.45218
81188,4.25026
81189,3.33376
81190,3.7637
81191,3.45276
81192,4.20249
81193,3.26721
81194,2.65096
81195,3.26979
81196,3.77804
81197,2.66947
81198,3.69679
81199,3.1041
81200,2.73374
81201,3.0806
81202,2.84009
81203,3.10947
81204,4.00502
81205,4.18836
81206,4.29866
81207,3.77562
81208,3.86829
81209,4.39133
81210,3.48058
81211,4.07048
81212,3.99359
81213,3.71118
81214,3.87611
81215,4.401
81216,4.89378
81217,3.62486
81218,3.55099
81219,2.936
81220,3.5988
81221,2.66259
81222,5.0
81223,3.62384
81224,4.17696
81225,2.53315
81226,4.78147
81227,4.44303
81228,4.37175
81229,3.90801
81230,4.67136
81231,4.02273
81232,3.56575
81233,4.80404
81234,4.34667
81235,4.49015
81236,3.64539
81237,4.75117
81238,3.97272
81239,3.91467
81240,4.04498
81241,4.38439
81242,4.11708
81243,5.0
81244,3.49064
81245,4.58866
81246,3.80185
81247,3.8582
81248,2.93031
81249,3.58381
81250,4.95877
81251,4.37158
81252,3.41534
81253,3.64885
81254,3.94226
81255,3.41306
81256,4.0658
81257,4.15503
81258,4.60893
81259,4.03985
81260,4.39852
81261,3.0659
81262,2.74445
81263,1.76167
81264,3.96274
81265,3.78229
81266,3.77116
81267,3.09749
81268,2.95293
81269,2.34691
81270,1.75515
81271,3.77938
81272,3.76413
81273,3.93267
81274,2.92854
81275,4.3575
81276,3.91382
81277,3.9829
81278,2.07513
81279,2.95963
81280,4.1268
81281,4.36191
81282,4.09586
81283,3.22744
81284,3.92372
81285,3.49715
81286,2.55274
81287,3.4377
81288,3.90766
81289,3.40203
81290,4.12133
81291,3.37567
81292,3.02925
81293,2.23865
81294,3.95683
81295,2.00516
81296,3.98681
81297,3.14368
81298,4.12162
81299,2.92547
81300,2.56466
81301,3.71447
81302,4.16422
81303,4.38337
81304,3.62023
81305,3.04365
81306,3.81869
81307,4.30106
81308,4.00507
81309,4.15786
81310,4.62991
81311,4.04748
81312,3.44463
81313,4.10493
81314,4.14368
81315,4.56574
81316,4.38913
81317,4.53275
81318,3.40134
81319,3.90436
81320,3.62434
81321,3.86401
81322,4.40975
81323,3.92188
81324,4.09464
81325,4.08173
81326,2.42444
81327,1.5069
81328,2.78696
81329,2.77371
81330,3.66864
81331,4.10126
81332,4.10833
81333,4.05223
81334,3.56825
81335,3.63549
81336,2.55939
81337,3.31261
81338,3.93629
81339,4.29567
81340,3.42111
81341,4.63157
81342,3.81347
81343,4.01618
81344,3.41627
81345,4.46246
81346,3.50472
81347,4.38113
81348,3.84925
81349,4.34569
81350,4.41765
81351,4.0395
81352,3.76193
81353,4.61599
81354,3.97031
81355,3.99472
81356,3.80341
81357,3.0737
81358,3.73722
81359,4.59559
81360,3.65463
81361,4.10418
81362,4.29195
81363,3.71224
81364,4.17932
81365,3.67183
81366,4.66736
81367,4.22539
81368,4.55153
81369,3.87461
81370,5.0
81371,4.06896
81372,3.97676
81373,4.38541
81374,4.13802
81375,2.67852
81376,5.0
81377,2.26458
81378,3.47469
81379,2.60001
81380,3.90531
81381,2.5088
81382,3.51243
81383,2.68261
81384,3.75378
81385,2.31738
81386,3.63439
81387,3.6709
81388,3.39567
81389,4.16483
81390,3.22565
81391,3.44546
81392,3.38267
81393,3.3189
81394,3.5919
81395,3.74083
81396,2.57233
81397,2.95277
81398,3.59132
81399,4.08167
81400,3.47591
81401,4.5445
81402,3.90479
81403,2.99357
81404,3.43084
81405,4.11842
81406,3.11332
81407,3.89035
81408,3.41862
81409,2.40673
81410,1.9614
81411,3.16971
81412,2.52849
81413,3.88212
81414,3.59133
81415,2.57709
81416,3.91153
81417,3.26616
81418,3.92431
81419,2.41398
81420,3.17128
81421,3.18153
81422,3.28746
81423,3.3567
81424,3.17059
81425,2.99611
81426,3.6047
81427,4.80633
81428,4.42304
81429,4.56447
81430,4.59739
81431,4.41916
81432,3.51758
81433,3.85417
81434,5.0
81435,4.33335
81436,4.54646
81437,3.06635
81438,4.32002
81439,4.70537
81440,3.39604
81441,4.94211
81442,4.38724
81443,4.77431
81444,5.0
81445,4.48768
81446,3.71794
81447,4.72177
81448,3.6363
81449,4.75193
81450,5.0
81451,4.05185
81452,4.14293
81453,4.83734
81454,4.44783
81455,4.23324
81456,4.68082
81457,4.3435
81458,4.49173
81459,4.15429
81460,4.69417
81461,4.3759
81462,3.79982
81463,3.89745
81464,4.0976
81465,4.73291
81466,4.20706
81467,3.34409
81468,4.38
81469,4.70437
81470,4.11314
81471,3.97309
81472,4.22036
81473,4.32444
81474,4.26167
81475,4.34842
81476,4.54446
81477,4.09902
81478,4.33077
81479,4.16717
81480,3.93685
81481,4.02224
81482,3.75698
81483,3.31357
81484,2.53294
81485,3.28109
81486,3.31362
81487,4.27495
81488,3.2507
81489,2.02985
81490,3.59096
81491,3.97777
81492,3.93097
81493,2.63589
81494,2.19481
81495,2.92944
81496,2.99387
81497,4.28496
81498,3.67259
81499,1.89444
81500,3.93838
81501,4.41714
81502,3.69503
81503,3.9008
81504,3.29043
81505,3.11186
81506,3.93886
81507,2.18451
81508,3.54744
81509,2.58871
81510,3.47107
81511,2.62459
81512,4.14003
81513,4.83241
81514,3.38832
81515,4.73083
81516,4.47161
81517,4.34039
81518,3.54863
81519,3.69852
81520,3.78728
81521,3.28504
81522,2.00473
81523,3.31067
81524,3.41318
81525,1.77309
81526,3.49528
81527,3.4623
81528,3.8259
81529,4.62336
81530,4.09245
81531,3.23481
81532,3.90154
81533,1.0
81534,3.59027
81535,3.57262
81536,3.92482
81537,3.73804
81538,3.39557
81539,3.55113
81540,2.9843
81541,3.72325
81542,2.79256
81543,3.02991
81544,3.24428
81545,3.70379
81546,3.20495
81547,3.05278
81548,2.99646
81549,2.94746
81550,3.56193
81551,3.55779
81552,3.51584
81553,4.35124
81554,3.88877
81555,2.2564
81556,3.88341
81557,3.1721
81558,3.35953
81559,2.95749
81560,3.83718
81561,3.63432
81562,3.37921
81563,3.55467
81564,3.50661
81565,3.4619
81566,3.85587
81567,3.02739
81568,3.75533
81569,4.41841
81570,3.77821
81571,3.88635
81572,3.40126
81573,3.03473
81574,3.26166
81575,3.94932
81576,4.05656
81577,3.91637
81578,4.63558
81579,3.90504
81580,4.02917
81581,4.26358
81582,3.6018
81583,3.741
81584,3.82311
81585,4.1637
81586,3.79963
81587,3.52397
81588,4.79466
81589,4.42986
81590,4.59684
81591,4.59645
81592,4.55962
81593,4.23335
81594,3.50766
81595,3.88261
81596,4.2258
81597,3.83362
81598,3.9954
81599,3.31401
81600,4.08463
81601,3.71714
81602,4.33729
81603,4.0243
81604,4.17482
81605,4.68054
81606,3.04217
81607,3.47907
81608,2.8431
81609,3.45571
81610,4.1322
81611,3.18564
81612,4.56744
81613,3.68484
81614,4.36158
81615,4.21596
81616,4.97585
81617,3.88719
81618,3.15323
81619,3.84285
81620,3.85107
81621,4.52573
81622,2.89257
81623,4.50903
81624,4.45195
81625,3.22572
81626,3.77732
81627,4.49409
81628,3.24831
81629,3.88572
81630,3.70346
81631,3.3417
81632,3.67045
81633,3.74693
81634,3.9567
81635,3.21756
81636,3.99528
81637,3.96219
81638,4.40845
81639,4.43374
81640,3.3518
81641,3.70053
81642,3.84586
81643,4.4076
81644,3.42538
81645,4.46655
81646,3.83518
81647,3.2744
81648,4.07903
81649,4.12722
81650,3.18308
81651,4.41892
81652,3.05828
81653,3.24104
81654,3.14415
81655,4.82138
81656,4.1399
81657,3.80312
81658,2.92517
81659,3.46199
81660,3.93855
81661,2.8569
81662,4.29415
81663,4.58381
81664,4.43813
81665,4.28254
81666,4.65618
81667,4.66301
81668,5.0
81669,4.92903
81670,4.86142
81671,4.69174
81672,4.4317
81673,5.0
81674,4.5952
81675,4.96686
81676,4.78075
81677,4.89158
81678,4.30622
81679,4.93484
81680,4.04571
81681,4.27248
81682,4.53338
81683,4.39321
81684,4.53029
81685,4.37346
81686,4.46291
81687,4.80121
81688,5.0
81689,4.7142
81690,4.75809
81691,4.50945
81692,5.0
81693,4.57586
81694,3.4185
81695,4.04988
81696,4.63834
81697,4.51526
81698,4.06689
81699,4.98711
81700,4.32899
81701,4.79855
81702,4.95391
81703,3.90984
81704,4.58563
81705,5.0
81706,3.5544
81707,3.20909
81708,3.20666
81709,3.05468
81710,2.96159
81711,3.49513
81712,1.0
81713,3.60798
81714,3.32764
81715,3.29136
81716,2.76161
81717,3.08881
81718,4.50711
81719,4.54122
81720,4.24971
81721,3.95092
81722,3.46401
81723,2.8765
81724,4.45415
81725,3.47086
81726,3.8896
81727,3.92783
81728,4.30501
81729,3.3514
81730,4.28529
81731,3.40984
81732,3.81119
81733,4.00433
81734,4.05023
81735,3.25615
81736,2.69205
81737,3.46468
81738,3.44532
81739,3.13902
81740,3.91178
81741,3.62489
81742,2.39831
81743,3.51289
81744,3.04875
81745,2.95856
81746,3.93952
81747,2.53467
81748,3.74434
81749,3.03404
81750,2.94474
81751,3.31485
81752,4.20783
81753,3.63308
81754,3.79719
81755,4.2463
81756,3.38807
81757,3.67545
81758,3.38542
81759,3.21992
81760,5.0
81761,4.96752
81762,2.49144
81763,3.98833
81764,4.23462
81765,2.70084
81766,4.42822
81767,4.41285
81768,3.85551
81769,3.71856
81770,4.0838
81771,3.24071
81772,3.98945
81773,4.06009
81774,4.20094
81775,3.99907
81776,3.17339
81777,4.48814
81778,3.576
81779,4.3734
81780,4.16709
81781,3.22181
81782,3.665
81783,5.0
81784,3.98088
81785,3.6885
81786,4.33083
81787,2.94452
81788,1.8751
81789,3.45204
81790,3.34792
81791,3.0051
81792,4.18525
81793,3.30663
81794,3.63283
81795,4.03243
81796,3.6833
81797,3.26569
81798,3.92667
81799,4.13424
81800,4.46338
81801,2.85337
81802,4.69922
81803,4.90565
81804,3.31588
81805,2.71952
81806,3.64039
81807,4.31338
81808,4.46597
81809,4.48293
81810,3.57015
81811,4.49368
81812,4.50493
81813,3.05504
81814,3.83685
81815,3.70417
81816,2.17784
81817,4.20693
81818,2.7196
81819,4.55784
81820,1.32244
81821,2.00765
81822,2.62608
81823,2.07119
81824,2.94264
81825,2.41067
81826,2.65771
81827,2.6273
81828,2.14222
81829,2.84297
81830,2.04763
81831,2.3069
81832,2.69905
81833,1.0
81834,2.10784
81835,2.35268
81836,1.6602
81837,3.9416
81838,2.79782
81839,2.85905
81840,3.62079
81841,2.58233
81842,3.56433
81843,3.52486
81844,3.74115
81845,3.54471
81846,4.21531
81847,3.25598
81848,3.54024
81849,3.71618
81850,3.94817
81851,3.68814
81852,2.44305
81853,3.04168
81854,3.14537
81855,3.9302
81856,3.84243
81857,3.84497
81858,3.54858
81859,3.75524
81860,3.11497
81861,2.64073
81862,2.8606
81863,2.96491
81864,1.5116
81865,4.81467
81866,2.56973
81867,3.53532
81868,3.29754
81869,2.6015
81870,4.30405
81871,4.27449
81872,3.05168
81873,4.95309
81874,3.64447
81875,3.92672
81876,2.96216
81877,3.73181
81878,3.50016
81879,4.3139
81880,2.30452
81881,4.12944
81882,2.71003
81883,3.52067
81884,3.08776
81885,2.94604
81886,2.93878
81887,3.82563
81888,2.49037
81889,3.69913
81890,3.94913
81891,3.58869
81892,4.54688
81893,4.25105
81894,4.15679
81895,4.15174
81896,4.30202
81897,4.56626
81898,4.42734
81899,3.52483
81900,4.12518
81901,4.74354
81902,4.5758
81903,3.77022
81904,2.34969
81905,4.53407
81906,3.07828
81907,3.94768
81908,4.26288
81909,4.13003
81910,4.17352
81911,4.47475
81912,3.61438
81913,4.04004
81914,3.3713
81915,4.42687
81916,4.02851
81917,4.20073
81918,3.80177
81919,4.50857
81920,4.36239
81921,4.07902
81922,3.58924
81923,3.33176
81924,4.21232
81925,4.89727
81926,4.3938
81927,5.0
81928,3.92045
81929,4.50033
81930,3.39217
81931,4.80769
81932,4.36917
81933,2.98274
81934,4.13583
81935,1.77996
81936,3.39461
81937,4.41904
81938,4.26573
81939,2.75352
81940,4.23205
81941,4.3655
81942,4.84805
81943,4.42712
81944,4.44206
81945,4.29307
81946,3.88042
81947,5.0
81948,4.38781
81949,5.0
81950,4.65191
81951,3.49217
81952,3.8894
81953,4.35173
81954,3.28907
81955,4.26833
81956,4.76536
81957,3.84593
81958,3.76326
81959,4.1038
81960,4.34114
81961,3.73365
81962,3.93848
81963,3.65274
81964,3.49867
81965,3.44832
81966,4.02662
81967,3.83331
81968,3.60798
81969,3.64419
81970,2.98607
81971,3.8107
81972,2.96699
81973,3.25835
81974,3.14154
81975,3.34789
81976,1.86092
81977,2.19644
81978,3.97878
81979,2.83382
81980,3.19615
81981,4.67423
81982,3.92393
81983,3.07544
81984,3.64652
81985,3.78417
81986,3.54921
81987,3.96702
81988,3.34191
81989,4.98196
81990,3.46661
81991,3.83121
81992,4.06013
81993,2.34007
81994,3.20196
81995,3.09342
81996,3.51331
81997,2.99777
81998,2.96752
81999,2.83114
82000,4.50311
82001,2.05331
82002,4.70665
82003,3.91481
82004,4.36133
82005,3.94552
82006,4.86285
82007,3.44089
82008,4.03902
82009,4.07247
82010,3.96691
82011,3.97353
82012,3.61749
82013,4.3653
82014,3.6029
82015,3.80593
82016,4.58481
82017,4.92812
82018,3.3517
82019,4.35043
82020,4.00454
82021,4.12507
82022,3.33942
82023,4.47596
82024,2.58772
82025,2.64654
82026,4.08179
82027,4.29906
82028,4.46774
82029,3.10127
82030,2.50054
82031,4.57113
82032,4.01357
82033,3.92041
82034,4.00412
82035,3.50077
82036,4.26365
82037,2.45962
82038,4.17204
82039,3.08586
82040,4.44159
82041,3.28945
82042,3.74654
82043,3.51744
82044,3.7149
82045,3.42434
82046,4.1513
82047,4.62664
82048,4.15579
82049,4.10621
82050,3.63053
82051,4.1727
82052,3.75125
82053,4.24324
82054,1.96975
82055,4.66875
82056,3.82063
82057,3.87779
82058,1.90012
82059,3.68495
82060,3.19598
82061,2.58597
82062,4.33945
82063,3.83399
82064,3.75096
82065,3.97446
82066,4.7411
82067,4.54138
82068,3.58699
82069,2.63753
82070,4.05633
82071,3.48794
82072,2.9017
82073,5.0
82074,4.83659
82075,4.00426
82076,2.54447
82077,3.68491
82078,2.75995
82079,4.16081
82080,3.92908
82081,2.52006
82082,4.86156
82083,3.20334
82084,3.43027
82085,2.56348
82086,4.01347
82087,2.01675
82088,3.52942
82089,3.80759
82090,1.84235
82091,3.31906
82092,3.53802
82093,3.36837
82094,3.99407
82095,2.89436
82096,3.04953
82097,3.23902
82098,3.94861
82099,3.87402
82100,3.06695
82101,2.61804
82102,3.80067
82103,2.9275
82104,3.32079
82105,4.34588
82106,4.83002
82107,3.53274
82108,4.71833
82109,4.19925
82110,4.69078
82111,4.38182
82112,4.71878
82113,4.61729
82114,3.93741
82115,4.71886
82116,3.90418
82117,4.59907
82118,4.04819
82119,4.9585
82120,4.10468
82121,4.5494
82122,4.05327
82123,4.14218
82124,4.70511
82125,4.29448
82126,4.4616
82127,3.87643
82128,4.16547
82129,4.84242
82130,3.18813
82131,2.79542
82132,3.3524
82133,3.96608
82134,2.53261
82135,3.34534
82136,3.66252
82137,4.82465
82138,2.36675
82139,2.50173
82140,4.574
82141,4.58405
82142,3.49882
82143,4.24638
82144,3.43246
82145,4.03091
82146,4.34908
82147,3.13904
82148,3.38801
82149,3.11665
82150,4.76622
82151,2.71039
82152,4.95272
82153,4.99202
82154,4.9595
82155,4.44482
82156,2.74546
82157,3.65136
82158,4.3969
82159,4.31341
82160,4.80889
82161,4.83717
82162,4.80835
82163,4.16404
82164,4.34902
82165,3.75839
82166,4.54425
82167,4.5534
82168,4.17734
82169,4.30068
82170,3.98856
82171,3.93277
82172,2.57734
82173,3.94149
82174,4.02259
82175,4.02028
82176,2.84755
82177,4.43237
82178,3.60118
82179,2.67411
82180,3.19421
82181,1.0
82182,4.16665
82183,3.01505
82184,3.75632
82185,3.91671
82186,3.44072
82187,3.70942
82188,3.37328
82189,2.51707
82190,3.34789
82191,2.40006
82192,3.56708
82193,3.70351
82194,3.07494
82195,2.86696
82196,4.35469
82197,3.97192
82198,1.65955
82199,4.01658
82200,3.59789
82201,3.83109
82202,3.90298
82203,3.91998
82204,2.99194
82205,2.7086
82206,3.30549
82207,3.90829
82208,1.73508
82209,4.15979
82210,4.85321
82211,2.676
82212,4.36444
82213,5.0
82214,3.99401
82215,3.99895
82216,2.98972
82217,2.72782
82218,3.35767
82219,3.61025
82220,4.14136
82221,3.67484
82222,4.21153
82223,3.82051
82224,3.59942
82225,3.8685
82226,3.93768
82227,3.64706
82228,4.01594
82229,3.8885
82230,4.51865
82231,4.22082
82232,4.0732
82233,3.95889
82234,3.038
82235,3.38194
82236,3.06002
82237,4.25944
82238,3.87746
82239,3.48462
82240,4.22768
82241,3.97647
82242,3.71302
82243,4.2889
82244,3.91839
82245,3.68667
82246,3.44692
82247,3.82554
82248,3.27311
82249,3.77159
82250,2.97818
82251,3.38197
82252,3.82704
82253,3.87351
82254,4.31028
82255,4.23202
82256,4.13758
82257,3.83186
82258,4.8232
82259,4.67879
82260,5.0
82261,4.08764
82262,3.99403
82263,4.44291
82264,4.11041
82265,3.50944
82266,3.0314
82267,3.3593
82268,4.00915
82269,2.78736
82270,3.07196
82271,3.71797
82272,2.21645
82273,2.42867
82274,3.40356
82275,3.50839
82276,3.56019
82277,3.55668
82278,3.66103
82279,1.77397
82280,3.79087
82281,2.68253
82282,3.04942
82283,3.53399
82284,3.01959
82285,3.22943
82286,4.17087
82287,2.77484
82288,2.75903
82289,3.75337
82290,3.81528
82291,3.6494
82292,2.35552
82293,3.16883
82294,3.53499
82295,3.83755
82296,2.81592
82297,3.62764
82298,2.63993
82299,3.34814
82300,2.76868
82301,3.53629
82302,3.16189
82303,3.1034
82304,2.1362
82305,3.9467
82306,2.82962
82307,3.00817
82308,3.81558
82309,3.13617
82310,1.79684
82311,3.6055
82312,2.634
82313,3.30627
82314,3.61904
82315,4.71796
82316,4.07378
82317,3.60931
82318,1.74144
82319,3.8958
82320,3.56162
82321,4.48462
82322,4.31799
82323,2.9568
82324,3.65269
82325,3.66589
82326,4.37802
82327,3.97313
82328,3.96853
82329,2.99175
82330,3.70365
82331,3.01112
82332,3.54574
82333,3.45185
82334,3.11002
82335,2.82417
82336,3.95585
82337,3.53216
82338,2.62331
82339,3.99682
82340,3.36592
82341,4.30487
82342,4.50264
82343,4.04621
82344,4.33812
82345,3.584
82346,3.56002
82347,3.48767
82348,3.89549
82349,3.19448
82350,2.76917
82351,3.86579
82352,3.94361
82353,1.83337
82354,3.70171
82355,3.12725
82356,2.67512
82357,2.40844
82358,2.55742
82359,3.20839
82360,3.82564
82361,3.16375
82362,3.67664
82363,2.23621
82364,3.65134
82365,4.0636
82366,3.8483
82367,3.6687
82368,4.36473
82369,3.1566
82370,4.05679
82371,3.64677
82372,3.69432
82373,4.56123
82374,3.89887
82375,4.14155
82376,3.7315
82377,3.66203
82378,3.94381
82379,3.22927
82380,3.8437
82381,4.07431
82382,4.01851
82383,3.87964
82384,3.72425
82385,4.18236
82386,3.60819
82387,2.10825
82388,3.61816
82389,3.08859
82390,3.85225
82391,3.75257
82392,3.02594
82393,3.63595
82394,3.62683
82395,4.44209
82396,3.35977
82397,3.67448
82398,4.03691
82399,3.53601
82400,3.64728
82401,3.86795
82402,4.13621
82403,2.99107
82404,3.98144
82405,3.14498
82406,4.29272
82407,3.85503
82408,4.54954
82409,3.67801
82410,3.8777
82411,3.86895
82412,3.40879
82413,3.47463
82414,3.46112
82415,4.33972
82416,3.64056
82417,4.32225
82418,4.0279
82419,3.15989
82420,3.44042
82421,3.24722
82422,3.48623
82423,2.7767
82424,3.06053
82425,3.47896
82426,3.67024
82427,4.81382
82428,3.35167
82429,3.86976
82430,3.90538
82431,3.45409
82432,2.88688
82433,3.8406
82434,4.68532
82435,3.25643
82436,3.63986
82437,4.44305
82438,1.34092
82439,3.7767
82440,1.1008
82441,4.08365
82442,3.91171
82443,4.03957
82444,4.39149
82445,4.51062
82446,4.48878
82447,2.67625
82448,3.77211
82449,3.39797
82450,4.18677
82451,4.19355
82452,4.44727
82453,4.38761
82454,3.94514
82455,4.0664
82456,4.54055
82457,3.87471
82458,3.75139
82459,2.34204
82460,4.09967
82461,3.38778
82462,4.60186
82463,3.74386
82464,4.05947
82465,4.10594
82466,3.97713
82467,3.63384
82468,3.34442
82469,2.48693
82470,3.6865
82471,3.79183
82472,3.41319
82473,4.14607
82474,3.42731
82475,2.74787
82476,2.64025
82477,3.06332
82478,3.25383
82479,3.07765
82480,3.44033
82481,3.46723
82482,2.66943
82483,3.16427
82484,3.82104
82485,3.00518
82486,4.27563
82487,3.49435
82488,3.91588
82489,2.12909
82490,3.55072
82491,3.93029
82492,1.86353
82493,2.28068
82494,3.8586
82495,2.44703
82496,1.98071
82497,3.68469
82498,3.79965
82499,1.97791
82500,2.72703
82501,1.68254
82502,1.50494
82503,4.34782
82504,3.91994
82505,4.42272
82506,4.20701
82507,4.36201
82508,3.51394
82509,3.84055
82510,2.53828
82511,2.811
82512,4.30992
82513,2.1382
82514,2.56327
82515,2.55987
82516,2.91522
82517,3.12817
82518,2.55404
82519,3.72262
82520,3.35686
82521,4.30159
82522,3.98836
82523,3.44012
82524,3.67561
82525,1.76074
82526,3.46815
82527,2.60595
82528,2.7518
82529,3.51732
82530,2.6174
82531,1.8056
82532,1.82927
82533,3.509
82534,3.00268
82535,3.74807
82536,3.6834
82537,3.70356
82538,3.15058
82539,2.57449
82540,2.47315
82541,2.60505
82542,3.07522
82543,3.18913
82544,3.05568
82545,3.87211
82546,3.91308
82547,2.93959
82548,3.73816
82549,3.24689
82550,2.61978
82551,2.39021
82552,3.89802
82553,2.84549
82554,3.10445
82555,4.06861
82556,3.77688
82557,3.70836
82558,3.47572
82559,3.22289
82560,3.279
82561,2.67807
82562,2.88372
82563,3.68554
82564,3.91911
82565,3.36471
82566,3.2349
82567,3.9572
82568,3.61266
82569,3.43473
82570,4.79007
82571,2.99209
82572,3.91458
82573,3.51801
82574,3.24842
82575,3.48863
82576,3.01718
82577,2.78658
82578,3.21501
82579,3.35381
82580,3.53519
82581,3.52027
82582,3.34659
82583,3.64834
82584,3.8348
82585,4.06774
82586,4.26526
82587,3.6371
82588,3.46688
82589,4.29472
82590,4.2135
82591,4.7542
82592,4.56174
82593,4.28341
82594,4.00237
82595,5.0
82596,4.63478
82597,4.50284
82598,4.64598
82599,4.07686
82600,3.25275
82601,3.0378
82602,3.40955
82603,4.05116
82604,4.3373
82605,3.45648
82606,3.93956
82607,4.03494
82608,4.94978
82609,4.4395
82610,4.1911
82611,4.81038
82612,4.23029
82613,4.47298
82614,4.72453
82615,3.65469
82616,2.75834
82617,2.80788
82618,3.24302
82619,3.19758
82620,3.6094
82621,3.54657
82622,3.77538
82623,3.39705
82624,3.28883
82625,3.92836
82626,3.61273
82627,2.95435
82628,3.53035
82629,3.01448
82630,3.06448
82631,3.70357
82632,3.68602
82633,4.04124
82634,3.84622
82635,4.1894
82636,2.14147
82637,3.40781
82638,3.67594
82639,4.48886
82640,3.53314
82641,3.82554
82642,3.92722
82643,4.6009
82644,4.78649
82645,3.60357
82646,3.3889
82647,3.72858
82648,4.15004
82649,3.62691
82650,3.85944
82651,4.44498
82652,3.8621
82653,3.98229
82654,3.619
82655,3.55347
82656,4.21902
82657,3.70162
82658,4.81695
82659,4.14448
82660,3.11617
82661,2.89927
82662,4.26998
82663,4.8546
82664,4.35966
82665,4.11142
82666,3.26159
82667,2.53879
82668,4.22099
82669,3.2786
82670,2.5193
82671,4.34257
82672,3.21389
82673,3.27247
82674,4.01467
82675,3.68598
82676,3.35547
82677,3.97265
82678,2.84153
82679,4.10479
82680,3.53559
82681,3.2968
82682,3.1003
82683,2.47448
82684,4.66438
82685,3.55116
82686,4.40514
82687,4.15396
82688,3.36466
82689,3.93918
82690,4.47742
82691,3.04012
82692,3.61849
82693,2.06917
82694,3.7073
82695,4.02258
82696,2.73311
82697,3.00144
82698,2.36953
82699,3.72936
82700,2.02275
82701,4.01581
82702,1.87109
82703,3.06166
82704,2.16693
82705,4.47695
82706,2.5196
82707,1.97004
82708,3.60476
82709,3.53039
82710,2.29714
82711,3.0397
82712,2.9854
82713,2.1416
82714,3.67122
82715,2.91508
82716,2.35832
82717,3.62001
82718,2.14415
82719,3.36294
82720,2.76919
82721,4.04973
82722,4.16421
82723,4.52902
82724,4.80208
82725,4.42157
82726,3.82592
82727,4.05348
82728,4.71704
82729,5.0
82730,5.0
82731,4.53818
82732,4.49282
82733,2.7666
82734,4.68886
82735,4.39934
82736,4.82128
82737,4.24578
82738,5.0
82739,2.82455
82740,3.55155
82741,4.51932
82742,4.20928
82743,3.88636
82744,4.67087
82745,3.98275
82746,3.713
82747,4.74766
82748,3.05831
82749,4.5467
82750,3.9326
82751,4.37422
82752,3.09367
82753,2.32904
82754,4.71483
82755,2.80165
82756,2.5971
82757,3.15144
82758,3.94555
82759,3.20153
82760,2.31748
82761,1.93418
82762,4.28704
82763,4.31413
82764,3.1236
82765,3.10371
82766,3.48913
82767,3.54355
82768,4.20722
82769,2.84227
82770,3.46196
82771,4.05199
82772,3.40418
82773,4.15116
82774,3.82317
82775,3.2495
82776,2.8722
82777,4.41222
82778,3.36542
82779,2.91927
82780,3.95998
82781,2.71247
82782,4.14892
82783,3.13109
82784,3.08107
82785,3.33392
82786,4.3582
82787,3.4568
82788,3.128
82789,3.87796
82790,3.01613
82791,3.16558
82792,3.65045
82793,4.26193
82794,2.96814
82795,3.6531
82796,3.6659
82797,3.34305
82798,3.9276
82799,4.12448
82800,4.4346
82801,4.50191
82802,3.87243
82803,3.6725
82804,4.07553
82805,4.27615
82806,4.12425
82807,3.21792
82808,3.1421
82809,3.82896
82810,3.90495
82811,3.27776
82812,3.92535
82813,4.38093
82814,4.1277
82815,3.01121
82816,3.88559
82817,3.57114
82818,3.74904
82819,3.54088
82820,3.36587
82821,2.66276
82822,2.99921
82823,4.97484
82824,3.88713
82825,2.50159
82826,2.61821
82827,5.0
82828,3.0213
82829,3.89204
82830,4.26993
82831,3.39137
82832,2.23615
82833,2.3458
82834,3.04635
82835,3.17973
82836,1.14626
82837,3.9714
82838,2.91294
82839,3.04989
82840,3.84468
82841,4.19692
82842,3.52097
82843,4.21756
82844,4.16407
82845,1.887
82846,3.75902
82847,4.90308
82848,3.49725
82849,2.87702
82850,2.93369
82851,4.27951
82852,2.76463
82853,5.0
82854,3.0278
82855,3.72116
82856,4.00631
82857,4.50222
82858,4.30508
82859,2.11161
82860,1.47327
82861,4.45176
82862,3.28453
82863,5.0
82864,2.32634
82865,3.09341
82866,4.28222
82867,2.04099
82868,3.35016
82869,3.95999
82870,3.09414
82871,2.9925
82872,2.11625
82873,3.51649
82874,1.73241
82875,3.34319
82876,2.94538
82877,1.61024
82878,4.14538
82879,3.52592
82880,3.23309
82881,4.95775
82882,2.08007
82883,4.20419
82884,1.0
82885,1.99163
82886,3.86947
82887,4.93865
82888,3.29708
82889,4.97555
82890,4.33841
82891,2.50797
82892,1.9045
82893,3.43701
82894,1.62215
82895,4.93
82896,4.394
82897,3.45565
82898,1.66915
82899,4.13467
82900,2.09519
82901,1.98525
82902,3.00914
82903,1.77486
82904,1.0
82905,2.00629
82906,3.06889
82907,2.1074
82908,1.0
82909,2.65643
82910,2.15461
82911,4.78019
82912,2.16455
82913,2.36383
82914,4.39403
82915,3.33943
82916,4.32619
82917,1.93604
82918,2.02027
82919,2.45018
82920,4.10045
82921,2.23349
82922,4.13335
82923,3.74329
82924,3.7557
82925,2.6712
82926,1.6982
82927,1.95965
82928,4.87912
82929,4.17122
82930,3.00848
82931,3.85294
82932,2.70823
82933,2.81447
82934,2.26415
82935,3.40503
82936,3.6365
82937,2.58051
82938,2.28125
82939,3.44834
82940,3.3556
82941,3.47818
82942,3.85604
82943,3.95649
82944,4.0333
82945,4.30698
82946,3.54217
82947,3.50037
82948,3.71539
82949,3.68125
82950,2.887
82951,3.70874
82952,3.69053
82953,3.81989
82954,4.09785
82955,3.58113
82956,4.07744
82957,4.31843
82958,4.03998
82959,4.90388
82960,3.40363
82961,4.45799
82962,3.93654
82963,3.91151
82964,4.15424
82965,3.99466
82966,3.73444
82967,4.10684
82968,4.26541
82969,4.12343
82970,4.22616
82971,4.47196
82972,4.82266
82973,3.98411
82974,4.15612
82975,4.34042
82976,3.67013
82977,3.23829
82978,4.43004
82979,4.40541
82980,3.98648
82981,3.02655
82982,4.28755
82983,3.74235
82984,4.25759
82985,4.02461
82986,4.15097
82987,5.0
82988,4.89585
82989,4.70648
82990,3.1094
82991,4.72453
82992,4.09867
82993,3.43098
82994,3.49979
82995,4.58695
82996,3.48529
82997,4.01255
82998,3.97635
82999,3.58347
83000,3.87333
83001,4.03855
83002,4.312
83003,3.37865
83004,3.48175
83005,2.75803
83006,3.67006
83007,3.90323
83008,2.90016
83009,3.58398
83010,3.14625
83011,3.0711
83012,2.9128
83013,3.61109
83014,3.67377
83015,3.68769
83016,4.17875
83017,3.43502
83018,3.42253
83019,2.64812
83020,3.62034
83021,3.42386
83022,3.96737
83023,3.30423
83024,3.27437
83025,4.52376
83026,3.80293
83027,3.24688
83028,4.05393
83029,3.33663
83030,3.47388
83031,4.09453
83032,4.01079
83033,3.4642
83034,3.2804
83035,4.0943
83036,3.78182
83037,3.76337
83038,3.82727
83039,3.64917
83040,3.87417
83041,4.48391
83042,4.26113
83043,3.59306
83044,3.93256
83045,3.73619
83046,1.9574
83047,3.40404
83048,4.03042
83049,4.44183
83050,3.82393
83051,3.77276
83052,3.10704
83053,3.98915
83054,4.37217
83055,4.22421
83056,4.06328
83057,3.85185
83058,4.32885
83059,4.44575
83060,2.53418
83061,4.48316
83062,4.00163
83063,4.19279
83064,3.07749
83065,2.38418
83066,3.73707
83067,4.30291
83068,3.24716
83069,4.07709
83070,4.38722
83071,2.77215
83072,3.48545
83073,3.74797
83074,3.98768
83075,2.63962
83076,4.26839
83077,3.06454
83078,5.0
83079,4.76099
83080,4.33118
83081,5.0
83082,3.74243
83083,5.0
83084,3.90181
83085,4.9639
83086,4.31189
83087,2.76441
83088,3.0612
83089,3.89395
83090,3.40396
83091,3.71053
83092,3.16636
83093,3.71302
83094,3.60241
83095,3.8949
83096,3.40497
83097,3.43653
83098,3.72794
83099,4.00741
83100,3.34155
83101,2.94367
83102,3.73284
83103,3.49362
83104,3.72208
83105,3.93482
83106,3.63584
83107,3.33242
83108,3.75486
83109,3.06801
83110,3.48658
83111,3.26302
83112,3.19957
83113,3.83877
83114,2.68484
83115,3.71847
83116,3.04469
83117,3.5477
83118,3.04708
83119,3.26502
83120,3.23249
83121,3.18159
83122,3.61979
83123,3.90049
83124,4.03363
83125,1.42992
83126,4.24646
83127,4.26653
83128,2.81036
83129,3.2394
83130,2.00142
83131,4.18265
83132,3.75576
83133,4.05021
83134,5.0
83135,4.56529
83136,4.12196
83137,4.28941
83138,4.86196
83139,4.18169
83140,4.27945
83141,1.3212
83142,4.4517
83143,2.48405
83144,2.77264
83145,4.10506
83146,4.36508
83147,4.15621
83148,4.77782
83149,4.3465
83150,3.81999
83151,4.38462
83152,3.64449
83153,4.18702
83154,3.58436
83155,4.67003
83156,5.0
83157,4.27004
83158,4.02205
83159,4.14684
83160,4.56308
83161,3.30919
83162,3.41606
83163,4.29856
83164,4.09855
83165,5.0
83166,4.97714
83167,4.80503
83168,4.81968
83169,3.77083
83170,4.07308
83171,2.90942
83172,2.78039
83173,3.95173
83174,4.10395
83175,4.46832
83176,3.82729
83177,4.51142
83178,4.07019
83179,4.41796
83180,4.35044
83181,4.514
83182,4.45502
83183,3.94917
83184,4.4839
83185,3.76156
83186,3.87128
83187,4.34005
83188,4.18737
83189,3.55279
83190,4.03535
83191,3.39906
83192,3.8802
83193,4.2102
83194,5.0
83195,3.28293
83196,4.1362
83197,4.39355
83198,3.98095
83199,4.09509
83200,4.05389
83201,3.17041
83202,4.18686
83203,4.00007
83204,4.15919
83205,4.5888
83206,3.90571
83207,4.21938
83208,3.03259
83209,3.19864
83210,4.11159
83211,2.89297
83212,3.34687
83213,2.56327
83214,3.57439
83215,3.2371
83216,3.24912
83217,3.2802
83218,3.42479
83219,3.60362
83220,3.03275
83221,3.74621
83222,4.03481
83223,3.189
83224,3.02272
83225,3.50157
83226,3.41431
83227,3.51175
83228,3.16872
83229,3.99382
83230,2.73371
83231,3.60911
83232,4.23509
83233,3.6858
83234,3.32219
83235,5.0
83236,3.8499
83237,4.68676
83238,4.40715
83239,1.94888
83240,5.0
83241,3.2104
83242,3.46884
83243,3.18884
83244,3.52127
83245,3.39046
83246,3.65063
83247,3.65532
83248,2.75931
83249,2.6945
83250,3.58331
83251,3.61774
83252,2.5133
83253,2.56326
83254,3.33011
83255,3.53333
83256,3.70776
83257,3.91758
83258,3.52185
83259,3.29495
83260,3.35815
83261,3.43241
83262,3.25543
83263,3.78341
83264,3.45812
83265,3.40335
83266,3.18925
83267,3.29245
83268,3.65487
83269,3.27865
83270,3.29434
83271,2.37072
83272,2.05646
83273,3.77318
83274,2.95925
83275,2.67745
83276,3.57104
83277,2.53366
83278,3.65929
83279,3.08688
83280,2.46226
83281,3.23335
83282,3.97531
83283,3.70163
83284,3.12442
83285,4.55602
83286,5.0
83287,4.44492
83288,4.96203
83289,4.13353
83290,5.0
83291,4.99546
83292,3.35898
83293,4.31894
83294,3.73021
83295,2.69449
83296,3.34755
83297,4.39159
83298,2.31315
83299,4.97112
83300,4.21895
83301,4.54171
83302,4.35364
83303,4.1489
83304,4.42693
83305,2.2745
83306,2.21656
83307,5.0
83308,3.37753
83309,4.39823
83310,4.07253
83311,4.04885
83312,3.40147
83313,5.0
83314,1.89203
83315,3.59421
83316,4.64609
83317,1.70624
83318,3.42421
83319,5.0
83320,3.98714
83321,1.99344
83322,4.82677
83323,4.27572
83324,3.51483
83325,3.46376
83326,4.07464
83327,4.06239
83328,3.32759
83329,4.17081
83330,4.40544
83331,4.03972
83332,3.55523
83333,3.78827
83334,4.54396
83335,3.62422
83336,3.56462
83337,4.16841
83338,3.88394
83339,4.63485
83340,3.39592
83341,4.4782
83342,3.50917
83343,3.08473
83344,3.84728
83345,3.84569
83346,4.022
83347,3.71096
83348,4.49367
83349,3.01673
83350,4.11081
83351,3.96011
83352,3.79807
83353,4.28873
83354,3.8911
83355,3.84946
83356,4.11653
83357,3.4657
83358,4.1325
83359,4.34445
83360,3.84205
83361,3.29614
83362,3.76318
83363,4.08419
83364,2.92252
83365,3.44835
83366,3.81373
83367,4.09313
83368,3.37991
83369,4.26361
83370,4.08395
83371,2.71175
83372,4.0054
83373,3.63822
83374,3.3957
83375,4.19127
83376,3.71416
83377,4.38119
83378,4.47752
83379,3.43313
83380,3.47846
83381,2.19488
83382,4.66892
83383,3.93783
83384,3.31459
83385,3.76783
83386,4.04919
83387,4.22894
83388,4.77153
83389,4.59626
83390,3.70758
83391,3.70493
83392,3.24479
83393,2.95167
83394,3.15404
83395,2.57903
83396,3.98948
83397,4.11799
83398,4.22252
83399,2.72261
83400,3.1598
83401,1.68412
83402,4.19212
83403,4.25666
83404,3.98163
83405,4.26647
83406,4.16836
83407,3.13994
83408,4.59417
83409,3.51029
83410,4.3619
83411,4.1997
83412,4.14688
83413,3.69609
83414,2.48723
83415,4.13241
83416,4.06749
83417,4.00386
83418,4.13574
83419,3.71591
83420,4.48987
83421,3.86802
83422,3.92221
83423,4.45198
83424,5.0
83425,4.24739
83426,3.86426
83427,4.44119
83428,3.71196
83429,5.0
83430,4.19621
83431,4.08473
83432,4.47927
83433,4.76887
83434,5.0
83435,3.5856
83436,3.95834
83437,3.48055
83438,4.39982
83439,4.22062
83440,3.57186
83441,4.5106
83442,4.14823
83443,3.66162
83444,3.61711
83445,4.05375
83446,4.57159
83447,3.83695
83448,4.30988
83449,3.57998
83450,4.23945
83451,4.45612
83452,2.31944
83453,4.18508
83454,3.3428
83455,4.11865
83456,3.44793
83457,3.65604
83458,4.10451
83459,3.32666
83460,4.73424
83461,2.85172
83462,3.62211
83463,4.68379
83464,4.81929
83465,3.25994
83466,3.46325
83467,2.98203
83468,1.0
83469,2.54672
83470,5.0
83471,1.05103
83472,2.07426
83473,3.1285
83474,3.00329
83475,4.52823
83476,2.87624
83477,3.2342
83478,2.74854
83479,4.59898
83480,3.92592
83481,4.08289
83482,4.21321
83483,4.32839
83484,4.26752
83485,4.28539
83486,2.83935
83487,4.12603
83488,3.9051
83489,2.87863
83490,2.86156
83491,3.33996
83492,4.05334
83493,3.89797
83494,4.20346
83495,4.27933
83496,4.45861
83497,4.24768
83498,2.86538
83499,3.85324
83500,3.68198
83501,4.42459
83502,3.76993
83503,4.17071
83504,4.4988
83505,4.30143
83506,4.07384
83507,4.22666
83508,1.75262
83509,2.91686
83510,2.48167
83511,3.55397
83512,4.12522
83513,3.74974
83514,4.39427
83515,3.95212
83516,3.66429
83517,2.2595
83518,4.07212
83519,2.68758
83520,2.7519
83521,2.31396
83522,2.87681
83523,3.60057
83524,3.79511
83525,4.10869
83526,3.7669
83527,3.17769
83528,3.89667
83529,4.86904
83530,3.73874
83531,3.95944
83532,3.3564
83533,4.25789
83534,4.60304
83535,4.40071
83536,3.82742
83537,4.90443
83538,1.24245
83539,3.74263
83540,2.17839
83541,3.22659
83542,3.65036
83543,1.66434
83544,3.7101
83545,4.97584
83546,5.0
83547,3.27185
83548,4.31947
83549,2.5183
83550,1.95863
83551,2.03877
83552,3.02622
83553,2.83301
83554,4.44876
83555,4.49024
83556,5.0
83557,4.28833
83558,3.23632
83559,3.72369
83560,1.50701
83561,3.85359
83562,4.49373
83563,3.62702
83564,3.32924
83565,2.45771
83566,3.5581
83567,2.29525
83568,2.84871
83569,4.23671
83570,3.99711
83571,4.11307
83572,4.09453
83573,4.45475
83574,4.02402
83575,4.19588
83576,3.95048
83577,3.99081
83578,3.89242
83579,3.9097
83580,3.98473
83581,4.34548
83582,4.38168
83583,4.42769
83584,3.34008
83585,4.21009
83586,4.51952
83587,3.96919
83588,4.34068
83589,3.03801
83590,3.31893
83591,4.27104
83592,2.82468
83593,2.20865
83594,3.9137
83595,4.03771
83596,3.75959
83597,1.28159
83598,3.33066
83599,2.01965
83600,2.61335
83601,1.24124
83602,2.10365
83603,2.1141
83604,1.42746
83605,2.8745
83606,3.32178
83607,4.30077
83608,2.02361
83609,3.65548
83610,2.98194
83611,3.99426
83612,3.62938
83613,2.58491
83614,3.66425
83615,3.50457
83616,2.27938
83617,3.53922
83618,2.31997
83619,2.82764
83620,2.63956
83621,3.06084
83622,4.1888
83623,2.58287
83624,3.07055
83625,3.45883
83626,2.14203
83627,3.86287
83628,1.81257
83629,3.92209
83630,3.58387
83631,4.28686
83632,4.3978
83633,3.66486
83634,1.92363
83635,3.5195
83636,4.3074
83637,3.43011
83638,1.52646
83639,3.35574
83640,1.61648
83641,3.42038
83642,2.45016
83643,2.66259
83644,3.99447
83645,2.02455
83646,3.35729
83647,2.76747
83648,3.0162
83649,1.56327
83650,4.11544
83651,3.81836
83652,1.76861
83653,3.57854
83654,2.941
83655,3.95634
83656,1.0
83657,1.14426
83658,1.84766
83659,1.32553
83660,3.10286
83661,2.25923
83662,4.25129
83663,3.2273
83664,2.16841
83665,2.47549
83666,1.44757
83667,3.82711
83668,3.37568
83669,3.32824
83670,1.3951
83671,3.8817
83672,3.16162
83673,2.22512
83674,2.42685
83675,2.43674
83676,3.03589
83677,3.6729
83678,3.58625
83679,3.497
83680,3.79874
83681,2.22837
83682,4.20045
83683,3.07663
83684,3.62569
83685,3.95172
83686,3.36585
83687,3.55069
83688,5.0
83689,4.07529
83690,3.04258
83691,3.7031
83692,1.61225
83693,1.91397
83694,3.38834
83695,2.98304
83696,4.14462
83697,2.42132
83698,1.23978
83699,3.65376
83700,2.8039
83701,3.77101
83702,4.12409
83703,4.29346
83704,4.60062
83705,3.74737
83706,3.97585
83707,4.43127
83708,4.78955
83709,4.09788
83710,3.26742
83711,4.26598
83712,2.95836
83713,4.45297
83714,4.95218
83715,3.85433
83716,5.0
83717,4.58335
83718,4.46079
83719,3.2839
83720,4.803
83721,2.76502
83722,3.43135
83723,3.59166
83724,4.47434
83725,3.2623
83726,4.23813
83727,4.04537
83728,4.2785
83729,3.0908
83730,3.90832
83731,3.61915
83732,2.01421
83733,3.27663
83734,4.32736
83735,3.38625
83736,3.00065
83737,4.26213
83738,3.48758
83739,3.21493
83740,4.0008
83741,3.9251
83742,3.09493
83743,4.09066
83744,3.97928
83745,3.97654
83746,2.4942
83747,4.34425
83748,4.01317
83749,3.70942
83750,3.17323
83751,3.92767
83752,3.65728
83753,3.94743
83754,2.62338
83755,3.70412
83756,3.24498
83757,3.90531
83758,4.56145
83759,3.92339
83760,2.76698
83761,2.54978
83762,3.36828
83763,4.07515
83764,3.51057
83765,4.55964
83766,3.25484
83767,3.49189
83768,4.40028
83769,3.85125
83770,4.37805
83771,4.31611
83772,4.10856
83773,2.46748
83774,4.201
83775,3.92982
83776,4.68844
83777,3.92175
83778,4.05468
83779,4.78932
83780,4.32201
83781,3.57813
83782,4.15317
83783,1.97925
83784,1.661
83785,3.53064
83786,4.66449
83787,4.35888
83788,3.29779
83789,1.42256
83790,4.33843
83791,4.79741
83792,1.51719
83793,4.13102
83794,3.89388
83795,4.15454
83796,3.18492
83797,2.76263
83798,1.31739
83799,2.09206
83800,2.02704
83801,2.25605
83802,1.0
83803,2.69051
83804,3.00801
83805,2.92777
83806,3.35629
83807,2.45729
83808,1.33159
83809,2.51738
83810,2.59546
83811,2.46645
83812,1.97877
83813,1.82861
83814,2.53964
83815,2.89625
83816,3.18906
83817,2.33161
83818,1.00964
83819,1.81616
83820,1.73525
83821,1.83747
83822,1.92792
83823,2.53128
83824,2.93424
83825,3.07947
83826,1.37359
83827,2.27294
83828,1.26376
83829,2.10548
83830,2.28114
83831,3.3762
83832,4.38223
83833,4.06441
83834,3.08564
83835,3.85341
83836,2.25945
83837,4.1491
83838,3.30633
83839,3.55273
83840,3.52242
83841,3.33621
83842,3.43653
83843,3.6978
83844,4.47036
83845,4.68884
83846,2.87808
83847,3.93084
83848,3.88884
83849,4.1574
83850,4.12362
83851,4.20632
83852,4.11272
83853,4.68807
83854,5.0
83855,3.5601
83856,3.66099
83857,4.41373
83858,3.58444
83859,1.84339
83860,3.47687
83861,3.46259
83862,3.93013
83863,4.29412
83864,3.9691
83865,4.01307
83866,3.72299
83867,3.69461
83868,3.79234
83869,4.09917
83870,3.4874
83871,3.42768
83872,4.23623
83873,3.53234
83874,3.36466
83875,3.95995
83876,2.70501
83877,3.96159
83878,2.916
83879,3.33789
83880,3.04884
83881,3.14656
83882,3.65878
83883,3.75896
83884,3.00554
83885,3.66164
83886,2.43342
83887,2.98575
83888,3.8753
83889,3.60798
83890,3.6474
83891,4.96245
83892,5.0
83893,4.41875
83894,4.60752
83895,3.4625
83896,3.86971
83897,2.99084
83898,2.93957
83899,3.50307
83900,4.17789
83901,4.40571
83902,3.88343
83903,3.73502
83904,4.78703
83905,4.40674
83906,4.57965
83907,4.41659
83908,2.0035
83909,4.08476
83910,2.82973
83911,3.4093
83912,3.76449
83913,4.29
83914,2.27155
83915,3.78814
83916,4.81332
83917,2.7925
83918,3.44909
83919,3.80331
83920,2.99007
83921,3.49814
83922,2.88413
83923,2.76619
83924,4.26419
83925,4.95195
83926,2.22252
83927,2.7484
83928,4.16889
83929,2.21577
83930,3.39113
83931,3.24419
83932,2.82388
83933,3.20247
83934,3.60465
83935,2.91824
83936,3.20608
83937,2.87125
83938,3.2027
83939,3.74253
83940,3.98325
83941,3.87626
83942,3.41522
83943,4.60308
83944,3.02346
83945,2.88138
83946,4.82247
83947,3.79853
83948,4.36336
83949,4.22811
83950,4.59369
83951,1.77331
83952,4.95344
83953,3.84635
83954,4.5535
83955,4.36178
83956,4.16408
83957,4.76351
83958,4.61177
83959,5.0
83960,3.78548
83961,2.94743
83962,3.00944
83963,4.08725
83964,2.52468
83965,1.90233
83966,4.21636
83967,3.61315
83968,2.91514
83969,3.68677
83970,3.25941
83971,4.58061
83972,2.92231
83973,4.7719
83974,3.08729
83975,4.39706
83976,4.12539
83977,3.14056
83978,4.09207
83979,4.35365
83980,2.95645
83981,3.3957
83982,2.59516
83983,3.55708
83984,3.401
83985,4.04475
83986,3.77277
83987,2.80544
83988,2.53872
83989,3.45015
83990,2.95098
83991,3.01369
83992,4.36024
83993,3.86558
83994,2.35695
83995,2.83458
83996,4.38675
83997,4.02507
83998,4.69292
83999,4.57426
84000,4.05405
84001,3.24682
84002,3.20817
84003,2.19344
84004,3.81857
84005,3.99731
84006,1.49774
84007,4.47499
84008,3.87979
84009,3.35546
84010,3.9873
84011,3.25481
84012,4.28474
84013,4.36722
84014,4.03298
84015,4.80311
84016,2.98801
84017,3.70557
84018,3.08681
84019,2.38206
84020,4.88968
84021,2.07558
84022,4.08277
84023,4.47418
84024,1.20443
84025,1.53006
84026,4.49062
84027,3.19026
84028,3.25164
84029,4.0919
84030,4.4991
84031,4.12528
84032,4.10543
84033,5.0
84034,4.25296
84035,4.8883
84036,5.0
84037,4.334
84038,5.0
84039,4.45868
84040,4.54488
84041,4.29832
84042,3.9987
84043,4.1697
84044,4.22177
84045,3.70739
84046,3.59939
84047,4.14167
84048,4.1982
84049,4.10142
84050,4.01034
84051,3.55563
84052,3.82229
84053,4.42102
84054,3.42665
84055,4.02696
84056,4.40132
84057,4.04624
84058,4.47474
84059,4.19745
84060,4.25007
84061,4.61503
84062,3.12187
84063,4.17048
84064,3.79853
84065,4.3149
84066,3.73067
84067,3.21436
84068,1.68838
84069,3.55731
84070,2.80633
84071,2.93225
84072,4.31326
84073,3.60516
84074,4.83094
84075,4.07661
84076,4.20874
84077,4.06505
84078,3.65671
84079,4.01139
84080,3.15136
84081,3.50299
84082,4.22821
84083,3.55341
84084,4.43911
84085,3.15715
84086,3.32148
84087,3.92844
84088,2.71448
84089,4.53625
84090,4.19719
84091,4.22481
84092,3.67594
84093,4.57235
84094,3.46561
84095,3.47025
84096,4.40979
84097,4.05083
84098,4.33209
84099,4.14956
84100,3.69887
84101,3.6366
84102,2.82939
84103,3.45138
84104,2.85858
84105,3.3986
84106,3.15356
84107,2.99473
84108,2.85292
84109,3.30803
84110,3.84961
84111,3.32106
84112,4.01472
84113,3.03183
84114,3.76322
84115,2.78683
84116,3.29879
84117,2.98912
84118,3.31248
84119,2.90895
84120,3.00501
84121,3.43702
84122,3.45541
84123,3.69226
84124,3.84677
84125,3.29657
84126,3.4635
84127,3.39407
84128,2.54361
84129,1.90822
84130,3.06211
84131,3.50375
84132,2.68372
84133,2.89142
84134,4.04738
84135,4.14788
84136,3.40431
84137,3.38576
84138,3.08805
84139,3.26296
84140,3.62642
84141,2.90841
84142,2.80106
84143,2.86249
84144,3.72362
84145,3.06934
84146,3.46927
84147,4.08794
84148,3.31143
84149,4.06826
84150,3.43543
84151,3.27498
84152,2.99465
84153,2.71625
84154,3.52732
84155,3.5762
84156,2.50691
84157,3.08818
84158,2.97452
84159,3.43062
84160,3.42104
84161,3.24974
84162,2.58377
84163,3.31713
84164,3.15906
84165,3.49417
84166,4.46501
84167,2.06801
84168,4.72082
84169,2.73788
84170,4.58576
84171,4.9861
84172,4.6094
84173,5.0
84174,4.32178
84175,5.0
84176,4.00745
84177,4.47145
84178,4.79052
84179,4.12177
84180,4.68377
84181,4.75957
84182,4.45417
84183,4.6663
84184,4.92689
84185,4.8285
84186,4.77181
84187,4.57551
84188,4.16775
84189,4.34578
84190,4.00569
84191,3.1728
84192,4.31346
84193,4.17123
84194,1.6452
84195,3.4827
84196,2.22348
84197,4.41445
84198,4.51632
84199,4.99794
84200,2.58546
84201,3.66758
84202,3.58049
84203,4.15486
84204,3.89795
84205,3.84092
84206,3.81271
84207,5.0
84208,3.34198
84209,3.56395
84210,2.38537
84211,3.5467
84212,5.0
84213,3.03738
84214,4.00142
84215,3.97098
84216,4.2402
84217,4.08302
84218,4.44211
84219,4.35597
84220,2.19363
84221,3.51185
84222,3.42753
84223,3.35028
84224,2.18888
84225,3.6675
84226,3.90112
84227,5.0
84228,2.83218
84229,4.3635
84230,2.36128
84231,2.1141
84232,2.99689
84233,3.59978
84234,4.01612
84235,5.0
84236,2.77742
84237,2.5822
84238,2.36218
84239,3.08294
84240,3.86543
84241,2.19279
84242,3.19103
84243,4.04352
84244,3.36926
84245,4.42496
84246,3.61653
84247,4.28432
84248,4.50942
84249,4.19401
84250,3.49676
84251,4.36243
84252,4.15668
84253,3.52453
84254,3.26329
84255,4.88675
84256,4.37522
84257,4.38342
84258,3.94114
84259,4.51507
84260,3.90028
84261,4.08236
84262,4.70085
84263,4.86847
84264,4.42608
84265,3.61453
84266,3.94576
84267,4.63884
84268,4.63005
84269,3.03505
84270,3.96466
84271,4.31197
84272,3.98791
84273,3.7899
84274,4.73826
84275,3.45749
84276,3.96402
84277,3.47012
84278,2.15439
84279,3.34972
84280,3.43883
84281,3.79532
84282,4.22681
84283,4.03282
84284,3.51142
84285,4.05206
84286,2.87523
84287,4.25433
84288,3.10117
84289,2.745
84290,4.05531
84291,4.15838
84292,3.31792
84293,3.79743
84294,4.22801
84295,4.34609
84296,3.81833
84297,1.70833
84298,3.71076
84299,3.07546
84300,5.0
84301,3.90201
84302,4.41726
84303,4.36022
84304,3.83393
84305,3.98397
84306,3.3626
84307,3.73465
84308,4.89578
84309,4.12575
84310,3.0269
84311,4.09309
84312,3.01131
84313,3.7624
84314,2.87534
84315,4.41897
84316,3.05538
84317,4.2523
84318,2.27179
84319,4.23696
84320,2.80991
84321,3.48719
84322,3.92691
84323,4.06392
84324,3.33542
84325,2.76428
84326,4.05017
84327,2.52248
84328,3.82975
84329,4.14474
84330,3.84796
84331,2.67299
84332,4.42398
84333,4.36864
84334,3.91785
84335,3.58145
84336,3.75795
84337,4.35462
84338,3.55683
84339,2.38785
84340,3.93361
84341,2.92088
84342,3.68268
84343,2.12041
84344,2.6403
84345,4.35989
84346,2.50935
84347,4.24927
84348,3.64466
84349,1.32173
84350,3.73471
84351,3.58652
84352,3.60646
84353,3.65852
84354,1.92183
84355,3.97471
84356,4.41345
84357,4.32202
84358,4.36729
84359,4.23042
84360,4.94545
84361,4.10282
84362,3.74308
84363,3.07977
84364,4.06633
84365,2.79883
84366,3.83127
84367,5.0
84368,3.21683
84369,4.19914
84370,4.5619
84371,5.0
84372,3.50968
84373,4.19049
84374,4.55967
84375,2.68737
84376,3.54739
84377,3.81111
84378,3.54177
84379,4.74134
84380,2.91609
84381,1.8313
84382,3.47426
84383,2.93263
84384,3.41208
84385,3.82964
84386,3.176
84387,2.46038
84388,5.0
84389,3.04797
84390,3.65373
84391,2.81893
84392,3.19709
84393,3.3387
84394,3.90778
84395,3.46941
84396,4.23621
84397,4.18773
84398,3.72084
84399,2.77402
84400,3.04236
84401,3.87081
84402,3.04882
84403,4.3403
84404,2.77017
84405,4.423
84406,3.4989
84407,4.36008
84408,3.9251
84409,3.35353
84410,4.54722
84411,2.80061
84412,3.73442
84413,3.96706
84414,3.47572
84415,3.19924
84416,4.32444
84417,3.68687
84418,3.74948
84419,3.25205
84420,3.29133
84421,3.69186
84422,3.141
84423,3.30029
84424,3.39218
84425,2.47163
84426,2.66654
84427,2.4054
84428,4.17928
84429,3.94255
84430,3.10713
84431,3.23332
84432,3.33795
84433,4.16838
84434,3.95699
84435,4.12634
84436,2.34152
84437,3.77346
84438,4.04091
84439,3.37233
84440,3.98428
84441,4.07228
84442,3.25521
84443,2.54372
84444,2.95367
84445,3.23875
84446,3.97047
84447,3.55873
84448,3.03544
84449,3.17198
84450,5.0
84451,1.26778
84452,4.57004
84453,4.45034
84454,3.91961
84455,3.57629
84456,5.0
84457,3.34466
84458,3.9108
84459,4.41557
84460,2.97645
84461,3.19548
84462,3.9231
84463,1.89705
84464,2.18185
84465,3.24617
84466,3.5549
84467,3.96554
84468,3.8407
84469,3.73992
84470,4.46837
84471,3.58585
84472,3.76367
84473,2.80832
84474,3.00151
84475,3.01935
84476,4.18931
84477,4.29073
84478,2.92935
84479,3.93899
84480,1.95835
84481,2.899
84482,3.29418
84483,3.29933
84484,3.60093
84485,3.39365
84486,3.83375
84487,3.89249
84488,3.69553
84489,4.28156
84490,4.22207
84491,3.74959
84492,3.72096
84493,2.78319
84494,2.76176
84495,3.75535
84496,4.3096
84497,3.74369
84498,3.83898
84499,3.46662
84500,2.95423
84501,2.76605
84502,3.72993
84503,3.31797
84504,2.36412
84505,3.7385
84506,3.83844
84507,3.41826
84508,3.65368
84509,3.78541
84510,4.08798
84511,4.99354
84512,4.65514
84513,2.76045
84514,2.60942
84515,4.27856
84516,3.20803
84517,3.78615
84518,4.4477
84519,4.15504
84520,5.0
84521,3.73936
84522,3.23214
84523,3.88285
84524,3.96749
84525,4.69511
84526,3.28511
84527,3.61706
84528,3.93191
84529,4.35181
84530,4.37254
84531,3.18962
84532,4.22425
84533,3.89821
84534,3.70754
84535,3.77579
84536,3.78815
84537,3.83852
84538,3.77921
84539,2.57532
84540,4.03969
84541,3.86913
84542,3.76766
84543,2.92421
84544,4.11613
84545,3.89168
84546,4.1803
84547,4.20817
84548,2.95169
84549,4.25594
84550,2.98211
84551,4.25027
84552,3.56836
84553,4.12627
84554,3.15479
84555,3.22895
84556,4.04191
84557,2.98508
84558,3.26048
84559,4.09114
84560,3.60266
84561,3.88291
84562,3.88268
84563,4.27136
84564,2.95566
84565,3.5221
84566,3.88144
84567,3.00088
84568,4.87334
84569,3.60856
84570,4.43389
84571,3.26473
84572,3.04805
84573,3.97586
84574,3.64584
84575,3.39133
84576,4.7212
84577,3.48203
84578,2.84997
84579,2.84998
84580,3.91616
84581,3.73419
84582,3.15811
84583,4.37385
84584,3.17314
84585,4.43025
84586,4.74678
84587,3.48378
84588,2.98003
84589,3.32799
84590,2.3683
84591,1.58691
84592,1.59938
84593,2.22922
84594,4.06576
84595,1.36422
84596,2.7186
84597,3.67216
84598,2.4281
84599,3.21079
84600,3.69008
84601,3.92128
84602,3.6054
84603,3.03537
84604,4.15305
84605,2.9408
84606,3.60363
84607,3.88986
84608,2.89939
84609,3.66484
84610,2.03168
84611,1.92114
84612,2.85838
84613,2.5506
84614,2.2523
84615,3.15333
84616,2.72902
84617,3.68635
84618,4.47354
84619,4.20524
84620,4.29086
84621,4.40508
84622,4.14585
84623,4.78008
84624,4.18282
84625,4.70835
84626,4.30937
84627,4.93054
84628,4.8524
84629,5.0
84630,4.06039
84631,4.82038
84632,2.76321
84633,3.94951
84634,4.384
84635,3.61421
84636,4.50904
84637,4.14712
84638,3.97691
84639,3.65939
84640,4.89305
84641,3.3625
84642,4.21183
84643,4.36192
84644,4.1855
84645,3.5883
84646,4.60994
84647,4.13696
84648,4.32618
84649,3.93216
84650,2.00055
84651,3.10839
84652,3.67403
84653,4.16448
84654,3.5683
84655,3.37999
84656,3.79454
84657,2.94466
84658,3.54578
84659,4.00291
84660,2.97964
84661,2.755
84662,3.88904
84663,4.0822
84664,4.52547
84665,3.70199
84666,3.30246
84667,2.53583
84668,2.26936
84669,4.33668
84670,3.27959
84671,4.34487
84672,4.22271
84673,3.56781
84674,3.08431
84675,2.63713
84676,3.00137
84677,4.25076
84678,4.16379
84679,4.48346
84680,4.68561
84681,3.5834
84682,2.20075
84683,2.74066
84684,4.6569
84685,4.43137
84686,4.85056
84687,4.57221
84688,3.8844
84689,2.34088
84690,3.65827
84691,3.70083
84692,4.59464
84693,4.51218
84694,4.68918
84695,3.94172
84696,4.33837
84697,4.10625
84698,4.85646
84699,4.60535
84700,4.4244
84701,4.35609
84702,4.1029
84703,4.82017
84704,4.56438
84705,4.6193
84706,4.28586
84707,4.17043
84708,3.14175
84709,4.23412
84710,4.47597
84711,3.69369
84712,4.23971
84713,4.72078
84714,4.36658
84715,4.78742
84716,4.83959
84717,3.42573
84718,4.21196
84719,4.45351
84720,4.04921
84721,3.44027
84722,4.66612
84723,3.7899
84724,4.31651
84725,4.1256
84726,3.55521
84727,4.40541
84728,3.37681
84729,3.44802
84730,3.83365
84731,4.29531
84732,3.75374
84733,4.10614
84734,4.54059
84735,2.9085
84736,4.23369
84737,3.65719
84738,4.27713
84739,2.90945
84740,4.08575
84741,4.88695
84742,4.02713
84743,2.20672
84744,3.35798
84745,4.47658
84746,3.01216
84747,3.08659
84748,4.34963
84749,3.33057
84750,4.66359
84751,4.22589
84752,2.39663
84753,3.56988
84754,2.81995
84755,3.48672
84756,3.50792
84757,4.20181
84758,2.85978
84759,4.78227
84760,2.71987
84761,3.93234
84762,3.11427
84763,3.29823
84764,4.34084
84765,4.56059
84766,4.2528
84767,3.64391
84768,4.04057
84769,3.99866
84770,4.23471
84771,4.60166
84772,3.40515
84773,3.80565
84774,2.97246
84775,2.92937
84776,3.91114
84777,4.69259
84778,4.50685
84779,4.99761
84780,5.0
84781,4.39035
84782,4.45546
84783,3.20482
84784,4.96736
84785,2.21234
84786,4.90567
84787,2.57587
84788,3.34222
84789,3.68763
84790,2.97745
84791,3.22129
84792,2.9143
84793,2.59857
84794,2.61055
84795,5.0
84796,2.37243
84797,4.23537
84798,5.0
84799,4.77904
84800,3.57736
84801,4.33299
84802,3.91377
84803,3.39088
84804,3.97856
84805,3.37433
84806,5.0
84807,2.03406
84808,4.23741
84809,1.03773
84810,4.52402
84811,4.9277
84812,2.34611
84813,4.2767
84814,3.97747
84815,4.72132
84816,4.27345
84817,4.56932
84818,3.85929
84819,2.16392
84820,4.41283
84821,4.00098
84822,4.48115
84823,4.33238
84824,3.67257
84825,3.67266
84826,2.84381
84827,2.98232
84828,3.31492
84829,2.99789
84830,1.21014
84831,1.68594
84832,1.95771
84833,2.7551
84834,2.84279
84835,2.70358
84836,3.11464
84837,3.40999
84838,3.89097
84839,3.10714
84840,3.56649
84841,2.32912
84842,3.50927
84843,2.75983
84844,3.23969
84845,2.3604
84846,3.76057
84847,2.41058
84848,3.1658
84849,4.32578
84850,4.0168
84851,3.3592
84852,3.92137
84853,3.91647
84854,4.32261
84855,4.09332
84856,4.04396
84857,4.05211
84858,4.46167
84859,5.0
84860,4.72831
84861,2.94916
84862,3.50368
84863,3.75414
84864,3.46406
84865,3.9929
84866,3.66728
84867,3.34105
84868,3.32183
84869,4.73071
84870,4.5115
84871,4.0752
84872,4.94487
84873,2.05411
84874,3.51213
84875,4.48812
84876,3.385
84877,4.86273
84878,4.2142
84879,3.93078
84880,2.56677
84881,4.33409
84882,4.64178
84883,4.88322
84884,3.33209
84885,5.0
84886,4.76843
84887,4.4249
84888,4.30958
84889,3.09843
84890,4.79071
84891,3.62182
84892,4.19779
84893,4.28531
84894,4.3677
84895,4.24034
84896,4.46721
84897,4.70068
84898,3.8819
84899,4.44588
84900,5.0
84901,4.89128
84902,5.0
84903,4.41853
84904,4.62565
84905,4.87013
84906,3.76684
84907,4.31785
84908,4.73289
84909,5.0
84910,3.26468
84911,3.79541
84912,4.84898
84913,4.64956
84914,4.59894
84915,4.38879
84916,4.35793
84917,4.406
84918,4.48074
84919,4.72206
84920,2.55803
84921,4.32312
84922,4.37821
84923,4.62331
84924,4.99679
84925,4.50235
84926,3.77755
84927,2.98712
84928,2.7205
84929,4.68644
84930,4.42833
84931,3.69916
84932,4.90683
84933,3.69847
84934,4.59008
84935,4.29396
84936,4.43014
84937,3.05979
84938,4.74098
84939,2.65496
84940,4.64079
84941,4.26652
84942,4.35202
84943,3.31115
84944,5.0
84945,4.35495
84946,2.43455
84947,4.93698
84948,4.30839
84949,3.72575
84950,4.90417
84951,3.79278
84952,2.87493
84953,2.02424
84954,2.34703
84955,1.84526
84956,2.74257
84957,4.49454
84958,4.49449
84959,4.84607
84960,4.42338
84961,4.17498
84962,4.30415
84963,5.0
84964,4.68856
84965,5.0
84966,3.87906
84967,4.75104
84968,4.16352
84969,5.0
84970,4.92892
84971,4.59097
84972,4.17315
84973,3.01493
84974,4.34263
84975,3.59734
84976,4.54281
84977,4.06182
84978,4.76316
84979,5.0
84980,4.34631
84981,4.57382
84982,4.28968
84983,4.90199
84984,4.44846
84985,3.91327
84986,4.76303
84987,4.78502
84988,4.39107
84989,4.60968
84990,4.55418
84991,3.31401
84992,4.4436
84993,4.52509
84994,4.32186
84995,4.47141
84996,3.50195
84997,4.23665
84998,4.32295
84999,3.85201
85000,3.84557
85001,4.90219
85002,3.73464
85003,4.63924
85004,3.75194
85005,4.32916
85006,4.73635
85007,3.99681
85008,3.06675
85009,2.00662
85010,3.63643
85011,1.35951
85012,1.49006
85013,1.0
85014,4.26412
85015,1.94963
85016,3.65604
85017,3.41671
85018,2.67971
85019,3.28455
85020,4.19854
85021,4.00923
85022,4.24468
85023,4.08846
85024,2.85066
85025,3.83016
85026,3.25553
85027,3.90305
85028,4.23875
85029,2.35832
85030,3.18336
85031,3.2825
85032,1.7741
85033,1.19134
85034,3.55161
85035,4.26684
85036,3.56802
85037,2.17652
85038,3.59489
85039,3.85683
85040,4.18398
85041,2.41433
85042,3.42661
85043,3.3914
85044,2.48798
85045,2.10231
85046,3.22077
85047,4.05672
85048,2.62933
85049,4.0702
85050,3.52085
85051,4.78887
85052,3.18026
85053,3.13442
85054,3.50321
85055,3.44688
85056,3.49755
85057,1.92099
85058,3.12594
85059,3.23513
85060,3.69155
85061,3.52289
85062,4.04848
85063,3.22226
85064,2.21988
85065,3.07923
85066,3.14855
85067,2.50245
85068,3.32956
85069,3.51907
85070,4.22833
85071,3.36881
85072,4.01248
85073,3.80069
85074,3.55032
85075,3.13149
85076,3.19747
85077,3.75142
85078,3.31558
85079,3.99765
85080,2.80657
85081,3.7648
85082,2.41466
85083,3.43099
85084,3.93564
85085,3.16258
85086,3.3788
85087,4.49364
85088,4.64831
85089,3.54543
85090,3.7414
85091,4.37126
85092,3.34071
85093,2.24545
85094,2.86007
85095,3.98911
85096,2.84768
85097,1.63851
85098,3.99416
85099,3.45036
85100,3.93014
85101,3.96184
85102,4.04936
85103,2.24318
85104,4.1526
85105,3.31911
85106,4.77625
85107,1.91343
85108,4.08448
85109,3.38691
85110,2.69476
85111,4.44154
85112,3.87179
85113,3.50987
85114,2.04497
85115,3.32281
85116,2.09239
85117,3.9539
85118,3.14501
85119,2.79284
85120,4.063
85121,3.95946
85122,3.73922
85123,3.8781
85124,3.86271
85125,3.97152
85126,3.96253
85127,3.69755
85128,3.78039
85129,3.8306
85130,3.96692
85131,3.27663
85132,3.79518
85133,3.74405
85134,3.82228
85135,4.98485
85136,4.35556
85137,4.24348
85138,2.88917
85139,3.97492
85140,4.8491
85141,3.57057
85142,3.79218
85143,3.19926
85144,2.81961
85145,3.81503
85146,3.10629
85147,4.05412
85148,3.74024
85149,3.42024
85150,3.92652
85151,3.36848
85152,3.10779
85153,3.89232
85154,3.38808
85155,4.1413
85156,3.8483
85157,3.87643
85158,2.84565
85159,2.70115
85160,4.09068
85161,3.76057
85162,3.55374
85163,3.58379
85164,2.92766
85165,2.97287
85166,2.78836
85167,3.69656
85168,2.63007
85169,3.51526
85170,4.46616
85171,4.56084
85172,4.08366
85173,4.07177
85174,4.28421
85175,2.85441
85176,3.26403
85177,4.12758
85178,3.31677
85179,4.75703
85180,3.76414
85181,3.80141
85182,4.05655
85183,4.0428
85184,3.19492
85185,3.58316
85186,4.28499
85187,3.4491
85188,3.67651
85189,3.93495
85190,3.42244
85191,3.64419
85192,2.64148
85193,4.00024
85194,3.77507
85195,3.58373
85196,3.55026
85197,4.41775
85198,4.19359
85199,2.65883
85200,4.36536
85201,4.39778
85202,3.65538
85203,2.13319
85204,2.72574
85205,4.48301
85206,4.17169
85207,3.48687
85208,3.45296
85209,3.52888
85210,4.41874
85211,4.03846
85212,3.47366
85213,3.4036
85214,4.12801
85215,4.29833
85216,3.7575
85217,4.27873
85218,2.00297
85219,4.14571
85220,3.85557
85221,3.29449
85222,2.91942
85223,3.84161
85224,3.27539
85225,1.9063
85226,2.73313
85227,2.78601
85228,3.044
85229,3.6148
85230,2.83858
85231,1.98229
85232,3.72721
85233,2.00614
85234,3.85405
85235,3.87782
85236,3.25651
85237,1.8498
85238,3.18972
85239,3.0107
85240,3.45685
85241,3.37198
85242,3.07914
85243,2.65109
85244,2.6762
85245,2.87909
85246,2.05353
85247,3.38827
85248,3.64508
85249,1.58099
85250,1.1167
85251,3.15834
85252,2.43964
85253,4.00597
85254,3.61721
85255,1.54916
85256,3.74439
85257,3.30763
85258,2.91442
85259,3.02534
85260,3.01957
85261,2.10068
85262,2.67423
85263,3.64519
85264,2.78729
85265,2.00722
85266,1.25472
85267,1.0
85268,4.08168
85269,3.93348
85270,3.2341
85271,3.14229
85272,2.13509
85273,4.11174
85274,1.70181
85275,2.93913
85276,2.72769
85277,3.24159
85278,3.86088
85279,3.36852
85280,1.0
85281,2.2008
85282,3.24358
85283,2.37855
85284,1.65728
85285,2.23497
85286,1.0
85287,2.08849
85288,3.30769
85289,2.48305
85290,1.41195
85291,2.8227
85292,1.32616
85293,2.85986
85294,3.06545
85295,3.89541
85296,3.79331
85297,1.85766
85298,2.94731
85299,2.86862
85300,1.97669
85301,2.96445
85302,2.3887
85303,3.60123
85304,3.71895
85305,3.15565
85306,4.21938
85307,3.62647
85308,4.25448
85309,4.82078
85310,4.27297
85311,4.39157
85312,3.09458
85313,4.41264
85314,3.05729
85315,2.32974
85316,2.16104
85317,3.55548
85318,4.1702
85319,4.65126
85320,3.96011
85321,4.28743
85322,3.06041
85323,4.65597
85324,4.91446
85325,1.928
85326,2.99832
85327,3.52156
85328,3.41844
85329,3.84791
85330,3.06978
85331,3.09088
85332,2.77176
85333,3.04105
85334,2.87737
85335,3.16293
85336,3.59028
85337,2.88384
85338,3.32155
85339,2.98815
85340,3.89778
85341,3.67852
85342,3.78835
85343,3.95847
85344,2.56958
85345,3.85441
85346,3.2807
85347,3.49275
85348,4.358
85349,4.39996
85350,3.92481
85351,3.62687
85352,4.0692
85353,2.33065
85354,3.34666
85355,4.26756
85356,3.83478
85357,3.8304
85358,3.607
85359,3.38438
85360,3.26809
85361,3.86116
85362,3.19631
85363,3.71121
85364,3.92016
85365,4.44868
85366,4.35794
85367,2.80642
85368,4.51858
85369,3.81672
85370,2.7666
85371,3.38229
85372,4.16862
85373,3.22743
85374,3.35611
85375,3.69807
85376,4.10437
85377,4.79834
85378,3.78902
85379,3.1593
85380,2.78218
85381,3.33452
85382,3.40058
85383,3.09756
85384,3.71099
85385,3.1858
85386,4.43886
85387,2.78379
85388,3.29219
85389,4.15441
85390,3.59872
85391,4.26072
85392,3.65552
85393,3.0264
85394,3.15783
85395,3.96394
85396,3.24332
85397,3.29477
85398,3.1428
85399,4.02529
85400,3.05937
85401,3.50841
85402,3.47172
85403,3.45853
85404,4.14278
85405,2.77797
85406,3.00981
85407,3.05356
85408,3.48897
85409,4.05609
85410,3.61836
85411,3.41718
85412,2.43413
85413,4.30623
85414,1.91921
85415,3.68835
85416,3.94209
85417,4.73017
85418,4.27476
85419,3.56159
85420,3.73495
85421,4.46742
85422,3.67568
85423,3.50736
85424,4.29643
85425,3.85265
85426,4.10414
85427,3.87899
85428,3.78904
85429,4.36567
85430,3.84188
85431,3.83061
85432,3.33954
85433,3.49263
85434,4.24474
85435,3.61454
85436,4.01842
85437,2.99992
85438,3.5136
85439,4.85098
85440,4.13515
85441,3.64213
85442,4.57608
85443,4.64906
85444,3.86704
85445,2.94552
85446,3.94139
85447,3.4115
85448,4.66676
85449,4.19428
85450,5.0
85451,3.49829
85452,3.05893
85453,3.65215
85454,4.1852
85455,3.50339
85456,3.28375
85457,3.88344
85458,3.45893
85459,4.73959
85460,3.90818
85461,4.58745
85462,4.27295
85463,4.7851
85464,3.69507
85465,3.50756
85466,3.79706
85467,3.13305
85468,4.33415
85469,2.29446
85470,4.63094
85471,3.40071
85472,3.53625
85473,3.81134
85474,3.35879
85475,2.86617
85476,4.07548
85477,3.66145
85478,3.27784
85479,4.0307
85480,4.05046
85481,3.43413
85482,4.60507
85483,4.01612
85484,3.51696
85485,3.61749
85486,3.55726
85487,3.74103
85488,4.12453
85489,3.57787
85490,3.11747
85491,2.57381
85492,4.29917
85493,3.94176
85494,2.8604
85495,3.4435
85496,2.3185
85497,2.62476
85498,3.71771
85499,3.64896
85500,4.85947
85501,4.83971
85502,2.22156
85503,4.73638
85504,4.79314
85505,4.66613
85506,4.51374
85507,2.33619
85508,1.72204
85509,4.02438
85510,2.95666
85511,1.18797
85512,2.83853
85513,2.86352
85514,4.24895
85515,3.92115
85516,4.29448
85517,3.99779
85518,4.11233
85519,4.91294
85520,4.40827
85521,3.72893
85522,3.24962
85523,4.56942
85524,5.0
85525,3.74476
85526,1.59242
85527,4.32459
85528,4.42924
85529,3.67234
85530,3.45876
85531,3.64217
85532,3.91228
85533,3.57726
85534,3.66167
85535,3.55183
85536,4.11249
85537,3.62271
85538,4.10062
85539,3.9935
85540,3.50504
85541,3.67758
85542,3.96287
85543,4.0409
85544,3.91072
85545,3.65089
85546,3.54749
85547,3.57874
85548,4.33092
85549,3.83921
85550,3.79479
85551,3.35727
85552,4.54273
85553,5.0
85554,4.62702
85555,4.59874
85556,4.03831
85557,4.58529
85558,4.5803
85559,4.74712
85560,4.64482
85561,3.9406
85562,4.26287
85563,3.64995
85564,3.1865
85565,3.88782
85566,3.0493
85567,3.94328
85568,2.97171
85569,2.50408
85570,2.71574
85571,3.39311
85572,3.71091
85573,3.34451
85574,2.55321
85575,3.44468
85576,3.64472
85577,2.65125
85578,2.83608
85579,3.26286
85580,3.88071
85581,3.99626
85582,1.0
85583,3.30533
85584,3.20295
85585,3.8804
85586,2.89578
85587,3.89191
85588,2.87436
85589,4.42548
85590,3.87357
85591,2.40571
85592,3.62208
85593,3.46196
85594,2.98399
85595,3.323
85596,3.31921
85597,3.87109
85598,2.61695
85599,3.91872
85600,2.23426
85601,3.56859
85602,2.75591
85603,2.93029
85604,2.80672
85605,2.8231
85606,3.08485
85607,3.591
85608,4.35258
85609,4.17475
85610,3.41523
85611,3.21041
85612,3.67489
85613,3.78242
85614,3.74121
85615,3.30899
85616,3.1374
85617,3.61879
85618,2.98431
85619,3.23894
85620,2.81374
85621,3.94945
85622,3.78374
85623,3.7629
85624,3.83791
85625,2.38404
85626,4.25103
85627,3.70459
85628,2.88287
85629,2.982
85630,4.36879
85631,4.67948
85632,3.17827
85633,4.14401
85634,3.20141
85635,3.94948
85636,2.51899
85637,3.79541
85638,1.46467
85639,4.31266
85640,3.61522
85641,4.61712
85642,4.23642
85643,2.34058
85644,2.73478
85645,3.25488
85646,3.77898
85647,3.73799
85648,4.75793
85649,3.98183
85650,3.41731
85651,4.19684
85652,4.63228
85653,2.55724
85654,3.0238
85655,4.37171
85656,2.25924
85657,4.52564
85658,1.98132
85659,4.60151
85660,3.01152
85661,3.17598
85662,2.43488
85663,3.51414
85664,4.7386
85665,4.20643
85666,3.64612
85667,4.16636
85668,3.87554
85669,4.49716
85670,5.0
85671,3.34443
85672,3.60624
85673,4.27637
85674,4.25687
85675,4.27495
85676,3.09825
85677,3.18863
85678,4.38356
85679,4.78636
85680,4.03069
85681,3.04069
85682,3.12826
85683,2.04623
85684,2.41814
85685,2.97037
85686,4.35952
85687,3.3187
85688,3.69443
85689,3.13753
85690,3.20731
85691,3.70499
85692,2.43493
85693,4.02957
85694,4.56905
85695,4.48043
85696,3.42077
85697,3.72974
85698,4.16723
85699,4.55333
85700,3.05814
85701,4.9265
85702,3.96563
85703,4.23459
85704,4.71694
85705,4.24232
85706,3.22788
85707,3.65539
85708,1.79069
85709,1.49112
85710,3.48527
85711,1.81666
85712,3.19431
85713,2.52542
85714,1.20943
85715,1.0326
85716,3.68668
85717,2.30005
85718,3.6812
85719,2.24468
85720,1.51287
85721,2.37031
85722,3.96209
85723,4.32754
85724,3.19675
85725,2.16062
85726,1.81669
85727,3.8365
85728,4.04346
85729,3.86466
85730,3.34288
85731,3.36177
85732,3.30062
85733,3.45422
85734,2.3336
85735,1.3134
85736,4.24137
85737,4.00136
85738,3.50344
85739,2.79268
85740,3.47119
85741,3.71637
85742,2.9955
85743,2.55352
85744,3.73204
85745,3.38204
85746,3.43723
85747,2.90263
85748,4.2237
85749,3.44288
85750,3.82295
85751,2.30562
85752,3.42195
85753,2.76283
85754,2.54102
85755,3.86463
85756,2.64628
85757,3.13802
85758,2.14655
85759,3.87992
85760,3.7028
85761,3.98055
85762,3.39982
85763,3.85922
85764,3.58445
85765,2.78383
85766,2.91073
85767,3.54235
85768,3.4129
85769,3.37371
85770,3.69411
85771,3.3108
85772,3.04433
85773,5.0
85774,3.14089
85775,2.9399
85776,1.87373
85777,1.83719
85778,4.18331
85779,3.98492
85780,3.81573
85781,2.74965
85782,4.95427
85783,3.87447
85784,4.24351
85785,4.34827
85786,5.0
85787,3.68427
85788,4.19324
85789,2.94405
85790,4.34633
85791,3.80682
85792,3.99073
85793,4.41799
85794,5.0
85795,4.46978
85796,5.0
85797,3.51223
85798,4.5959
85799,4.19118
85800,3.21314
85801,4.32871
85802,4.07663
85803,3.325
85804,3.98337
85805,5.0
85806,3.35216
85807,4.79196
85808,3.23931
85809,4.44286
85810,3.78144
85811,4.40532
85812,4.38552
85813,4.44875
85814,4.15881
85815,4.36839
85816,3.44835
85817,4.27628
85818,4.10547
85819,3.3114
85820,3.69457
85821,4.02403
85822,3.98623
85823,5.0
85824,3.33225
85825,4.01279
85826,3.55417
85827,3.49914
85828,3.73114
85829,4.28406
85830,4.35957
85831,4.2312
85832,2.99818
85833,4.07362
85834,2.30244
85835,3.72998
85836,4.26436
85837,3.89999
85838,3.86599
85839,2.96629
85840,3.74384
85841,2.26413
85842,3.86575
85843,3.68549
85844,1.49669
85845,2.89754
85846,3.65091
85847,1.85952
85848,3.71235
85849,1.0
85850,4.13604
85851,3.03049
85852,1.89732
85853,3.16581
85854,2.58451
85855,2.23469
85856,4.06726
85857,3.22595
85858,3.48314
85859,5.0
85860,4.20764
85861,3.52849
85862,3.3475
85863,2.09914
85864,2.97435
85865,2.19261
85866,3.39069
85867,3.86915
85868,2.1943
85869,1.98899
85870,3.57038
85871,1.4075
85872,2.6074
85873,3.45645
85874,3.94091
85875,5.0
85876,3.28213
85877,3.45054
85878,2.46464
85879,3.27412
85880,3.97091
85881,3.5629
85882,4.00263
85883,4.02909
85884,4.00943
85885,2.36291
85886,4.2256
85887,3.50259
85888,3.07897
85889,4.41005
85890,3.54696
85891,3.54179
85892,3.44762
85893,2.8125
85894,3.89085
85895,3.53801
85896,2.87789
85897,3.46219
85898,3.79518
85899,3.97876
85900,4.92791
85901,3.96968
85902,4.71012
85903,4.0359
85904,4.68082
85905,4.3649
85906,2.33619
85907,3.31819
85908,3.54073
85909,3.63958
85910,3.76331
85911,3.08238
85912,3.19348
85913,3.96557
85914,3.30561
85915,4.11065
85916,2.78743
85917,3.94971
85918,3.5562
85919,3.6865
85920,3.27522
85921,4.15795
85922,2.99587
85923,2.98098
85924,4.31634
85925,4.15005
85926,4.39261
85927,3.68934
85928,3.54875
85929,3.64748
85930,4.6117
85931,3.79265
85932,4.03917
85933,4.38655
85934,4.48118
85935,4.78715
85936,3.86995
85937,4.93327
85938,4.85463
85939,4.21324
85940,4.7726
85941,5.0
85942,5.0
85943,4.4564
85944,4.26745
85945,4.30088
85946,4.25686
85947,5.0
85948,4.25267
85949,4.62311
85950,4.92324
85951,5.0
85952,4.81101
85953,4.48115
85954,4.82206
85955,4.36499
85956,4.57807
85957,4.5933
85958,4.02777
85959,2.89479
85960,4.34959
85961,3.78412
85962,4.53668
85963,3.7006
85964,4.82365
85965,3.50807
85966,4.44622
85967,5.0
85968,4.02694
85969,3.6736
85970,3.37347
85971,4.06625
85972,3.11232
85973,3.5141
85974,4.19862
85975,5.0
85976,3.35377
85977,3.61231
85978,2.29117
85979,3.81537
85980,4.53085
85981,4.67902
85982,4.06808
85983,1.23427
85984,2.72893
85985,3.89365
85986,4.1974
85987,2.60656
85988,3.38058
85989,4.77939
85990,4.25728
85991,4.29984
85992,4.52621
85993,4.49828
85994,4.47422
85995,4.02364
85996,4.31925
85997,3.19179
85998,3.16626
85999,2.90193
86000,4.11065
86001,3.52191
86002,4.00032
86003,2.10896
86004,3.96174
86005,2.9157
86006,4.1911
86007,3.79799
86008,3.48354
86009,4.05139
86010,3.97832
86011,2.10098
86012,3.49994
86013,3.01381
86014,3.94294
86015,2.93979
86016,3.89317
86017,1.8557
86018,3.52714
86019,2.61212
86020,4.25419
86021,3.27263
86022,3.21408
86023,4.23015
86024,4.08406
86025,3.88483
86026,3.98617
86027,4.0473
86028,3.48999
86029,2.25954
86030,2.6503
86031,3.35787
86032,4.09745
86033,2.88673
86034,3.54202
86035,3.83153
86036,3.23349
86037,3.71221
86038,2.57604
86039,3.55096
86040,3.77091
86041,3.43558
86042,3.45397
86043,4.2688
86044,3.79278
86045,3.59973
86046,4.3426
86047,3.83034
86048,5.0
86049,3.38496
86050,4.23531
86051,2.71044
86052,3.51307
86053,4.36134
86054,3.62779
86055,3.62613
86056,3.81002
86057,4.65244
86058,5.0
86059,3.32435
86060,4.04338
86061,3.73485
86062,3.46581
86063,3.75908
86064,3.51768
86065,3.69617
86066,3.50731
86067,3.30173
86068,3.37012
86069,2.86962
86070,3.30767
86071,3.23409
86072,3.77888
86073,3.33796
86074,3.99403
86075,3.51152
86076,3.75116
86077,4.82166
86078,4.29694
86079,4.41557
86080,4.32892
86081,3.61734
86082,3.90855
86083,4.27287
86084,3.67632
86085,3.85016
86086,3.03207
86087,3.21314
86088,4.21985
86089,3.86841
86090,4.3839
86091,4.2801
86092,4.25597
86093,3.44222
86094,1.59776
86095,3.90949
86096,3.48774
86097,4.46991
86098,3.21575
86099,3.40013
86100,4.48602
86101,3.1164
86102,3.44419
86103,1.89709
86104,4.5482
86105,3.62419
86106,4.03478
86107,3.60686
86108,3.93164
86109,4.58342
86110,3.79623
86111,4.33813
86112,3.93715
86113,3.69517
86114,4.0454
86115,3.21953
86116,4.29303
86117,5.0
86118,4.1798
86119,4.27791
86120,5.0
86121,3.1048
86122,5.0
86123,4.05213
86124,4.44608
86125,3.06155
86126,3.95999
86127,3.42344
86128,3.96591
86129,3.87207
86130,3.87546
86131,3.66133
86132,3.59641
86133,3.12471
86134,3.808
86135,4.12772
86136,2.95306
86137,3.91656
86138,4.48279
86139,3.7503
86140,3.5607
86141,4.14656
86142,3.19533
86143,4.02997
86144,3.86916
86145,3.71246
86146,3.6278
86147,4.46498
86148,3.52869
86149,3.74982
86150,3.64537
86151,3.63575
86152,3.788
86153,4.01018
86154,3.9523
86155,3.93415
86156,3.67537
86157,5.0
86158,2.6581
86159,3.63745
86160,4.0624
86161,5.0
86162,3.15447
86163,4.182
86164,2.72803
86165,3.24936
86166,4.68135
86167,3.29638
86168,3.70999
86169,2.95063
86170,4.74617
86171,5.0
86172,3.16507
86173,3.87298
86174,2.04965
86175,3.20629
86176,4.42421
86177,3.26514
86178,4.50142
86179,2.97965
86180,5.0
86181,4.75839
86182,5.0
86183,4.1663
86184,1.99063
86185,4.10873
86186,3.67302
86187,3.69527
86188,4.686
86189,3.01177
86190,4.40482
86191,3.48658
86192,4.64954
86193,3.92715
86194,2.1042
86195,4.97067
86196,3.52995
86197,3.19545
86198,3.3189
86199,3.60742
86200,3.36632
86201,3.06468
86202,3.24637
86203,2.95093
86204,2.50011
86205,3.92206
86206,3.37234
86207,3.15664
86208,2.89784
86209,3.31811
86210,3.36642
86211,3.30482
86212,3.46359
86213,3.14025
86214,3.32739
86215,3.17039
86216,2.75565
86217,3.01139
86218,3.23405
86219,2.99985
86220,2.55733
86221,3.74858
86222,3.4748
86223,3.36473
86224,4.02246
86225,4.22799
86226,1.68827
86227,4.52956
86228,3.51353
86229,4.48516
86230,4.27379
86231,4.05345
86232,1.71295
86233,4.23584
86234,4.10513
86235,4.41635
86236,4.6129
86237,3.19709
86238,2.93743
86239,4.17956
86240,4.3731
86241,3.48721
86242,4.92175
86243,3.08907
86244,2.03883
86245,3.69335
86246,4.71175
86247,4.94911
86248,3.97275
86249,4.63681
86250,4.3383
86251,4.33423
86252,2.4531
86253,3.71519
86254,3.74665
86255,2.98325
86256,4.07603
86257,4.2229
86258,3.77631
86259,2.97882
86260,3.98009
86261,3.8352
86262,2.52936
86263,3.83146
86264,3.07323
86265,1.56691
86266,2.55924
86267,4.61576
86268,4.02681
86269,2.2813
86270,4.43379
86271,4.05975
86272,4.02324
86273,3.87629
86274,3.8615
86275,3.81731
86276,4.62865
86277,4.43075
86278,2.80488
86279,3.77804
86280,4.18335
86281,4.53406
86282,1.86737
86283,4.46405
86284,3.77035
86285,4.38159
86286,4.40876
86287,3.69239
86288,1.62842
86289,3.21414
86290,3.67177
86291,3.79996
86292,3.11941
86293,4.64299
86294,3.51124
86295,4.75154
86296,3.75119
86297,4.50178
86298,4.47987
86299,4.23562
86300,3.99087
86301,4.42533
86302,3.62962
86303,2.2894
86304,3.65298
86305,3.74679
86306,3.83045
86307,2.3659
86308,2.91364
86309,4.01711
86310,3.66172
86311,4.33608
86312,2.8828
86313,4.22846
86314,3.33202
86315,4.43076
86316,3.49458
86317,2.06446
86318,3.30987
86319,3.8221
86320,3.15637
86321,3.14903
86322,3.25183
86323,2.87659
86324,2.55851
86325,2.56366
86326,4.59893
86327,2.80134
86328,3.66331
86329,2.79717
86330,1.68024
86331,2.86112
86332,3.74929
86333,3.5973
86334,2.33575
86335,2.69322
86336,3.38643
86337,2.93104
86338,1.73011
86339,3.87108
86340,4.17829
86341,3.09894
86342,3.84398
86343,3.33248
86344,3.1605
86345,3.08271
86346,2.71469
86347,3.57506
86348,3.73001
86349,3.77648
86350,3.02833
86351,4.51926
86352,4.0626
86353,4.57606
86354,4.7849
86355,4.53867
86356,4.4946
86357,4.70465
86358,3.8081
86359,3.18114
86360,3.47445
86361,3.07781
86362,2.77019
86363,4.19788
86364,3.83362
86365,3.56296
86366,3.28228
86367,3.22736
86368,3.00366
86369,3.84821
86370,3.34251
86371,1.0
86372,2.9477
86373,4.13204
86374,4.63225
86375,4.64087
86376,3.62222
86377,4.37069
86378,4.01959
86379,4.61327
86380,4.07668
86381,4.60471
86382,3.71817
86383,2.24325
86384,2.20565
86385,3.38328
86386,3.22607
86387,3.70315
86388,4.07058
86389,2.9432
86390,3.51313
86391,3.22176
86392,3.93121
86393,3.43227
86394,3.19101
86395,3.70333
86396,3.15107
86397,3.69649
86398,3.69297
86399,4.50437
86400,3.10679
86401,2.52896
86402,2.16513
86403,3.11461
86404,3.18351
86405,3.42747
86406,3.55079
86407,3.49783
86408,3.89416
86409,2.35105
86410,2.78251
86411,2.51476
86412,2.47773
86413,3.14731
86414,3.80897
86415,2.34572
86416,3.85508
86417,3.35941
86418,3.82197
86419,2.80392
86420,3.65796
86421,2.78359
86422,4.33428
86423,2.59349
86424,5.0
86425,4.00896
86426,4.34058
86427,4.94269
86428,4.60227
86429,3.68836
86430,4.18542
86431,4.32441
86432,3.95469
86433,4.63672
86434,4.08222
86435,3.60354
86436,3.85821
86437,3.58481
86438,3.12645
86439,3.65644
86440,3.68862
86441,3.74648
86442,4.53386
86443,4.42281
86444,1.97254
86445,4.39169
86446,3.99483
86447,4.7418
86448,3.73937
86449,3.98456
86450,4.44217
86451,4.34364
86452,4.00501
86453,3.17228
86454,4.08114
86455,4.55161
86456,2.96806
86457,3.69169
86458,3.83206
86459,4.62501
86460,2.47619
86461,3.60117
86462,3.68718
86463,4.38014
86464,5.0
86465,4.37292
86466,4.9732
86467,4.81677
86468,3.10819
86469,3.1598
86470,3.8583
86471,1.27259
86472,3.04662
86473,2.44299
86474,3.59737
86475,3.66799
86476,3.97302
86477,3.23834
86478,3.89211
86479,3.38784
86480,3.08958
86481,3.98632
86482,3.54677
86483,2.54141
86484,2.8401
86485,4.44078
86486,3.04415
86487,3.22182
86488,3.03797
86489,3.28342
86490,3.93105
86491,4.2046
86492,4.15295
86493,2.92526
86494,3.57009
86495,3.85519
86496,3.98476
86497,3.23371
86498,3.78446
86499,3.25584
86500,4.24677
86501,5.0
86502,4.51853
86503,4.43346
86504,3.47757
86505,2.79588
86506,4.27676
86507,4.81453
86508,2.6063
86509,4.00165
86510,2.61728
86511,3.32199
86512,3.90406
86513,3.78278
86514,3.97246
86515,3.43566
86516,3.2373
86517,3.62151
86518,3.11571
86519,3.08273
86520,2.87634
86521,2.97136
86522,2.82056
86523,3.94553
86524,4.00059
86525,3.34549
86526,3.0072
86527,3.92525
86528,3.09361
86529,3.64292
86530,3.55957
86531,3.58224
86532,3.22745
86533,2.80145
86534,3.39043
86535,3.72936
86536,3.70678
86537,3.6993
86538,3.56507
86539,3.52235
86540,2.49589
86541,4.26961
86542,3.50538
86543,4.61393
86544,3.27448
86545,3.9013
86546,4.50472
86547,2.77754
86548,3.23523
86549,3.37096
86550,2.56544
86551,3.38346
86552,3.00312
86553,3.70151
86554,3.75833
86555,3.53537
86556,4.41074
86557,3.03818
86558,2.46692
86559,3.16305
86560,2.95616
86561,3.23088
86562,1.97113
86563,4.915
86564,3.01381
86565,3.46705
86566,3.07139
86567,3.56958
86568,4.06384
86569,2.9932
86570,3.27939
86571,2.99071
86572,3.22169
86573,3.52466
86574,3.2559
86575,3.54998
86576,3.89119
86577,3.16197
86578,3.38003
86579,3.34055
86580,5.0
86581,3.71423
86582,3.9534
86583,2.50764
86584,3.50085
86585,2.74537
86586,4.22515
86587,2.6504
86588,3.66718
86589,2.86462
86590,2.32797
86591,4.04638
86592,3.68091
86593,3.49555
86594,3.36991
86595,3.91178
86596,3.25076
86597,3.43491
86598,3.02815
86599,3.37952
86600,3.88806
86601,3.5992
86602,3.37062
86603,3.87333
86604,3.82725
86605,2.10925
86606,3.74074
86607,2.56376
86608,1.79098
86609,3.85892
86610,3.00326
86611,3.66069
86612,3.43337
86613,3.25158
86614,3.68479
86615,3.98389
86616,4.26501
86617,4.37849
86618,3.31452
86619,3.03298
86620,3.73495
86621,2.00688
86622,3.83109
86623,3.04011
86624,3.83729
86625,3.52575
86626,3.59337
86627,1.80109
86628,3.09777
86629,3.24327
86630,2.86533
86631,3.4753
86632,3.57766
86633,4.03555
86634,2.04941
86635,4.20177
86636,1.53241
86637,1.14956
86638,3.25891
86639,3.34822
86640,4.39255
86641,4.04508
86642,3.82397
86643,3.29358
86644,4.1343
86645,4.39847
86646,3.33041
86647,4.15644
86648,4.63566
86649,4.54906
86650,3.58394
86651,3.63831
86652,2.89073
86653,3.11714
86654,4.14108
86655,4.4463
86656,4.65888
86657,3.16686
86658,4.52512
86659,4.11098
86660,4.10741
86661,3.18446
86662,4.01095
86663,4.3884
86664,1.86549
86665,3.77246
86666,3.41271
86667,3.79198
86668,3.53354
86669,2.98533
86670,2.78858
86671,3.14999
86672,2.45469
86673,3.54437
86674,3.0899
86675,3.86817
86676,2.66771
86677,3.41676
86678,3.00019
86679,1.95856
86680,2.64211
86681,3.30216
86682,3.29255
86683,3.5854
86684,3.51884
86685,4.87662
86686,4.31736
86687,3.92563
86688,4.23589
86689,4.497
86690,3.78837
86691,3.73453
86692,3.84348
86693,3.01032
86694,4.27776
86695,3.66501
86696,3.23714
86697,3.39151
86698,3.59193
86699,3.87152
86700,4.31226
86701,3.89806
86702,3.8128
86703,3.99809
86704,3.79425
86705,4.04359
86706,4.76616
86707,3.91112
86708,3.89698
86709,1.0
86710,3.89119
86711,3.60217
86712,3.40558
86713,4.62945
86714,3.26937
86715,3.39255
86716,4.61924
86717,2.44015
86718,3.06236
86719,3.3339
86720,2.64671
86721,3.42923
86722,4.00779
86723,3.31755
86724,5.0
86725,3.633
86726,4.96892
86727,3.75871
86728,3.67413
86729,3.39135
86730,5.0
86731,3.80232
86732,2.95259
86733,4.53734
86734,4.63054
86735,3.86534
86736,3.51285
86737,4.56975
86738,3.73857
86739,4.38329
86740,4.5525
86741,2.23612
86742,3.94207
86743,3.83182
86744,4.24536
86745,3.89288
86746,3.63721
86747,2.99522
86748,4.24433
86749,4.30474
86750,3.31041
86751,4.46456
86752,4.21462
86753,2.86303
86754,3.90892
86755,1.24958
86756,2.76749
86757,3.91488
86758,3.5276
86759,3.51721
86760,3.45856
86761,3.85493
86762,2.72955
86763,3.45312
86764,3.92436
86765,3.56726
86766,2.59994
86767,3.49308
86768,2.65008
86769,2.87205
86770,3.23707
86771,3.63915
86772,2.81556
86773,3.8764
86774,3.38299
86775,4.11871
86776,1.07036
86777,1.38652
86778,4.49584
86779,4.62534
86780,3.24954
86781,3.46333
86782,4.13001
86783,4.4167
86784,2.95243
86785,4.39231
86786,4.08034
86787,3.00391
86788,4.07186
86789,3.79846
86790,3.74222
86791,3.94058
86792,4.34133
86793,4.3204
86794,3.7058
86795,4.62828
86796,4.05854
86797,3.33736
86798,2.15618
86799,4.75006
86800,3.20633
86801,4.28327
86802,2.54435
86803,4.12035
86804,3.48586
86805,3.02352
86806,4.56487
86807,4.75828
86808,3.68949
86809,3.99989
86810,4.50022
86811,3.50318
86812,2.86471
86813,4.66599
86814,2.2341
86815,1.79116
86816,2.29334
86817,4.05376
86818,1.0
86819,2.8749
86820,2.86036
86821,2.93276
86822,4.03909
86823,3.75562
86824,2.43081
86825,3.05235
86826,3.91736
86827,2.01841
86828,2.79126
86829,1.55413
86830,3.02308
86831,2.48279
86832,4.63935
86833,2.53286
86834,3.49717
86835,4.98805
86836,2.59284
86837,4.22703
86838,2.35707
86839,3.05027
86840,3.44888
86841,3.15407
86842,3.40312
86843,4.73057
86844,3.88324
86845,2.92798
86846,4.36202
86847,1.02119
86848,4.38618
86849,5.0
86850,1.33588
86851,1.81112
86852,2.52712
86853,3.1567
86854,2.76039
86855,3.21127
86856,4.03269
86857,2.34089
86858,3.33481
86859,3.03943
86860,4.56207
86861,3.84635
86862,4.09665
86863,3.76818
86864,4.7424
86865,2.64509
86866,3.37273
86867,3.67406
86868,3.41054
86869,2.77719
86870,1.70551
86871,3.18602
86872,4.16503
86873,3.9384
86874,2.90177
86875,2.07962
86876,2.09893
86877,2.70771
86878,3.72763
86879,3.57623
86880,4.16399
86881,1.88959
86882,3.8016
86883,4.2847
86884,3.32962
86885,3.72709
86886,3.2628
86887,4.29051
86888,2.57361
86889,3.0911
86890,2.88745
86891,2.96141
86892,2.32756
86893,3.8923
86894,4.00075
86895,3.02406
86896,2.60443
86897,4.0174
86898,3.24909
86899,3.27486
86900,5.0
86901,3.96997
86902,4.31512
86903,2.6428
86904,3.22558
86905,2.71006
86906,3.37735
86907,3.9295
86908,4.04773
86909,3.87584
86910,2.82315
86911,3.02863
86912,1.27376
86913,5.0
86914,2.54903
86915,3.65205
86916,4.40865
86917,3.39036
86918,2.81432
86919,4.01124
86920,3.76329
86921,2.92158
86922,3.94019
86923,3.8944
86924,3.49152
86925,4.10957
86926,3.12328
86927,4.16744
86928,3.84287
86929,4.18632
86930,3.50183
86931,3.142
86932,3.88759
86933,3.4089
86934,4.07997
86935,3.82342
86936,4.14849
86937,4.28699
86938,3.54176
86939,3.63009
86940,3.51106
86941,4.03949
86942,3.99437
86943,3.78808
86944,3.38684
86945,4.75252
86946,2.11028
86947,4.54479
86948,4.63088
86949,4.74324
86950,3.23539
86951,4.59348
86952,4.0169
86953,4.99135
86954,4.55156
86955,5.0
86956,2.99301
86957,3.65636
86958,3.6544
86959,4.03463
86960,4.11999
86961,3.05701
86962,4.14075
86963,4.63332
86964,3.32521
86965,3.39675
86966,3.8525
86967,4.1815
86968,4.35066
86969,2.3922
86970,3.29466
86971,4.12697
86972,1.23679
86973,2.8126
86974,3.94803
86975,5.0
86976,4.88129
86977,5.0
86978,4.64738
86979,5.0
86980,4.86486
86981,4.92313
86982,4.18133
86983,4.59438
86984,3.53491
86985,4.11291
86986,4.61318
86987,4.36935
86988,5.0
86989,2.22627
86990,4.06511
86991,3.13214
86992,3.49977
86993,2.71646
86994,2.6524
86995,1.75948
86996,3.92382
86997,2.02804
86998,2.55547
86999,3.24491
87000,3.31129
87001,2.75729
87002,2.91868
87003,3.77034
87004,2.907
87005,3.40993
87006,2.42535
87007,2.91233
87008,1.47259
87009,3.17706
87010,3.00994
87011,2.23502
87012,3.0892
87013,1.42223
87014,3.81776
87015,4.11316
87016,2.53648
87017,3.86977
87018,4.4116
87019,2.66882
87020,3.50713
87021,2.59484
87022,3.81083
87023,3.91633
87024,4.19611
87025,3.60295
87026,2.88164
87027,3.1507
87028,4.38347
87029,4.39047
87030,2.35616
87031,3.9382
87032,4.52052
87033,3.99278
87034,4.2003
87035,4.81326
87036,3.02375
87037,2.80799
87038,3.23378
87039,3.78706
87040,3.42017
87041,3.40185
87042,4.38362
87043,3.01024
87044,2.38416
87045,1.68293
87046,3.26885
87047,1.7097
87048,4.17473
87049,3.33096
87050,2.19875
87051,3.15945
87052,4.64682
87053,4.0099
87054,3.85306
87055,2.58254
87056,1.2577
87057,2.26584
87058,3.8075
87059,2.32729
87060,4.53307
87061,2.70342
87062,2.87708
87063,2.58478
87064,3.57753
87065,4.06369
87066,3.49474
87067,4.217
87068,3.22774
87069,3.92732
87070,3.20146
87071,4.44264
87072,5.0
87073,4.0509
87074,5.0
87075,4.78666
87076,4.59934
87077,5.0
87078,3.34399
87079,5.0
87080,4.96164
87081,5.0
87082,2.59644
87083,4.65979
87084,4.5488
87085,1.08058
87086,2.36738
87087,3.91516
87088,4.33188
87089,2.99399
87090,4.68061
87091,1.0
87092,3.16175
87093,4.18227
87094,3.86551
87095,1.19084
87096,4.09877
87097,3.86708
87098,4.19785
87099,3.71334
87100,3.68522
87101,4.74377
87102,2.67061
87103,3.89852
87104,3.89819
87105,3.54212
87106,3.73271
87107,3.5522
87108,3.24093
87109,3.02498
87110,2.47956
87111,2.77929
87112,2.14422
87113,3.48968
87114,3.64518
87115,3.76762
87116,2.40102
87117,2.87296
87118,2.60006
87119,3.8288
87120,2.61537
87121,3.61739
87122,3.55728
87123,2.8946
87124,2.92591
87125,3.78935
87126,3.29248
87127,3.53816
87128,3.30943
87129,4.25886
87130,3.24821
87131,3.72738
87132,3.0313
87133,4.16196
87134,4.03269
87135,2.47028
87136,3.95915
87137,4.14608
87138,3.48004
87139,4.50786
87140,3.60195
87141,4.20619
87142,4.54721
87143,3.94296
87144,4.13037
87145,4.1865
87146,4.14097
87147,2.73013
87148,2.8337
87149,3.529
87150,3.63861
87151,2.96058
87152,3.56941
87153,3.4443
87154,4.38079
87155,4.23081
87156,4.0018
87157,3.57585
87158,4.08497
87159,3.97769
87160,4.38745
87161,4.32079
87162,4.02748
87163,3.80337
87164,4.51291
87165,4.21931
87166,4.22999
87167,4.23146
87168,4.07926
87169,3.50778
87170,4.03755
87171,3.98892
87172,3.4444
87173,4.30142
87174,3.9126
87175,3.63677
87176,4.07618
87177,4.14912
87178,3.82848
87179,3.71124
87180,4.13381
87181,4.94342
87182,3.56212
87183,3.822
87184,3.42288
87185,3.62032
87186,2.34715
87187,2.31257
87188,2.67898
87189,3.73019
87190,3.5912
87191,3.06882
87192,4.55748
87193,4.60072
87194,3.38898
87195,4.9972
87196,1.57829
87197,2.60439
87198,2.15621
87199,3.4915
87200,2.2872
87201,3.60636
87202,3.32253
87203,2.85231
87204,3.21119
87205,3.35674
87206,4.28528
87207,4.07915
87208,5.0
87209,2.36679
87210,2.37698
87211,4.41831
87212,2.94926
87213,4.21911
87214,3.71537
87215,2.28421
87216,1.0
87217,3.49985
87218,4.14931
87219,2.44435
87220,4.44428
87221,3.49075
87222,2.70573
87223,2.59994
87224,2.87061
87225,3.13382
87226,1.52077
87227,1.53852
87228,1.92253
87229,4.1694
87230,1.96879
87231,2.47625
87232,4.44975
87233,2.47922
87234,4.67663
87235,3.37415
87236,1.23319
87237,2.89092
87238,1.8582
87239,2.45552
87240,3.69789
87241,4.03936
87242,2.98066
87243,4.04369
87244,1.85704
87245,3.94298
87246,2.38949
87247,3.50826
87248,4.60327
87249,3.59809
87250,3.93949
87251,2.14698
87252,2.45274
87253,2.78439
87254,4.00002
87255,3.3144
87256,1.02445
87257,3.28669
87258,4.5476
87259,4.23474
87260,4.26264
87261,3.51236
87262,3.79132
87263,4.20049
87264,1.77947
87265,1.58808
87266,2.72892
87267,1.55373
87268,3.74475
87269,4.28697
87270,3.10837
87271,4.01088
87272,4.18997
87273,3.69305
87274,4.56727
87275,3.14108
87276,4.35876
87277,5.0
87278,4.39967
87279,4.44604
87280,4.03342
87281,3.48111
87282,3.47656
87283,4.23651
87284,3.60932
87285,3.06491
87286,3.91823
87287,4.93039
87288,4.37448
87289,3.65163
87290,4.07838
87291,3.88139
87292,3.80212
87293,3.9847
87294,4.00679
87295,4.55854
87296,3.10915
87297,4.22578
87298,3.35691
87299,2.57888
87300,3.66636
87301,3.39205
87302,4.28607
87303,3.50827
87304,4.45878
87305,3.09555
87306,4.13049
87307,1.97857
87308,4.47479
87309,4.07849
87310,3.90059
87311,4.58707
87312,3.43705
87313,3.07142
87314,3.41382
87315,3.65073
87316,3.70961
87317,2.34694
87318,4.37309
87319,1.68548
87320,2.90584
87321,3.83318
87322,4.39678
87323,2.53353
87324,3.82558
87325,3.34405
87326,4.08513
87327,3.927
87328,2.41366
87329,3.80415
87330,3.63031
87331,3.22077
87332,2.07782
87333,4.05954
87334,3.62019
87335,2.75196
87336,3.13299
87337,4.02267
87338,3.92454
87339,3.99789
87340,4.26996
87341,4.74898
87342,3.48465
87343,4.19933
87344,4.34827
87345,3.5351
87346,3.97038
87347,3.39354
87348,4.04852
87349,4.42489
87350,3.93506
87351,4.20633
87352,3.86821
87353,4.18594
87354,4.64238
87355,4.0507
87356,4.10125
87357,4.51184
87358,3.16696
87359,4.15581
87360,3.97052
87361,4.13137
87362,3.45002
87363,4.62081
87364,4.29773
87365,4.69025
87366,4.53529
87367,4.75105
87368,3.10692
87369,3.38264
87370,3.9263
87371,4.19246
87372,4.3745
87373,4.8093
87374,4.30513
87375,4.46588
87376,3.48931
87377,3.48842
87378,4.10831
87379,2.66701
87380,3.95303
87381,3.45379
87382,3.8693
87383,3.29016
87384,4.6864
87385,3.77919
87386,3.4151
87387,4.30571
87388,3.34435
87389,3.71469
87390,3.69835
87391,4.44657
87392,3.42399
87393,3.38966
87394,4.00172
87395,3.81235
87396,1.96742
87397,2.97745
87398,3.94531
87399,2.97813
87400,3.23685
87401,3.23838
87402,3.92948
87403,3.83781
87404,3.51033
87405,3.83102
87406,4.17769
87407,2.35544
87408,2.52643
87409,1.74062
87410,3.21051
87411,2.72563
87412,4.22012
87413,3.32425
87414,4.20922
87415,3.40755
87416,3.79999
87417,3.01967
87418,3.63781
87419,2.10996
87420,2.90105
87421,2.96622
87422,3.00761
87423,1.29537
87424,2.0898
87425,3.44612
87426,4.32312
87427,2.90743
87428,4.52349
87429,3.72514
87430,3.7752
87431,3.66617
87432,4.55174
87433,4.19616
87434,1.88361
87435,4.09011
87436,1.45097
87437,4.11167
87438,3.49951
87439,4.25592
87440,4.0901
87441,4.35098
87442,4.34282
87443,2.51121
87444,2.83561
87445,4.14134
87446,3.81412
87447,3.63862
87448,4.00133
87449,3.94243
87450,3.76333
87451,4.82397
87452,3.48262
87453,4.51866
87454,3.60055
87455,3.82118
87456,4.53936
87457,4.69446
87458,4.35074
87459,4.19136
87460,4.0324
87461,2.90648
87462,4.27896
87463,4.15311
87464,4.04481
87465,3.84046
87466,3.96697
87467,3.90972
87468,4.48877
87469,3.71658
87470,3.28398
87471,4.03654
87472,3.22246
87473,3.50504
87474,2.43774
87475,3.06509
87476,3.4085
87477,1.66796
87478,3.15343
87479,3.53863
87480,4.33868
87481,3.38477
87482,4.38454
87483,3.47066
87484,2.45422
87485,3.6121
87486,1.5775
87487,1.30508
87488,1.94482
87489,4.2622
87490,3.40826
87491,3.37438
87492,4.55836
87493,1.37668
87494,3.3967
87495,2.01405
87496,4.61813
87497,1.78427
87498,3.75317
87499,2.96653
87500,2.59069
87501,3.77252
87502,3.48483
87503,4.20532
87504,3.84235
87505,2.2545
87506,2.23808
87507,4.05432
87508,4.40549
87509,3.84407
87510,2.56848
87511,3.35008
87512,3.17747
87513,3.25738
87514,3.28334
87515,3.50342
87516,3.2425
87517,4.4886
87518,4.29904
87519,2.68901
87520,3.81658
87521,3.00721
87522,4.04727
87523,3.55466
87524,2.68991
87525,3.57828
87526,3.54298
87527,3.63678
87528,3.06033
87529,3.91364
87530,3.84979
87531,3.50181
87532,3.82123
87533,4.4954
87534,4.77504
87535,4.53512
87536,4.47276
87537,3.68738
87538,2.89284
87539,4.99964
87540,3.65055
87541,3.63659
87542,3.55
87543,3.79604
87544,3.37954
87545,3.97749
87546,4.4003
87547,3.64166
87548,3.85187
87549,4.48393
87550,4.35071
87551,4.74178
87552,3.74593
87553,4.41071
87554,2.45177
87555,4.28632
87556,3.24035
87557,3.78353
87558,3.56945
87559,4.18658
87560,3.80062
87561,3.1104
87562,2.99901
87563,3.63869
87564,3.90827
87565,3.31148
87566,3.78509
87567,3.9254
87568,4.20681
87569,4.67138
87570,4.44787
87571,3.55992
87572,4.11748
87573,3.61972
87574,3.46545
87575,4.27039
87576,3.82568
87577,4.08908
87578,2.62286
87579,4.61029
87580,4.08285
87581,4.21319
87582,3.40878
87583,4.42354
87584,4.84372
87585,3.30343
87586,3.18286
87587,3.73388
87588,4.55458
87589,4.43376
87590,4.78106
87591,4.13975
87592,4.08264
87593,4.32203
87594,3.73361
87595,4.40472
87596,3.83917
87597,4.25707
87598,4.61887
87599,4.38285
87600,4.34468
87601,3.80532
87602,3.50883
87603,3.07924
87604,3.44713
87605,3.93749
87606,3.89994
87607,3.33393
87608,3.87943
87609,3.71758
87610,3.87943
87611,3.91194
87612,4.59541
87613,3.46698
87614,4.50332
87615,2.61102
87616,3.76286
87617,3.81215
87618,4.40134
87619,4.19416
87620,3.68461
87621,3.57218
87622,4.5857
87623,4.09758
87624,4.29735
87625,4.0406
87626,3.60563
87627,3.86401
87628,4.2473
87629,3.75791
87630,3.10078
87631,3.89395
87632,4.10408
87633,5.0
87634,4.5624
87635,4.48086
87636,4.20488
87637,5.0
87638,5.0
87639,4.38974
87640,4.26108
87641,4.87652
87642,4.44744
87643,4.34311
87644,4.49016
87645,2.00223
87646,2.31736
87647,3.76908
87648,3.51208
87649,4.18916
87650,4.56057
87651,3.19566
87652,2.26403
87653,4.13734
87654,4.62866
87655,4.74061
87656,4.81986
87657,3.51471
87658,3.15375
87659,4.46441
87660,4.74724
87661,3.583
87662,4.42079
87663,4.2678
87664,4.66763
87665,3.21497
87666,4.3171
87667,4.38788
87668,4.08696
87669,3.30722
87670,3.2274
87671,3.23738
87672,3.63307
87673,3.85929
87674,3.67173
87675,4.72863
87676,2.68792
87677,4.10849
87678,3.25193
87679,4.59761
87680,4.42103
87681,2.79174
87682,3.13838
87683,4.64125
87684,3.46819
87685,2.88465
87686,2.41153
87687,1.93563
87688,3.20651
87689,3.00472
87690,2.95848
87691,3.47985
87692,4.12178
87693,4.79614
87694,4.60037
87695,4.33574
87696,3.73658
87697,5.0
87698,3.09638
87699,4.62015
87700,3.56158
87701,3.22878
87702,3.4822
87703,4.24823
87704,4.22592
87705,3.72456
87706,4.79453
87707,4.2354
87708,4.45642
87709,3.54626
87710,4.32659
87711,4.62869
87712,4.0956
87713,3.2616
87714,4.26957
87715,4.55051
87716,4.03824
87717,3.99253
87718,4.07543
87719,4.19639
87720,4.07012
87721,3.23066
87722,1.82202
87723,3.02952
87724,3.2151
87725,3.75136
87726,3.413
87727,3.36787
87728,3.83952
87729,3.4656
87730,2.35081
87731,3.91166
87732,3.24031
87733,3.13233
87734,2.9591
87735,4.18895
87736,3.99944
87737,3.79642
87738,3.8606
87739,2.96833
87740,4.20147
87741,4.01293
87742,2.85231
87743,1.6533
87744,3.98828
87745,3.39635
87746,4.57978
87747,3.77533
87748,2.292
87749,2.45143
87750,3.2789
87751,4.46978
87752,3.96962
87753,4.30569
87754,4.12973
87755,3.59398
87756,4.10651
87757,3.93973
87758,2.39729
87759,3.87285
87760,4.33178
87761,3.6262
87762,4.10072
87763,3.49141
87764,3.02996
87765,2.02155
87766,2.89199
87767,3.15312
87768,3.62766
87769,3.72406
87770,3.39976
87771,3.4506
87772,3.35415
87773,4.54268
87774,4.07713
87775,4.04234
87776,3.19914
87777,4.4704
87778,4.21794
87779,4.29129
87780,4.21546
87781,3.8756
87782,2.69542
87783,3.85905
87784,3.57988
87785,2.69137
87786,4.07326
87787,2.66413
87788,4.29323
87789,5.0
87790,2.4433
87791,3.54848
87792,3.27653
87793,3.7621
87794,4.02807
87795,3.62529
87796,3.68904
87797,4.15146
87798,2.41632
87799,3.81147
87800,3.86084
87801,3.27464
87802,4.42391
87803,4.00141
87804,2.71549
87805,3.3991
87806,3.94297
87807,3.33925
87808,1.98718
87809,2.67981
87810,3.57052
87811,4.13947
87812,2.80727
87813,4.0051
87814,3.82636
87815,1.99515
87816,3.53351
87817,2.2188
87818,3.58205
87819,3.48003
87820,2.2408
87821,3.44069
87822,3.45518
87823,3.28138
87824,4.5911
87825,3.05494
87826,3.77644
87827,3.6533
87828,3.04626
87829,3.69645
87830,3.53504
87831,3.02545
87832,3.75806
87833,3.75202
87834,3.39151
87835,3.05202
87836,3.59262
87837,3.40749
87838,2.45115
87839,2.82326
87840,3.59667
87841,3.04288
87842,3.54532
87843,4.44986
87844,3.97728
87845,4.25091
87846,2.16912
87847,3.02646
87848,2.18328
87849,3.29012
87850,2.80273
87851,3.28085
87852,3.84547
87853,3.5246
87854,3.18437
87855,3.3848
87856,4.28469
87857,5.0
87858,4.28213
87859,5.0
87860,4.29468
87861,2.09703
87862,3.38281
87863,3.51174
87864,3.87624
87865,3.53721
87866,5.0
87867,4.05456
87868,4.01077
87869,3.98145
87870,4.6833
87871,4.22626
87872,4.71742
87873,2.99438
87874,3.42766
87875,2.99185
87876,4.44809
87877,4.37354
87878,4.39717
87879,3.48292
87880,4.46825
87881,3.19612
87882,3.51423
87883,5.0
87884,3.11031
87885,3.79853
87886,3.74205
87887,4.38448
87888,3.20228
87889,4.19521
87890,3.85772
87891,4.09064
87892,2.84966
87893,3.38359
87894,2.61355
87895,3.99199
87896,3.97834
87897,3.11609
87898,3.0189
87899,5.0
87900,3.94218
87901,4.02266
87902,2.91769
87903,3.6196
87904,3.35747
87905,4.88377
87906,3.68063
87907,2.56406
87908,3.26222
87909,4.56182
87910,4.26551
87911,3.41313
87912,3.64722
87913,4.30025
87914,2.4961
87915,2.53252
87916,4.086
87917,2.17395
87918,4.60149
87919,4.81076
87920,4.71852
87921,4.25988
87922,4.29158
87923,4.20523
87924,4.161
87925,4.55386
87926,3.4601
87927,4.24946
87928,3.29526
87929,4.32519
87930,3.34952
87931,3.78234
87932,3.65244
87933,2.43176
87934,4.2437
87935,4.30396
87936,3.89188
87937,3.61368
87938,3.39427
87939,3.47878
87940,3.25331
87941,4.48253
87942,3.00416
87943,4.39394
87944,4.14665
87945,4.13854
87946,4.14747
87947,3.35444
87948,3.7966
87949,3.36904
87950,4.07805
87951,4.73319
87952,4.28396
87953,2.95515
87954,2.69312
87955,4.31604
87956,2.98468
87957,4.59668
87958,5.0
87959,4.38751
87960,3.35919
87961,3.67623
87962,3.89909
87963,4.48448
87964,2.72114
87965,5.0
87966,4.48056
87967,4.62532
87968,3.00302
87969,1.98192
87970,4.22979
87971,1.37378
87972,3.15826
87973,3.56446
87974,3.83312
87975,4.96378
87976,4.79814
87977,4.9044
87978,3.77046
87979,4.83405
87980,3.52884
87981,3.25741
87982,4.17553
87983,3.99075
87984,4.27876
87985,3.86688
87986,3.96376
87987,4.05851
87988,4.32872
87989,3.46962
87990,2.91824
87991,4.10796
87992,3.63101
87993,4.51563
87994,4.49353
87995,5.0
87996,4.32577
87997,4.54887
87998,3.74348
87999,3.43497
88000,3.94609
88001,4.19032
88002,3.46766
88003,4.75156
88004,4.99075
88005,4.02181
88006,4.06935
88007,3.73843
88008,4.10871
88009,3.90591
88010,4.06062
88011,3.77383
88012,4.17948
88013,4.35418
88014,4.11245
88015,4.86951
88016,4.29291
88017,4.17385
88018,3.64728
88019,4.23947
88020,4.03658
88021,4.46946
88022,3.78704
88023,4.23108
88024,4.65806
88025,3.76929
88026,4.19464
88027,2.99208
88028,3.8611
88029,3.54902
88030,3.94208
88031,4.76986
88032,4.02006
88033,4.01715
88034,3.59222
88035,3.60087
88036,3.74441
88037,4.35208
88038,3.79877
88039,3.74022
88040,3.55925
88041,3.50838
88042,4.89063
88043,4.10928
88044,4.26824
88045,3.4978
88046,4.46677
88047,4.11927
88048,4.8241
88049,3.53338
88050,4.57533
88051,3.63595
88052,4.57385
88053,3.94522
88054,4.34203
88055,3.33493
88056,3.5052
88057,4.5109
88058,3.85176
88059,3.83501
88060,3.30876
88061,3.27537
88062,2.92309
88063,3.35238
88064,4.0557
88065,3.30293
88066,3.52859
88067,3.33973
88068,4.25716
88069,3.58692
88070,2.90458
88071,3.06511
88072,3.66501
88073,3.39077
88074,4.41342
88075,3.52807
88076,3.27697
88077,3.64696
88078,3.17181
88079,3.33933
88080,3.73004
88081,2.35648
88082,2.34844
88083,2.66861
88084,3.52717
88085,1.74104
88086,2.48616
88087,3.71941
88088,3.32576
88089,2.44452
88090,3.44181
88091,3.21945
88092,2.46662
88093,3.8742
88094,3.76395
88095,3.09625
88096,2.37006
88097,3.16133
88098,3.58493
88099,3.33619
88100,2.24421
88101,3.4994
88102,3.53109
88103,2.75091
88104,2.17376
88105,4.03834
88106,3.67491
88107,4.66243
88108,4.2905
88109,4.6664
88110,3.28288
88111,3.86544
88112,4.19858
88113,3.56225
88114,3.91562
88115,4.015
88116,3.61356
88117,4.0859
88118,5.0
88119,4.29486
88120,4.81407
88121,5.0
88122,4.94418
88123,3.78982
88124,4.84619
88125,3.72385
88126,3.84005
88127,3.85696
88128,2.35326
88129,5.0
88130,4.84377
88131,4.62121
88132,1.55645
88133,3.55833
88134,3.10291
88135,4.0226
88136,3.53473
88137,3.29731
88138,1.53719
88139,4.34353
88140,4.98425
88141,2.86638
88142,3.30395
88143,4.61494
88144,4.96577
88145,4.03653
88146,3.65585
88147,4.91093
88148,5.0
88149,2.74741
88150,4.42564
88151,3.68672
88152,4.66211
88153,4.58339
88154,4.12489
88155,5.0
88156,4.07528
88157,4.34415
88158,4.4741
88159,3.07089
88160,2.34288
88161,4.0675
88162,2.83565
88163,3.85727
88164,2.22115
88165,1.15984
88166,2.24985
88167,3.08415
88168,2.04849
88169,3.24106
88170,1.92339
88171,2.55662
88172,2.71706
88173,3.7993
88174,2.3834
88175,1.33166
88176,1.51369
88177,4.17435
88178,2.46633
88179,4.30828
88180,3.76107
88181,4.6596
88182,4.15465
88183,4.10201
88184,5.0
88185,4.39489
88186,3.89832
88187,2.91049
88188,4.75487
88189,3.4954
88190,3.64146
88191,3.70994
88192,5.0
88193,2.67431
88194,3.46693
88195,3.80119
88196,3.51887
88197,4.55501
88198,3.86863
88199,3.53727
88200,4.92229
88201,3.87086
88202,4.58973
88203,4.65946
88204,3.46507
88205,3.8652
88206,3.20893
88207,4.32187
88208,4.75585
88209,4.42277
88210,4.23687
88211,4.56842
88212,3.96804
88213,4.29328
88214,4.7653
88215,1.99887
88216,3.52008
88217,3.18035
88218,4.07496
88219,4.30915
88220,4.20624
88221,4.06952
88222,4.48099
88223,3.71664
88224,2.91885
88225,4.6028
88226,4.83573
88227,5.0
88228,4.76977
88229,4.88035
88230,5.0
88231,4.03245
88232,3.47518
88233,4.49955
88234,3.9251
88235,3.58505
88236,4.27608
88237,4.83945
88238,3.95982
88239,4.57127
88240,4.32872
88241,4.72949
88242,3.88606
88243,4.00403
88244,4.2616
88245,4.54204
88246,2.92602
88247,2.53058
88248,4.34644
88249,5.0
88250,5.0
88251,4.81232
88252,2.97365
88253,2.93098
88254,3.31042
88255,2.74703
88256,3.69582
88257,2.93426
88258,3.59762
88259,3.16449
88260,3.6911
88261,3.36634
88262,3.70041
88263,3.07788
88264,2.83328
88265,4.52471
88266,3.01288
88267,3.54041
88268,4.41314
88269,5.0
88270,4.52559
88271,3.07122
88272,3.21803
88273,5.0
88274,3.44252
88275,3.84024
88276,4.00879
88277,4.27706
88278,3.54305
88279,4.14362
88280,3.69921
88281,3.18475
88282,3.71012
88283,3.77368
88284,3.74992
88285,3.05437
88286,3.83013
88287,3.50326
88288,2.83807
88289,4.12055
88290,3.3233
88291,3.57704
88292,3.2614
88293,4.00361
88294,3.45246
88295,3.63143
88296,3.7818
88297,2.6198
88298,4.56877
88299,3.04369
88300,3.95874
88301,3.54949
88302,2.92529
88303,4.02937
88304,4.45516
88305,2.11446
88306,4.49997
88307,4.30906
88308,3.57589
88309,4.46197
88310,3.22968
88311,3.38841
88312,2.87281
88313,2.89487
88314,3.36159
88315,3.54438
88316,3.6645
88317,3.24991
88318,3.16414
88319,2.93675
88320,3.20212
88321,3.3974
88322,3.83289
88323,4.02308
88324,3.72213
88325,3.72195
88326,2.31007
88327,2.96639
88328,3.77471
88329,4.39846
88330,3.51108
88331,3.67842
88332,3.53597
88333,4.2781
88334,2.78742
88335,4.46038
88336,3.04214
88337,3.5146
88338,4.08041
88339,3.96154
88340,3.61335
88341,3.82248
88342,3.77072
88343,3.1084
88344,3.53733
88345,3.85854
88346,4.22447
88347,3.09713
88348,3.28499
88349,3.66687
88350,2.21243
88351,3.32769
88352,3.75442
88353,3.86869
88354,2.39699
88355,3.59671
88356,3.28576
88357,3.0729
88358,1.33404
88359,2.70656
88360,2.44773
88361,2.11048
88362,1.0
88363,4.74231
88364,4.12748
88365,2.37684
88366,4.75909
88367,3.52359
88368,4.6024
88369,3.834
88370,3.68462
88371,4.3375
88372,4.6634
88373,3.56616
88374,3.0987
88375,3.82612
88376,3.66885
88377,4.04404
88378,3.9225
88379,3.15597
88380,4.50175
88381,4.24636
88382,5.0
88383,2.91243
88384,4.15101
88385,4.55898
88386,3.78702
88387,5.0
88388,4.27403
88389,3.98451
88390,4.20311
88391,4.57777
88392,4.91006
88393,4.91139
88394,4.7775
88395,3.53776
88396,3.82254
88397,4.37885
88398,4.3179
88399,4.36147
88400,4.54878
88401,3.93623
88402,3.51862
88403,3.93173
88404,4.49133
88405,3.50864
88406,4.4152
88407,4.64711
88408,2.55658
88409,3.19451
88410,3.76389
88411,3.81615
88412,4.33318
88413,3.46662
88414,4.94333
88415,3.93531
88416,3.42743
88417,3.84537
88418,4.00723
88419,3.8705
88420,3.79468
88421,4.65176
88422,4.42417
88423,4.10886
88424,3.4126
88425,3.64154
88426,3.85818
88427,3.0516
88428,4.1253
88429,3.75896
88430,3.97901
88431,3.76851
88432,4.45465
88433,4.25795
88434,4.0693
88435,3.38392
88436,1.71863
88437,3.4746
88438,3.84082
88439,3.94334
88440,3.77814
88441,3.59372
88442,3.27895
88443,3.95032
88444,3.34108
88445,2.91162
88446,4.1134
88447,3.21238
88448,3.80378
88449,3.26517
88450,4.86444
88451,3.58539
88452,4.00904
88453,4.26549
88454,3.74881
88455,3.84194
88456,3.57171
88457,4.11403
88458,3.72648
88459,3.39101
88460,4.06758
88461,4.17051
88462,4.14919
88463,4.34508
88464,3.85128
88465,4.22462
88466,4.39171
88467,3.81377
88468,5.0
88469,5.0
88470,4.32905
88471,5.0
88472,4.34287
88473,3.26625
88474,2.81143
88475,3.2287
88476,3.96643
88477,2.88134
88478,3.58301
88479,3.66509
88480,1.93135
88481,3.57347
88482,3.97163
88483,3.9231
88484,3.77729
88485,3.88464
88486,4.05928
88487,3.43258
88488,3.76828
88489,3.12501
88490,4.0932
88491,2.60865
88492,2.88223
88493,3.60301
88494,3.00324
88495,2.6694
88496,4.57637
88497,5.0
88498,2.74174
88499,3.34586
88500,3.55899
88501,4.54295
88502,3.02145
88503,3.24241
88504,4.0743
88505,3.53318
88506,3.84173
88507,2.88642
88508,4.77154
88509,3.97555
88510,3.25854
88511,4.73284
88512,3.54917
88513,3.21207
88514,4.61959
88515,1.87863
88516,3.17473
88517,4.5461
88518,2.98786
88519,4.55747
88520,3.59384
88521,3.36677
88522,4.36678
88523,3.36633
88524,4.30761
88525,2.48547
88526,2.19155
88527,4.34738
88528,3.43234
88529,4.18537
88530,3.88953
88531,3.89781
88532,3.01079
88533,4.15363
88534,3.75141
88535,2.60272
88536,2.75785
88537,3.54974
88538,2.02448
88539,2.65785
88540,3.46171
88541,3.21868
88542,3.05477
88543,4.29446
88544,3.54811
88545,2.28633
88546,2.13084
88547,4.35854
88548,3.42638
88549,2.86147
88550,1.74275
88551,3.40278
88552,2.48826
88553,1.82363
88554,2.48018
88555,3.85101
88556,3.11585
88557,3.71916
88558,4.1174
88559,3.00898
88560,3.76396
88561,3.62513
88562,4.07031
88563,2.73414
88564,4.4985
88565,4.55553
88566,4.46962
88567,4.17207
88568,3.63746
88569,4.1226
88570,4.71897
88571,3.74926
88572,3.97243
88573,4.21439
88574,3.57343
88575,4.79446
88576,3.52686
88577,4.1636
88578,3.90392
88579,3.51738
88580,3.67179
88581,4.1034
88582,4.17379
88583,5.0
88584,5.0
88585,3.09596
88586,2.75677
88587,1.0
88588,3.13574
88589,4.37319
88590,3.0502
88591,4.31799
88592,3.78594
88593,1.9525
88594,2.68415
88595,2.89432
88596,3.07942
88597,4.22479
88598,5.0
88599,3.48665
88600,3.12281
88601,1.88922
88602,2.93903
88603,3.28775
88604,4.36901
88605,4.39711
88606,1.954
88607,4.51618
88608,3.44822
88609,3.55527
88610,4.20102
88611,4.31889
88612,3.61129
88613,2.91688
88614,4.03273
88615,3.83642
88616,3.33903
88617,3.53463
88618,4.17072
88619,3.79491
88620,3.636
88621,4.2558
88622,3.86402
88623,4.21681
88624,4.17116
88625,4.49422
88626,3.80637
88627,3.62855
88628,3.98688
88629,3.60152
88630,4.5186
88631,3.94871
88632,3.3503
88633,3.65827
88634,3.39248
88635,3.80074
88636,4.23549
88637,4.15302
88638,3.81587
88639,4.04899
88640,4.055
88641,5.0
88642,2.86922
88643,3.70833
88644,4.03145
88645,3.3231
88646,3.57188
88647,3.0335
88648,3.20725
88649,3.89409
88650,4.08917
88651,3.73877
88652,3.14302
88653,4.18038
88654,3.4817
88655,3.88065
88656,3.78709
88657,3.78059
88658,3.53409
88659,3.23196
88660,3.05542
88661,3.44768
88662,2.64203
88663,3.60294
88664,2.99157
88665,2.86682
88666,3.59748
88667,3.13172
88668,4.26792
88669,3.69178
88670,3.692
88671,3.90608
88672,2.37098
88673,3.42047
88674,2.67763
88675,4.55263
88676,3.65426
88677,4.13468
88678,4.3353
88679,3.49148
88680,4.04854
88681,3.26516
88682,3.75393
88683,3.26167
88684,3.80507
88685,3.28518
88686,4.55435
88687,2.97044
88688,3.99897
88689,3.49337
88690,4.75442
88691,4.04518
88692,3.82665
88693,3.49528
88694,4.11558
88695,4.21728
88696,5.0
88697,3.36267
88698,4.75762
88699,3.61553
88700,3.36341
88701,3.84763
88702,3.65478
88703,4.79942
88704,3.79932
88705,4.65605
88706,3.93703
88707,2.88351
88708,4.34885
88709,4.37336
88710,4.26351
88711,3.79301
88712,3.90987
88713,4.03498
88714,2.45824
88715,2.81221
88716,5.0
88717,4.32758
88718,4.1296
88719,2.49505
88720,2.53182
88721,3.77698
88722,3.23872
88723,3.75299
88724,4.36875
88725,4.31294
88726,4.05452
88727,2.41913
88728,3.89503
88729,2.9311
88730,3.34485
88731,4.58219
88732,3.35821
88733,3.27802
88734,3.85957
88735,3.1071
88736,3.50973
88737,3.46705
88738,3.54168
88739,2.6705
88740,3.67379
88741,2.89655
88742,3.18412
88743,3.72834
88744,3.46373
88745,3.14283
88746,2.86739
88747,4.22152
88748,4.07298
88749,4.56131
88750,2.91495
88751,3.59383
88752,3.91468
88753,2.68342
88754,2.82426
88755,3.99968
88756,2.54181
88757,2.87577
88758,2.59507
88759,4.49285
88760,4.41382
88761,2.14048
88762,4.33508
88763,4.5709
88764,4.44576
88765,2.99775
88766,4.2386
88767,3.85418
88768,2.79843
88769,4.17508
88770,3.6551
88771,4.07992
88772,3.78998
88773,4.27441
88774,4.70187
88775,3.70844
88776,3.72217
88777,4.07974
88778,3.34456
88779,3.90305
88780,4.06131
88781,4.14474
88782,4.12865
88783,4.1428
88784,4.08158
88785,4.05762
88786,3.77769
88787,3.64256
88788,4.11166
88789,3.15554
88790,4.32698
88791,4.45447
88792,3.15124
88793,4.35388
88794,4.58233
88795,4.54532
88796,3.96025
88797,3.38623
88798,3.9035
88799,3.41331
88800,4.5989
88801,4.14619
88802,3.22822
88803,4.10022
88804,3.59031
88805,4.52403
88806,3.47434
88807,4.47314
88808,4.28034
88809,5.0
88810,3.99484
88811,3.55775
88812,4.29706
88813,5.0
88814,3.50638
88815,3.21115
88816,3.61851
88817,3.3906
88818,3.74521
88819,4.33807
88820,4.06643
88821,3.33977
88822,3.71065
88823,4.09511
88824,3.35266
88825,3.25554
88826,3.41688
88827,3.47942
88828,3.82792
88829,3.13458
88830,3.89546
88831,3.84631
88832,3.56528
88833,2.30143
88834,1.94262
88835,2.88409
88836,4.40921
88837,2.85668
88838,3.68629
88839,2.70445
88840,2.56654
88841,1.21775
88842,3.75545
88843,3.72606
88844,3.91899
88845,2.85773
88846,3.22965
88847,2.46172
88848,2.47026
88849,3.54215
88850,3.3518
88851,3.64722
88852,2.97606
88853,2.40119
88854,2.47641
88855,2.14879
88856,3.51547
88857,1.7787
88858,3.59327
88859,1.35076
88860,3.59087
88861,1.0
88862,1.33318
88863,2.09343
88864,1.23448
88865,2.07559
88866,2.81526
88867,2.93189
88868,3.27087
88869,3.6546
88870,1.63771
88871,3.0374
88872,2.89009
88873,1.77002
88874,3.50465
88875,2.76784
88876,2.08293
88877,4.22357
88878,1.13244
88879,3.17684
88880,1.98009
88881,3.93103
88882,3.40794
88883,2.98966
88884,3.9847
88885,3.59732
88886,2.34569
88887,2.36769
88888,1.60706
88889,1.87497
88890,3.84203
88891,1.8986
88892,3.07774
88893,3.53298
88894,1.14714
88895,2.61144
88896,2.14428
88897,1.0
88898,2.69994
88899,3.70955
88900,4.62401
88901,1.9195
88902,4.23818
88903,2.16813
88904,3.23468
88905,3.86526
88906,4.05485
88907,3.78976
88908,3.39679
88909,4.05512
88910,3.36129
88911,1.9259
88912,3.03519
88913,3.26563
88914,3.62928
88915,3.01449
88916,2.0442
88917,3.62445
88918,2.07832
88919,2.22296
88920,1.27732
88921,2.24531
88922,3.67384
88923,1.89491
88924,1.84096
88925,3.42549
88926,3.42621
88927,3.10204
88928,3.11759
88929,3.44456
88930,1.85673
88931,2.52735
88932,4.2656
88933,3.6073
88934,3.1346
88935,2.02851
88936,2.49864
88937,4.14493
88938,3.64827
88939,3.22436
88940,2.70006
88941,2.86999
88942,1.0
88943,1.87216
88944,1.0
88945,1.86362
88946,2.1472
88947,2.12486
88948,2.28794
88949,2.30843
88950,3.22052
88951,1.55945
88952,2.22994
88953,2.74582
88954,3.08757
88955,2.38697
88956,1.60151
88957,3.73746
88958,2.48901
88959,3.66208
88960,2.50678
88961,3.19835
88962,3.26404
88963,2.1307
88964,2.97496
88965,4.86692
88966,3.09074
88967,2.65514
88968,2.66899
88969,4.23697
88970,3.11236
88971,4.59683
88972,4.05451
88973,3.93425
88974,3.99008
88975,3.94355
88976,3.99632
88977,2.88236
88978,4.03
88979,4.29751
88980,4.13668
88981,4.28897
88982,2.82918
88983,3.94388
88984,3.4217
88985,4.09952
88986,3.89196
88987,3.81089
88988,3.50362
88989,5.0
88990,3.41402
88991,3.93559
88992,4.85964
88993,3.02187
88994,1.95474
88995,4.76106
88996,1.47681
88997,4.2391
88998,4.05022
88999,3.33201
89000,4.60995
89001,3.83524
89002,4.81516
89003,4.07389
89004,4.61901
89005,4.2138
89006,4.8661
89007,4.04861
89008,4.29102
89009,4.32975
89010,3.31142
89011,3.70173
89012,4.27137
89013,4.45055
89014,3.74024
89015,4.44444
89016,3.67284
89017,4.51808
89018,4.51382
89019,3.89004
89020,4.02068
89021,3.48469
89022,4.42362
89023,4.11862
89024,3.62106
89025,3.82178
89026,3.70316
89027,4.26601
89028,4.00528
89029,4.31856
89030,4.09014
89031,4.85973
89032,5.0
89033,3.71082
89034,4.03726
89035,3.72196
89036,4.53046
89037,3.49195
89038,4.17249
89039,4.1988
89040,3.61861
89041,4.78667
89042,3.27074
89043,4.0624
89044,4.30574
89045,2.5951
89046,3.4715
89047,3.43852
89048,3.69826
89049,2.90378
89050,3.65089
89051,3.68803
89052,3.60347
89053,4.45885
89054,3.72769
89055,4.11581
89056,4.18978
89057,4.22687
89058,3.87788
89059,4.49756
89060,4.62818
89061,3.84343
89062,3.23702
89063,3.34626
89064,3.25179
89065,2.6392
89066,3.83546
89067,4.52565
89068,3.73815
89069,3.72663
89070,3.85277
89071,3.57302
89072,3.74265
89073,3.61397
89074,4.13384
89075,4.54434
89076,2.87192
89077,1.90973
89078,2.95666
89079,4.37387
89080,4.56832
89081,4.28613
89082,4.28626
89083,2.84889
89084,3.49477
89085,3.92795
89086,4.2763
89087,4.10909
89088,2.21491
89089,3.55006
89090,4.21503
89091,2.85927
89092,5.0
89093,4.41168
89094,3.82063
89095,4.91213
89096,3.70078
89097,2.85531
89098,3.59975
89099,3.61657
89100,3.63003
89101,3.25571
89102,3.51923
89103,4.81833
89104,3.61458
89105,4.31158
89106,2.43008
89107,5.0
89108,4.51637
89109,2.96757
89110,5.0
89111,4.51817
89112,4.42722
89113,4.72901
89114,2.51109
89115,4.59942
89116,4.94909
89117,4.05728
89118,3.6725
89119,3.23468
89120,3.73947
89121,4.82703
89122,3.54495
89123,4.03543
89124,4.10634
89125,4.37361
89126,3.00799
89127,3.47983
89128,3.94407
89129,4.02406
89130,3.76772
89131,4.40405
89132,3.51484
89133,3.69788
89134,4.73487
89135,3.76187
89136,2.93084
89137,3.78283
89138,4.65355
89139,3.89357
89140,4.5898
89141,3.56985
89142,3.02879
89143,3.28085
89144,3.6847
89145,2.7115
89146,2.89616
89147,3.25333
89148,4.43715
89149,3.73372
89150,3.61319
89151,3.57081
89152,3.36918
89153,2.84872
89154,2.99399
89155,3.45852
89156,2.51696
89157,2.48575
89158,3.95592
89159,3.34747
89160,3.24464
89161,3.27989
89162,3.8836
89163,3.45202
89164,3.84448
89165,2.09999
89166,3.67337
89167,4.021
89168,3.83709
89169,4.11921
89170,3.56956
89171,2.08733
89172,3.64539
89173,3.74212
89174,2.7877
89175,4.02641
89176,4.35959
89177,4.46595
89178,3.00951
89179,3.46126
89180,3.39088
89181,3.65619
89182,3.32485
89183,2.65705
89184,4.07106
89185,3.15652
89186,3.49917
89187,3.91402
89188,3.63683
89189,4.25695
89190,3.16011
89191,3.46186
89192,2.64633
89193,4.13694
89194,2.09373
89195,3.02628
89196,3.91035
89197,3.31736
89198,2.30261
89199,3.44283
89200,3.71029
89201,3.77793
89202,3.61296
89203,3.08376
89204,3.64464
89205,3.25873
89206,4.0667
89207,3.4637
89208,3.7409
89209,3.68564
89210,4.72622
89211,3.12066
89212,3.42278
89213,3.32303
89214,2.95757
89215,3.11163
89216,3.11325
89217,3.66525
89218,4.01819
89219,3.50783
89220,2.85247
89221,3.23117
89222,3.63977
89223,2.67583
89224,3.15015
89225,2.96556
89226,3.71625
89227,3.7492
89228,4.539
89229,4.55891
89230,4.46548
89231,4.74777
89232,3.60716
89233,4.14702
89234,2.90419
89235,3.79423
89236,4.22397
89237,4.25787
89238,4.32419
89239,3.19328
89240,4.13248
89241,3.89906
89242,4.98874
89243,4.27507
89244,4.08233
89245,2.63127
89246,3.54949
89247,3.41851
89248,3.84669
89249,3.16139
89250,3.15189
89251,3.8456
89252,3.86831
89253,3.63849
89254,3.5242
89255,3.19873
89256,3.23736
89257,3.73931
89258,2.56056
89259,2.57019
89260,3.28621
89261,2.81878
89262,4.56737
89263,2.66373
89264,4.5038
89265,3.96024
89266,2.51709
89267,3.33479
89268,3.38284
89269,4.70199
89270,3.38444
89271,3.2868
89272,4.01449
89273,2.51912
89274,3.71339
89275,3.46501
89276,3.13264
89277,3.34854
89278,2.97727
89279,3.53897
89280,3.82697
89281,2.57942
89282,2.40617
89283,3.43775
89284,2.3405
89285,2.68404
89286,4.03562
89287,3.38564
89288,3.74312
89289,3.42287
89290,3.13439
89291,3.76588
89292,4.20793
89293,3.85584
89294,2.41302
89295,3.9424
89296,2.38549
89297,3.48892
89298,3.71187
89299,2.48244
89300,3.63315
89301,3.48014
89302,3.70313
89303,3.23734
89304,3.65539
89305,3.19593
89306,4.01298
89307,3.65453
89308,4.32075
89309,3.96051
89310,2.72605
89311,3.07204
89312,4.02627
89313,4.55285
89314,3.74183
89315,3.60254
89316,2.71252
89317,3.68909
89318,4.08634
89319,4.23946
89320,3.49319
89321,2.90859
89322,3.54366
89323,4.22516
89324,3.87928
89325,3.62707
89326,3.69702
89327,1.64763
89328,2.77847
89329,3.02935
89330,3.82923
89331,2.28338
89332,3.08188
89333,4.13458
89334,3.91034
89335,3.12283
89336,3.08538
89337,3.5073
89338,3.97517
89339,3.67218
89340,2.20117
89341,3.62821
89342,3.93121
89343,3.4846
89344,3.43197
89345,3.65896
89346,3.9955
89347,2.61122
89348,2.93637
89349,3.64588
89350,3.21085
89351,3.64031
89352,2.73759
89353,3.57704
89354,2.46718
89355,3.46498
89356,4.25065
89357,2.9597
89358,4.71087
89359,3.74134
89360,4.58754
89361,4.20353
89362,2.88061
89363,4.6352
89364,3.76834
89365,3.28346
89366,3.22467
89367,4.14233
89368,3.43816
89369,2.32182
89370,4.76955
89371,4.25773
89372,3.83164
89373,4.46289
89374,4.75522
89375,4.38886
89376,4.44212
89377,4.30573
89378,2.34239
89379,2.93754
89380,3.64733
89381,3.73047
89382,3.56209
89383,4.1686
89384,4.4577
89385,3.58095
89386,3.58949
89387,4.9951
89388,2.63851
89389,2.80078
89390,1.05829
89391,3.63147
89392,3.38778
89393,3.01571
89394,4.10779
89395,2.84264
89396,4.15585
89397,3.65239
89398,2.84767
89399,4.31429
89400,4.25306
89401,4.20462
89402,1.62747
89403,3.57254
89404,4.11035
89405,4.06457
89406,4.18307
89407,1.44726
89408,4.63057
89409,3.43231
89410,3.41873
89411,3.5497
89412,3.76316
89413,4.23101
89414,2.71961
89415,3.61183
89416,4.71868
89417,3.62874
89418,3.92015
89419,3.62718
89420,3.33358
89421,4.5576
89422,4.30246
89423,3.45368
89424,4.3717
89425,3.60655
89426,3.34931
89427,2.74416
89428,4.18687
89429,4.30445
89430,4.04745
89431,4.53183
89432,4.15847
89433,5.0
89434,4.59154
89435,4.96437
89436,4.32725
89437,4.21997
89438,4.22315
89439,5.0
89440,4.52671
89441,4.15306
89442,4.71255
89443,3.51041
89444,3.4567
89445,4.31338
89446,3.83721
89447,4.396
89448,3.25052
89449,3.93609
89450,2.57314
89451,3.27612
89452,3.76069
89453,3.56567
89454,3.13747
89455,3.37486
89456,4.16984
89457,3.65846
89458,3.7141
89459,2.12206
89460,3.82591
89461,4.4325
89462,4.15834
89463,1.69823
89464,3.02048
89465,5.0
89466,2.05169
89467,4.60201
89468,4.36098
89469,4.04119
89470,3.84793
89471,4.39822
89472,4.13598
89473,2.93725
89474,3.7403
89475,4.45961
89476,3.97965
89477,3.56733
89478,4.34148
89479,4.24051
89480,3.92376
89481,4.15324
89482,3.37029
89483,3.75361
89484,2.98185
89485,2.3313
89486,3.27896
89487,4.55461
89488,4.40015
89489,2.71383
89490,3.64941
89491,4.45102
89492,3.24081
89493,2.31038
89494,2.5748
89495,1.88797
89496,2.35886
89497,4.10503
89498,3.94826
89499,4.31831
89500,4.20664
89501,3.12242
89502,3.72417
89503,3.36966
89504,3.28974
89505,3.80605
89506,2.39321
89507,4.11908
89508,3.54907
89509,3.47696
89510,3.84067
89511,3.35888
89512,3.14119
89513,4.21118
89514,3.42891
89515,2.933
89516,3.17565
89517,4.17926
89518,3.37535
89519,4.13046
89520,4.27178
89521,4.00825
89522,3.82789
89523,3.87708
89524,4.49446
89525,4.65503
89526,2.24569
89527,2.93979
89528,3.21667
89529,2.93123
89530,3.96783
89531,3.54102
89532,3.00419
89533,3.17215
89534,3.91426
89535,4.77548
89536,2.67603
89537,4.58803
89538,2.7977
89539,3.29019
89540,3.83704
89541,3.60964
89542,3.98553
89543,3.3894
89544,3.85702
89545,3.46301
89546,3.83088
89547,1.62498
89548,4.20272
89549,4.93654
89550,5.0
89551,4.2797
89552,3.76376
89553,3.02085
89554,3.36354
89555,2.51752
89556,4.01561
89557,4.04824
89558,3.50368
89559,2.94007
89560,4.40332
89561,4.96955
89562,3.3238
89563,4.04629
89564,4.75324
89565,4.65424
89566,4.45324
89567,4.6971
89568,4.52284
89569,4.26329
89570,2.65746
89571,3.91197
89572,4.4305
89573,3.62766
89574,4.54571
89575,4.72095
89576,4.4198
89577,4.01401
89578,3.8438
89579,4.85077
89580,4.59103
89581,4.46101
89582,4.11099
89583,4.29534
89584,4.82461
89585,4.05954
89586,2.49979
89587,2.66234
89588,2.816
89589,4.51181
89590,3.15346
89591,2.50814
89592,2.78705
89593,4.00959
89594,3.45595
89595,3.4317
89596,3.73677
89597,3.21795
89598,5.0
89599,4.79121
89600,4.39713
89601,3.85572
89602,2.95412
89603,3.54785
89604,3.16488
89605,2.21395
89606,3.8239
89607,4.16893
89608,3.45041
89609,4.14705
89610,3.24007
89611,4.54303
89612,3.7733
89613,3.56633
89614,4.27527
89615,3.44262
89616,4.00219
89617,3.78267
89618,3.70051
89619,3.96811
89620,3.55382
89621,3.06863
89622,4.55377
89623,4.31282
89624,1.41797
89625,2.16256
89626,4.18959
89627,2.63567
89628,2.75066
89629,4.69845
89630,2.28321
89631,3.21188
89632,4.42502
89633,2.83532
89634,3.4466
89635,3.3349
89636,4.44401
89637,4.14541
89638,4.1758
89639,4.34863
89640,4.08395
89641,2.67232
89642,1.0
89643,3.41111
89644,2.59175
89645,1.48543
89646,3.84797
89647,3.01532
89648,2.28785
89649,3.14792
89650,3.15114
89651,2.26521
89652,2.24431
89653,3.62574
89654,2.63453
89655,1.0
89656,2.09744
89657,3.4528
89658,3.33544
89659,3.63452
89660,4.41577
89661,4.22737
89662,4.28928
89663,3.6915
89664,2.99123
89665,4.61206
89666,3.2686
89667,4.12089
89668,4.25287
89669,4.08982
89670,4.51708
89671,4.747
89672,3.71809
89673,4.39428
89674,4.08274
89675,3.96764
89676,4.34257
89677,2.72707
89678,1.66503
89679,3.3779
89680,3.16972
89681,3.94665
89682,4.19549
89683,3.62262
89684,3.07458
89685,4.35729
89686,3.71021
89687,4.44652
89688,5.0
89689,5.0
89690,4.28686
89691,3.16773
89692,4.60374
89693,3.17838
89694,3.83237
89695,4.03216
89696,3.77924
89697,3.75155
89698,3.95324
89699,3.84017
89700,4.32774
89701,3.767
89702,4.1507
89703,3.94018
89704,4.23532
89705,2.68728
89706,4.13689
89707,3.85634
89708,4.61488
89709,3.38203
89710,4.01477
89711,3.3672
89712,3.70962
89713,4.20238
89714,3.74331
89715,3.37553
89716,3.94497
89717,2.59326
89718,3.53926
89719,3.50636
89720,3.57672
89721,3.0583
89722,3.99212
89723,3.47759
89724,2.99325
89725,4.3322
89726,3.43156
89727,4.29242
89728,4.31453
89729,2.14723
89730,3.45346
89731,3.4235
89732,3.51693
89733,3.40801
89734,2.45431
89735,3.6469
89736,2.86249
89737,3.37664
89738,1.66627
89739,3.83693
89740,4.0217
89741,4.45182
89742,4.94287
89743,4.75406
89744,5.0
89745,4.2858
89746,4.76918
89747,4.97538
89748,4.55382
89749,3.48863
89750,4.18084
89751,5.0
89752,4.36595
89753,3.62841
89754,4.432
89755,3.97698
89756,3.92545
89757,3.62743
89758,4.06746
89759,4.4514
89760,4.40575
89761,3.96924
89762,2.34441
89763,4.44368
89764,3.28399
89765,3.89395
89766,3.77709
89767,4.01827
89768,3.44252
89769,3.93806
89770,4.88684
89771,4.95229
89772,4.82511
89773,3.86851
89774,4.2887
89775,3.96391
89776,4.30612
89777,3.82667
89778,4.064
89779,3.5718
89780,4.62714
89781,3.74644
89782,4.50231
89783,3.75455
89784,4.91569
89785,3.39153
89786,2.78324
89787,4.20479
89788,4.21236
89789,4.0398
89790,3.80105
89791,3.86636
89792,3.95657
89793,3.18846
89794,4.05999
89795,4.78901
89796,4.6906
89797,3.23631
89798,2.95724
89799,4.36553
89800,4.39606
89801,4.77754
89802,3.54255
89803,5.0
89804,2.83678
89805,3.66037
89806,4.37802
89807,4.55481
89808,4.27237
89809,5.0
89810,3.33296
89811,3.19889
89812,3.10941
89813,4.4285
89814,2.88671
89815,5.0
89816,3.84716
89817,3.0793
89818,3.9904
89819,4.88664
89820,4.49321
89821,3.64993
89822,4.76335
89823,4.47024
89824,3.99236
89825,4.7064
89826,4.53899
89827,4.55092
89828,4.3471
89829,3.99158
89830,3.14578
89831,4.46818
89832,4.26798
89833,4.70375
89834,4.70436
89835,4.72944
89836,4.81646
89837,4.50112
89838,4.60979
89839,4.75627
89840,3.61744
89841,3.75033
89842,3.85255
89843,3.07321
89844,3.10703
89845,1.90025
89846,2.44316
89847,2.52052
89848,3.15613
89849,3.06143
89850,3.51817
89851,3.6095
89852,1.841
89853,2.48969
89854,1.83278
89855,2.82783
89856,3.59669
89857,3.38081
89858,2.32584
89859,3.41155
89860,3.65767
89861,4.03346
89862,3.25315
89863,3.29663
89864,3.12371
89865,3.32093
89866,4.10824
89867,3.01956
89868,2.89882
89869,3.85334
89870,3.672
89871,3.19509
89872,2.8666
89873,3.39534
89874,3.16079
89875,2.94488
89876,3.67384
89877,3.58241
89878,2.56487
89879,3.4912
89880,2.03386
89881,3.37568
89882,2.95008
89883,2.84101
89884,3.57719
89885,2.0399
89886,3.55491
89887,3.02401
89888,4.03796
89889,2.61418
89890,2.61902
89891,3.0894
89892,2.24247
89893,3.13108
89894,2.12087
89895,3.7962
89896,3.95904
89897,3.07969
89898,2.64959
89899,2.91132
89900,2.82558
89901,2.39421
89902,1.86812
89903,2.94728
89904,2.61116
89905,3.69058
89906,2.65317
89907,3.40615
89908,2.7072
89909,3.44431
89910,2.60928
89911,2.87085
89912,2.86424
89913,3.71672
89914,2.0222
89915,4.7355
89916,4.83176
89917,4.90271
89918,3.60007
89919,4.04032
89920,3.89735
89921,3.16511
89922,3.76656
89923,4.31073
89924,4.47026
89925,4.57734
89926,4.0833
89927,4.30387
89928,4.53953
89929,4.2387
89930,3.76099
89931,3.88413
89932,3.06999
89933,3.37302
89934,3.73397
89935,3.63224
89936,3.97938
89937,2.20703
89938,3.0299
89939,4.72231
89940,3.87341
89941,3.71822
89942,3.73673
89943,3.60807
89944,2.01437
89945,3.58018
89946,3.47712
89947,2.45204
89948,4.02208
89949,3.5298
89950,2.50774
89951,4.01408
89952,3.37122
89953,4.20904
89954,3.6237
89955,3.67603
89956,3.87647
89957,3.60031
89958,2.84256
89959,3.41757
89960,3.86726
89961,3.47127
89962,4.21021
89963,4.04431
89964,3.05483
89965,2.98416
89966,4.21819
89967,2.96173
89968,2.81639
89969,3.32158
89970,2.26439
89971,4.56762
89972,5.0
89973,3.39229
89974,4.62202
89975,4.70167
89976,3.16973
89977,4.46934
89978,4.16471
89979,3.46496
89980,3.59801
89981,4.2997
89982,3.89327
89983,4.12249
89984,3.65543
89985,3.7547
89986,4.01051
89987,4.22322
89988,4.15508
89989,3.93732
89990,4.24335
89991,1.48281
89992,4.51901
89993,4.09999
89994,3.67049
89995,3.93017
89996,3.38819
89997,3.43536
89998,4.31302
89999,4.44832
90000,3.39436
90001,4.51643
90002,2.59683
90003,3.7296
90004,4.27684
90005,3.59041
90006,4.63176
90007,3.8343
90008,4.72398
90009,3.91908
90010,4.4995
90011,3.98786
90012,3.74374
90013,4.81834
90014,3.64748
90015,4.08999
90016,4.15635
90017,4.12029
90018,3.9375
90019,4.21738
90020,4.69233
90021,4.21797
90022,4.25301
90023,3.80093
90024,5.0
90025,3.78238
90026,4.55147
90027,4.16421
90028,3.62602
90029,4.42683
90030,5.0
90031,3.4702
90032,4.29698
90033,4.80952
90034,3.42768
90035,4.34967
90036,3.955
90037,2.63913
90038,3.86453
90039,4.15304
90040,4.12401
90041,3.82215
90042,4.65875
90043,4.31412
90044,1.86157
90045,2.49671
90046,2.37821
90047,3.92743
90048,3.79278
90049,3.64671
90050,3.34625
90051,3.39367
90052,4.0452
90053,4.0875
90054,3.74335
90055,4.07105
90056,4.30651
90057,3.75678
90058,4.07449
90059,3.79527
90060,4.83664
90061,4.38214
90062,4.49927
90063,4.71689
90064,4.47611
90065,4.81548
90066,5.0
90067,3.71694
90068,4.72738
90069,5.0
90070,4.70828
90071,5.0
90072,5.0
90073,4.96473
90074,4.96187
90075,3.95593
90076,5.0
90077,4.33108
90078,4.51442
90079,3.47303
90080,3.62762
90081,4.43712
90082,3.71466
90083,4.73026
90084,3.98147
90085,3.57931
90086,3.62627
90087,4.65117
90088,2.37377
90089,2.30658
90090,3.68723
90091,3.88113
90092,3.40206
90093,1.94734
90094,3.81687
90095,3.89813
90096,4.05535
90097,3.12408
90098,3.14235
90099,3.47199
90100,2.01042
90101,3.92949
90102,3.25477
90103,4.4578
90104,3.04469
90105,2.30809
90106,3.12794
90107,4.49596
90108,3.89721
90109,3.39401
90110,3.60813
90111,2.62889
90112,1.59622
90113,3.83432
90114,3.00186
90115,1.07844
90116,2.41548
90117,3.77581
90118,3.22327
90119,2.68334
90120,3.52779
90121,2.94782
90122,3.82962
90123,4.42725
90124,3.99617
90125,4.45848
90126,4.36922
90127,4.22388
90128,3.9065
90129,3.94609
90130,3.92085
90131,4.14776
90132,4.63352
90133,4.30974
90134,4.67619
90135,2.89162
90136,3.63398
90137,3.74979
90138,2.25647
90139,3.4167
90140,1.51042
90141,3.30083
90142,4.64162
90143,3.94461
90144,3.43667
90145,2.92277
90146,3.23461
90147,3.93976
90148,3.06516
90149,3.92187
90150,3.71736
90151,2.09126
90152,4.04012
90153,3.11189
90154,3.12313
90155,2.29518
90156,2.33771
90157,4.06081
90158,2.78941
90159,3.69711
90160,2.52303
90161,3.53276
90162,3.76457
90163,4.24306
90164,3.38984
90165,3.98984
90166,3.30933
90167,4.2865
90168,3.89754
90169,3.89429
90170,4.2078
90171,4.46795
90172,4.25211
90173,2.46404
90174,3.77152
90175,4.10627
90176,2.42847
90177,2.89628
90178,3.85299
90179,4.26659
90180,2.96369
90181,4.33194
90182,2.52433
90183,3.54333
90184,2.57161
90185,2.94869
90186,4.11155
90187,2.44513
90188,3.33078
90189,3.20622
90190,2.90141
90191,2.96679
90192,3.54662
90193,3.51313
90194,3.73762
90195,1.93339
90196,3.00032
90197,2.33787
90198,3.11122
90199,3.24368
90200,2.8318
90201,3.77872
90202,3.17952
90203,3.94224
90204,3.86152
90205,4.41343
90206,3.04076
90207,3.11749
90208,3.38221
90209,4.07582
90210,2.2631
90211,3.69215
90212,4.7618
90213,3.81378
90214,4.23903
90215,3.45391
90216,3.92842
90217,3.98141
90218,3.37166
90219,3.06488
90220,2.8125
90221,4.41244
90222,3.7321
90223,3.53292
90224,2.95367
90225,4.31815
90226,2.72459
90227,4.18702
90228,3.19009
90229,4.48755
90230,3.10148
90231,4.8534
90232,4.943
90233,4.71741
90234,4.81719
90235,3.54341
90236,4.11765
90237,3.71538
90238,3.44266
90239,2.37975
90240,2.51481
90241,3.44981
90242,2.79422
90243,2.23305
90244,3.14704
90245,2.90194
90246,4.13694
90247,2.6034
90248,4.72313
90249,3.56548
90250,3.46263
90251,3.59683
90252,4.02279
90253,2.04315
90254,2.953
90255,4.17023
90256,4.25151
90257,4.162
90258,4.07535
90259,2.52462
90260,3.62539
90261,3.85727
90262,3.70741
90263,3.6096
90264,3.24165
90265,2.46539
90266,3.80875
90267,2.846
90268,1.87201
90269,2.96873
90270,2.81377
90271,3.54216
90272,4.34892
90273,3.70295
90274,4.41713
90275,3.15417
90276,4.25847
90277,4.01928
90278,4.3914
90279,4.29613
90280,3.56652
90281,4.09758
90282,3.99376
90283,4.23873
90284,3.21425
90285,2.04044
90286,4.24582
90287,2.86729
90288,3.82274
90289,4.08422
90290,4.67581
90291,4.4213
90292,4.11621
90293,4.91277
90294,4.12069
90295,3.9581
90296,3.58077
90297,3.68155
90298,2.99382
90299,2.88939
90300,4.46729
90301,3.72074
90302,3.16435
90303,3.06162
90304,4.20595
90305,3.20343
90306,1.847
90307,4.46556
90308,4.71784
90309,3.20073
90310,4.29398
90311,4.07281
90312,4.13504
90313,4.65477
90314,4.5874
90315,2.97044
90316,4.05544
90317,3.09874
90318,3.18138
90319,3.49072
90320,4.06082
90321,3.74448
90322,3.94315
90323,3.67419
90324,4.33354
90325,3.43823
90326,3.22506
90327,3.93187
90328,4.48597
90329,4.8785
90330,3.35211
90331,4.00838
90332,5.0
90333,4.18269
90334,4.38627
90335,4.41466
90336,4.47425
90337,2.61967
90338,4.80885
90339,4.27481
90340,3.85298
90341,3.96261
90342,3.55713
90343,4.33062
90344,4.42732
90345,3.9446
90346,3.87433
90347,3.36018
90348,3.53685
90349,3.84768
90350,3.43158
90351,4.06939
90352,3.77069
90353,4.25863
90354,4.23224
90355,4.16379
90356,3.75583
90357,3.64096
90358,3.15187
90359,4.13646
90360,3.7586
90361,3.69818
90362,3.85357
90363,4.43248
90364,3.25489
90365,4.32821
90366,3.5958
90367,4.01391
90368,2.9249
90369,3.89459
90370,3.67897
90371,3.21367
90372,4.12674
90373,4.74523
90374,4.62749
90375,4.75656
90376,3.21238
90377,3.77814
90378,4.18083
90379,4.76645
90380,3.89102
90381,4.23291
90382,4.74584
90383,4.44504
90384,4.1307
90385,3.83414
90386,4.29656
90387,3.76597
90388,4.44793
90389,3.42046
90390,3.03705
90391,4.89696
90392,3.95632
90393,4.2646
90394,3.68244
90395,4.0229
90396,4.33577
90397,4.47666
90398,4.403
90399,4.56354
90400,4.41655
90401,4.24072
90402,4.1912
90403,3.16946
90404,4.46363
90405,4.16112
90406,4.0137
90407,4.49443
90408,4.06444
90409,4.3117
90410,4.30113
90411,3.40152
90412,4.11711
90413,3.92962
90414,3.13009
90415,4.03425
90416,3.79496
90417,4.33825
90418,3.53693
90419,4.45924
90420,3.62594
90421,4.16835
90422,3.71618
90423,2.29608
90424,3.85375
90425,3.06873
90426,4.02758
90427,3.54097
90428,2.94343
90429,4.06677
90430,4.27241
90431,4.60793
90432,4.82588
90433,4.24642
90434,4.24847
90435,2.9419
90436,3.18878
90437,3.28765
90438,2.95001
90439,2.66365
90440,4.55552
90441,4.2752
90442,3.31808
90443,3.37018
90444,4.08456
90445,3.59364
90446,3.93005
90447,3.41105
90448,1.94099
90449,3.9845
90450,4.76402
90451,4.62476
90452,4.4131
90453,4.02499
90454,4.3567
90455,4.96511
90456,2.81881
90457,4.81044
90458,3.46336
90459,3.35227
90460,2.7456
90461,3.5907
90462,3.7116
90463,3.88956
90464,4.30526
90465,4.47093
90466,3.62042
90467,4.67304
90468,2.71531
90469,4.6796
90470,4.14511
90471,4.40775
90472,2.96354
90473,3.6895
90474,2.77605
90475,1.86627
90476,3.49993
90477,3.63675
90478,2.95572
90479,3.79943
90480,1.95669
90481,2.87702
90482,2.05979
90483,3.42692
90484,1.83792
90485,4.18367
90486,3.89698
90487,2.6534
90488,2.72333
90489,3.32134
90490,3.18802
90491,3.02497
90492,3.27039
90493,3.83135
90494,2.75218
90495,3.14313
90496,2.76683
90497,2.58348
90498,1.95798
90499,2.57097
90500,2.7606
90501,2.53788
90502,2.50676
90503,3.08712
90504,2.51218
90505,3.33271
90506,4.58088
90507,3.63387
90508,4.20095
90509,3.60946
90510,4.21549
90511,4.33243
90512,4.03731
90513,3.40155
90514,3.74922
90515,4.14623
90516,2.55821
90517,3.67982
90518,2.60846
90519,3.30905
90520,4.25653
90521,3.31866
90522,3.71618
90523,3.52809
90524,4.0648
90525,3.46359
90526,4.57237
90527,4.04814
90528,2.75351
90529,4.09899
90530,4.21603
90531,4.74696
90532,4.46229
90533,4.31677
90534,4.4911
90535,4.61709
90536,4.29796
90537,4.44059
90538,4.71102
90539,1.10522
90540,4.57881
90541,5.0
90542,3.985
90543,3.87446
90544,4.21054
90545,3.70476
90546,3.3084
90547,4.0076
90548,3.75778
90549,2.77544
90550,3.03358
90551,3.66389
90552,4.35856
90553,3.78527
90554,1.47582
90555,3.97293
90556,3.04006
90557,4.06917
90558,3.76694
90559,4.97152
90560,4.56865
90561,3.80986
90562,3.59451
90563,4.25101
90564,3.37632
90565,3.26117
90566,3.01454
90567,2.03086
90568,4.83344
90569,4.06322
90570,3.9688
90571,4.20374
90572,4.31016
90573,2.95222
90574,4.30842
90575,4.46486
90576,3.29458
90577,3.63097
90578,3.44263
90579,2.98156
90580,4.17233
90581,4.08226
90582,3.62078
90583,3.02714
90584,4.08413
90585,3.26034
90586,4.4957
90587,2.53108
90588,4.64299
90589,3.30012
90590,2.49404
90591,4.27648
90592,4.13271
90593,2.23891
90594,3.56072
90595,4.15312
90596,4.57608
90597,3.63825
90598,3.70715
90599,3.05954
90600,3.70121
90601,4.09576
90602,3.7196
90603,3.28211
90604,3.86206
90605,3.19606
90606,3.8462
90607,3.34994
90608,4.08609
90609,3.56519
90610,3.5285
90611,3.7131
90612,3.57596
90613,4.13433
90614,3.59946
90615,3.87114
90616,4.89331
90617,4.50579
90618,3.73373
90619,4.4838
90620,4.28019
90621,4.2889
90622,4.38638
90623,3.71548
90624,3.70263
90625,3.96048
90626,3.82295
90627,2.98938
90628,4.10932
90629,3.03555
90630,3.33282
90631,4.93893
90632,3.72921
90633,3.99535
90634,3.40483
90635,2.43921
90636,3.78205
90637,4.13623
90638,3.53351
90639,4.02516
90640,3.29781
90641,4.15308
90642,3.99855
90643,4.6186
90644,4.70829
90645,4.08157
90646,3.63647
90647,5.0
90648,4.08697
90649,4.66966
90650,4.82386
90651,3.9997
90652,4.45763
90653,3.90691
90654,4.6261
90655,3.56674
90656,4.44553
90657,2.48192
90658,4.19335
90659,3.58357
90660,4.20392
90661,4.53591
90662,3.99659
90663,4.71109
90664,4.86524
90665,4.36431
90666,4.71629
90667,3.00415
90668,3.43322
90669,4.24326
90670,3.17586
90671,3.31216
90672,3.74687
90673,4.20921
90674,3.11867
90675,2.95218
90676,3.76587
90677,4.21994
90678,3.7939
90679,4.0289
90680,3.39407
90681,4.88732
90682,3.56587
90683,4.45749
90684,3.50808
90685,4.69085
90686,4.90882
90687,4.98395
90688,4.82516
90689,4.41404
90690,3.89927
90691,2.11679
90692,2.61008
90693,3.97109
90694,4.0171
90695,4.12275
90696,2.89513
90697,4.05563
90698,4.32647
90699,2.23452
90700,2.90049
90701,4.75587
90702,3.19405
90703,4.04022
90704,2.90362
90705,2.57654
90706,3.91815
90707,3.90129
90708,3.57939
90709,4.7591
90710,2.5646
90711,3.56142
90712,2.54532
90713,3.85871
90714,4.38291
90715,4.65893
90716,5.0
90717,3.99346
90718,3.50467
90719,4.02067
90720,5.0
90721,3.45085
90722,2.78757
90723,4.15243
90724,3.77657
90725,3.69462
90726,3.23455
90727,3.47211
90728,3.05491
90729,2.97796
90730,3.28684
90731,2.48834
90732,3.34422
90733,3.83573
90734,2.49866
90735,3.68477
90736,4.77174
90737,3.91735
90738,4.57018
90739,2.43494
90740,4.60736
90741,3.29704
90742,2.89832
90743,4.50482
90744,4.61685
90745,2.81074
90746,4.16193
90747,3.05366
90748,3.69296
90749,3.83118
90750,4.51436
90751,2.65404
90752,3.94159
90753,3.77458
90754,1.0
90755,2.33555
90756,2.49943
90757,2.81597
90758,2.53753
90759,1.83906
90760,2.90248
90761,2.31856
90762,2.97879
90763,2.80251
90764,3.15316
90765,1.36291
90766,2.98844
90767,3.52655
90768,1.89068
90769,3.7182
90770,3.0971
90771,2.82427
90772,2.376
90773,4.60094
90774,3.26925
90775,2.71216
90776,3.99827
90777,2.4107
90778,3.24075
90779,3.56119
90780,3.7394
90781,2.00883
90782,2.66796
90783,2.62192
90784,2.92422
90785,2.8425
90786,4.35444
90787,3.5993
90788,3.55583
90789,1.79495
90790,3.71104
90791,3.8715
90792,4.11587
90793,4.28337
90794,1.48387
90795,4.41651
90796,2.98346
90797,3.86912
90798,2.3148
90799,3.69821
90800,2.52231
90801,3.94769
90802,2.9948
90803,4.49811
90804,3.46743
90805,1.86531
90806,2.13172
90807,3.94128
90808,3.05402
90809,2.90963
90810,3.39132
90811,3.58525
90812,3.76429
90813,2.45407
90814,2.61288
90815,3.89071
90816,3.18705
90817,3.57874
90818,2.81488
90819,2.24086
90820,4.1309
90821,3.87942
90822,2.1682
90823,4.29934
90824,3.50084
90825,2.39531
90826,3.31654
90827,3.6955
90828,2.99595
90829,2.53356
90830,3.10403
90831,3.03966
90832,3.23907
90833,3.78335
90834,4.3277
90835,4.26899
90836,3.99331
90837,1.48851
90838,2.38301
90839,3.66199
90840,3.27003
90841,3.74886
90842,3.68716
90843,2.97101
90844,3.84235
90845,3.14121
90846,3.93962
90847,4.51263
90848,3.10227
90849,3.2393
90850,4.17005
90851,3.34226
90852,4.49387
90853,4.1215
90854,3.2794
90855,3.63588
90856,3.81408
90857,3.41142
90858,5.0
90859,3.17913
90860,3.84163
90861,3.01959
90862,3.24252
90863,3.82334
90864,3.56585
90865,3.52568
90866,3.57933
90867,3.78131
90868,3.75531
90869,3.4877
90870,4.21283
90871,4.65245
90872,3.85761
90873,4.98729
90874,3.92459
90875,4.56534
90876,4.18191
90877,3.93763
90878,3.86498
90879,2.94862
90880,4.26104
90881,3.8939
90882,4.40888
90883,4.78712
90884,2.81932
90885,3.67309
90886,1.73698
90887,4.04589
90888,3.68642
90889,4.01673
90890,3.94318
90891,4.00499
90892,3.39191
90893,4.63195
90894,4.20551
90895,5.0
90896,3.87623
90897,4.43973
90898,3.98358
90899,4.19314
90900,4.47166
90901,4.24819
90902,3.91765
90903,2.36286
90904,4.19989
90905,1.94081
90906,2.9559
90907,2.08965
90908,3.09611
90909,2.45694
90910,1.56223
90911,2.51495
90912,2.15095
90913,4.48248
90914,3.01058
90915,2.23794
90916,3.04398
90917,1.46654
90918,2.71833
90919,3.08678
90920,1.34803
90921,1.95138
90922,3.55096
90923,3.94895
90924,3.91854
90925,3.26528
90926,3.2038
90927,2.59731
90928,1.8648
90929,4.25006
90930,4.48816
90931,4.39326
90932,4.3048
90933,2.08258
90934,3.56394
90935,3.30445
90936,1.0
90937,2.82928
90938,1.65797
90939,1.78593
90940,4.00052
90941,4.27427
90942,3.59105
90943,2.41788
90944,4.4919
90945,4.06155
90946,3.92273
90947,2.51322
90948,4.10446
90949,3.39443
90950,3.93772
90951,3.56682
90952,4.511
90953,4.15315
90954,1.89709
90955,2.58902
90956,3.80386
90957,4.18264
90958,4.62576
90959,2.86459
90960,3.81385
90961,3.39384
90962,3.34304
90963,4.10138
90964,4.49418
90965,3.43831
90966,3.09366
90967,4.10014
90968,3.60801
90969,5.0
90970,4.37967
90971,4.10272
90972,5.0
90973,4.13577
90974,4.33192
90975,4.62821
90976,4.83607
90977,4.52403
90978,5.0
90979,4.41613
90980,2.84965
90981,4.91348
90982,3.69357
90983,4.56103
90984,3.59713
90985,3.7064
90986,3.52308
90987,3.32701
90988,4.7006
90989,4.00127
90990,4.39537
90991,4.96066
90992,5.0
90993,3.44264
90994,3.74818
90995,4.3733
90996,4.31213
90997,4.70052
90998,3.54879
90999,4.12072
91000,3.94211
91001,4.61629
91002,4.07209
91003,4.57674
91004,4.48689
91005,4.89828
91006,4.29695
91007,4.17388
91008,5.0
91009,4.20056
91010,4.60636
91011,3.70341
91012,4.28216
91013,3.58346
91014,4.83745
91015,3.26904
91016,4.10587
91017,5.0
91018,4.80695
91019,3.79816
91020,2.96905
91021,3.9267
91022,4.60144
91023,4.79221
91024,3.36468
91025,5.0
91026,4.46177
91027,4.42634
91028,4.37852
91029,3.75743
91030,3.70295
91031,4.35365
91032,4.39958
91033,4.27431
91034,2.61438
91035,3.32062
91036,4.49343
91037,4.61578
91038,4.24313
91039,4.08053
91040,4.05888
91041,4.4659
91042,2.96702
91043,3.75413
91044,4.33438
91045,4.48906
91046,3.97564
91047,4.64848
91048,3.58282
91049,2.55901
91050,3.47218
91051,2.91023
91052,3.5964
91053,3.27679
91054,3.7749
91055,3.9463
91056,2.83764
91057,3.00021
91058,3.9193
91059,3.352
91060,3.26915
91061,3.99412
91062,1.90633
91063,4.39152
91064,3.45594
91065,2.74242
91066,2.56021
91067,2.46499
91068,4.80602
91069,3.0445
91070,2.94548
91071,2.94051
91072,3.39256
91073,2.99578
91074,3.41252
91075,3.12419
91076,4.05201
91077,4.19634
91078,3.87989
91079,4.53459
91080,4.67864
91081,4.75126
91082,4.52897
91083,4.67995
91084,4.46717
91085,4.8683
91086,4.64196
91087,4.34772
91088,3.81569
91089,3.93144
91090,4.15354
91091,3.97476
91092,4.78365
91093,3.61883
91094,4.42577
91095,4.09561
91096,4.17953
91097,2.35441
91098,3.53778
91099,4.59798
91100,4.86731
91101,4.04768
91102,3.47516
91103,4.54773
91104,3.54863
91105,4.57041
91106,4.76546
91107,3.71996
91108,4.4663
91109,3.55012
91110,4.1523
91111,4.74166
91112,3.18648
91113,3.75299
91114,4.9912
91115,4.44197
91116,4.51031
91117,4.99148
91118,3.84871
91119,4.3977
91120,4.68028
91121,4.51566
91122,4.2542
91123,4.23941
91124,3.54922
91125,2.8502
91126,3.7319
91127,3.94064
91128,4.07741
91129,2.65454
91130,3.91267
91131,4.50295
91132,4.132
91133,3.14096
91134,4.33887
91135,4.06973
91136,4.35945
91137,4.23048
91138,4.17267
91139,2.80874
91140,3.61902
91141,3.46934
91142,3.98383
91143,4.33749
91144,3.89035
91145,3.65198
91146,5.0
91147,3.72906
91148,4.73269
91149,4.09478
91150,4.08339
91151,3.20074
91152,3.78586
91153,3.93334
91154,4.07707
91155,4.51128
91156,3.84187
91157,4.08787
91158,4.92138
91159,4.18972
91160,4.40136
91161,3.5375
91162,3.8678
91163,3.69239
91164,4.10311
91165,3.71194
91166,4.36801
91167,4.22439
91168,4.02588
91169,3.52038
91170,4.78907
91171,4.43997
91172,4.20005
91173,5.0
91174,4.86893
91175,4.49584
91176,4.83318
91177,1.31948
91178,3.69972
91179,4.37841
91180,4.54889
91181,3.36273
91182,4.9134
91183,3.22763
91184,5.0
91185,3.48004
91186,5.0
91187,1.78567
91188,4.54562
91189,4.44257
91190,3.80811
91191,4.50716
91192,4.26065
91193,4.68863
91194,3.68182
91195,3.40963
91196,4.35356
91197,3.27342
91198,4.43646
91199,3.70614
91200,4.38506
91201,3.92591
91202,4.09116
91203,4.6708
91204,4.90716
91205,3.33785
91206,3.47484
91207,2.87268
91208,2.8965
91209,3.55497
91210,4.27622
91211,3.62639
91212,4.02557
91213,2.65246
91214,3.84773
91215,3.4996
91216,3.91145
91217,4.68594
91218,5.0
91219,5.0
91220,4.6371
91221,3.33621
91222,3.46092
91223,3.50656
91224,3.1624
91225,2.6895
91226,5.0
91227,4.02649
91228,2.64761
91229,4.20971
91230,3.58039
91231,4.68983
91232,4.10001
91233,3.7926
91234,3.36363
91235,4.0383
91236,4.12859
91237,4.46047
91238,4.41603
91239,2.98676
91240,4.25151
91241,4.33066
91242,2.96618
91243,3.79334
91244,4.10696
91245,3.55919
91246,3.67228
91247,3.15329
91248,2.45838
91249,2.29977
91250,3.72743
91251,2.76108
91252,3.37219
91253,2.19242
91254,3.38301
91255,3.89003
91256,3.7953
91257,1.99261
91258,3.12338
91259,3.49425
91260,2.98533
91261,3.60618
91262,4.01757
91263,3.5184
91264,3.35245
91265,3.31676
91266,3.81612
91267,3.30951
91268,3.34849
91269,3.77787
91270,2.84423
91271,4.18362
91272,3.54226
91273,2.63089
91274,2.13826
91275,2.81827
91276,3.0583
91277,3.83115
91278,4.18191
91279,4.24678
91280,3.46967
91281,4.02926
91282,5.0
91283,4.03817
91284,4.03873
91285,3.84712
91286,3.09958
91287,4.10517
91288,3.59571
91289,4.39123
91290,3.81993
91291,4.23558
91292,2.93275
91293,4.24418
91294,4.20826
91295,5.0
91296,4.39487
91297,5.0
91298,3.92827
91299,5.0
91300,4.18301
91301,4.44831
91302,3.83195
91303,3.492
91304,3.92367
91305,3.58954
91306,3.14792
91307,2.93752
91308,3.29903
91309,4.61067
91310,3.36099
91311,3.58889
91312,4.30678
91313,4.43834
91314,4.08334
91315,4.23699
91316,3.73411
91317,4.39204
91318,3.19471
91319,4.63769
91320,2.45618
91321,3.88237
91322,3.44754
91323,4.41843
91324,4.19994
91325,3.89301
91326,3.92655
91327,4.8286
91328,3.26219
91329,3.08966
91330,3.96652
91331,2.76865
91332,3.40545
91333,3.92482
91334,4.44509
91335,4.61278
91336,3.89723
91337,4.21553
91338,4.0312
91339,3.77955
91340,3.47948
91341,3.6995
91342,3.54213
91343,3.69794
91344,3.82279
91345,4.15694
91346,3.47888
91347,4.15059
91348,3.45573
91349,4.66723
91350,4.68442
91351,4.63954
91352,4.80942
91353,4.00556
91354,3.82417
91355,3.5327
91356,3.62536
91357,3.74253
91358,3.79244
91359,4.07621
91360,4.31197
91361,4.16646
91362,3.10196
91363,3.40589
91364,3.62375
91365,3.58125
91366,3.58256
91367,3.30202
91368,3.96426
91369,4.5939
91370,4.21104
91371,4.48719
91372,4.14626
91373,2.55838
91374,4.35972
91375,4.05413
91376,3.02821
91377,3.99264
91378,3.7842
91379,2.73031
91380,3.51488
91381,3.90165
91382,4.47738
91383,4.36619
91384,3.6774
91385,3.66011
91386,4.2574
91387,4.43683
91388,3.00601
91389,3.60126
91390,3.34341
91391,4.01288
91392,3.79678
91393,4.20781
91394,3.38742
91395,4.2583
91396,3.42247
91397,4.78263
91398,3.01432
91399,3.806
91400,4.47528
91401,2.6857
91402,3.5762
91403,4.29372
91404,4.08441
91405,3.30723
91406,3.10295
91407,3.26746
91408,4.31337
91409,3.97682
91410,3.93103
91411,1.5353
91412,3.88127
91413,3.79841
91414,3.70392
91415,2.94303
91416,3.43933
91417,3.65205
91418,4.3045
91419,4.05399
91420,4.23045
91421,3.84265
91422,4.18161
91423,4.57147
91424,4.65752
91425,4.14618
91426,4.04707
91427,2.50217
91428,3.69967
91429,1.33503
91430,3.97341
91431,3.85348
91432,2.6941
91433,3.6434
91434,2.85975
91435,3.8131
91436,2.74614
91437,2.9919
91438,4.64609
91439,4.16453
91440,4.69356
91441,5.0
91442,4.94635
91443,4.31302
91444,4.60088
91445,4.59395
91446,4.61443
91447,3.36574
91448,2.63029
91449,2.72677
91450,3.41774
91451,3.02351
91452,1.47248
91453,3.23192
91454,1.69332
91455,3.87304
91456,1.85824
91457,2.8587
91458,2.38396
91459,3.91784
91460,3.95469
91461,1.91546
91462,3.12358
91463,1.66858
91464,3.03182
91465,4.15396
91466,3.8476
91467,3.69432
91468,3.87314
91469,3.46689
91470,3.26678
91471,3.45675
91472,3.65633
91473,3.92618
91474,1.55758
91475,3.08738
91476,1.79858
91477,2.51374
91478,3.95226
91479,3.23425
91480,1.97236
91481,3.94822
91482,3.8131
91483,3.53116
91484,1.4928
91485,1.90257
91486,4.05242
91487,1.71772
91488,1.81002
91489,3.50904
91490,3.34823
91491,2.97077
91492,3.30175
91493,2.4729
91494,3.6773
91495,3.05928
91496,3.78054
91497,3.41168
91498,4.3334
91499,2.74445
91500,3.94527
91501,3.43974
91502,3.71846
91503,2.94762
91504,3.1447
91505,3.7971
91506,2.769
91507,2.78418
91508,3.42159
91509,2.13162
91510,3.43765
91511,3.74442
91512,3.59126
91513,4.09996
91514,4.25551
91515,3.57464
91516,3.41659
91517,3.21874
91518,3.38507
91519,4.40761
91520,3.74502
91521,3.4395
91522,4.18262
91523,2.83308
91524,2.99497
91525,4.05522
91526,4.61618
91527,3.15091
91528,2.02533
91529,3.57872
91530,2.3682
91531,4.30652
91532,4.01851
91533,3.13363
91534,2.64356
91535,3.43861
91536,3.39807
91537,2.36801
91538,2.85252
91539,3.0975
91540,4.19064
91541,4.57647
91542,4.08926
91543,5.0
91544,3.43719
91545,3.83464
91546,3.39117
91547,4.54078
91548,2.45543
91549,3.84397
91550,3.06692
91551,4.29266
91552,4.00238
91553,3.81062
91554,4.50095
91555,3.81934
91556,4.35947
91557,4.36614
91558,3.59988
91559,4.00984
91560,4.32209
91561,4.29007
91562,3.33319
91563,3.84753
91564,2.37626
91565,4.05143
91566,3.03796
91567,3.71912
91568,2.35949
91569,3.17236
91570,2.64949
91571,2.49633
91572,2.65943
91573,2.91359
91574,3.46765
91575,2.73015
91576,3.58723
91577,3.38413
91578,4.33576
91579,3.78616
91580,3.62515
91581,3.28429
91582,3.77695
91583,2.87942
91584,2.807
91585,2.55764
91586,2.87698
91587,1.24535
91588,3.1491
91589,3.9217
91590,2.76695
91591,3.49166
91592,3.14501
91593,3.75911
91594,2.20049
91595,3.35016
91596,3.26644
91597,4.19791
91598,3.85963
91599,3.76992
91600,3.66402
91601,3.77629
91602,3.39099
91603,3.62875
91604,3.13972
91605,2.48738
91606,3.44493
91607,3.40209
91608,2.13316
91609,3.34123
91610,1.93664
91611,2.91455
91612,3.58524
91613,3.0757
91614,2.79079
91615,4.2297
91616,2.98961
91617,2.26427
91618,3.88338
91619,3.00246
91620,2.65636
91621,1.42415
91622,2.86905
91623,2.30346
91624,3.44066
91625,3.16429
91626,2.29752
91627,2.94528
91628,3.52464
91629,3.17388
91630,4.70059
91631,3.90666
91632,4.4509
91633,4.98343
91634,4.8762
91635,3.91213
91636,3.74399
91637,3.98866
91638,3.79744
91639,3.79058
91640,3.40577
91641,3.66195
91642,4.11174
91643,3.85563
91644,4.03377
91645,3.58154
91646,4.06695
91647,4.09657
91648,4.17982
91649,3.6182
91650,3.53317
91651,3.79418
91652,4.0178
91653,3.94039
91654,4.07937
91655,3.59621
91656,4.07129
91657,4.40803
91658,3.87312
91659,4.20876
91660,3.56823
91661,4.14046
91662,3.99556
91663,2.91128
91664,4.46872
91665,3.84492
91666,4.28775
91667,3.08025
91668,3.7425
91669,2.45916
91670,3.8551
91671,2.69774
91672,3.42942
91673,3.82065
91674,4.14099
91675,3.90986
91676,3.12369
91677,3.62054
91678,3.9758
91679,4.23563
91680,4.25488
91681,3.49615
91682,3.84092
91683,4.21747
91684,4.19672
91685,4.03547
91686,4.06009
91687,3.35063
91688,3.98469
91689,4.00446
91690,3.75524
91691,3.64173
91692,4.1155
91693,4.27615
91694,3.78282
91695,3.86255
91696,3.77657
91697,3.91253
91698,4.01896
91699,2.72888
91700,3.79087
91701,3.7557
91702,3.82274
91703,3.01217
91704,4.33359
91705,4.05089
91706,4.35523
91707,3.80089
91708,3.20737
91709,1.8861
91710,4.12445
91711,4.68946
91712,5.0
91713,5.0
91714,4.6738
91715,4.85782
91716,4.33851
91717,3.77921
91718,4.59485
91719,3.66526
91720,3.37284
91721,3.19325
91722,2.80724
91723,3.08187
91724,4.08127
91725,3.73045
91726,3.83442
91727,3.84891
91728,3.42312
91729,4.08799
91730,4.82816
91731,3.96583
91732,4.59372
91733,4.74347
91734,4.57481
91735,3.15513
91736,3.9601
91737,4.17492
91738,4.15099
91739,3.00205
91740,3.45365
91741,3.46923
91742,2.39808
91743,2.94173
91744,3.75681
91745,3.85946
91746,3.07075
91747,4.28418
91748,3.84602
91749,3.26209
91750,3.59075
91751,3.88663
91752,3.51359
91753,4.16405
91754,2.09147
91755,3.15052
91756,4.69256
91757,2.04639
91758,4.57228
91759,4.51303
91760,5.0
91761,4.75064
91762,4.6187
91763,4.37698
91764,3.99337
91765,4.74984
91766,4.39291
91767,4.43803
91768,4.39198
91769,2.80589
91770,4.43541
91771,4.52691
91772,3.22483
91773,3.61616
91774,4.11503
91775,2.39376
91776,2.64216
91777,3.06973
91778,2.92624
91779,3.95745
91780,3.39121
91781,3.99017
91782,3.74416
91783,3.68703
91784,3.1745
91785,3.9916
91786,2.44765
91787,4.30213
91788,4.49863
91789,3.5146
91790,3.26536
91791,3.42454
91792,3.1452
91793,2.77679
91794,4.25832
91795,4.82202
91796,3.91491
91797,1.8386
91798,4.22116
91799,3.57336
91800,3.48682
91801,1.95547
91802,3.21902
91803,3.43811
91804,3.38454
91805,4.21478
91806,3.35285
91807,3.65966
91808,3.18716
91809,3.86646
91810,4.26952
91811,3.58483
91812,4.21578
91813,3.59074
91814,4.15424
91815,4.23333
91816,3.53522
91817,3.3121
91818,3.97922
91819,3.31911
91820,3.51481
91821,2.70514
91822,2.34433
91823,2.88734
91824,3.04539
91825,3.74356
91826,3.77288
91827,3.80755
91828,3.60872
91829,3.03759
91830,3.73386
91831,2.20921
91832,3.33601
91833,3.30049
91834,4.36754
91835,2.38156
91836,2.55804
91837,4.32086
91838,3.30849
91839,4.15062
91840,3.62415
91841,3.78383
91842,3.19159
91843,4.03533
91844,2.80248
91845,3.96486
91846,2.99292
91847,1.61313
91848,2.85193
91849,1.86329
91850,3.39749
91851,3.90982
91852,3.84878
91853,2.64286
91854,3.63154
91855,3.26408
91856,3.66667
91857,3.19987
91858,4.8023
91859,3.95596
91860,4.02955
91861,2.66326
91862,3.03266
91863,3.60099
91864,2.34929
91865,3.01291
91866,4.43676
91867,4.13963
91868,2.75078
91869,2.88454
91870,3.914
91871,3.12009
91872,4.03748
91873,3.83156
91874,3.36502
91875,3.58084
91876,3.42223
91877,2.39739
91878,4.04334
91879,2.36385
91880,3.03328
91881,3.66977
91882,1.76666
91883,3.67354
91884,2.86529
91885,3.07348
91886,2.46014
91887,3.51407
91888,4.44845
91889,4.07958
91890,3.0843
91891,3.38253
91892,2.25646
91893,3.98097
91894,3.1934
91895,4.33962
91896,3.68066
91897,3.09505
91898,3.33817
91899,3.34369
91900,3.94198
91901,3.83343
91902,3.82977
91903,4.17946
91904,4.4606
91905,3.89237
91906,3.7729
91907,3.88007
91908,3.30281
91909,3.83594
91910,3.64424
91911,3.02912
91912,3.7974
91913,3.83506
91914,4.30567
91915,4.09323
91916,4.60847
91917,3.51526
91918,2.65806
91919,3.05146
91920,4.06745
91921,3.00165
91922,3.38584
91923,4.07948
91924,3.98313
91925,3.49168
91926,3.07629
91927,1.90194
91928,3.92041
91929,2.81561
91930,2.61468
91931,3.91572
91932,1.59402
91933,1.63702
91934,4.06715
91935,2.29215
91936,3.05094
91937,3.7266
91938,1.67518
91939,3.57651
91940,1.81045
91941,2.73372
91942,4.02574
91943,2.51292
91944,2.00216
91945,3.35667
91946,5.0
91947,2.54238
91948,4.65059
91949,3.7048
91950,4.69949
91951,4.04134
91952,3.42786
91953,2.90005
91954,2.84017
91955,3.11233
91956,3.79794
91957,3.89125
91958,1.12629
91959,2.17413
91960,3.18939
91961,2.40961
91962,3.65766
91963,2.7119
91964,2.52703
91965,3.6044
91966,4.17396
91967,4.02931
91968,3.12791
91969,2.09972
91970,2.04134
91971,3.74413
91972,4.08303
91973,4.58414
91974,3.55899
91975,3.25616
91976,3.67215
91977,4.99247
91978,2.56701
91979,3.74511
91980,3.14658
91981,3.54723
91982,3.29566
91983,3.32675
91984,2.09339
91985,4.27736
91986,3.64444
91987,3.37804
91988,3.03994
91989,2.38575
91990,2.97916
91991,3.66315
91992,3.29397
91993,3.53656
91994,3.30231
91995,2.82279
91996,3.5449
91997,3.18813
91998,4.0208
91999,3.32859
92000,2.64755
92001,2.32629
92002,3.50711
92003,3.24644
92004,3.72472
92005,2.56905
92006,3.43257
92007,3.87889
92008,3.5664
92009,4.95085
92010,4.19357
92011,4.08517
92012,2.88836
92013,4.68316
92014,4.50559
92015,4.64881
92016,4.5884
92017,4.92972
92018,4.551
92019,4.17153
92020,4.1077
92021,4.50774
92022,3.99875
92023,4.57057
92024,4.02943
92025,1.15145
92026,2.05233
92027,2.48122
92028,1.52631
92029,2.80618
92030,2.55976
92031,3.47092
92032,2.43555
92033,3.50942
92034,3.35254
92035,5.0
92036,4.55705
92037,3.38835
92038,4.98159
92039,3.33934
92040,2.54988
92041,3.42264
92042,1.15243
92043,3.60362
92044,4.10166
92045,2.41007
92046,1.9899
92047,1.69588
92048,1.86043
92049,2.85123
92050,4.15685
92051,4.93667
92052,3.53829
92053,3.90585
92054,5.0
92055,4.90938
92056,3.22137
92057,4.50648
92058,4.2828
92059,5.0
92060,4.11572
92061,5.0
92062,3.58806
92063,2.5826
92064,3.31659
92065,3.36477
92066,2.96046
92067,2.71004
92068,2.79372
92069,2.85852
92070,2.85793
92071,3.13947
92072,2.98381
92073,3.0988
92074,2.49879
92075,3.12384
92076,3.09189
92077,2.79142
92078,1.89716
92079,3.60625
92080,4.12503
92081,3.01734
92082,1.64405
92083,3.01377
92084,4.37233
92085,3.28231
92086,3.85154
92087,3.88584
92088,3.63801
92089,4.18036
92090,4.33552
92091,3.80245
92092,4.37324
92093,3.7331
92094,4.77546
92095,2.26396
92096,2.48036
92097,3.72118
92098,2.74391
92099,3.9556
92100,3.47401
92101,3.79135
92102,4.07654
92103,4.2287
92104,4.95493
92105,4.39562
92106,2.91425
92107,3.59381
92108,4.37995
92109,3.48906
92110,4.64077
92111,3.16493
92112,3.50936
92113,4.08182
92114,4.06715
92115,2.55157
92116,3.23647
92117,4.93244
92118,3.94435
92119,3.72143
92120,4.23285
92121,4.19752
92122,4.14868
92123,2.7008
92124,4.72208
92125,4.75555
92126,4.47357
92127,4.14827
92128,4.48074
92129,4.3503
92130,2.76102
92131,3.05797
92132,3.56705
92133,4.19697
92134,4.01397
92135,3.81315
92136,3.22252
92137,3.49354
92138,3.50474
92139,3.75309
92140,2.92455
92141,3.57413
92142,3.06783
92143,3.7077
92144,3.21192
92145,3.10688
92146,3.94873
92147,3.2053
92148,4.27726
92149,3.2046
92150,3.56508
92151,3.45025
92152,3.5703
92153,3.33108
92154,3.02315
92155,3.46058
92156,3.71344
92157,2.35858
92158,3.18433
92159,2.70983
92160,3.35306
92161,3.05888
92162,3.47029
92163,4.0002
92164,3.75307
92165,3.24298
92166,2.83815
92167,3.19563
92168,3.71532
92169,2.92839
92170,3.68532
92171,4.26847
92172,4.6476
92173,4.24238
92174,3.51848
92175,3.7651
92176,3.62721
92177,4.18777
92178,3.75958
92179,4.72543
92180,3.62338
92181,4.57881
92182,5.0
92183,4.10477
92184,3.9468
92185,4.02727
92186,3.93236
92187,4.69148
92188,3.49223
92189,3.69198
92190,3.59734
92191,3.85112
92192,3.82131
92193,3.00927
92194,4.49313
92195,4.17527
92196,4.52089
92197,3.03429
92198,4.11167
92199,4.82652
92200,3.71661
92201,3.47117
92202,3.55798
92203,4.69759
92204,3.80158
92205,3.83922
92206,3.45764
92207,3.86748
92208,3.84214
92209,3.56756
92210,3.76175
92211,1.73733
92212,4.14269
92213,2.67479
92214,3.10479
92215,4.38346
92216,4.70467
92217,3.7469
92218,3.53922
92219,2.8017
92220,4.7801
92221,3.04244
92222,1.825
92223,2.69864
92224,1.38459
92225,3.88764
92226,3.9686
92227,3.96661
92228,5.0
92229,3.51721
92230,3.0947
92231,4.26142
92232,3.42273
92233,3.14919
92234,3.10084
92235,4.09431
92236,4.11002
92237,3.55267
92238,3.6533
92239,4.53843
92240,3.93922
92241,4.18934
92242,3.28503
92243,2.71676
92244,3.90828
92245,4.17803
92246,4.71949
92247,3.98087
92248,4.40082
92249,4.2533
92250,2.96273
92251,4.21349
92252,3.49462
92253,2.7018
92254,2.68669
92255,4.23929
92256,2.63511
92257,4.86626
92258,3.60535
92259,3.81989
92260,3.8814
92261,3.79688
92262,3.36337
92263,3.82952
92264,3.43573
92265,3.70634
92266,3.34924
92267,1.88945
92268,4.05178
92269,4.2071
92270,2.82699
92271,4.0642
92272,3.32979
92273,3.67158
92274,3.90523
92275,3.8381
92276,3.28943
92277,3.39143
92278,3.13899
92279,4.91682
92280,4.56845
92281,3.7305
92282,4.33647
92283,3.871
92284,4.24768
92285,3.22901
92286,3.22976
92287,3.48311
92288,3.96991
92289,4.78425
92290,4.00031
92291,3.03058
92292,3.5107
92293,4.12512
92294,3.04639
92295,5.0
92296,4.1845
92297,4.90037
92298,2.77622
92299,2.30732
92300,4.47669
92301,3.66992
92302,4.0385
92303,2.48336
92304,2.60727
92305,3.88986
92306,3.73294
92307,2.87438
92308,3.32863
92309,3.70181
92310,1.86549
92311,4.71502
92312,3.49272
92313,3.21368
92314,3.2777
92315,3.91715
92316,2.44092
92317,2.67408
92318,2.18818
92319,2.9148
92320,4.46937
92321,3.07713
92322,4.38798
92323,3.02957
92324,3.07983
92325,3.8181
92326,2.86684
92327,3.52712
92328,3.65414
92329,3.2126
92330,2.10617
92331,3.57438
92332,2.49291
92333,4.0535
92334,1.51454
92335,1.6029
92336,2.87991
92337,5.0
92338,3.3236
92339,3.03353
92340,4.51698
92341,4.6507
92342,4.07047
92343,3.78701
92344,5.0
92345,3.73116
92346,4.75027
92347,3.82151
92348,4.81447
92349,4.79978
92350,4.46379
92351,4.4664
92352,2.36477
92353,4.32735
92354,3.6561
92355,3.77513
92356,3.68057
92357,3.01953
92358,3.73639
92359,4.00747
92360,4.01265
92361,4.22573
92362,4.09283
92363,5.0
92364,2.17411
92365,4.64847
92366,5.0
92367,5.0
92368,2.05425
92369,3.83486
92370,3.49316
92371,3.42157
92372,4.7183
92373,4.39655
92374,4.29586
92375,4.20245
92376,3.83265
92377,2.81466
92378,3.66464
92379,3.41544
92380,5.0
92381,4.80903
92382,2.84882
92383,3.16583
92384,4.76303
92385,2.96772
92386,3.05974
92387,4.81574
92388,3.58871
92389,3.39802
92390,3.70314
92391,4.31675
92392,4.2289
92393,3.74043
92394,3.07787
92395,2.85171
92396,3.82005
92397,4.30354
92398,3.63385
92399,4.59432
92400,4.1776
92401,3.56066
92402,3.61058
92403,4.17158
92404,4.02939
92405,4.53799
92406,3.84894
92407,4.71767
92408,3.70835
92409,3.16569
92410,3.91738
92411,3.51825
92412,3.91596
92413,3.73799
92414,3.34848
92415,5.0
92416,3.99219
92417,3.97082
92418,4.3751
92419,2.96372
92420,3.12726
92421,4.82203
92422,3.14924
92423,3.7878
92424,3.2997
92425,4.4795
92426,3.42788
92427,3.78775
92428,5.0
92429,4.65291
92430,5.0
92431,5.0
92432,4.73601
92433,4.09237
92434,4.94959
92435,4.28193
92436,4.73714
92437,4.39339
92438,4.3072
92439,4.35364
92440,5.0
92441,3.91879
92442,3.91757
92443,3.40688
92444,5.0
92445,3.40201
92446,3.01405
92447,3.93022
92448,4.67813
92449,4.52102
92450,4.51235
92451,2.84739
92452,4.21881
92453,3.93871
92454,2.72293
92455,3.4123
92456,3.73479
92457,4.53748
92458,3.27975
92459,2.8697
92460,3.8361
92461,3.7548
92462,4.11445
92463,4.60536
92464,4.28683
92465,4.83476
92466,4.59408
92467,2.29946
92468,4.02046
92469,4.49202
92470,1.67278
92471,3.82105
92472,3.66065
92473,4.73437
92474,4.72533
92475,4.28417
92476,3.60418
92477,4.22872
92478,4.66039
92479,3.32518
92480,2.97946
92481,4.41338
92482,4.31777
92483,3.96039
92484,4.4013
92485,4.23911
92486,3.51528
92487,2.4794
92488,4.06046
92489,3.36686
92490,3.22972
92491,3.64939
92492,4.12058
92493,4.04739
92494,2.77344
92495,4.49098
92496,4.64261
92497,4.13169
92498,5.0
92499,3.66698
92500,5.0
92501,4.2325
92502,4.1813
92503,2.64034
92504,3.94068
92505,5.0
92506,5.0
92507,3.31391
92508,4.12195
92509,4.23501
92510,3.65626
92511,5.0
92512,5.0
92513,3.80688
92514,3.11159
92515,4.5568
92516,4.37275
92517,3.12049
92518,3.6224
92519,4.03059
92520,3.66155
92521,4.46437
92522,4.7241
92523,4.39833
92524,4.66374
92525,4.92576
92526,4.57142
92527,4.43178
92528,4.60318
92529,4.61825
92530,4.95953
92531,4.90999
92532,4.56644
92533,4.21278
92534,4.72851
92535,4.64646
92536,4.01238
92537,3.70923
92538,4.26066
92539,3.64298
92540,3.87309
92541,4.25291
92542,3.61685
92543,3.01297
92544,4.35077
92545,4.39358
92546,4.76946
92547,2.985
92548,4.2955
92549,3.17367
92550,4.44213
92551,1.86776
92552,3.65148
92553,2.36203
92554,3.4235
92555,3.30122
92556,3.21545
92557,3.98699
92558,2.78782
92559,4.23133
92560,4.57329
92561,2.71235
92562,3.45362
92563,3.46001
92564,3.32584
92565,2.40833
92566,3.04761
92567,2.61681
92568,1.92187
92569,3.26679
92570,3.03792
92571,4.32688
92572,4.64131
92573,4.21276
92574,2.46637
92575,4.39441
92576,4.34477
92577,4.2531
92578,4.05209
92579,3.95028
92580,4.60003
92581,5.0
92582,4.19942
92583,4.7397
92584,4.23938
92585,4.57804
92586,5.0
92587,4.142
92588,3.92913
92589,4.54363
92590,4.8185
92591,3.53198
92592,4.09786
92593,2.35481
92594,2.17332
92595,2.43525
92596,2.64009
92597,3.87532
92598,3.4912
92599,4.40292
92600,2.41496
92601,3.36634
92602,2.84917
92603,2.83863
92604,3.81873
92605,2.26554
92606,3.40803
92607,3.95404
92608,2.18668
92609,3.20128
92610,3.29046
92611,4.35419
92612,3.66616
92613,4.79268
92614,4.95795
92615,4.15002
92616,4.1939
92617,5.0
92618,4.51597
92619,4.35882
92620,4.13721
92621,3.98354
92622,3.55726
92623,3.92194
92624,3.96642
92625,4.26203
92626,3.96882
92627,2.9407
92628,2.87289
92629,3.88245
92630,2.70819
92631,2.6935
92632,3.69355
92633,3.89129
92634,3.54665
92635,2.66241
92636,3.43773
92637,1.54134
92638,4.01957
92639,2.33742
92640,4.01748
92641,3.15202
92642,4.32567
92643,2.52344
92644,3.40082
92645,3.6542
92646,1.83505
92647,3.11259
92648,4.87829
92649,3.28588
92650,3.93847
92651,4.46667
92652,3.55987
92653,4.53391
92654,3.50367
92655,4.91152
92656,4.48534
92657,3.34778
92658,4.40867
92659,3.68628
92660,3.98176
92661,3.23232
92662,2.52499
92663,4.88516
92664,4.42324
92665,4.21534
92666,2.92342
92667,3.56103
92668,4.44503
92669,3.99994
92670,4.15578
92671,4.2655
92672,4.14758
92673,4.46666
92674,3.87833
92675,3.21684
92676,3.6627
92677,4.07138
92678,3.57744
92679,2.82167
92680,3.53733
92681,3.06605
92682,3.68846
92683,3.572
92684,2.48813
92685,2.20145
92686,3.49907
92687,4.05664
92688,4.59556
92689,3.38468
92690,4.00803
92691,4.7137
92692,1.0
92693,1.23327
92694,1.0
92695,2.67188
92696,3.8779
92697,2.72575
92698,4.54533
92699,3.6708
92700,1.21627
92701,1.0
92702,1.98311
92703,1.95868
92704,2.70123
92705,1.10026
92706,1.01212
92707,1.04132
92708,2.93942
92709,1.37135
92710,1.0
92711,3.74819
92712,2.86723
92713,2.42776
92714,3.82356
92715,3.82304
92716,2.94924
92717,4.46231
92718,3.48446
92719,3.2677
92720,3.21067
92721,3.44225
92722,3.1591
92723,4.05042
92724,2.96568
92725,3.82825
92726,3.90809
92727,3.52837
92728,3.08372
92729,3.5166
92730,4.51023
92731,3.1187
92732,3.98732
92733,2.33499
92734,3.23231
92735,2.98931
92736,2.75917
92737,2.95324
92738,2.62855
92739,3.18976
92740,2.72683
92741,3.72722
92742,2.99523
92743,3.40646
92744,3.22778
92745,3.07221
92746,3.39907
92747,2.37045
92748,3.7228
92749,3.28536
92750,3.57267
92751,2.56193
92752,4.21125
92753,2.98261
92754,2.80798
92755,2.48582
92756,2.83193
92757,3.13972
92758,1.729
92759,3.23396
92760,3.07796
92761,3.51468
92762,2.56042
92763,3.21999
92764,2.98866
92765,3.25251
92766,3.92869
92767,3.88686
92768,3.32696
92769,3.12519
92770,2.94479
92771,2.40092
92772,2.75877
92773,3.11637
92774,3.80843
92775,3.79953
92776,2.2423
92777,3.53165
92778,3.06232
92779,3.32164
92780,2.88941
92781,2.64624
92782,3.37936
92783,3.46556
92784,2.46392
92785,2.64376
92786,2.81955
92787,2.91998
92788,2.25282
92789,2.52397
92790,3.71977
92791,2.49188
92792,2.84567
92793,3.04318
92794,2.71435
92795,2.75892
92796,2.62051
92797,4.175
92798,3.35548
92799,2.35061
92800,3.10494
92801,2.359
92802,3.2468
92803,3.20636
92804,3.47844
92805,2.7844
92806,3.26069
92807,3.12062
92808,3.27854
92809,2.32274
92810,4.50413
92811,5.0
92812,4.16816
92813,3.98576
92814,2.96561
92815,3.78406
92816,3.80519
92817,3.70868
92818,1.74457
92819,2.96204
92820,4.38542
92821,3.81457
92822,3.72384
92823,4.05898
92824,4.06419
92825,3.93061
92826,3.88001
92827,3.46639
92828,4.04319
92829,3.90537
92830,3.85684
92831,2.5377
92832,3.91993
92833,4.64259
92834,4.81913
92835,3.91116
92836,4.2785
92837,4.69989
92838,3.89763
92839,5.0
92840,3.45111
92841,2.02859
92842,2.82097
92843,2.09164
92844,3.66522
92845,4.09824
92846,3.9656
92847,3.93338
92848,3.69366
92849,2.29953
92850,3.25551
92851,3.73081
92852,3.67398
92853,4.24292
92854,3.78774
92855,4.16555
92856,3.66725
92857,3.99706
92858,3.97495
92859,3.35941
92860,3.97969
92861,3.54755
92862,3.96318
92863,4.01496
92864,3.97822
92865,3.3587
92866,4.07251
92867,4.13039
92868,4.62989
92869,3.86345
92870,4.44051
92871,4.0599
92872,3.81383
92873,3.64119
92874,3.48616
92875,3.72069
92876,3.82156
92877,4.08692
92878,3.58084
92879,3.707
92880,2.9826
92881,3.47016
92882,4.14881
92883,3.97783
92884,3.48952
92885,4.00003
92886,3.95227
92887,4.26862
92888,3.75182
92889,2.26492
92890,3.89227
92891,4.02539
92892,4.21953
92893,2.85096
92894,4.32029
92895,3.69866
92896,4.17375
92897,4.10067
92898,4.58959
92899,3.91629
92900,4.33407
92901,3.9869
92902,3.62447
92903,4.35258
92904,3.73756
92905,4.36964
92906,3.75576
92907,4.01569
92908,2.9099
92909,3.04239
92910,3.6339
92911,3.54418
92912,4.05396
92913,4.02307
92914,4.3459
92915,3.77156
92916,3.94486
92917,3.8
92918,4.10734
92919,3.28927
92920,3.63366
92921,3.98314
92922,3.90613
92923,4.33866
92924,3.60412
92925,3.71239
92926,4.08124
92927,3.6623
92928,3.56934
92929,4.17254
92930,3.2576
92931,3.56944
92932,3.94516
92933,3.67029
92934,3.90568
92935,3.8844
92936,3.9325
92937,3.19771
92938,3.79524
92939,3.47161
92940,3.969
92941,4.19417
92942,3.24798
92943,2.38191
92944,3.65694
92945,3.93887
92946,3.32695
92947,3.61878
92948,3.17266
92949,3.24346
92950,3.54005
92951,3.00499
92952,4.10433
92953,2.07954
92954,4.27056
92955,3.58184
92956,3.25103
92957,2.91661
92958,4.02719
92959,3.34005
92960,3.38494
92961,4.5835
92962,3.81709
92963,2.91586
92964,3.40115
92965,3.15383
92966,4.14619
92967,3.93267
92968,3.93348
92969,4.6484
92970,1.67642
92971,1.6956
92972,4.11931
92973,5.0
92974,3.89372
92975,2.33691
92976,4.26164
92977,3.55959
92978,4.54648
92979,4.54127
92980,4.53256
92981,3.53483
92982,4.13631
92983,4.73634
92984,3.61409
92985,4.28343
92986,3.31161
92987,5.0
92988,3.63431
92989,3.56375
92990,4.04867
92991,4.73976
92992,4.17532
92993,4.54153
92994,4.92472
92995,3.60083
92996,4.70769
92997,3.99346
92998,3.69017
92999,2.51387
93000,3.6772
93001,3.73068
93002,3.82779
93003,3.14225
93004,4.61523
93005,3.12849
93006,4.62524
93007,3.61492
93008,2.6259
93009,4.24857
93010,2.85044
93011,1.82568
93012,3.76189
93013,3.77603
93014,4.37928
93015,3.68962
93016,3.96051
93017,2.02497
93018,3.17532
93019,3.14606
93020,2.12106
93021,3.67189
93022,3.41475
93023,4.18422
93024,3.42909
93025,4.17636
93026,3.00296
93027,4.1782
93028,3.15658
93029,4.08595
93030,4.30491
93031,1.68725
93032,2.39333
93033,3.77941
93034,3.23069
93035,4.31865
93036,1.71339
93037,4.34084
93038,2.08396
93039,3.24059
93040,1.43016
93041,2.17882
93042,1.98118
93043,2.41783
93044,2.75719
93045,4.63633
93046,3.06978
93047,3.34836
93048,2.67822
93049,4.15884
93050,5.0
93051,3.5236
93052,3.37781
93053,2.18089
93054,3.78092
93055,3.60445
93056,1.61643
93057,1.70897
93058,4.28869
93059,3.97524
93060,3.57572
93061,4.41835
93062,2.68536
93063,2.50929
93064,4.9359
93065,1.80577
93066,2.63856
93067,3.56894
93068,1.56722
93069,3.90395
93070,3.34856
93071,2.41644
93072,2.21521
93073,1.86828
93074,3.68074
93075,3.68721
93076,3.734
93077,4.48971
93078,4.06948
93079,4.6564
93080,4.57978
93081,4.14163
93082,3.89868
93083,3.67181
93084,4.40326
93085,3.49175
93086,1.66887
93087,3.27737
93088,3.2062
93089,4.83639
93090,4.27634
93091,3.88825
93092,3.69722
93093,3.65346
93094,4.40673
93095,4.85786
93096,4.68163
93097,4.70648
93098,3.84105
93099,4.02318
93100,4.17421
93101,3.39643
93102,4.15025
93103,4.08622
93104,4.41451
93105,2.95768
93106,3.12532
93107,4.06734
93108,5.0
93109,4.29919
93110,3.21764
93111,3.06467
93112,2.94302
93113,4.0571
93114,3.69374
93115,3.84663
93116,2.90386
93117,3.38113
93118,3.00134
93119,3.68262
93120,3.29883
93121,3.08562
93122,4.04295
93123,3.63344
93124,3.50272
93125,4.47856
93126,5.0
93127,3.74236
93128,3.67185
93129,4.73887
93130,4.66853
93131,4.48658
93132,4.54382
93133,4.35598
93134,4.47161
93135,4.12155
93136,3.49452
93137,4.08595
93138,3.8121
93139,4.81779
93140,5.0
93141,4.4053
93142,4.24187
93143,3.20568
93144,4.36926
93145,4.32934
93146,3.8741
93147,4.99488
93148,4.91696
93149,3.41408
93150,4.74854
93151,3.75101
93152,4.79005
93153,3.6664
93154,4.37811
93155,4.21519
93156,3.36831
93157,3.13515
93158,3.32731
93159,1.99919
93160,2.41646
93161,4.06781
93162,3.09829
93163,3.38043
93164,3.6472
93165,3.77752
93166,3.44004
93167,1.75924
93168,3.59433
93169,2.73263
93170,3.46173
93171,3.45299
93172,3.71077
93173,3.62136
93174,3.00242
93175,3.0263
93176,2.90533
93177,2.92856
93178,3.05986
93179,3.53702
93180,3.73367
93181,2.20679
93182,2.68153
93183,1.81125
93184,3.5959
93185,2.66379
93186,2.43404
93187,3.42059
93188,2.93161
93189,3.46991
93190,3.66599
93191,1.66417
93192,3.72833
93193,3.87386
93194,3.86603
93195,3.65296
93196,1.51278
93197,3.38948
93198,2.2284
93199,3.01561
93200,2.80934
93201,3.19229
93202,3.65619
93203,3.83157
93204,3.23067
93205,3.31387
93206,2.30855
93207,2.57651
93208,3.24029
93209,2.65809
93210,3.01726
93211,2.45844
93212,3.19968
93213,2.66518
93214,3.42518
93215,2.51514
93216,2.53156
93217,3.21944
93218,2.64304
93219,3.33576
93220,3.16067
93221,3.24202
93222,2.19372
93223,2.4742
93224,2.79287
93225,2.63469
93226,3.72204
93227,3.43396
93228,3.1419
93229,3.2451
93230,3.43638
93231,2.78636
93232,3.48046
93233,3.39733
93234,3.01487
93235,3.12742
93236,4.26712
93237,3.92623
93238,3.13025
93239,5.0
93240,5.0
93241,4.45771
93242,4.10998
93243,3.67735
93244,5.0
93245,4.67214
93246,4.0246
93247,4.51403
93248,4.53747
93249,2.68546
93250,3.81657
93251,4.19801
93252,2.96475
93253,2.6799
93254,3.4143
93255,5.0
93256,3.70557
93257,3.98608
93258,4.6007
93259,4.08046
93260,4.66818
93261,4.98166
93262,4.13482
93263,4.66906
93264,5.0
93265,4.56885
93266,4.361
93267,3.26166
93268,4.64638
93269,4.852
93270,4.13578
93271,4.71203
93272,4.18652
93273,4.84228
93274,4.435
93275,4.20355
93276,3.64453
93277,4.29868
93278,3.97349
93279,4.16257
93280,3.67068
93281,4.17199
93282,3.49071
93283,4.39312
93284,4.38288
93285,2.7671
93286,3.06014
93287,2.72508
93288,2.78038
93289,3.62416
93290,3.90423
93291,4.2354
93292,3.89565
93293,4.38425
93294,2.28515
93295,4.06862
93296,3.94067
93297,3.0791
93298,3.66453
93299,3.97541
93300,2.70961
93301,5.0
93302,3.5867
93303,4.29644
93304,2.64191
93305,4.60547
93306,5.0
93307,4.07918
93308,1.73197
93309,2.0418
93310,3.61176
93311,4.42077
93312,3.28543
93313,2.18609
93314,4.74481
93315,4.29666
93316,4.84314
93317,3.52299
93318,3.55839
93319,3.13256
93320,3.163
93321,4.95716
93322,3.08833
93323,3.3108
93324,2.73592
93325,2.01019
93326,3.73173
93327,2.3034
93328,3.22712
93329,4.4887
93330,4.50004
93331,1.02157
93332,3.15846
93333,3.93333
93334,2.96684
93335,2.1365
93336,2.497
93337,3.89442
93338,3.13868
93339,3.64095
93340,2.60622
93341,1.17438
93342,2.1156
93343,4.12008
93344,2.83436
93345,3.04427
93346,1.24829
93347,3.07419
93348,2.05616
93349,3.33136
93350,3.821
93351,3.50973
93352,3.10388
93353,3.17586
93354,3.35199
93355,3.79627
93356,3.29708
93357,3.68642
93358,3.6725
93359,3.63559
93360,3.67073
93361,3.51581
93362,3.45942
93363,3.16406
93364,1.8664
93365,4.39541
93366,3.86932
93367,3.24966
93368,4.17549
93369,4.02154
93370,4.37127
93371,3.23131
93372,3.46661
93373,3.58592
93374,3.32774
93375,1.02778
93376,2.24696
93377,3.65038
93378,4.09744
93379,3.63767
93380,4.08273
93381,3.84378
93382,3.02413
93383,4.0993
93384,3.87208
93385,1.83455
93386,4.44765
93387,3.37988
93388,3.39322
93389,3.31634
93390,2.57991
93391,3.19556
93392,3.88544
93393,2.74029
93394,2.92664
93395,1.0
93396,2.49266
93397,4.17819
93398,3.21988
93399,2.15765
93400,3.98369
93401,3.58452
93402,3.79709
93403,2.68896
93404,3.20578
93405,1.79948
93406,2.42187
93407,4.86597
93408,4.18169
93409,2.9488
93410,4.17768
93411,4.89354
93412,4.65068
93413,4.47648
93414,3.72301
93415,3.0811
93416,4.34062
93417,2.78857
93418,3.11051
93419,4.02545
93420,4.14874
93421,3.81619
93422,2.65273
93423,3.07526
93424,4.19487
93425,3.71087
93426,4.79913
93427,4.99522
93428,4.258
93429,4.25444
93430,4.81841
93431,2.20574
93432,2.5077
93433,1.0
93434,4.02609
93435,3.0459
93436,3.07887
93437,4.08813
93438,3.0623
93439,3.58903
93440,1.89845
93441,4.45712
93442,3.44759
93443,3.01061
93444,4.03004
93445,4.1784
93446,3.37829
93447,3.16353
93448,3.52103
93449,3.87829
93450,2.87745
93451,2.91007
93452,4.36495
93453,3.68042
93454,4.06611
93455,3.52545
93456,3.2176
93457,3.80913
93458,3.35258
93459,3.87155
93460,3.85094
93461,2.28608
93462,2.74842
93463,3.89421
93464,3.1129
93465,3.14671
93466,2.83586
93467,3.13556
93468,3.83293
93469,2.43852
93470,3.62034
93471,3.49039
93472,2.7845
93473,2.54135
93474,3.24765
93475,3.02069
93476,4.01978
93477,4.53646
93478,2.29658
93479,4.37676
93480,4.11438
93481,2.37623
93482,2.92073
93483,2.55584
93484,3.39383
93485,2.67944
93486,3.20833
93487,2.66122
93488,3.1615
93489,3.4863
93490,3.80444
93491,2.46814
93492,4.06894
93493,3.73396
93494,2.82443
93495,3.27732
93496,3.83886
93497,3.05996
93498,4.01524
93499,3.75484
93500,3.88743
93501,2.3798
93502,3.34393
93503,3.2623
93504,2.98692
93505,1.0
93506,3.16759
93507,4.2375
93508,3.49586
93509,4.25269
93510,3.91332
93511,3.8028
93512,3.09321
93513,3.84309
93514,4.07682
93515,3.65752
93516,2.88649
93517,2.99011
93518,2.62405
93519,3.10269
93520,3.28883
93521,2.78999
93522,3.83142
93523,3.01047
93524,3.11835
93525,2.85183
93526,2.72085
93527,2.46318
93528,4.00163
93529,3.34126
93530,3.96651
93531,3.19124
93532,2.5473
93533,3.73505
93534,1.86601
93535,2.80267
93536,1.99457
93537,2.86995
93538,2.91644
93539,3.83706
93540,2.26494
93541,1.58331
93542,3.26613
93543,2.51718
93544,3.16049
93545,2.96436
93546,2.72863
93547,2.9665
93548,2.3668
93549,3.98891
93550,1.38212
93551,3.52707
93552,1.95208
93553,3.09608
93554,2.03714
93555,3.01722
93556,3.72735
93557,3.28126
93558,3.98076
93559,3.8445
93560,4.20712
93561,3.52144
93562,4.70373
93563,4.07862
93564,4.49965
93565,4.56099
93566,4.06063
93567,4.81303
93568,4.72506
93569,3.95999
93570,4.69992
93571,4.53631
93572,4.59409
93573,4.37799
93574,4.67124
93575,4.42184
93576,4.16462
93577,4.71998
93578,4.72916
93579,4.38988
93580,3.92559
93581,4.74563
93582,3.89474
93583,4.10782
93584,4.65763
93585,4.55747
93586,4.87059
93587,3.41667
93588,4.52571
93589,4.39749
93590,2.15692
93591,2.92377
93592,4.16882
93593,4.3103
93594,4.47644
93595,4.38501
93596,3.89342
93597,4.01753
93598,3.50743
93599,3.55259
93600,4.3297
93601,3.53932
93602,2.77926
93603,4.52469
93604,3.50923
93605,4.52876
93606,2.9589
93607,4.2075
93608,3.85856
93609,4.75843
93610,4.36391
93611,3.89219
93612,3.90705
93613,3.93351
93614,3.74709
93615,4.02249
93616,3.12283
93617,3.74863
93618,3.15006
93619,3.56458
93620,4.53754
93621,3.75714
93622,3.69703
93623,3.5489
93624,3.05762
93625,2.09626
93626,4.01741
93627,3.88047
93628,4.03279
93629,2.85176
93630,3.10315
93631,3.15619
93632,4.36778
93633,2.96734
93634,3.20313
93635,3.55226
93636,3.80924
93637,2.50137
93638,4.14704
93639,2.94819
93640,3.85227
93641,2.58225
93642,3.86861
93643,3.28378
93644,2.70063
93645,4.70132
93646,3.07644
93647,3.6854
93648,2.98051
93649,3.8697
93650,3.98227
93651,3.06045
93652,2.72556
93653,3.04635
93654,2.10624
93655,2.79305
93656,3.22296
93657,3.10861
93658,1.26391
93659,2.9673
93660,1.04815
93661,3.06182
93662,2.56947
93663,2.99087
93664,3.67342
93665,2.19548
93666,2.4752
93667,3.07026
93668,2.88055
93669,2.0292
93670,3.3769
93671,1.53344
93672,3.58293
93673,2.64761
93674,3.77174
93675,2.79149
93676,2.95074
93677,2.82705
93678,2.84612
93679,3.71237
93680,4.71716
93681,3.92475
93682,4.42984
93683,3.03237
93684,4.40489
93685,2.64431
93686,3.13233
93687,3.04842
93688,1.17545
93689,3.52072
93690,4.97191
93691,3.42439
93692,2.26744
93693,3.88088
93694,4.31061
93695,4.32519
93696,3.88425
93697,3.5758
93698,3.77119
93699,3.92478
93700,3.89639
93701,3.90631
93702,3.50403
93703,4.41414
93704,3.54419
93705,4.07071
93706,3.75366
93707,3.77844
93708,3.94869
93709,3.93018
93710,4.23897
93711,4.4777
93712,2.96113
93713,3.74125
93714,4.46204
93715,3.96616
93716,4.04098
93717,3.91881
93718,3.91913
93719,4.02771
93720,3.92067
93721,4.31482
93722,3.75051
93723,2.82682
93724,3.65742
93725,3.74083
93726,3.48897
93727,3.80297
93728,4.33024
93729,3.65834
93730,4.23509
93731,4.4047
93732,4.10743
93733,3.64606
93734,3.71098
93735,3.50568
93736,3.63933
93737,3.4725
93738,3.60814
93739,3.80064
93740,4.21794
93741,3.82365
93742,3.82506
93743,3.49855
93744,4.03685
93745,3.67474
93746,3.75679
93747,3.69003
93748,4.33129
93749,4.51676
93750,4.13377
93751,3.61091
93752,3.66677
93753,2.98293
93754,3.14276
93755,4.11269
93756,3.84077
93757,3.1987
93758,1.6373
93759,1.954
93760,4.06917
93761,4.45707
93762,4.3126
93763,4.32207
93764,3.9192
93765,4.38051
93766,4.25519
93767,4.07362
93768,4.29659
93769,4.73532
93770,4.64264
93771,3.75148
93772,3.89843
93773,4.18969
93774,4.22944
93775,4.14632
93776,4.2801
93777,4.05631
93778,4.00021
93779,4.45617
93780,5.0
93781,4.15706
93782,4.83228
93783,3.99796
93784,4.28529
93785,4.80183
93786,5.0
93787,4.5054
93788,4.61448
93789,4.36181
93790,4.90657
93791,3.47705
93792,2.96001
93793,3.79688
93794,3.94365
93795,3.16917
93796,3.6827
93797,3.68257
93798,4.16453
93799,3.79447
93800,3.69454
93801,3.40621
93802,2.93697
93803,3.18618
93804,3.21708
93805,3.7411
93806,3.90979
93807,3.16993
93808,2.63968
93809,3.88008
93810,3.1767
93811,3.28318
93812,3.43344
93813,1.77625
93814,4.85814
93815,4.18258
93816,4.83633
93817,3.87522
93818,3.62559
93819,4.12888
93820,4.25579
93821,3.95943
93822,4.33291
93823,4.22742
93824,4.10718
93825,3.97026
93826,3.24934
93827,2.23077
93828,4.37497
93829,4.13839
93830,2.36306
93831,3.43537
93832,2.3931
93833,5.0
93834,4.54234
93835,3.84491
93836,4.54954
93837,3.90376
93838,4.56626
93839,3.92905
93840,3.42226
93841,3.72366
93842,2.48519
93843,3.24117
93844,1.92996
93845,4.19619
93846,3.84577
93847,4.28148
93848,2.49109
93849,3.51089
93850,2.5651
93851,3.82486
93852,3.31678
93853,3.27406
93854,3.40004
93855,4.17141
93856,3.88505
93857,2.9239
93858,4.65244
93859,2.54728
93860,3.29333
93861,4.07327
93862,3.65501
93863,3.41091
93864,3.52236
93865,3.96671
93866,4.00567
93867,4.95271
93868,2.22877
93869,4.83759
93870,4.23489
93871,4.52812
93872,4.11017
93873,4.13982
93874,3.05676
93875,5.0
93876,4.15066
93877,4.61254
93878,4.95227
93879,4.63719
93880,4.10116
93881,3.33862
93882,4.33768
93883,3.81075
93884,3.98798
93885,4.30275
93886,4.64416
93887,3.0159
93888,2.92866
93889,3.6795
93890,3.94928
93891,4.61478
93892,3.95888
93893,3.32369
93894,4.56676
93895,1.91313
93896,4.11374
93897,3.90066
93898,4.85453
93899,4.80554
93900,4.35912
93901,3.84961
93902,4.45721
93903,4.01289
93904,3.86335
93905,3.12947
93906,4.19133
93907,2.48533
93908,3.76171
93909,4.14956
93910,4.37021
93911,3.91858
93912,3.80856
93913,3.70755
93914,3.50924
93915,4.02104
93916,3.56824
93917,3.28664
93918,4.52879
93919,4.44
93920,4.33627
93921,4.51067
93922,4.83219
93923,3.35826
93924,3.37791
93925,3.4749
93926,4.27581
93927,3.58857
93928,4.06134
93929,3.76874
93930,4.0507
93931,4.11886
93932,4.1886
93933,4.48264
93934,4.95472
93935,2.94122
93936,4.7409
93937,4.39582
93938,3.32743
93939,3.25267
93940,3.82577
93941,4.69768
93942,2.87592
93943,3.07591
93944,3.29636
93945,2.84901
93946,3.92105
93947,1.63986
93948,4.73891
93949,3.54246
93950,5.0
93951,3.07222
93952,4.20671
93953,3.41714
93954,4.45816
93955,4.89549
93956,4.28004
93957,5.0
93958,4.83808
93959,4.0938
93960,4.76673
93961,4.58881
93962,2.40547
93963,4.27483
93964,3.15958
93965,2.2455
93966,2.54986
93967,4.60881
93968,3.60858
93969,3.10489
93970,3.36508
93971,4.23971
93972,4.1227
93973,4.18289
93974,4.38456
93975,3.4083
93976,3.40589
93977,3.30347
93978,2.90365
93979,4.31059
93980,4.91317
93981,3.82391
93982,3.32553
93983,4.59273
93984,3.99326
93985,3.51353
93986,3.19367
93987,2.68377
93988,3.198
93989,3.72901
93990,4.33411
93991,3.3161
93992,4.71255
93993,4.32731
93994,3.73877
93995,4.12749
93996,3.74679
93997,4.46058
93998,2.92249
93999,3.88674
94000,4.07644
94001,3.98541
94002,4.26646
94003,4.00502
94004,3.80269
94005,4.52138
94006,3.4642
94007,3.37422
94008,3.46464
94009,4.00341
94010,3.75369
94011,4.247
94012,3.38924
94013,3.59052
94014,3.47609
94015,3.72355
94016,3.24752
94017,4.56907
94018,4.60138
94019,4.5386
94020,4.37074
94021,4.11994
94022,1.61189
94023,3.17383
94024,4.1272
94025,3.22367
94026,3.56901
94027,4.16558
94028,2.46345
94029,3.58196
94030,4.09657
94031,3.5157
94032,3.5552
94033,3.50828
94034,4.00161
94035,4.74253
94036,3.71246
94037,2.46147
94038,1.5874
94039,3.79419
94040,3.36132
94041,1.78536
94042,2.90478
94043,2.2375
94044,1.69341
94045,2.61897
94046,3.019
94047,4.36278
94048,2.58952
94049,2.12786
94050,3.98255
94051,3.59004
94052,3.64323
94053,4.16395
94054,3.0434
94055,3.67878
94056,3.02508
94057,3.00086
94058,3.77023
94059,3.57096
94060,3.51316
94061,4.14758
94062,3.032
94063,3.95751
94064,3.29123
94065,3.13021
94066,3.34298
94067,3.49561
94068,3.50417
94069,3.06564
94070,3.35061
94071,3.39835
94072,3.89086
94073,3.45183
94074,3.9241
94075,3.59598
94076,3.32326
94077,3.73398
94078,3.47256
94079,4.02144
94080,3.28723
94081,3.12868
94082,3.64124
94083,4.21833
94084,4.16608
94085,4.00205
94086,3.45086
94087,3.56344
94088,3.11653
94089,3.56642
94090,3.92764
94091,4.34194
94092,3.49388
94093,4.34402
94094,4.31162
94095,3.82755
94096,4.24937
94097,3.67794
94098,5.0
94099,4.7638
94100,3.70768
94101,4.33783
94102,3.8544
94103,4.99338
94104,4.02501
94105,3.90967
94106,4.52789
94107,3.91864
94108,3.30254
94109,4.62589
94110,4.81524
94111,3.25808
94112,4.37742
94113,3.93266
94114,2.87082
94115,4.21782
94116,4.48729
94117,4.48655
94118,4.42767
94119,4.6533
94120,4.20031
94121,3.43901
94122,4.27804
94123,4.15492
94124,3.71721
94125,2.68726
94126,4.51561
94127,4.07876
94128,3.9262
94129,2.18698
94130,3.217
94131,4.72077
94132,3.80433
94133,5.0
94134,3.70143
94135,3.64811
94136,5.0
94137,3.84497
94138,3.78633
94139,3.96975
94140,4.19091
94141,3.86466
94142,2.60673
94143,2.65718
94144,5.0
94145,3.51957
94146,2.80299
94147,4.43832
94148,3.27102
94149,3.80741
94150,2.4669
94151,4.04386
94152,4.21507
94153,4.19716
94154,3.29882
94155,3.05594
94156,4.90766
94157,4.57271
94158,2.2511
94159,4.20618
94160,4.0966
94161,2.53792
94162,3.9417
94163,3.55282
94164,4.12574
94165,3.30101
94166,4.12216
94167,3.68914
94168,4.27537
94169,3.92379
94170,3.06971
94171,3.5686
94172,4.44347
94173,3.92579
94174,2.61991
94175,3.41069
94176,3.77269
94177,2.91534
94178,4.2299
94179,4.49111
94180,3.41896
94181,3.40294
94182,4.04728
94183,3.77864
94184,4.15472
94185,3.49075
94186,2.98689
94187,4.57324
94188,4.84204
94189,2.01763
94190,3.61485
94191,3.31896
94192,4.48405
94193,3.88684
94194,3.79606
94195,3.43868
94196,3.94246
94197,4.28785
94198,4.92661
94199,4.38495
94200,3.89764
94201,3.51265
94202,3.55338
94203,2.5811
94204,3.51268
94205,1.05112
94206,3.46541
94207,4.81979
94208,2.21673
94209,3.64575
94210,4.65878
94211,2.65297
94212,3.76183
94213,3.26721
94214,1.63896
94215,4.71782
94216,3.62877
94217,4.71606
94218,4.8852
94219,3.85298
94220,3.46422
94221,1.2852
94222,4.15668
94223,4.63416
94224,4.81268
94225,4.96351
94226,3.56823
94227,4.10817
94228,4.28047
94229,1.63846
94230,2.10456
94231,2.70615
94232,1.99903
94233,2.31076
94234,3.39293
94235,2.6697
94236,1.0
94237,1.40507
94238,4.15389
94239,1.51096
94240,2.31023
94241,4.4928
94242,1.37446
94243,3.38642
94244,3.79811
94245,2.9046
94246,4.08295
94247,2.95467
94248,1.7961
94249,4.86903
94250,3.72889
94251,4.19022
94252,3.13777
94253,2.78323
94254,3.13486
94255,1.41114
94256,2.45556
94257,1.92536
94258,3.01476
94259,1.67351
94260,2.12716
94261,1.37757
94262,3.07225
94263,1.97663
94264,3.10473
94265,1.8703
94266,2.64208
94267,2.41929
94268,3.3201
94269,2.63653
94270,2.14068
94271,2.48961
94272,1.56131
94273,1.13329
94274,1.78976
94275,2.28124
94276,2.01984
94277,1.84836
94278,2.87305
94279,2.55659
94280,1.70554
94281,2.76872
94282,2.45681
94283,1.81066
94284,1.36983
94285,1.7253
94286,2.38519
94287,2.26136
94288,2.07986
94289,1.93952
94290,2.00864
94291,1.73259
94292,1.24571
94293,1.72811
94294,2.1994
94295,1.85775
94296,2.56855
94297,2.26468
94298,2.95743
94299,1.00216
94300,1.42501
94301,1.52105
94302,1.6438
94303,2.93587
94304,1.64258
94305,3.25504
94306,3.10937
94307,4.19757
94308,4.4933
94309,4.45769
94310,3.87584
94311,4.24553
94312,3.60488
94313,3.54437
94314,4.02636
94315,4.17225
94316,2.90226
94317,3.31436
94318,4.51252
94319,2.12052
94320,4.32164
94321,4.19899
94322,3.14107
94323,2.48445
94324,2.75693
94325,3.89189
94326,3.55135
94327,3.7233
94328,3.99561
94329,3.5259
94330,3.51779
94331,3.94634
94332,3.17938
94333,2.92703
94334,3.37314
94335,3.38315
94336,3.41098
94337,4.11467
94338,3.45496
94339,2.69724
94340,3.89957
94341,3.71702
94342,3.79306
94343,3.25794
94344,4.26769
94345,3.1162
94346,3.12746
94347,3.45059
94348,4.28949
94349,4.50064
94350,4.15167
94351,3.00149
94352,3.48411
94353,4.26705
94354,3.06125
94355,3.27333
94356,3.87188
94357,3.91751
94358,3.82726
94359,3.95679
94360,3.5275
94361,3.84878
94362,3.27897
94363,3.80792
94364,3.6801
94365,3.39914
94366,3.73637
94367,4.11684
94368,3.39144
94369,3.44206
94370,3.91331
94371,3.76993
94372,3.89524
94373,3.41883
94374,5.0
94375,3.23601
94376,4.37974
94377,4.20321
94378,3.41327
94379,4.22276
94380,2.33868
94381,4.39259
94382,4.53228
94383,4.97329
94384,3.34296
94385,4.44895
94386,3.9668
94387,4.44825
94388,5.0
94389,4.06501
94390,3.37834
94391,4.57811
94392,2.85292
94393,3.1385
94394,4.62133
94395,4.1749
94396,3.39381
94397,4.01103
94398,3.34967
94399,4.17451
94400,3.92757
94401,3.48405
94402,3.82332
94403,3.4732
94404,2.51774
94405,3.26735
94406,4.77926
94407,4.07269
94408,5.0
94409,3.70507
94410,4.43019
94411,3.89443
94412,3.85786
94413,3.2867
94414,3.65796
94415,4.32684
94416,4.47976
94417,3.42029
94418,4.33254
94419,3.17712
94420,3.60435
94421,3.2368
94422,3.86658
94423,2.43055
94424,3.97087
94425,2.47242
94426,4.38557
94427,4.34374
94428,4.3364
94429,4.06862
94430,4.10986
94431,3.89318
94432,3.85996
94433,3.05046
94434,3.37187
94435,3.7535
94436,4.32981
94437,3.6769
94438,3.20453
94439,3.37902
94440,3.71721
94441,2.95976
94442,3.44858
94443,4.48602
94444,3.76987
94445,2.69037
94446,1.40831
94447,3.80037
94448,2.4175
94449,1.9359
94450,3.35851
94451,3.14093
94452,2.40096
94453,2.9266
94454,3.61828
94455,3.6393
94456,4.70297
94457,4.05214
94458,3.70591
94459,2.7298
94460,3.08912
94461,2.49268
94462,2.0028
94463,2.20933
94464,2.35359
94465,2.99465
94466,1.92184
94467,3.15146
94468,2.36478
94469,2.40366
94470,2.43008
94471,4.50616
94472,4.21596
94473,3.98938
94474,4.4223
94475,4.91793
94476,4.21293
94477,5.0
94478,4.41751
94479,3.50645
94480,3.38571
94481,4.08053
94482,3.60089
94483,4.80051
94484,4.00035
94485,3.99399
94486,3.7124
94487,3.65938
94488,3.3871
94489,4.18909
94490,3.71178
94491,3.33164
94492,3.30369
94493,4.41484
94494,3.65085
94495,3.66903
94496,4.22063
94497,4.60034
94498,3.66149
94499,4.66491
94500,4.04863
94501,3.51692
94502,4.39796
94503,4.26218
94504,1.30458
94505,4.62879
94506,4.16112
94507,4.58696
94508,4.49193
94509,4.23503
94510,3.55484
94511,3.72151
94512,1.46677
94513,4.06739
94514,4.84235
94515,3.97803
94516,4.4092
94517,3.21681
94518,4.24694
94519,3.46809
94520,2.39114
94521,4.44349
94522,3.81551
94523,4.02704
94524,3.79393
94525,4.21909
94526,3.69951
94527,2.40663
94528,4.83224
94529,2.86743
94530,3.37093
94531,3.65196
94532,4.59632
94533,3.98752
94534,3.05552
94535,5.0
94536,3.99638
94537,4.07998
94538,4.04126
94539,3.89701
94540,4.39755
94541,4.7916
94542,4.52539
94543,4.30026
94544,3.07055
94545,3.89919
94546,4.83176
94547,3.67869
94548,4.08966
94549,3.75982
94550,4.1795
94551,3.67289
94552,4.84239
94553,3.8509
94554,5.0
94555,4.19553
94556,4.0365
94557,4.63124
94558,4.96893
94559,3.65608
94560,3.38387
94561,2.41248
94562,3.00012
94563,2.95254
94564,3.23015
94565,2.53945
94566,2.47855
94567,3.07114
94568,1.68076
94569,3.75929
94570,5.0
94571,3.19443
94572,3.86856
94573,3.90972
94574,3.32246
94575,4.98572
94576,3.79329
94577,4.41774
94578,3.66754
94579,4.1797
94580,2.45629
94581,4.0598
94582,3.80601
94583,3.49649
94584,3.03635
94585,3.68806
94586,3.97208
94587,3.52195
94588,1.64893
94589,3.73695
94590,2.83141
94591,3.28647
94592,3.05456
94593,3.50448
94594,2.84958
94595,3.71678
94596,3.04371
94597,3.83976
94598,4.13641
94599,3.24576
94600,2.67606
94601,3.48819
94602,3.52925
94603,3.40967
94604,4.51534
94605,4.03948
94606,3.13324
94607,4.26162
94608,3.38543
94609,4.41834
94610,4.31816
94611,3.61646
94612,4.07378
94613,4.17056
94614,3.848
94615,3.34364
94616,3.61014
94617,3.00512
94618,3.04171
94619,4.8025
94620,4.26405
94621,4.55435
94622,3.36572
94623,3.21373
94624,4.09709
94625,3.46716
94626,4.89042
94627,4.19567
94628,5.0
94629,3.04417
94630,3.6734
94631,3.07309
94632,3.57131
94633,4.80042
94634,4.35405
94635,4.35634
94636,3.73727
94637,4.69966
94638,3.39904
94639,3.85443
94640,3.96438
94641,3.42562
94642,4.4032
94643,4.47687
94644,3.82902
94645,4.11311
94646,4.02276
94647,3.82834
94648,4.04037
94649,3.50445
94650,3.90703
94651,4.26701
94652,4.15772
94653,3.6406
94654,3.96205
94655,4.1589
94656,3.99969
94657,3.75924
94658,4.11817
94659,4.3257
94660,4.14809
94661,4.43125
94662,4.5796
94663,4.2837
94664,4.11572
94665,4.2811
94666,3.63129
94667,3.8244
94668,4.17801
94669,3.86602
94670,3.83808
94671,3.25846
94672,3.08198
94673,3.64326
94674,3.87891
94675,3.22936
94676,4.20956
94677,3.91353
94678,3.58741
94679,3.81907
94680,3.50426
94681,3.40242
94682,3.88883
94683,4.3197
94684,4.13812
94685,4.5574
94686,4.72373
94687,3.50532
94688,4.65995
94689,4.42593
94690,3.637
94691,4.21425
94692,3.60074
94693,4.11215
94694,2.95068
94695,4.06102
94696,4.44488
94697,4.21046
94698,3.77156
94699,4.14976
94700,3.49588
94701,4.8545
94702,4.44815
94703,4.10869
94704,3.17295
94705,2.55686
94706,3.68414
94707,2.71879
94708,3.40025
94709,1.63339
94710,2.76715
94711,2.89865
94712,3.41238
94713,3.48126
94714,3.39026
94715,3.37217
94716,1.7502
94717,2.77614
94718,3.06515
94719,1.0
94720,2.58297
94721,2.3105
94722,3.12861
94723,3.47365
94724,3.46174
94725,2.40835
94726,4.0065
94727,3.43606
94728,3.51141
94729,3.34156
94730,3.04558
94731,2.92624
94732,2.47308
94733,2.43358
94734,2.20727
94735,3.26448
94736,2.90949
94737,2.29101
94738,2.66011
94739,2.71931
94740,3.41269
94741,3.1174
94742,3.62378
94743,3.12686
94744,4.40245
94745,3.63502
94746,4.11273
94747,3.11222
94748,4.56558
94749,5.0
94750,5.0
94751,3.64166
94752,2.72751
94753,2.18948
94754,1.78261
94755,4.62598
94756,2.70792
94757,3.98231
94758,4.10993
94759,2.21531
94760,3.50682
94761,3.85977
94762,3.55063
94763,3.50145
94764,4.19335
94765,3.01039
94766,3.67543
94767,4.47235
94768,4.89475
94769,5.0
94770,3.63656
94771,4.07805
94772,4.71343
94773,3.94848
94774,3.78242
94775,3.81034
94776,1.0
94777,3.43566
94778,4.49476
94779,2.54668
94780,4.16267
94781,3.89319
94782,3.30768
94783,2.61669
94784,3.5963
94785,4.05123
94786,2.65442
94787,3.45829
94788,3.5061
94789,4.47662
94790,2.99452
94791,3.38159
94792,3.34571
94793,4.85084
94794,3.75183
94795,3.57156
94796,3.40612
94797,4.34314
94798,1.95546
94799,3.47236
94800,2.78039
94801,3.4901
94802,2.62939
94803,3.36221
94804,3.54307
94805,4.73245
94806,3.28976
94807,3.95911
94808,4.07502
94809,4.59325
94810,3.29942
94811,4.37672
94812,3.9505
94813,3.73506
94814,4.00906
94815,2.7471
94816,4.15186
94817,3.74387
94818,1.88102
94819,3.40305
94820,4.27728
94821,3.95567
94822,3.74543
94823,3.89256
94824,4.00188
94825,3.97749
94826,3.60713
94827,1.69972
94828,3.89054
94829,4.05526
94830,4.10068
94831,4.28449
94832,3.79498
94833,1.51693
94834,2.26951
94835,3.2278
94836,3.44384
94837,2.62158
94838,1.97741
94839,3.91336
94840,3.47654
94841,3.1825
94842,3.20086
94843,3.40526
94844,3.45189
94845,3.38756
94846,2.96311
94847,2.89608
94848,3.66479
94849,3.7557
94850,3.17639
94851,2.42437
94852,4.42382
94853,3.40383
94854,3.48248
94855,3.43641
94856,2.91335
94857,3.48942
94858,3.72738
94859,3.70169
94860,3.38842
94861,1.83076
94862,2.63632
94863,3.73147
94864,3.62487
94865,3.75254
94866,4.11795
94867,2.86348
94868,4.42296
94869,3.99724
94870,5.0
94871,3.97672
94872,4.53793
94873,5.0
94874,3.46884
94875,4.39912
94876,3.18341
94877,3.45597
94878,2.97222
94879,3.11961
94880,4.15829
94881,3.49856
94882,3.0267
94883,4.13876
94884,4.41342
94885,4.0754
94886,4.45244
94887,4.49208
94888,4.40519
94889,3.91713
94890,4.54491
94891,3.95338
94892,3.98809
94893,4.54844
94894,4.73319
94895,4.03189
94896,4.08665
94897,4.64115
94898,4.49443
94899,3.70747
94900,4.20163
94901,4.09603
94902,3.97971
94903,3.23889
94904,3.64002
94905,3.25031
94906,4.19395
94907,1.74628
94908,4.22753
94909,4.31719
94910,3.65063
94911,4.45556
94912,4.65279
94913,3.71736
94914,3.74434
94915,4.3454
94916,4.08043
94917,3.1801
94918,4.01295
94919,4.02108
94920,4.36995
94921,3.99771
94922,4.16504
94923,4.27822
94924,4.61004
94925,4.0305
94926,4.53087
94927,4.31631
94928,3.99436
94929,4.65288
94930,4.63371
94931,4.01565
94932,4.67235
94933,4.59792
94934,2.99258
94935,3.70129
94936,3.93278
94937,2.5004
94938,4.91191
94939,4.78186
94940,4.32495
94941,4.56878
94942,4.29691
94943,4.04593
94944,4.41397
94945,4.07473
94946,4.81525
94947,4.02328
94948,3.51735
94949,3.03196
94950,3.87289
94951,3.98301
94952,3.74911
94953,4.17798
94954,2.89571
94955,4.05525
94956,2.93333
94957,3.87599
94958,3.02138
94959,2.68848
94960,3.75047
94961,1.93
94962,3.24918
94963,3.92497
94964,4.03382
94965,3.21351
94966,3.2206
94967,3.72475
94968,3.17685
94969,3.74934
94970,1.30954
94971,3.113
94972,2.72796
94973,3.93908
94974,4.35555
94975,3.37871
94976,2.87895
94977,3.25597
94978,2.51153
94979,2.51089
94980,2.7641
94981,4.40036
94982,3.65878
94983,2.92
94984,2.32199
94985,3.64774
94986,2.25195
94987,2.7119
94988,2.66663
94989,2.73957
94990,3.50685
94991,2.68978
94992,2.31403
94993,3.19362
94994,1.73916
94995,3.01298
94996,2.96414
94997,2.3419
94998,3.19216
94999,3.36391
95000,3.74502
95001,2.62359
95002,3.71291
95003,2.35224
95004,2.36467
95005,4.00471
95006,2.00594
95007,4.04965
95008,3.86506
95009,3.48127
95010,5.0
95011,4.51178
95012,4.77049
95013,2.43669
95014,1.58645
95015,1.0
95016,2.29615
95017,3.42468
95018,2.81305
95019,3.00614
95020,3.67855
95021,4.01414
95022,2.31137
95023,3.14329
95024,2.11845
95025,4.23699
95026,3.35945
95027,3.75287
95028,3.90597
95029,4.30104
95030,5.0
95031,4.23155
95032,4.81233
95033,3.92053
95034,4.3022
95035,4.05213
95036,4.51848
95037,4.19698
95038,3.87714
95039,3.07079
95040,2.34417
95041,3.40807
95042,3.93818
95043,4.61346
95044,3.76419
95045,3.60879
95046,4.33269
95047,4.16133
95048,4.07916
95049,4.10352
95050,4.11763
95051,4.04376
95052,3.57453
95053,3.43644
95054,3.89884
95055,4.07911
95056,4.51914
95057,3.69227
95058,2.7846
95059,4.06094
95060,4.18999
95061,4.35092
95062,3.69348
95063,3.70676
95064,3.85213
95065,3.67839
95066,4.29009
95067,4.35908
95068,4.42849
95069,2.99143
95070,2.71452
95071,4.05848
95072,4.24604
95073,4.55283
95074,3.89436
95075,4.01893
95076,4.52756
95077,3.81426
95078,3.24805
95079,2.55108
95080,2.93383
95081,4.3532
95082,2.94175
95083,1.82056
95084,3.01612
95085,3.89969
95086,4.64003
95087,4.40885
95088,3.81771
95089,3.44744
95090,4.1526
95091,2.19671
95092,3.93455
95093,3.84589
95094,1.40431
95095,3.72917
95096,2.00535
95097,1.29772
95098,2.1672
95099,4.64335
95100,2.10901
95101,1.84529
95102,4.17603
95103,1.36524
95104,3.90491
95105,4.39104
95106,3.2351
95107,3.32891
95108,3.8059
95109,2.06755
95110,1.8151
95111,2.88961
95112,2.59563
95113,4.59908
95114,3.26331
95115,2.27627
95116,4.27694
95117,1.09049
95118,1.0
95119,3.29494
95120,3.81446
95121,4.49623
95122,4.69659
95123,4.62055
95124,4.30167
95125,4.69055
95126,3.08552
95127,3.19276
95128,3.06287
95129,3.60768
95130,3.60196
95131,2.11636
95132,4.05192
95133,2.97568
95134,3.60505
95135,3.01284
95136,2.84929
95137,3.4792
95138,1.58538
95139,4.11226
95140,3.99961
95141,2.68377
95142,2.99085
95143,4.28869
95144,1.104
95145,3.1491
95146,5.0
95147,2.68885
95148,3.33658
95149,2.96217
95150,5.0
95151,4.64046
95152,4.60206
95153,4.52277
95154,2.56152
95155,4.40843
95156,3.63091
95157,2.89909
95158,2.91808
95159,1.87466
95160,2.55563
95161,2.8855
95162,2.85373
95163,1.92796
95164,5.0
95165,2.67193
95166,4.31706
95167,3.77317
95168,4.85884
95169,4.26329
95170,4.22987
95171,3.58081
95172,3.4708
95173,4.1641
95174,3.34897
95175,4.73539
95176,4.43918
95177,3.94328
95178,2.08829
95179,3.78507
95180,3.07661
95181,1.89431
95182,4.16945
95183,3.37017
95184,4.42623
95185,4.67904
95186,3.74966
95187,4.36541
95188,4.33041
95189,3.91194
95190,2.90385
95191,3.1281
95192,4.26564
95193,3.0851
95194,2.54673
95195,4.4383
95196,4.03491
95197,3.40944
95198,4.18009
95199,4.09738
95200,3.6441
95201,3.73736
95202,4.10275
95203,3.66168
95204,2.97892
95205,2.12801
95206,4.26079
95207,3.23966
95208,3.37675
95209,3.42565
95210,4.21967
95211,3.35948
95212,3.25302
95213,3.67927
95214,3.09896
95215,3.45931
95216,4.33782
95217,3.95699
95218,3.66222
95219,2.3635
95220,3.97019
95221,3.03561
95222,3.42801
95223,3.67579
95224,3.8451
95225,3.39726
95226,2.3576
95227,3.22203
95228,3.58894
95229,3.15325
95230,3.90485
95231,4.46679
95232,5.0
95233,3.47228
95234,4.38967
95235,4.34707
95236,3.03145
95237,4.71604
95238,4.2508
95239,4.75142
95240,2.37292
95241,2.80929
95242,4.20001
95243,3.28966
95244,2.75711
95245,4.1172
95246,4.13788
95247,3.64181
95248,3.83929
95249,3.36777
95250,2.70813
95251,3.01606
95252,3.46394
95253,4.00163
95254,4.03974
95255,3.32546
95256,3.37634
95257,3.60198
95258,3.91711
95259,3.4551
95260,3.70705
95261,2.09871
95262,2.99073
95263,3.06987
95264,3.34756
95265,2.08313
95266,2.94117
95267,3.67941
95268,3.56779
95269,1.7101
95270,2.67623
95271,2.69465
95272,4.12179
95273,3.02917
95274,2.94283
95275,3.97576
95276,3.16823
95277,3.08278
95278,3.25539
95279,2.98938
95280,3.05376
95281,4.13685
95282,3.46915
95283,2.99557
95284,2.72134
95285,3.87025
95286,3.60492
95287,2.98868
95288,3.29561
95289,2.52745
95290,3.69825
95291,3.54814
95292,2.51336
95293,3.54363
95294,2.44451
95295,3.98499
95296,2.81707
95297,3.75986
95298,3.05336
95299,3.88226
95300,4.32217
95301,3.72046
95302,3.24146
95303,4.12701
95304,2.79204
95305,2.83934
95306,3.57809
95307,3.68761
95308,3.35548
95309,4.48468
95310,3.90847
95311,2.58361
95312,2.85422
95313,2.88567
95314,3.33658
95315,4.57802
95316,2.93165
95317,4.01948
95318,3.23514
95319,3.6586
95320,3.71759
95321,3.915
95322,3.18098
95323,3.98203
95324,4.5069
95325,4.16539
95326,3.34192
95327,3.60686
95328,4.01323
95329,4.53129
95330,3.94454
95331,4.56735
95332,4.74181
95333,3.44987
95334,4.70734
95335,5.0
95336,4.82874
95337,5.0
95338,2.26715
95339,4.52282
95340,4.53119
95341,5.0
95342,4.79382
95343,4.66629
95344,4.01518
95345,5.0
95346,4.96281
95347,3.15034
95348,3.65773
95349,4.66757
95350,4.5663
95351,4.00765
95352,5.0
95353,3.77397
95354,3.81944
95355,4.30156
95356,2.91982
95357,3.34774
95358,3.65766
95359,4.39311
95360,1.77487
95361,3.48277
95362,3.59591
95363,2.5467
95364,3.94607
95365,2.25995
95366,2.49261
95367,3.84966
95368,3.72768
95369,2.55961
95370,3.10106
95371,3.84196
95372,2.37859
95373,3.71609
95374,3.97642
95375,3.54641
95376,3.29942
95377,3.79293
95378,3.99733
95379,3.25188
95380,3.92092
95381,4.13317
95382,3.17168
95383,2.28961
95384,4.48925
95385,4.13698
95386,4.1171
95387,4.36616
95388,4.54706
95389,3.44088
95390,4.07427
95391,2.45424
95392,3.71803
95393,3.22672
95394,3.84793
95395,4.14583
95396,2.80093
95397,2.59732
95398,3.91106
95399,3.88144
95400,3.80633
95401,2.55031
95402,3.44437
95403,2.53064
95404,3.40933
95405,1.91323
95406,3.52777
95407,2.87148
95408,4.30856
95409,4.20518
95410,3.19965
95411,3.85718
95412,1.90908
95413,4.02629
95414,3.05396
95415,4.1786
95416,2.21504
95417,2.89255
95418,1.22865
95419,3.42739
95420,4.01915
95421,3.66839
95422,4.04988
95423,2.42981
95424,3.72185
95425,2.93774
95426,3.3386
95427,3.48904
95428,2.2026
95429,1.69424
95430,3.64042
95431,2.19514
95432,1.34893
95433,4.72854
95434,1.27477
95435,4.76903
95436,2.10236
95437,3.97263
95438,2.87846
95439,2.32582
95440,4.38719
95441,4.29459
95442,3.93439
95443,3.70691
95444,4.43783
95445,4.13447
95446,3.81803
95447,4.51628
95448,4.86149
95449,3.34161
95450,4.17323
95451,2.97308
95452,4.47713
95453,4.06755
95454,4.32868
95455,4.08627
95456,4.18138
95457,4.10783
95458,3.4008
95459,3.40722
95460,3.37525
95461,3.58649
95462,3.41515
95463,3.75534
95464,3.92301
95465,4.27743
95466,3.33904
95467,3.43241
95468,2.67786
95469,4.35639
95470,3.12939
95471,3.79326
95472,3.74741
95473,4.33367
95474,4.19692
95475,4.22208
95476,1.0
95477,3.65993
95478,3.15446
95479,4.52873
95480,4.58623
95481,3.7475
95482,3.96004
95483,4.55095
95484,3.3181
95485,3.73194
95486,3.06287
95487,2.68023
95488,3.68682
95489,4.41585
95490,1.0
95491,2.90957
95492,2.61375
95493,1.06906
95494,3.54975
95495,3.06543
95496,3.46896
95497,3.39624
95498,4.05236
95499,2.39954
95500,3.60319
95501,4.35508
95502,1.69543
95503,4.0313
95504,4.30397
95505,4.54868
95506,3.46999
95507,1.84496
95508,4.22873
95509,4.28256
95510,2.72838
95511,3.89024
95512,3.83159
95513,2.58552
95514,3.33059
95515,3.04919
95516,3.76943
95517,3.72748
95518,3.65467
95519,4.29374
95520,1.88137
95521,2.67278
95522,2.88052
95523,3.33946
95524,2.01383
95525,3.88707
95526,2.91344
95527,2.77312
95528,3.348
95529,1.98382
95530,2.75809
95531,3.85267
95532,4.04308
95533,4.13888
95534,4.48733
95535,2.69115
95536,4.39569
95537,3.76198
95538,4.13682
95539,4.23977
95540,4.60015
95541,3.39021
95542,4.28252
95543,2.56858
95544,3.87561
95545,2.52011
95546,4.60018
95547,3.74178
95548,3.6126
95549,4.25959
95550,4.05137
95551,4.57626
95552,3.77987
95553,4.49269
95554,3.65105
95555,4.1976
95556,3.45607
95557,2.94448
95558,2.80525
95559,2.19164
95560,3.41704
95561,3.9201
95562,2.83272
95563,2.85617
95564,4.1793
95565,4.24159
95566,3.4575
95567,4.22867
95568,3.63131
95569,3.84902
95570,3.31214
95571,3.52829
95572,4.67251
95573,4.4946
95574,4.02067
95575,3.63267
95576,4.39773
95577,4.11052
95578,3.83777
95579,2.83627
95580,4.2308
95581,3.37446
95582,4.32429
95583,2.77891
95584,3.65606
95585,4.45602
95586,4.66657
95587,4.27775
95588,3.05373
95589,2.67969
95590,3.04971
95591,4.41632
95592,4.29081
95593,3.94333
95594,3.43605
95595,3.56133
95596,4.21698
95597,3.90635
95598,3.00032
95599,3.47664
95600,3.58715
95601,3.48711
95602,3.32199
95603,3.56193
95604,2.7276
95605,3.36149
95606,3.71158
95607,3.82761
95608,3.76298
95609,4.68825
95610,5.0
95611,4.24571
95612,4.88271
95613,5.0
95614,4.28335
95615,5.0
95616,4.87174
95617,4.50219
95618,4.65441
95619,4.35165
95620,3.87134
95621,5.0
95622,3.85126
95623,4.00285
95624,3.05599
95625,3.8007
95626,3.20842
95627,4.10164
95628,2.74409
95629,3.92809
95630,2.5722
95631,4.63786
95632,1.33746
95633,4.40769
95634,4.70655
95635,4.24082
95636,1.21433
95637,3.81248
95638,4.36113
95639,4.47605
95640,4.48118
95641,4.67151
95642,3.31171
95643,3.97037
95644,4.66464
95645,2.86687
95646,3.30171
95647,3.92485
95648,5.0
95649,2.52669
95650,4.86375
95651,3.5429
95652,3.56683
95653,4.24047
95654,1.91178
95655,3.89203
95656,3.95896
95657,2.79932
95658,4.21316
95659,3.94358
95660,4.13907
95661,4.66864
95662,3.5753
95663,3.77214
95664,2.34059
95665,2.75497
95666,4.55257
95667,1.05537
95668,2.82282
95669,3.96438
95670,3.84199
95671,4.63034
95672,3.88822
95673,1.75629
95674,4.59453
95675,2.85683
95676,3.36725
95677,4.41065
95678,3.80117
95679,3.40822
95680,4.17764
95681,2.33684
95682,3.44879
95683,2.77373
95684,4.64303
95685,4.38883
95686,3.62831
95687,4.09002
95688,2.43523
95689,3.99397
95690,3.60846
95691,3.22979
95692,4.50708
95693,3.96069
95694,3.3279
95695,2.63737
95696,3.55233
95697,4.60937
95698,3.04734
95699,4.55756
95700,3.86762
95701,4.18958
95702,3.97011
95703,3.87882
95704,2.62468
95705,4.19007
95706,3.92279
95707,3.7318
95708,3.72886
95709,3.62001
95710,4.14738
95711,3.95486
95712,3.74354
95713,2.98566
95714,3.32808
95715,3.76165
95716,3.50132
95717,3.67097
95718,3.24715
95719,4.15698
95720,3.51378
95721,4.55454
95722,3.14571
95723,4.31583
95724,1.74071
95725,4.1425
95726,4.61962
95727,4.26486
95728,3.09469
95729,4.83049
95730,4.96291
95731,3.07223
95732,4.62037
95733,3.60938
95734,4.08338
95735,3.32091
95736,4.39221
95737,4.06391
95738,4.66506
95739,4.1629
95740,3.52369
95741,3.67537
95742,3.01919
95743,3.46044
95744,2.81163
95745,3.30765
95746,3.94023
95747,3.9653
95748,3.15955
95749,3.83283
95750,3.64557
95751,3.55432
95752,2.99763
95753,3.79765
95754,3.48667
95755,3.33392
95756,3.66439
95757,2.80766
95758,3.8659
95759,4.00074
95760,3.48858
95761,3.83506
95762,3.38037
95763,3.17833
95764,3.38248
95765,3.07536
95766,3.06369
95767,3.81642
95768,3.74265
95769,2.53657
95770,3.93628
95771,3.34634
95772,3.41857
95773,3.91926
95774,2.43504
95775,3.10032
95776,3.06637
95777,3.71124
95778,3.93791
95779,3.42366
95780,4.16058
95781,3.23784
95782,3.39598
95783,4.09682
95784,4.10551
95785,2.70333
95786,3.79657
95787,3.85916
95788,4.8778
95789,3.78069
95790,3.53817
95791,2.38406
95792,3.572
95793,4.58872
95794,2.75194
95795,3.5623
95796,3.51975
95797,3.9217
95798,3.94693
95799,5.0
95800,3.78531
95801,4.15303
95802,3.14317
95803,2.08251
95804,4.35832
95805,3.52782
95806,4.11134
95807,3.00326
95808,4.36476
95809,4.08006
95810,2.42748
95811,4.36119
95812,4.00407
95813,4.0471
95814,3.29946
95815,3.54732
95816,3.71849
95817,3.90073
95818,3.66622
95819,4.22083
95820,2.23819
95821,3.83375
95822,3.25708
95823,2.47212
95824,2.6607
95825,2.66339
95826,3.56207
95827,3.95095
95828,5.0
95829,3.91893
95830,3.59003
95831,4.91434
95832,4.27962
95833,4.44815
95834,3.42016
95835,4.65634
95836,4.41819
95837,3.06042
95838,2.98199
95839,2.68189
95840,4.36647
95841,3.80299
95842,3.0471
95843,2.86483
95844,2.70581
95845,4.55401
95846,3.0201
95847,3.37259
95848,4.44322
95849,2.89568
95850,3.41932
95851,3.74632
95852,3.62436
95853,4.16103
95854,3.75534
95855,4.45395
95856,4.4977
95857,3.92845
95858,3.92574
95859,2.28401
95860,3.40298
95861,3.78905
95862,3.59497
95863,3.42642
95864,2.83637
95865,3.37436
95866,4.63723
95867,4.06601
95868,3.14309
95869,2.29331
95870,2.56695
95871,4.42461
95872,3.61007
95873,3.5115
95874,4.64108
95875,4.59298
95876,3.36743
95877,2.31616
95878,3.12703
95879,4.05616
95880,3.81128
95881,4.0215
95882,3.98556
95883,4.10805
95884,3.30519
95885,3.4126
95886,3.56038
95887,3.3598
95888,2.27614
95889,3.06254
95890,4.13073
95891,3.58144
95892,3.93922
95893,1.64398
95894,4.17062
95895,3.8246
95896,4.67033
95897,4.20714
95898,4.75957
95899,3.72367
95900,3.24203
95901,3.61387
95902,3.61067
95903,3.98184
95904,4.02692
95905,4.4146
95906,3.12238
95907,3.56425
95908,3.26623
95909,3.37417
95910,2.07094
95911,4.04671
95912,3.81708
95913,4.1896
95914,4.25955
95915,3.12525
95916,2.97332
95917,2.21095
95918,1.91777
95919,3.00111
95920,3.2289
95921,1.18226
95922,3.62234
95923,3.11465
95924,1.01571
95925,2.01421
95926,2.92862
95927,2.68824
95928,1.23542
95929,3.44114
95930,1.77227
95931,3.24459
95932,1.75859
95933,1.0
95934,1.74039
95935,1.88796
95936,4.21216
95937,2.47278
95938,3.13173
95939,2.60372
95940,1.97984
95941,3.51157
95942,1.92546
95943,1.8028
95944,2.39489
95945,2.933
95946,4.18819
95947,3.67271
95948,3.28438
95949,3.19332
95950,4.21145
95951,1.2792
95952,4.7853
95953,1.57849
95954,1.33562
95955,2.13552
95956,1.58082
95957,3.13418
95958,1.77771
95959,3.11096
95960,2.9768
95961,3.00704
95962,2.57354
95963,3.6165
95964,2.21079
95965,2.98151
95966,2.61102
95967,2.69645
95968,1.86857
95969,1.73818
95970,4.11791
95971,1.42625
95972,1.59741
95973,4.04338
95974,1.6831
95975,1.33215
95976,4.18611
95977,3.34501
95978,4.53802
95979,2.33429
95980,3.03757
95981,3.98116
95982,1.03174
95983,2.32741
95984,3.49262
95985,1.692
95986,2.21051
95987,3.07744
95988,1.92951
95989,2.1964
95990,1.02642
95991,3.39705
95992,1.95891
95993,1.68063
95994,5.0
95995,3.75493
95996,1.23295
95997,3.82074
95998,3.27725
95999,3.34385
96000,3.9903
96001,3.32826
96002,4.04208
96003,3.89976
96004,4.38477
96005,2.44736
96006,3.61832
96007,2.91345
96008,2.77121
96009,2.72531
96010,4.33386
96011,2.45637
96012,4.41858
96013,2.61461
96014,4.57017
96015,3.07592
96016,3.45908
96017,4.31537
96018,3.76474
96019,3.68112
96020,2.67306
96021,2.70885
96022,3.74703
96023,3.1585
96024,2.92728
96025,3.80365
96026,3.82074
96027,5.0
96028,3.81091
96029,3.48488
96030,3.26665
96031,4.61196
96032,4.06271
96033,2.77297
96034,3.92935
96035,4.70344
96036,4.46854
96037,3.72211
96038,3.99528
96039,3.41062
96040,3.30118
96041,2.3728
96042,4.08155
96043,3.88607
96044,3.76177
96045,3.10536
96046,4.09973
96047,3.15857
96048,3.24017
96049,3.62382
96050,4.50872
96051,3.40751
96052,2.67994
96053,3.44357
96054,4.0855
96055,4.68591
96056,3.09724
96057,2.976
96058,4.07305
96059,3.58296
96060,4.61733
96061,3.40866
96062,3.75621
96063,5.0
96064,3.38839
96065,4.47125
96066,2.94767
96067,4.14516
96068,4.80751
96069,4.17899
96070,3.17615
96071,3.77984
96072,4.38268
96073,2.23989
96074,2.68467
96075,3.04608
96076,4.57347
96077,4.52818
96078,3.69538
96079,2.82152
96080,3.65052
96081,4.46742
96082,2.64517
96083,3.85842
96084,4.95851
96085,3.30136
96086,1.76288
96087,3.23052
96088,2.32477
96089,1.0
96090,5.0
96091,5.0
96092,4.06713
96093,4.63089
96094,2.74401
96095,3.34498
96096,4.76734
96097,4.38314
96098,2.30811
96099,1.43749
96100,3.02222
96101,1.50935
96102,4.97385
96103,3.46898
96104,1.81189
96105,1.96489
96106,1.47941
96107,2.05496
96108,4.43285
96109,1.53117
96110,2.4728
96111,1.55312
96112,4.81444
96113,3.08794
96114,2.46418
96115,4.15165
96116,2.55754
96117,2.36559
96118,5.0
96119,3.38547
96120,4.84568
96121,1.0
96122,3.00294
96123,4.64194
96124,1.7951
96125,3.50322
96126,2.07296
96127,2.51106
96128,4.26311
96129,3.16066
96130,4.02605
96131,2.08666
96132,4.98654
96133,1.0
96134,2.62237
96135,4.84282
96136,2.73914
96137,3.22282
96138,3.77201
96139,2.58831
96140,1.0
96141,3.27206
96142,1.06469
96143,2.50336
96144,3.59081
96145,4.44859
96146,1.0
96147,1.94234
96148,1.70005
96149,1.0
96150,4.4595
96151,1.71081
96152,5.0
96153,1.0
96154,2.26404
96155,4.41296
96156,3.96183
96157,2.41033
96158,2.08517
96159,1.45789
96160,2.46574
96161,2.21129
96162,1.1841
96163,3.77907
96164,1.0
96165,4.00588
96166,1.45888
96167,4.38912
96168,3.42777
96169,4.3832
96170,3.71057
96171,1.8847
96172,2.18154
96173,3.2779
96174,4.84754
96175,2.72583
96176,4.12955
96177,4.94676
96178,5.0
96179,2.50304
96180,2.04692
96181,1.23596
96182,5.0
96183,1.26489
96184,5.0
96185,4.30861
96186,5.0
96187,3.99267
96188,2.98858
96189,4.442
96190,4.35315
96191,2.55105
96192,1.57196
96193,2.05236
96194,1.73197
96195,1.0
96196,1.0
96197,4.44046
96198,4.94141
96199,1.0
96200,1.45234
96201,2.37667
96202,2.641
96203,4.0795
96204,2.87028
96205,3.04315
96206,5.0
96207,3.48991
96208,3.78311
96209,3.86617
96210,3.69407
96211,3.30587
96212,1.67245
96213,3.60757
96214,3.71556
96215,3.03544
96216,3.27736
96217,5.0
96218,1.98652
96219,5.0
96220,3.02736
96221,5.0
96222,3.71641
96223,3.53857
96224,3.96762
96225,2.80132
96226,3.50431
96227,4.10676
96228,4.02076
96229,3.37336
96230,3.91905
96231,3.15167
96232,3.13465
96233,4.68557
96234,3.48455
96235,3.59432
96236,4.26555
96237,3.97711
96238,4.26629
96239,3.25034
96240,3.40081
96241,3.56463
96242,3.57228
96243,2.00389
96244,2.01104
96245,5.0
96246,4.4507
96247,2.79512
96248,3.94656
96249,4.72845
96250,4.29794
96251,3.79332
96252,2.36817
96253,3.87968
96254,5.0
96255,3.1531
96256,4.5447
96257,4.17291
96258,5.0
96259,4.64262
96260,3.18406
96261,3.72445
96262,2.41364
96263,2.67779
96264,4.50196
96265,2.08
96266,2.92918
96267,1.7279
96268,1.0
96269,3.01894
96270,2.92269
96271,2.88752
96272,4.3671
96273,3.1936
96274,5.0
96275,4.13224
96276,5.0
96277,4.01402
96278,4.45838
96279,4.38071
96280,4.97008
96281,4.79152
96282,3.81779
96283,4.97799
96284,3.03806
96285,3.97464
96286,4.0117
96287,4.18925
96288,4.52492
96289,4.55531
96290,3.96724
96291,4.48334
96292,3.68222
96293,3.72244
96294,4.5894
96295,3.79715
96296,3.33446
96297,4.75015
96298,3.65829
96299,4.694
96300,3.86503
96301,4.04048
96302,4.17616
96303,3.55325
96304,3.52746
96305,4.15125
96306,4.26508
96307,4.49556
96308,3.37756
96309,4.89424
96310,4.43434
96311,4.34982
96312,4.00082
96313,4.62092
96314,4.57189
96315,4.25032
96316,4.34593
96317,4.15843
96318,4.6321
96319,4.16445
96320,5.0
96321,4.14871
96322,3.73517
96323,4.76811
96324,4.52145
96325,4.15187
96326,4.59541
96327,3.35369
96328,3.83846
96329,3.48101
96330,4.32216
96331,3.89093
96332,4.79382
96333,3.9328
96334,4.06147
96335,2.80841
96336,3.62258
96337,4.50225
96338,3.73655
96339,4.21378
96340,3.43899
96341,3.18301
96342,3.57076
96343,3.4372
96344,3.32304
96345,4.45123
96346,1.0
96347,3.79586
96348,3.72436
96349,3.95584
96350,3.96511
96351,3.57467
96352,4.05942
96353,3.27839
96354,3.66579
96355,3.77406
96356,3.73015
96357,2.65715
96358,3.26679
96359,2.8312
96360,4.45345
96361,3.92023
96362,3.84491
96363,4.03524
96364,2.79674
96365,2.75986
96366,3.36878
96367,2.8495
96368,3.66585
96369,4.60647
96370,3.58447
96371,3.54002
96372,2.89824
96373,3.72052
96374,3.35702
96375,4.74111
96376,3.34272
96377,3.11002
96378,3.36912
96379,4.03478
96380,3.8811
96381,4.29506
96382,2.99863
96383,4.58435
96384,4.64571
96385,4.31948
96386,4.35853
96387,2.98831
96388,3.1839
96389,5.0
96390,2.64547
96391,4.41855
96392,2.64172
96393,4.28665
96394,3.6997
96395,3.19116
96396,3.0963
96397,3.54197
96398,2.82616
96399,3.48815
96400,2.68879
96401,3.53528
96402,3.59541
96403,3.94712
96404,4.19834
96405,4.40859
96406,4.42876
96407,2.35263
96408,4.24808
96409,2.87668
96410,4.68169
96411,3.34631
96412,3.9782
96413,4.0925
96414,2.48141
96415,3.99987
96416,3.41468
96417,4.01876
96418,3.68704
96419,4.4067
96420,3.76799
96421,3.41878
96422,4.24001
96423,1.26096
96424,3.69559
96425,3.16641
96426,4.13921
96427,3.67356
96428,4.47965
96429,4.70653
96430,4.83878
96431,3.14924
96432,3.75002
96433,2.54355
96434,3.55854
96435,4.62787
96436,4.62614
96437,2.07248
96438,3.158
96439,3.74839
96440,2.93294
96441,3.83927
96442,3.02061
96443,4.2669
96444,2.23888
96445,4.50858
96446,3.96324
96447,3.50988
96448,2.73544
96449,3.92532
96450,3.9699
96451,3.05517
96452,3.9801
96453,4.70559
96454,4.43573
96455,2.01814
96456,2.10705
96457,2.48856
96458,3.66404
96459,1.86955
96460,2.99011
96461,3.43964
96462,2.14571
96463,4.30591
96464,2.74135
96465,2.87325
96466,4.82072
96467,3.26464
96468,4.32554
96469,4.38157
96470,4.26435
96471,3.83188
96472,4.0085
96473,4.38585
96474,3.27543
96475,2.76568
96476,4.02003
96477,3.87579
96478,3.29408
96479,4.3902
96480,2.69397
96481,4.18567
96482,4.66139
96483,5.0
96484,4.50945
96485,3.11863
96486,3.77724
96487,1.01651
96488,4.83121
96489,2.53536
96490,3.82948
96491,4.13614
96492,3.05925
96493,1.5191
96494,4.28644
96495,4.85825
96496,4.38632
96497,3.48866
96498,3.30709
96499,4.1232
96500,1.63
96501,2.86199
96502,1.82111
96503,2.65002
96504,3.22173
96505,4.04661
96506,3.88124
96507,3.39024
96508,2.69933
96509,4.17565
96510,3.51054
96511,3.71755
96512,4.34684
96513,3.92487
96514,4.25123
96515,3.15146
96516,3.63284
96517,3.61553
96518,4.01431
96519,1.92103
96520,3.58893
96521,3.97248
96522,3.78132
96523,4.80766
96524,4.4005
96525,4.16061
96526,4.24095
96527,3.63984
96528,2.47936
96529,3.70625
96530,3.85503
96531,3.2264
96532,3.07888
96533,3.1378
96534,3.64577
96535,3.13538
96536,3.37432
96537,2.58361
96538,3.11263
96539,2.91226
96540,3.47199
96541,3.85906
96542,3.24345
96543,3.23545
96544,3.26355
96545,3.40858
96546,2.35248
96547,2.3598
96548,3.21426
96549,2.44087
96550,3.566
96551,3.08832
96552,3.20727
96553,3.14916
96554,3.14099
96555,3.5477
96556,4.03411
96557,3.90186
96558,2.88849
96559,2.71101
96560,3.66876
96561,1.75401
96562,3.62284
96563,2.73645
96564,2.32128
96565,2.36984
96566,4.18847
96567,2.96821
96568,3.62077
96569,2.53964
96570,3.66632
96571,2.88739
96572,1.99136
96573,4.06698
96574,3.11465
96575,3.69208
96576,2.51634
96577,3.20509
96578,3.79774
96579,3.0019
96580,3.63771
96581,3.27307
96582,2.98816
96583,4.48142
96584,3.77267
96585,4.71561
96586,3.41708
96587,3.7896
96588,4.91343
96589,3.84339
96590,3.75223
96591,4.24843
96592,4.59169
96593,4.36932
96594,4.04574
96595,3.96807
96596,3.98186
96597,3.62019
96598,4.88029
96599,3.31084
96600,3.67944
96601,3.45646
96602,1.85786
96603,4.20894
96604,4.17598
96605,2.9578
96606,3.7833
96607,4.37305
96608,2.89596
96609,3.46463
96610,3.58747
96611,2.73248
96612,4.3766
96613,3.34213
96614,2.52983
96615,3.27563
96616,2.88268
96617,3.13486
96618,4.07708
96619,4.1611
96620,3.35381
96621,3.0783
96622,3.2386
96623,3.43672
96624,4.00709
96625,3.95522
96626,4.12572
96627,3.61106
96628,3.94354
96629,3.40272
96630,1.78617
96631,2.49273
96632,3.68441
96633,3.42808
96634,3.29818
96635,3.88826
96636,4.28018
96637,4.14191
96638,3.85849
96639,3.72209
96640,3.40446
96641,3.89156
96642,3.92032
96643,3.41092
96644,3.03585
96645,4.02908
96646,3.90285
96647,3.1596
96648,4.09766
96649,2.99374
96650,4.18248
96651,3.67746
96652,4.55581
96653,4.20397
96654,4.13773
96655,4.15526
96656,4.27213
96657,3.46702
96658,3.37256
96659,3.20579
96660,4.51282
96661,2.87562
96662,3.41463
96663,3.04148
96664,4.13135
96665,3.4135
96666,3.63205
96667,3.69985
96668,4.2328
96669,2.87757
96670,3.10202
96671,2.90833
96672,4.03794
96673,3.50125
96674,3.762
96675,3.68716
96676,4.15299
96677,3.77712
96678,2.97662
96679,3.6591
96680,4.56725
96681,2.98861
96682,4.192
96683,4.18695
96684,3.724
96685,4.233
96686,3.7147
96687,3.89078
96688,3.60389
96689,3.79722
96690,4.38965
96691,3.37416
96692,3.7086
96693,3.85092
96694,3.45439
96695,3.51761
96696,4.03267
96697,3.87246
96698,2.391
96699,4.21535
96700,3.78412
96701,3.20514
96702,2.69825
96703,2.41359
96704,3.66813
96705,3.75989
96706,3.77254
96707,4.2232
96708,1.75041
96709,4.41528
96710,4.56864
96711,4.14492
96712,3.98791
96713,4.5855
96714,4.24581
96715,4.20216
96716,4.43541
96717,4.01962
96718,2.93604
96719,3.34605
96720,3.89068
96721,3.15106
96722,3.93349
96723,3.94268
96724,4.44348
96725,2.94121
96726,3.54321
96727,3.56092
96728,2.78834
96729,3.28475
96730,4.35021
96731,3.44687
96732,3.78204
96733,4.25114
96734,3.52607
96735,4.4154
96736,3.16133
96737,3.60183
96738,3.56774
96739,3.80329
96740,3.84191
96741,3.78512
96742,3.33984
96743,3.91583
96744,3.61065
96745,3.77151
96746,3.79445
96747,3.367
96748,2.72513
96749,3.52186
96750,3.54568
96751,3.17899
96752,4.28731
96753,3.82125
96754,3.70935
96755,4.28133
96756,4.28051
96757,2.81118
96758,2.74912
96759,2.10868
96760,3.75317
96761,4.05218
96762,4.64334
96763,3.60409
96764,4.08343
96765,3.03806
96766,2.94579
96767,4.38315
96768,4.56795
96769,3.43421
96770,4.37645
96771,3.59428
96772,3.86168
96773,1.89573
96774,4.57774
96775,3.8189
96776,3.18589
96777,3.21086
96778,3.68357
96779,4.62742
96780,4.4989
96781,2.06748
96782,3.38064
96783,4.20467
96784,4.49049
96785,4.26258
96786,4.04598
96787,3.74692
96788,3.94231
96789,3.68649
96790,3.64783
96791,3.96803
96792,2.67129
96793,4.2138
96794,4.55955
96795,4.74691
96796,3.64794
96797,4.23872
96798,4.42745
96799,3.32769
96800,3.93859
96801,4.15458
96802,3.08032
96803,4.05707
96804,4.16551
96805,4.29404
96806,4.10799
96807,4.30762
96808,4.03696
96809,4.1139
96810,3.72372
96811,3.39916
96812,3.28817
96813,4.039
96814,4.21915
96815,3.98929
96816,4.74688
96817,4.75448
96818,3.73814
96819,3.32024
96820,3.4596
96821,4.32883
96822,4.04502
96823,4.38924
96824,4.6167
96825,4.32373
96826,4.4338
96827,4.2953
96828,4.48606
96829,4.66717
96830,3.34669
96831,4.03412
96832,4.21547
96833,3.98907
96834,4.14644
96835,3.62267
96836,3.67742
96837,3.61086
96838,4.15363
96839,3.86993
96840,3.85965
96841,4.57419
96842,3.67274
96843,3.43328
96844,4.07356
96845,3.74546
96846,2.03879
96847,2.74678
96848,4.24502
96849,4.13511
96850,2.92357
96851,2.62283
96852,3.30448
96853,3.04576
96854,4.18139
96855,3.91782
96856,3.99848
96857,4.11066
96858,4.48241
96859,4.27537
96860,4.93008
96861,4.61746
96862,5.0
96863,4.29534
96864,2.63888
96865,3.76718
96866,4.41117
96867,3.41959
96868,3.18115
96869,4.21566
96870,4.94964
96871,4.62996
96872,3.63924
96873,3.4715
96874,3.79765
96875,2.90228
96876,3.33572
96877,3.98999
96878,3.1507
96879,3.56805
96880,3.20265
96881,2.72543
96882,2.48564
96883,2.36154
96884,3.95613
96885,3.05617
96886,3.25073
96887,3.86811
96888,3.52933
96889,3.8812
96890,3.66101
96891,3.4181
96892,4.18501
96893,3.52969
96894,4.00942
96895,3.77958
96896,2.35127
96897,4.87595
96898,4.49568
96899,3.19417
96900,4.30699
96901,4.46139
96902,4.89332
96903,4.15591
96904,4.81875
96905,3.15863
96906,5.0
96907,2.07204
96908,2.93753
96909,3.75513
96910,4.39083
96911,4.43421
96912,4.751
96913,3.52212
96914,4.22674
96915,4.58928
96916,5.0
96917,4.42865
96918,4.0213
96919,4.18993
96920,1.53226
96921,4.36029
96922,2.10117
96923,4.19258
96924,1.91954
96925,4.0655
96926,5.0
96927,4.96211
96928,3.81159
96929,5.0
96930,3.75321
96931,3.829
96932,4.14919
96933,3.76396
96934,4.88163
96935,2.63954
96936,3.00427
96937,2.94735
96938,2.85173
96939,3.18767
96940,3.48469
96941,2.05796
96942,1.97588
96943,1.03976
96944,3.32601
96945,2.81393
96946,3.39497
96947,2.74282
96948,2.33314
96949,1.30429
96950,1.74448
96951,4.07283
96952,2.63111
96953,2.3149
96954,1.60306
96955,1.9542
96956,3.1615
96957,3.94149
96958,4.80232
96959,3.79517
96960,3.97652
96961,4.95424
96962,3.35685
96963,4.13398
96964,2.61895
96965,3.49948
96966,4.71162
96967,3.66729
96968,4.36166
96969,3.45836
96970,4.66555
96971,4.63354
96972,4.96913
96973,4.03632
96974,4.45998
96975,4.27392
96976,4.61273
96977,4.57851
96978,4.51376
96979,5.0
96980,4.01079
96981,4.02166
96982,5.0
96983,4.15203
96984,4.53628
96985,4.13032
96986,3.63758
96987,4.03738
96988,4.97507
96989,3.844
96990,2.30676
96991,4.4554
96992,4.25392
96993,1.44409
96994,3.99725
96995,4.53681
96996,3.42727
96997,3.95628
96998,4.75495
96999,4.38877
97000,4.01486
97001,3.67952
97002,4.11054
97003,4.88628
97004,4.41459
97005,3.87283
97006,3.49765
97007,4.01873
97008,4.08026
97009,5.0
97010,4.28944
97011,4.33682
97012,4.17079
97013,4.58125
97014,4.59901
97015,3.73973
97016,3.61731
97017,4.76184
97018,4.20961
97019,4.24177
97020,4.11622
97021,4.5515
97022,3.6204
97023,2.19413
97024,3.37608
97025,3.55105
97026,4.12067
97027,3.83694
97028,3.72228
97029,3.94291
97030,2.86567
97031,3.85258
97032,4.079
97033,3.67742
97034,3.74209
97035,4.17458
97036,2.97324
97037,3.93824
97038,4.07139
97039,3.61815
97040,4.35398
97041,4.46288
97042,3.29312
97043,3.58036
97044,3.17708
97045,2.55771
97046,4.32021
97047,4.34513
97048,4.07772
97049,4.12235
97050,4.45963
97051,4.5793
97052,3.64122
97053,4.58775
97054,3.34749
97055,4.2343
97056,4.44879
97057,2.82708
97058,4.20821
97059,2.15077
97060,4.0414
97061,4.4962
97062,4.00054
97063,3.36672
97064,3.24824
97065,3.93862
97066,4.00865
97067,3.95039
97068,2.65631
97069,3.87018
97070,2.76404
97071,3.86304
97072,4.43326
97073,3.84762
97074,3.10147
97075,2.15397
97076,1.61959
97077,1.77926
97078,2.28022
97079,1.95957
97080,2.01337
97081,3.93001
97082,3.29919
97083,5.0
97084,3.29303
97085,3.84422
97086,5.0
97087,3.12291
97088,2.90713
97089,4.45658
97090,4.50073
97091,3.42987
97092,3.56456
97093,3.75873
97094,4.03883
97095,3.8568
97096,4.11299
97097,3.77349
97098,3.47047
97099,3.48668
97100,3.71437
97101,4.27402
97102,2.839
97103,3.02442
97104,4.21388
97105,3.63555
97106,3.57576
97107,4.35084
97108,3.6419
97109,2.96556
97110,3.41101
97111,3.48522
97112,3.30417
97113,4.28558
97114,2.90915
97115,4.8243
97116,3.85305
97117,4.14074
97118,3.85303
97119,4.202
97120,3.72451
97121,3.66452
97122,4.24762
97123,3.38582
97124,3.82872
97125,4.05125
97126,2.83053
97127,3.39869
97128,4.06904
97129,3.46361
97130,3.50325
97131,2.96923
97132,2.30171
97133,3.38728
97134,2.26819
97135,2.19641
97136,2.78684
97137,2.52295
97138,3.17958
97139,5.0
97140,2.90077
97141,4.41858
97142,3.23991
97143,3.47584
97144,2.32136
97145,2.68602
97146,2.98321
97147,3.01683
97148,3.37015
97149,3.2797
97150,2.6556
97151,3.34796
97152,3.81802
97153,2.84951
97154,3.81001
97155,3.70107
97156,2.42589
97157,3.22939
97158,3.64941
97159,3.45064
97160,4.64879
97161,3.20582
97162,3.15521
97163,3.36146
97164,3.55721
97165,3.72339
97166,3.33954
97167,3.96816
97168,2.7788
97169,4.29586
97170,3.11338
97171,4.21701
97172,2.33536
97173,3.46662
97174,4.00053
97175,4.11921
97176,3.90019
97177,3.36256
97178,3.20107
97179,3.13973
97180,2.20732
97181,3.52187
97182,3.47072
97183,3.44145
97184,3.79183
97185,3.45409
97186,4.37826
97187,3.33067
97188,4.64262
97189,3.46814
97190,4.00587
97191,4.82072
97192,3.95692
97193,4.1423
97194,3.94747
97195,2.93193
97196,3.5347
97197,3.4209
97198,4.00564
97199,3.9813
97200,2.35963
97201,1.926
97202,3.25152
97203,3.19033
97204,3.61249
97205,2.30909
97206,3.25124
97207,2.73807
97208,2.5568
97209,3.3451
97210,3.719
97211,3.24835
97212,3.93537
97213,3.95885
97214,3.9459
97215,4.17883
97216,3.76644
97217,3.02927
97218,4.08968
97219,3.72229
97220,3.41792
97221,3.98499
97222,3.99349
97223,4.8714
97224,3.50362
97225,4.12416
97226,3.23642
97227,2.48993
97228,5.0
97229,4.81555
97230,5.0
97231,4.18429
97232,4.3095
97233,4.30486
97234,4.5751
97235,4.75503
97236,4.55877
97237,3.1957
97238,4.40849
97239,4.64639
97240,4.68089
97241,3.55874
97242,3.77461
97243,4.8005
97244,3.72123
97245,4.44335
97246,3.99288
97247,3.96246
97248,3.21158
97249,3.88375
97250,4.27085
97251,4.92967
97252,1.29472
97253,4.5761
97254,2.26292
97255,4.35234
97256,2.54808
97257,3.54859
97258,4.85731
97259,3.69092
97260,3.88836
97261,3.98091
97262,4.36864
97263,4.00347
97264,3.79486
97265,3.35695
97266,4.22584
97267,4.41244
97268,5.0
97269,4.73219
97270,3.36312
97271,4.17899
97272,4.8761
97273,5.0
97274,4.10957
97275,5.0
97276,4.95045
97277,4.33636
97278,4.68009
97279,4.78385
97280,5.0
97281,4.65238
97282,4.80212
97283,4.8332
97284,4.77443
97285,4.41002
97286,4.26316
97287,5.0
97288,4.17984
97289,2.74881
97290,5.0
97291,3.98831
97292,4.61196
97293,4.15969
97294,4.12259
97295,3.39284
97296,3.4546
97297,4.23699
97298,3.3015
97299,4.05163
97300,3.18651
97301,2.91685
97302,2.94922
97303,2.615
97304,2.60297
97305,1.81799
97306,4.00371
97307,2.24181
97308,2.81844
97309,4.34576
97310,4.17586
97311,4.08114
97312,3.73919
97313,4.24997
97314,3.64784
97315,4.2188
97316,3.66337
97317,4.631
97318,3.71395
97319,2.80454
97320,3.12358
97321,3.63634
97322,3.78142
97323,3.2105
97324,3.86674
97325,4.05707
97326,4.62434
97327,4.84084
97328,4.79141
97329,3.4075
97330,4.15408
97331,4.285
97332,4.12606
97333,3.74577
97334,5.0
97335,3.20963
97336,4.509
97337,3.23747
97338,4.76909
97339,3.57192
97340,3.79079
97341,2.69537
97342,3.10508
97343,2.81452
97344,4.17546
97345,2.47748
97346,2.36495
97347,3.32231
97348,3.49579
97349,2.8593
97350,3.50922
97351,3.72327
97352,3.64097
97353,2.14197
97354,2.87354
97355,3.23798
97356,1.95634
97357,2.11818
97358,3.515
97359,3.62887
97360,2.45007
97361,3.42756
97362,3.85716
97363,4.26202
97364,3.26149
97365,3.69822
97366,3.52218
97367,3.36443
97368,2.69333
97369,3.72821
97370,4.34561
97371,1.90268
97372,2.09501
97373,3.89284
97374,2.46474
97375,2.53368
97376,4.73774
97377,4.8749
97378,4.03361
97379,4.21275
97380,4.20559
97381,4.51818
97382,2.98895
97383,3.87227
97384,3.34149
97385,3.12507
97386,4.43104
97387,2.87306
97388,3.61109
97389,3.88554
97390,2.6517
97391,3.30282
97392,3.64791
97393,1.0175
97394,3.33303
97395,2.80488
97396,2.96114
97397,2.28343
97398,4.51438
97399,4.13765
97400,3.64763
97401,3.13799
97402,4.03518
97403,4.8131
97404,4.08454
97405,5.0
97406,4.01994
97407,3.30872
97408,3.57946
97409,3.71027
97410,4.3171
97411,4.5532
97412,3.95841
97413,3.83423
97414,3.91262
97415,4.80285
97416,4.50736
97417,4.13999
97418,4.6909
97419,4.83367
97420,4.65575
97421,3.5434
97422,3.66217
97423,5.0
97424,3.35665
97425,3.97129
97426,2.43582
97427,3.36303
97428,2.81094
97429,3.87015
97430,3.123
97431,4.13047
97432,4.02807
97433,3.65595
97434,4.31329
97435,3.41664
97436,4.15167
97437,4.12754
97438,2.5837
97439,3.22743
97440,3.92805
97441,3.32196
97442,3.7009
97443,3.55619
97444,3.91069
97445,3.9579
97446,3.69087
97447,2.77901
97448,4.42084
97449,3.69896
97450,3.21826
97451,3.58147
97452,3.10892
97453,4.17146
97454,3.10314
97455,3.18986
97456,3.08604
97457,3.98884
97458,4.14405
97459,3.69945
97460,4.02378
97461,4.70401
97462,2.76135
97463,3.41049
97464,3.07132
97465,4.252
97466,2.34304
97467,3.4929
97468,3.99364
97469,3.19848
97470,3.85098
97471,4.81286
97472,3.36663
97473,3.35465
97474,3.66037
97475,2.6519
97476,2.65408
97477,3.69805
97478,4.07987
97479,4.13849
97480,3.81329
97481,4.02435
97482,3.93922
97483,3.67594
97484,3.87
97485,3.37729
97486,3.1164
97487,3.44708
97488,3.16921
97489,3.10127
97490,2.96096
97491,2.70829
97492,3.08246
97493,2.7875
97494,3.58312
97495,3.42305
97496,3.34141
97497,2.88631
97498,2.44241
97499,4.58028
97500,3.12127
97501,3.1179
97502,3.21264
97503,4.55414
97504,2.5266
97505,2.48952
97506,3.81724
97507,1.58319
97508,3.18665
97509,2.06337
97510,3.56937
97511,4.2763
97512,3.8222
97513,2.9938
97514,3.2027
97515,3.18586
97516,3.37902
97517,2.86806
97518,3.00806
97519,3.39456
97520,3.51033
97521,3.52249
97522,3.05236
97523,4.07968
97524,3.1308
97525,4.11463
97526,3.09016
97527,3.60463
97528,3.25137
97529,3.37668
97530,3.19458
97531,4.06013
97532,1.83259
97533,2.25363
97534,2.57021
97535,3.72112
97536,3.45871
97537,3.44637
97538,3.43677
97539,3.23207
97540,2.73123
97541,3.05811
97542,2.52021
97543,3.8898
97544,3.47428
97545,3.00338
97546,3.76566
97547,3.74808
97548,2.54645
97549,3.03098
97550,4.19049
97551,2.45125
97552,3.77302
97553,3.31498
97554,3.32785
97555,2.86695
97556,3.76178
97557,2.72259
97558,3.62508
97559,3.13422
97560,3.1948
97561,3.32435
97562,3.24642
97563,3.55749
97564,4.17293
97565,3.21454
97566,4.03734
97567,3.38655
97568,3.14426
97569,3.27902
97570,3.87047
97571,4.68616
97572,3.41377
97573,3.1878
97574,3.67618
97575,3.9819
97576,3.40817
97577,3.59111
97578,3.67686
97579,3.72384
97580,3.65036
97581,4.86863
97582,3.85081
97583,3.90243
97584,1.81457
97585,3.72985
97586,3.2403
97587,4.2955
97588,2.0084
97589,3.18347
97590,3.50592
97591,3.25043
97592,5.0
97593,4.52511
97594,3.29665
97595,4.31152
97596,4.57361
97597,2.60811
97598,3.8298
97599,4.65282
97600,3.69481
97601,3.16531
97602,4.18967
97603,3.99009
97604,4.40822
97605,4.4464
97606,5.0
97607,4.3373
97608,2.97333
97609,2.30807
97610,4.38849
97611,4.05399
97612,3.45918
97613,4.33013
97614,3.15465
97615,2.84197
97616,4.07656
97617,3.75722
97618,2.2502
97619,3.13633
97620,1.96376
97621,2.68432
97622,4.41277
97623,2.67472
97624,2.86796
97625,3.40516
97626,1.89937
97627,4.24681
97628,3.41759
97629,2.9526
97630,2.05804
97631,4.5668
97632,3.30421
97633,4.37245
97634,3.08098
97635,4.79559
97636,4.62342
97637,4.13377
97638,2.37702
97639,2.63743
97640,4.71494
97641,3.07625
97642,4.18594
97643,3.15428
97644,3.22274
97645,3.46942
97646,3.83782
97647,2.71941
97648,3.72865
97649,2.89721
97650,4.60544
97651,3.849
97652,4.03689
97653,3.52703
97654,3.40626
97655,2.23811
97656,3.44208
97657,2.50966
97658,3.01416
97659,4.44221
97660,2.56793
97661,3.96217
97662,3.63784
97663,3.69546
97664,3.04863
97665,3.58269
97666,3.46894
97667,3.95732
97668,3.50538
97669,2.58777
97670,4.70102
97671,3.98531
97672,1.57101
97673,2.2061
97674,5.0
97675,5.0
97676,3.70932
97677,4.51196
97678,1.6289
97679,1.51597
97680,1.85942
97681,2.06314
97682,4.73362
97683,2.02234
97684,3.30898
97685,1.94479
97686,4.0733
97687,2.41144
97688,3.97476
97689,2.1367
97690,3.13478
97691,1.59065
97692,1.62858
97693,3.34655
97694,4.37222
97695,4.44646
97696,3.46011
97697,2.93046
97698,2.89089
97699,1.0
97700,3.63387
97701,3.93777
97702,4.82148
97703,4.58201
97704,3.96286
97705,1.10711
97706,2.12319
97707,1.0
97708,2.44269
97709,2.84523
97710,2.54699
97711,2.98968
97712,1.0
97713,3.99045
97714,4.72858
97715,4.52999
97716,2.22578
97717,1.0
97718,2.3266
97719,1.68586
97720,3.87384
97721,1.24095
97722,3.496
97723,2.41671
97724,3.03336
97725,3.12461
97726,4.28827
97727,4.4329
97728,2.34802
97729,2.82241
97730,4.58253
97731,3.67479
97732,4.06334
97733,2.81924
97734,4.64207
97735,3.22925
97736,3.65967
97737,4.04587
97738,3.54142
97739,3.67648
97740,3.9963
97741,3.9244
97742,3.75318
97743,4.29985
97744,4.25911
97745,3.72709
97746,4.42092
97747,3.99794
97748,4.23355
97749,3.52788
97750,3.53794
97751,3.59594
97752,4.59419
97753,3.60803
97754,4.58663
97755,3.63946
97756,3.50299
97757,4.24055
97758,4.15152
97759,4.04458
97760,4.16929
97761,3.57655
97762,4.32782
97763,4.15402
97764,4.23408
97765,4.00725
97766,3.75252
97767,4.13153
97768,4.10058
97769,3.65565
97770,2.32928
97771,4.50982
97772,3.78443
97773,3.82156
97774,4.4228
97775,4.05922
97776,4.28731
97777,3.43634
97778,4.32963
97779,4.45503
97780,4.70957
97781,3.9416
97782,4.09339
97783,3.56846
97784,4.3449
97785,4.80037
97786,2.47583
97787,2.9038
97788,3.74368
97789,4.591
97790,4.5427
97791,4.52599
97792,2.80195
97793,4.07056
97794,3.72128
97795,3.69764
97796,2.97753
97797,2.02431
97798,4.05523
97799,3.05056
97800,4.02493
97801,2.5881
97802,3.72481
97803,2.7927
97804,3.78821
97805,2.36609
97806,3.46847
97807,3.39301
97808,3.85128
97809,2.93426
97810,3.51597
97811,3.89569
97812,3.18666
97813,4.25883
97814,3.61882
97815,4.22915
97816,3.85701
97817,3.95875
97818,3.98952
97819,4.50571
97820,4.17755
97821,3.05162
97822,4.20348
97823,2.74695
97824,2.94496
97825,2.98175
97826,2.79731
97827,3.997
97828,3.1773
97829,3.86854
97830,2.04085
97831,2.20045
97832,4.77482
97833,1.08998
97834,2.18413
97835,2.375
97836,2.09453
97837,1.29133
97838,1.73992
97839,1.52019
97840,2.08328
97841,2.92885
97842,1.906
97843,1.57186
97844,2.57838
97845,3.02328
97846,3.55309
97847,2.56266
97848,2.65413
97849,2.4899
97850,2.69976
97851,4.1146
97852,4.34848
97853,2.41528
97854,4.55118
97855,4.58463
97856,4.4117
97857,3.05696
97858,2.86817
97859,3.77605
97860,2.82494
97861,2.92267
97862,3.26442
97863,4.45136
97864,4.31375
97865,3.14073
97866,3.945
97867,3.53141
97868,2.70257
97869,2.00176
97870,4.24725
97871,3.12625
97872,2.14234
97873,3.72267
97874,3.13863
97875,3.47095
97876,2.75629
97877,3.80056
97878,4.42212
97879,3.51568
97880,3.77386
97881,3.38648
97882,3.69338
97883,3.98223
97884,3.33317
97885,3.13037
97886,3.84726
97887,3.47163
97888,4.23244
97889,4.39195
97890,3.10387
97891,3.27467
97892,4.21682
97893,3.89687
97894,4.02263
97895,3.51825
97896,3.92572
97897,3.23761
97898,3.17571
97899,2.21029
97900,3.50971
97901,3.63711
97902,3.79544
97903,3.27443
97904,3.07749
97905,3.14866
97906,4.08708
97907,2.99861
97908,4.55551
97909,3.83808
97910,3.60394
97911,3.08499
97912,3.26216
97913,2.51921
97914,4.21776
97915,4.58991
97916,4.21678
97917,3.55473
97918,4.01978
97919,4.00494
97920,4.88536
97921,4.59595
97922,4.14687
97923,4.40395
97924,4.16985
97925,3.46282
97926,4.54705
97927,4.15195
97928,3.98734
97929,4.53531
97930,3.94279
97931,4.56578
97932,3.65089
97933,4.18073
97934,4.30665
97935,4.86903
97936,4.75584
97937,4.46307
97938,3.52474
97939,3.9237
97940,4.26895
97941,4.14187
97942,4.87091
97943,4.31648
97944,3.95816
97945,4.61576
97946,1.44072
97947,4.44502
97948,4.34918
97949,3.66831
97950,1.94193
97951,3.97717
97952,3.38877
97953,4.25788
97954,4.10401
97955,3.72905
97956,2.78767
97957,2.86797
97958,3.24124
97959,2.82654
97960,2.95995
97961,4.2012
97962,3.23606
97963,3.51682
97964,4.53899
97965,4.62065
97966,2.68391
97967,4.90498
97968,4.36245
97969,4.26402
97970,4.09862
97971,4.02141
97972,3.39929
97973,3.56196
97974,2.6545
97975,3.02928
97976,3.55115
97977,4.19072
97978,3.00477
97979,3.85799
97980,3.50481
97981,2.92418
97982,3.81514
97983,4.2075
97984,2.33798
97985,3.60427
97986,2.68807
97987,3.56298
97988,3.33048
97989,3.45984
97990,3.73753
97991,3.52162
97992,3.04096
97993,3.79468
97994,4.34985
97995,3.75016
97996,3.69241
97997,4.5327
97998,4.10182
97999,4.24061
98000,2.65196
98001,3.53116
98002,3.90627
98003,4.04243
98004,2.78322
98005,3.35987
98006,3.21203
98007,2.11354
98008,4.54396
98009,2.67403
98010,3.85324
98011,3.88954
98012,3.05561
98013,3.49846
98014,4.71891
98015,4.38769
98016,3.61462
98017,3.93774
98018,3.10978
98019,3.69291
98020,2.83788
98021,3.75578
98022,2.43878
98023,2.7772
98024,4.54601
98025,5.0
98026,4.05201
98027,2.50084
98028,1.91159
98029,3.3617
98030,3.79946
98031,3.92048
98032,3.44021
98033,2.64945
98034,3.00983
98035,3.75181
98036,3.78462
98037,3.14815
98038,3.36397
98039,3.48995
98040,3.50441
98041,3.2986
98042,3.07009
98043,3.34687
98044,3.1788
98045,3.52891
98046,2.95815
98047,3.2991
98048,2.17671
98049,2.95903
98050,1.0
98051,3.32194
98052,2.21446
98053,2.59668
98054,2.94532
98055,3.29794
98056,2.36703
98057,2.78205
98058,3.11314
98059,3.36186
98060,3.44254
98061,3.5136
98062,3.18675
98063,3.53348
98064,2.34055
98065,3.13272
98066,1.42352
98067,3.22411
98068,3.71102
98069,3.41129
98070,3.76141
98071,3.25453
98072,3.01148
98073,3.05315
98074,3.69628
98075,2.70211
98076,2.84284
98077,2.7477
98078,3.20841
98079,2.65809
98080,2.3223
98081,3.56618
98082,3.43725
98083,3.24949
98084,2.76692
98085,2.77025
98086,3.44014
98087,3.42977
98088,3.64238
98089,3.01126
98090,3.73353
98091,2.38906
98092,3.04768
98093,3.49591
98094,2.26419
98095,3.42537
98096,2.71069
98097,3.97441
98098,2.81911
98099,3.21793
98100,3.394
98101,2.16994
98102,3.95524
98103,3.21421
98104,3.73863
98105,2.18103
98106,3.95844
98107,3.4607
98108,4.08608
98109,4.58229
98110,4.7493
98111,3.77115
98112,4.16686
98113,3.61187
98114,4.12286
98115,4.26081
98116,3.97364
98117,3.41873
98118,3.66274
98119,3.67519
98120,3.99844
98121,3.71098
98122,3.79556
98123,4.428
98124,4.23709
98125,3.85132
98126,4.02992
98127,2.10288
98128,2.9733
98129,5.0
98130,4.34941
98131,3.77754
98132,3.95243
98133,4.47747
98134,4.51535
98135,4.15018
98136,4.4732
98137,3.84912
98138,4.09909
98139,3.44866
98140,4.14208
98141,3.20958
98142,3.55558
98143,4.2868
98144,3.527
98145,4.88735
98146,3.86158
98147,2.60511
98148,3.84126
98149,3.71007
98150,3.69181
98151,4.18023
98152,3.53937
98153,3.30567
98154,3.47615
98155,2.72363
98156,4.40457
98157,3.37405
98158,3.62329
98159,3.67406
98160,3.42854
98161,3.6772
98162,3.78136
98163,4.00818
98164,4.59453
98165,4.26031
98166,3.22179
98167,3.79809
98168,3.28445
98169,3.67391
98170,3.60874
98171,3.8757
98172,4.72019
98173,3.0831
98174,3.62507
98175,4.82006
98176,2.91687
98177,4.05361
98178,4.01165
98179,4.1717
98180,4.33914
98181,3.25634
98182,3.97168
98183,4.01702
98184,3.70374
98185,4.39529
98186,3.69405
98187,3.78633
98188,3.82516
98189,3.65768
98190,4.26346
98191,3.60226
98192,3.0729
98193,4.1019
98194,4.38907
98195,4.36985
98196,4.27672
98197,4.25339
98198,2.34177
98199,3.99798
98200,3.72084
98201,3.17509
98202,4.04532
98203,4.20387
98204,4.05635
98205,3.67254
98206,2.95779
98207,4.45062
98208,4.12073
98209,4.07016
98210,3.35449
98211,4.30259
98212,3.47875
98213,3.71656
98214,3.67659
98215,3.73278
98216,1.9098
98217,2.94789
98218,2.92762
98219,4.15714
98220,3.40616
98221,5.0
98222,3.33865
98223,3.19267
98224,4.04492
98225,3.82212
98226,3.97285
98227,4.58632
98228,3.73862
98229,3.95051
98230,3.66966
98231,3.55275
98232,3.94926
98233,3.99476
98234,3.7845
98235,4.04248
98236,3.57946
98237,3.96258
98238,3.58129
98239,4.24565
98240,2.37835
98241,3.20501
98242,1.39414
98243,3.03766
98244,3.85714
98245,3.92122
98246,2.7813
98247,4.02066
98248,4.20222
98249,4.01911
98250,3.2129
98251,3.98642
98252,2.70377
98253,3.94016
98254,3.63877
98255,4.98986
98256,4.63934
98257,3.69674
98258,4.41533
98259,4.68221
98260,3.49599
98261,4.87105
98262,4.65048
98263,4.8191
98264,3.66918
98265,3.53017
98266,3.5572
98267,3.28115
98268,3.83038
98269,3.71573
98270,1.5786
98271,2.74914
98272,3.4573
98273,3.17444
98274,4.50857
98275,4.94693
98276,4.1445
98277,3.85001
98278,4.1526
98279,4.22754
98280,3.42068
98281,3.57337
98282,2.52264
98283,3.20503
98284,3.96262
98285,4.981
98286,4.50554
98287,4.2763
98288,4.38668
98289,3.2431
98290,4.34517
98291,2.9266
98292,3.27654
98293,3.84171
98294,2.42011
98295,2.73357
98296,3.01159
98297,2.90351
98298,2.99203
98299,4.59532
98300,4.26861
98301,4.08201
98302,4.55786
98303,3.96666
98304,4.54928
98305,4.09517
98306,3.11894
98307,3.25504
98308,4.29703
98309,3.78277
98310,4.07065
98311,3.19824
98312,4.02657
98313,4.01898
98314,4.8089
98315,4.95776
98316,2.92833
98317,3.54437
98318,3.06638
98319,4.22356
98320,3.6935
98321,2.7756
98322,4.37912
98323,3.96278
98324,4.37289
98325,3.69012
98326,3.92063
98327,3.31322
98328,4.36938
98329,2.47323
98330,3.41334
98331,3.4181
98332,3.0361
98333,3.05509
98334,4.65548
98335,3.79448
98336,2.85696
98337,4.81753
98338,4.78329
98339,4.57485
98340,3.93981
98341,2.08087
98342,4.14559
98343,2.24079
98344,2.99656
98345,4.59153
98346,4.70379
98347,4.30685
98348,4.45653
98349,4.05135
98350,3.85664
98351,2.86934
98352,3.79844
98353,4.56596
98354,4.3748
98355,3.45226
98356,2.39938
98357,4.47516
98358,3.95288
98359,4.99035
98360,3.14829
98361,1.89675
98362,2.47705
98363,4.50429
98364,4.92916
98365,5.0
98366,4.40234
98367,3.66917
98368,3.34812
98369,3.67462
98370,3.7072
98371,4.1454
98372,3.16902
98373,3.61668
98374,3.8424
98375,2.95894
98376,1.30579
98377,3.5229
98378,2.05012
98379,3.08558
98380,2.32241
98381,2.63552
98382,4.10432
98383,3.55704
98384,3.16508
98385,3.28459
98386,2.82519
98387,3.33402
98388,2.87993
98389,2.52131
98390,3.88266
98391,4.04892
98392,4.74974
98393,4.41231
98394,4.79509
98395,4.64653
98396,2.5019
98397,3.58381
98398,3.53173
98399,3.17661
98400,3.92548
98401,4.82558
98402,3.82353
98403,4.97726
98404,2.5086
98405,4.52941
98406,2.43423
98407,3.39883
98408,4.83302
98409,3.70891
98410,4.63879
98411,4.50035
98412,3.24209
98413,2.38019
98414,4.59769
98415,3.47618
98416,5.0
98417,4.91779
98418,4.47529
98419,4.51719
98420,4.02625
98421,3.18732
98422,3.46773
98423,4.15485
98424,3.59544
98425,4.40345
98426,4.32253
98427,3.68851
98428,4.36845
98429,4.67895
98430,3.81361
98431,4.22249
98432,3.86874
98433,4.78229
98434,4.3932
98435,3.69146
98436,2.71953
98437,3.19076
98438,4.14439
98439,3.81259
98440,2.96043
98441,3.6716
98442,2.36916
98443,4.69504
98444,3.01414
98445,3.50924
98446,3.41369
98447,3.93355
98448,3.23175
98449,2.98097
98450,3.81011
98451,2.88488
98452,3.78608
98453,3.66093
98454,2.08845
98455,2.62395
98456,4.41313
98457,2.19231
98458,2.8116
98459,4.19971
98460,2.58997
98461,3.08949
98462,3.51949
98463,2.84751
98464,3.40215
98465,2.05047
98466,3.09147
98467,2.9519
98468,3.48282
98469,2.72173
98470,3.35507
98471,2.46638
98472,3.69719
98473,3.99134
98474,3.31878
98475,3.28054
98476,3.23205
98477,1.26969
98478,3.13792
98479,3.03549
98480,1.39119
98481,3.21005
98482,3.8919
98483,3.97791
98484,2.21318
98485,3.74536
98486,3.22147
98487,1.33692
98488,2.30993
98489,2.7837
98490,2.50298
98491,3.37563
98492,5.0
98493,4.17864
98494,3.62962
98495,3.70579
98496,4.0921
98497,4.14831
98498,4.16013
98499,3.56021
98500,4.41998
98501,5.0
98502,4.13825
98503,4.35039
98504,3.75182
98505,3.91241
98506,4.73204
98507,4.59264
98508,4.18389
98509,4.30084
98510,3.1769
98511,3.89611
98512,4.65152
98513,3.30217
98514,4.59765
98515,3.65091
98516,3.89972
98517,3.7057
98518,3.04424
98519,2.89852
98520,4.67462
98521,3.11034
98522,2.56671
98523,3.5171
98524,3.217
98525,2.51988
98526,4.00534
98527,3.42764
98528,2.81103
98529,2.9287
98530,4.12098
98531,3.81893
98532,1.18231
98533,4.13988
98534,3.46972
98535,3.02678
98536,1.50054
98537,2.61599
98538,2.5122
98539,4.12435
98540,3.89958
98541,2.49734
98542,4.51341
98543,3.45636
98544,4.87982
98545,3.97655
98546,2.77272
98547,2.16382
98548,4.77848
98549,4.84767
98550,3.35002
98551,3.73099
98552,3.42601
98553,3.31765
98554,3.12042
98555,3.23734
98556,3.14162
98557,3.33272
98558,3.28505
98559,3.57796
98560,3.58691
98561,4.67655
98562,3.88268
98563,3.55712
98564,4.07605
98565,2.30922
98566,3.63582
98567,1.90885
98568,2.59539
98569,2.63656
98570,4.48225
98571,4.16829
98572,3.49257
98573,4.84893
98574,3.04724
98575,1.92736
98576,3.89596
98577,4.74695
98578,4.30653
98579,4.46076
98580,1.55208
98581,2.11936
98582,4.60438
98583,1.94072
98584,2.76445
98585,3.327
98586,1.27939
98587,2.053
98588,3.7954
98589,2.66214
98590,3.62695
98591,2.90825
98592,4.03227
98593,2.32408
98594,3.79295
98595,3.76226
98596,3.31572
98597,3.11532
98598,4.79351
98599,2.22736
98600,4.08985
98601,2.62879
98602,1.89115
98603,4.23473
98604,3.18054
98605,4.08778
98606,1.83641
98607,2.33125
98608,3.10929
98609,2.35786
98610,3.65541
98611,4.50622
98612,2.04416
98613,2.24023
98614,3.48901
98615,5.0
98616,3.74564
98617,2.17681
98618,4.05992
98619,3.05177
98620,3.59714
98621,4.06213
98622,4.21859
98623,4.38502
98624,2.99078
98625,2.90689
98626,3.92335
98627,2.86745
98628,4.8814
98629,4.10365
98630,4.24081
98631,3.73346
98632,2.75664
98633,3.94447
98634,3.90031
98635,4.00287
98636,3.30174
98637,2.48294
98638,3.45438
98639,3.67611
98640,3.55455
98641,3.88014
98642,3.72631
98643,3.76151
98644,3.32702
98645,3.83608
98646,4.01162
98647,3.64621
98648,3.30302
98649,3.41112
98650,2.73922
98651,4.13642
98652,3.41204
98653,3.95426
98654,3.88442
98655,3.57457
98656,2.57703
98657,3.16084
98658,4.18929
98659,3.30558
98660,2.38526
98661,3.95194
98662,3.59985
98663,3.65892
98664,3.51007
98665,4.15705
98666,3.26545
98667,3.25946
98668,3.3738
98669,3.28616
98670,3.65411
98671,3.06531
98672,3.78604
98673,3.59712
98674,3.28609
98675,2.7946
98676,3.44175
98677,2.95464
98678,2.70323
98679,3.84331
98680,2.82651
98681,3.44801
98682,2.8775
98683,4.03148
98684,3.60515
98685,3.59429
98686,4.11765
98687,2.83095
98688,3.32069
98689,4.29518
98690,4.92454
98691,3.8939
98692,4.03888
98693,3.54055
98694,4.08631
98695,3.36688
98696,3.69424
98697,3.65343
98698,4.62238
98699,2.94899
98700,4.42815
98701,2.36668
98702,3.31767
98703,3.40164
98704,3.16029
98705,3.67276
98706,3.24458
98707,3.09089
98708,3.73281
98709,2.75813
98710,4.62624
98711,2.87365
98712,3.36244
98713,2.89389
98714,3.84785
98715,3.75302
98716,4.06335
98717,3.47208
98718,3.46525
98719,3.72667
98720,2.9804
98721,2.82478
98722,3.06525
98723,3.04456
98724,2.35313
98725,3.11395
98726,3.73259
98727,3.60307
98728,4.25075
98729,4.07719
98730,3.0933
98731,4.03245
98732,3.51884
98733,3.75562
98734,3.57303
98735,4.11386
98736,3.79844
98737,4.56428
98738,4.11051
98739,4.0497
98740,4.02979
98741,4.03577
98742,4.57202
98743,3.19811
98744,4.1668
98745,4.03049
98746,4.25468
98747,2.52618
98748,3.68406
98749,3.7032
98750,2.40119
98751,2.5593
98752,3.44059
98753,2.2101
98754,3.73703
98755,3.88932
98756,2.92365
98757,2.16121
98758,2.54006
98759,3.09849
98760,4.0405
98761,2.27164
98762,3.91266
98763,3.19646
98764,2.92792
98765,3.80023
98766,2.62368
98767,1.79551
98768,2.55336
98769,2.95863
98770,2.55716
98771,1.79328
98772,2.05825
98773,3.8867
98774,3.27428
98775,3.14085
98776,2.65498
98777,3.15174
98778,5.0
98779,4.56587
98780,2.23053
98781,2.71483
98782,4.21767
98783,3.97675
98784,3.72173
98785,3.29975
98786,3.3703
98787,4.05883
98788,2.96644
98789,2.73674
98790,3.98677
98791,1.89375
98792,3.6975
98793,3.89441
98794,3.23151
98795,4.37123
98796,3.59451
98797,4.2251
98798,3.22809
98799,2.58221
98800,4.54337
98801,4.24606
98802,4.89639
98803,3.86791
98804,3.68455
98805,4.55848
98806,2.89271
98807,4.93377
98808,4.38401
98809,3.4177
98810,4.40134
98811,2.45776
98812,4.69927
98813,4.78061
98814,4.68096
98815,3.54036
98816,4.19735
98817,4.51216
98818,3.60494
98819,1.94115
98820,4.05942
98821,3.52247
98822,2.59354
98823,4.6513
98824,3.19411
98825,3.14408
98826,4.817
98827,4.69367
98828,3.95638
98829,4.5678
98830,5.0
98831,2.99137
98832,4.37248
98833,1.87739
98834,4.5851
98835,3.75284
98836,3.57011
98837,3.2269
98838,3.93624
98839,4.01948
98840,4.14806
98841,2.94053
98842,2.2649
98843,2.65634
98844,3.71718
98845,3.5013
98846,2.25556
98847,2.92981
98848,2.20962
98849,3.55599
98850,3.94336
98851,3.29198
98852,4.83553
98853,4.2644
98854,3.09447
98855,3.2742
98856,2.67272
98857,2.93109
98858,3.68766
98859,3.26589
98860,3.64756
98861,3.70163
98862,3.50714
98863,3.75192
98864,4.44014
98865,2.48444
98866,4.43992
98867,4.33019
98868,4.87098
98869,3.22097
98870,4.5439
98871,3.8119
98872,2.87786
98873,4.14564
98874,4.09723
98875,4.91237
98876,3.36676
98877,1.37301
98878,3.0577
98879,3.29215
98880,2.81873
98881,3.66478
98882,4.67675
98883,3.71061
98884,3.71805
98885,2.9036
98886,4.34977
98887,3.30765
98888,3.39711
98889,3.8268
98890,3.69842
98891,3.63415
98892,3.47622
98893,2.86149
98894,1.93155
98895,3.18823
98896,4.0525
98897,4.52535
98898,3.81033
98899,2.63315
98900,3.47707
98901,2.91429
98902,3.95359
98903,3.83755
98904,4.10436
98905,2.94693
98906,3.48737
98907,3.55227
98908,3.80328
98909,4.15923
98910,3.90298
98911,4.35445
98912,3.62498
98913,3.39518
98914,3.7071
98915,3.97522
98916,4.40025
98917,4.46003
98918,3.59875
98919,3.92479
98920,3.70628
98921,4.14759
98922,4.37218
98923,3.48207
98924,3.5961
98925,3.31492
98926,3.50864
98927,3.83552
98928,3.38161
98929,3.87374
98930,4.03141
98931,3.67633
98932,4.08851
98933,2.96788
98934,2.48059
98935,4.14556
98936,3.02348
98937,3.22321
98938,3.71542
98939,3.81569
98940,4.13118
98941,4.02149
98942,3.1802
98943,5.0
98944,4.15145
98945,4.92044
98946,5.0
98947,3.57101
98948,4.4189
98949,3.05126
98950,2.81274
98951,2.5301
98952,4.0757
98953,4.62712
98954,3.29245
98955,2.9345
98956,3.67906
98957,2.57946
98958,4.16032
98959,4.98654
98960,5.0
98961,2.23508
98962,3.0867
98963,2.04797
98964,2.09876
98965,3.06152
98966,3.92082
98967,3.9426
98968,3.17089
98969,2.93589
98970,3.24398
98971,4.31764
98972,3.50212
98973,3.55573
98974,3.03934
98975,3.78862
98976,3.70697
98977,3.85498
98978,3.07216
98979,4.10786
98980,2.04348
98981,4.12673
98982,3.82964
98983,3.51671
98984,2.70291
98985,3.74756
98986,3.34026
98987,2.64302
98988,3.67886
98989,4.55241
98990,2.98408
98991,4.63272
98992,4.54854
98993,2.85975
98994,3.8005
98995,3.7532
98996,3.06537
98997,2.44134
98998,4.44011
98999,3.18208
99000,2.78004
99001,3.06657
99002,4.77698
99003,2.82837
99004,2.23102
99005,2.64567
99006,2.27338
99007,3.43058
99008,4.25991
99009,4.06549
99010,3.25816
99011,2.68935
99012,4.99555
99013,3.79933
99014,3.85281
99015,4.5136
99016,4.27347
99017,4.07448
99018,2.62452
99019,1.0
99020,2.28425
99021,1.42306
99022,2.53561
99023,3.39255
99024,4.04187
99025,2.01795
99026,3.25494
99027,3.17226
99028,2.1712
99029,3.24418
99030,3.1408
99031,3.66725
99032,2.20198
99033,3.22828
99034,3.6998
99035,4.71373
99036,4.70595
99037,3.8216
99038,4.01473
99039,3.39865
99040,4.12923
99041,3.86144
99042,3.14213
99043,2.9407
99044,3.43274
99045,4.01981
99046,2.64026
99047,4.09506
99048,3.85535
99049,3.18462
99050,3.70223
99051,3.37525
99052,3.33235
99053,4.27984
99054,3.596
99055,3.79323
99056,3.75044
99057,3.25085
99058,3.69405
99059,1.0
99060,5.0
99061,3.09228
99062,2.38541
99063,5.0
99064,4.08814
99065,3.21863
99066,2.66109
99067,2.81989
99068,3.35717
99069,4.93173
99070,2.88086
99071,4.34212
99072,3.70674
99073,4.94771
99074,3.88999
99075,3.69164
99076,4.46239
99077,4.38289
99078,3.96484
99079,3.60846
99080,3.38051
99081,3.49624
99082,2.8059
99083,2.07749
99084,2.65729
99085,3.90106
99086,4.02953
99087,3.67753
99088,3.77037
99089,4.1688
99090,3.8886
99091,4.18669
99092,3.4612
99093,3.58813
99094,4.63632
99095,3.17578
99096,3.41034
99097,4.23186
99098,4.12892
99099,4.89321
99100,4.13402
99101,3.77552
99102,5.0
99103,4.08509
99104,4.5992
99105,2.75362
99106,4.98698
99107,2.94593
99108,3.60353
99109,3.64436
99110,3.60346
99111,2.34365
99112,2.67803
99113,4.0458
99114,4.47899
99115,4.08221
99116,4.63131
99117,5.0
99118,4.78914
99119,4.46585
99120,4.77366
99121,4.10209
99122,4.57548
99123,4.41705
99124,4.75882
99125,3.96066
99126,4.69367
99127,5.0
99128,2.35606
99129,4.37439
99130,2.75085
99131,2.97461
99132,3.02964
99133,3.02912
99134,2.28932
99135,3.03808
99136,3.66513
99137,3.63968
99138,3.50633
99139,2.68996
99140,4.41669
99141,4.11907
99142,5.0
99143,3.90173
99144,3.45672
99145,4.37974
99146,4.85726
99147,3.77986
99148,3.84857
99149,3.27754
99150,3.86682
99151,2.39823
99152,3.99075
99153,3.3934
99154,3.32315
99155,3.73556
99156,4.07351
99157,3.41176
99158,3.48383
99159,4.29394
99160,3.03089
99161,4.35638
99162,3.59933
99163,3.39519
99164,3.06016
99165,4.03828
99166,2.9948
99167,3.42078
99168,1.61807
99169,4.34402
99170,3.73463
99171,3.15734
99172,4.2911
99173,3.83563
99174,3.37936
99175,4.01228
99176,3.3577
99177,4.38215
99178,3.2332
99179,3.21951
99180,3.51503
99181,3.81521
99182,3.26072
99183,1.90249
99184,3.51436
99185,3.74392
99186,2.89239
99187,3.85534
99188,3.63473
99189,3.48619
99190,3.14042
99191,2.51786
99192,2.44727
99193,2.73363
99194,3.881
99195,4.06728
99196,3.74816
99197,3.55491
99198,4.66259
99199,4.77466
99200,4.39135
99201,4.01493
99202,3.86132
99203,3.67559
99204,4.35896
99205,4.31888
99206,2.79427
99207,3.94894
99208,3.50689
99209,3.42999
99210,3.99731
99211,3.77598
99212,2.47825
99213,4.40549
99214,4.61682
99215,4.42849
99216,2.29044
99217,5.0
99218,2.42436
99219,3.14964
99220,4.34808
99221,3.60015
99222,4.32212
99223,4.53617
99224,4.4535
99225,4.52781
99226,4.86249
99227,4.16444
99228,3.77414
99229,3.6442
99230,3.70148
99231,3.24598
99232,3.28496
99233,3.74566
99234,3.82106
99235,2.78557
99236,2.69628
99237,3.60989
99238,3.45518
99239,3.9991
99240,3.65901
99241,4.22062
99242,3.31346
99243,3.81519
99244,4.00458
99245,4.02956
99246,4.31041
99247,4.56595
99248,3.65249
99249,3.96485
99250,3.91698
99251,4.94194
99252,3.22989
99253,3.94653
99254,4.43583
99255,3.65234
99256,3.90057
99257,3.83484
99258,3.76851
99259,2.84437
99260,4.01274
99261,3.62342
99262,3.63786
99263,4.12972
99264,3.45624
99265,4.10837
99266,2.79299
99267,4.58138
99268,3.63703
99269,4.4414
99270,3.5606
99271,3.47967
99272,3.25625
99273,4.91754
99274,2.9131
99275,4.0821
99276,3.28345
99277,3.6077
99278,4.3767
99279,3.52799
99280,5.0
99281,4.4818
99282,3.91829
99283,5.0
99284,4.61139
99285,4.44691
99286,3.23329
99287,2.59036
99288,3.77651
99289,4.13466
99290,3.68125
99291,3.98652
99292,3.41342
99293,2.29174
99294,3.33175
99295,3.66743
99296,3.57843
99297,1.9736
99298,3.33279
99299,3.29488
99300,4.3385
99301,2.69391
99302,3.92485
99303,4.15526
99304,1.77065
99305,2.66215
99306,3.31782
99307,3.77696
99308,3.92393
99309,2.18145
99310,3.23548
99311,2.93372
99312,4.14
99313,2.90716
99314,3.41183
99315,2.67355
99316,3.42746
99317,3.02602
99318,3.39975
99319,3.18842
99320,3.57934
99321,3.42103
99322,3.06828
99323,2.67313
99324,3.80703
99325,3.83524
99326,3.50762
99327,2.46682
99328,2.73122
99329,3.32306
99330,4.17762
99331,3.01371
99332,3.98686
99333,3.26812
99334,2.403
99335,3.8106
99336,2.39906
99337,3.51721
99338,2.27398
99339,2.95909
99340,3.32503
99341,2.48992
99342,3.51421
99343,3.35857
99344,2.9778
99345,3.38139
99346,3.98276
99347,3.6064
99348,2.54021
99349,3.79023
99350,3.00336
99351,4.59758
99352,3.35624
99353,3.56494
99354,3.54573
99355,4.50534
99356,3.02961
99357,3.56219
99358,3.3347
99359,4.04086
99360,3.55669
99361,3.14052
99362,4.26295
99363,4.19223
99364,2.68626
99365,4.7368
99366,3.87296
99367,4.12605
99368,3.47535
99369,3.58722
99370,3.151
99371,3.04545
99372,2.76124
99373,3.73412
99374,2.45843
99375,2.79688
99376,3.86352
99377,4.65586
99378,4.39788
99379,3.11036
99380,4.16208
99381,3.22542
99382,3.48187
99383,3.68372
99384,3.42957
99385,4.38468
99386,3.71615
99387,4.51709
99388,3.86515
99389,2.32119
99390,3.14554
99391,4.30908
99392,4.9699
99393,3.66391
99394,4.04247
99395,4.192
99396,5.0
99397,4.30896
99398,4.28677
99399,3.92467
99400,4.32327
99401,3.89501
99402,2.78133
99403,5.0
99404,3.40674
99405,4.77148
99406,3.21064
99407,4.72575
99408,4.05258
99409,4.31088
99410,4.81671
99411,3.93943
99412,4.4567
99413,3.61262
99414,2.95817
99415,3.98877
99416,4.90678
99417,3.93981
99418,4.66431
99419,4.96526
99420,5.0
99421,5.0
99422,4.13676
99423,4.58872
99424,4.85307
99425,4.71157
99426,5.0
99427,4.37991
99428,4.4348
99429,4.25439
99430,4.35419
99431,3.73142
99432,4.74114
99433,4.09184
99434,3.76828
99435,3.90119
99436,4.39391
99437,3.21822
99438,3.50254
99439,3.47753
99440,3.96735
99441,2.65327
99442,5.0
99443,3.99851
99444,4.03446
99445,3.50559
99446,3.75603
99447,4.13516
99448,3.65744
99449,3.68415
99450,3.10542
99451,3.64888
99452,2.82006
99453,4.05967
99454,3.33866
99455,2.72312
99456,1.89811
99457,3.29594
99458,3.5616
99459,2.91807
99460,3.26435
99461,3.22278
99462,3.78499
99463,3.10163
99464,3.22408
99465,3.36416
99466,3.21061
99467,2.84777
99468,3.66277
99469,3.01213
99470,3.13015
99471,3.02186
99472,3.5714
99473,2.92576
99474,3.5323
99475,3.76108
99476,3.3021
99477,3.2666
99478,3.39638
99479,3.49681
99480,3.57755
99481,3.82255
99482,3.94848
99483,4.01938
99484,3.15562
99485,4.05648
99486,3.14743
99487,2.51945
99488,2.64177
99489,3.26917
99490,3.01208
99491,2.92708
99492,3.52356
99493,2.74459
99494,3.78178
99495,2.8535
99496,2.90141
99497,3.96023
99498,4.1076
99499,3.2986
99500,3.09338
99501,3.13687
99502,2.89724
99503,3.36499
99504,2.59842
99505,4.22462
99506,3.05127
99507,3.60261
99508,4.16562
99509,4.18937
99510,3.1405
99511,3.4115
99512,2.61243
99513,5.0
99514,4.16159
99515,4.44948
99516,3.50077
99517,3.92655
99518,4.50585
99519,4.1632
99520,3.65969
99521,3.27689
99522,4.17083
99523,3.54949
99524,4.67465
99525,4.89617
99526,4.24374
99527,4.0886
99528,3.37245
99529,3.8522
99530,3.726
99531,3.6778
99532,3.48667
99533,3.48878
99534,3.12039
99535,4.89007
99536,4.09774
99537,3.97002
99538,4.57024
99539,3.27687
99540,2.374
99541,3.92955
99542,3.34754
99543,4.4908
99544,2.41344
99545,4.96723
99546,4.07358
99547,4.15366
99548,3.53827
99549,4.59172
99550,3.12314
99551,4.67593
99552,2.81707
99553,2.76543
99554,3.11689
99555,3.77017
99556,3.33626
99557,3.78956
99558,2.52101
99559,2.74911
99560,2.00204
99561,4.16497
99562,4.75035
99563,4.57713
99564,4.45862
99565,2.91961
99566,2.0436
99567,4.63725
99568,1.83486
99569,4.60443
99570,2.72837
99571,5.0
99572,4.00159
99573,3.81169
99574,3.14392
99575,4.28343
99576,3.77438
99577,3.74449
99578,4.1065
99579,5.0
99580,4.05466
99581,4.65728
99582,4.01201
99583,3.22247
99584,3.93867
99585,3.46001
99586,3.29792
99587,4.25339
99588,3.62036
99589,2.02984
99590,3.09114
99591,3.19297
99592,3.47796
99593,3.49039
99594,4.10686
99595,3.34184
99596,2.59748
99597,1.74433
99598,3.00235
99599,3.69038
99600,4.29388
99601,3.04278
99602,2.86502
99603,3.69348
99604,2.98455
99605,3.00497
99606,2.38934
99607,3.06203
99608,4.05384
99609,2.94229
99610,3.54979
99611,2.54836
99612,2.49744
99613,3.80042
99614,3.60233
99615,3.1758
99616,3.04711
99617,2.99803
99618,3.95735
99619,3.30993
99620,2.87284
99621,2.66008
99622,2.36552
99623,3.45915
99624,2.40569
99625,3.75534
99626,3.60739
99627,3.74873
99628,1.92009
99629,3.69656
99630,4.08375
99631,2.7196
99632,3.13132
99633,3.95602
99634,3.45679
99635,3.85151
99636,4.00125
99637,3.53699
99638,2.76403
99639,3.64193
99640,2.76967
99641,3.93339
99642,4.37008
99643,2.51645
99644,1.82234
99645,3.00902
99646,3.81313
99647,2.52851
99648,3.71498
99649,3.67611
99650,3.83918
99651,1.14922
99652,3.36439
99653,2.72808
99654,2.069
99655,3.22111
99656,2.68549
99657,2.50398
99658,2.15806
99659,2.75999
99660,2.98738
99661,3.34198
99662,3.58572
99663,2.42215
99664,3.50263
99665,3.89498
99666,3.63872
99667,3.47657
99668,3.03872
99669,1.93215
99670,3.60768
99671,2.98912
99672,3.41299
99673,3.33069
99674,3.10629
99675,3.62959
99676,2.25019
99677,3.54616
99678,3.04349
99679,3.79778
99680,3.10495
99681,2.91002
99682,4.16014
99683,4.97215
99684,3.83586
99685,3.35674
99686,4.89936
99687,3.02626
99688,2.6489
99689,3.30934
99690,3.65011
99691,4.22135
99692,1.74515
99693,4.39734
99694,2.07518
99695,4.34792
99696,1.42202
99697,3.71501
99698,4.09531
99699,4.66298
99700,5.0
99701,3.46822
99702,3.59799
99703,3.6692
99704,4.01752
99705,4.56197
99706,3.88638
99707,4.36015
99708,3.75688
99709,3.39564
99710,4.80234
99711,3.82233
99712,3.70651
99713,3.84047
99714,2.39033
99715,3.76666
99716,4.71056
99717,4.41734
99718,3.37478
99719,3.45665
99720,3.46817
99721,2.41574
99722,3.76682
99723,2.08014
99724,2.97939
99725,4.07184
99726,4.09151
99727,4.23509
99728,3.1163
99729,3.48695
99730,3.87732
99731,4.01743
99732,3.58093
99733,4.21016
99734,3.94413
99735,4.02642
99736,4.27315
99737,2.66934
99738,4.87286
99739,4.49701
99740,3.85568
99741,3.99042
99742,4.33717
99743,4.58741
99744,1.69818
99745,4.38185
99746,4.65018
99747,3.40938
99748,3.94691
99749,3.92034
99750,4.56335
99751,3.4439
99752,4.00114
99753,3.65161
99754,2.96627
99755,4.8778
99756,2.86542
99757,2.79286
99758,2.5922
99759,4.39591
99760,3.80745
99761,3.09117
99762,4.04698
99763,4.51321
99764,3.79605
99765,3.99593
99766,3.97612
99767,2.01547
99768,2.89664
99769,3.89222
99770,2.97641
99771,3.58628
99772,3.78618
99773,2.26284
99774,1.73637
99775,3.6669
99776,3.71046
99777,3.00519
99778,3.04105
99779,3.90973
99780,3.72784
99781,4.97315
99782,3.86581
99783,4.12895
99784,3.45922
99785,4.84479
99786,4.17222
99787,2.79324
99788,3.55287
99789,4.34996
99790,3.97722
99791,4.50568
99792,3.67589
99793,3.13957
99794,1.66723
99795,3.36741
99796,3.55227
99797,2.63896
99798,2.94228
99799,4.37425
99800,3.23823
99801,4.89113
99802,3.92647
99803,4.4767
99804,5.0
99805,3.60212
99806,5.0
99807,4.87508
99808,4.22032
99809,4.07079
99810,3.64594
99811,2.69888
99812,4.05216
99813,3.34939
99814,3.40877
99815,2.99486
99816,2.90162
99817,2.77013
99818,4.09012
99819,4.51619
99820,4.42652
99821,3.30594
99822,3.81705
99823,4.56485
99824,4.96789
99825,3.36178
99826,4.15862
99827,4.69343
99828,3.53942
99829,3.88454
99830,3.48239
99831,4.16684
99832,4.58296
99833,4.5216
99834,4.26021
99835,4.47508
99836,1.8097
99837,1.35496
99838,2.28875
99839,2.10394
99840,1.51188
99841,2.65487
99842,1.55403
99843,1.80205
99844,2.07801
99845,1.0
99846,4.30116
99847,3.04432
99848,2.33178
99849,4.52672
99850,3.86024
99851,2.29996
99852,2.86207
99853,3.93505
99854,1.65697
99855,2.00884
99856,3.22909
99857,2.39714
99858,3.41477
99859,2.76778
99860,1.95121
99861,2.3059
99862,3.685
99863,4.59578
99864,2.64426
99865,3.38433
99866,4.18552
99867,3.40909
99868,3.27891
99869,3.22751
99870,3.16371
99871,4.69815
99872,2.79457
99873,3.81916
99874,4.42011
99875,3.49893
99876,3.45858
99877,2.85007
99878,3.9319
99879,3.27314
99880,2.35062
99881,3.85891
99882,2.11967
99883,3.74138
99884,4.07101
99885,3.52733
99886,4.63426
99887,3.19016
99888,3.57498
99889,3.95367
99890,4.0891
99891,3.37858
99892,2.83225
99893,3.45787
99894,3.35953
99895,2.91648
99896,3.64746
99897,2.77975
99898,2.1884
99899,2.98144
99900,3.54564
99901,3.42367
99902,2.31124
99903,3.79193
99904,3.8928
99905,3.24606
99906,3.06498
99907,3.74478
99908,3.68064
99909,1.99779
99910,4.60084
99911,4.47986
99912,3.72718
99913,2.89037
99914,4.42208
99915,3.67085
99916,3.32169
99917,4.64308
99918,3.99172
99919,3.39087
99920,4.02777
99921,3.11827
99922,3.43591
99923,2.93004
99924,2.30021
99925,3.3251
99926,2.61983
99927,3.20022
99928,1.95822
99929,3.48159
99930,3.49296
99931,2.62727
99932,3.41316
99933,2.33563
99934,3.10785
99935,3.34822
99936,1.83513
99937,3.44974
99938,3.4647
99939,2.81474
99940,3.94025
99941,4.0531
99942,1.58652
99943,3.28606
99944,2.39472
99945,3.55894
99946,3.84344
99947,1.9854
99948,3.98516
99949,2.17942
99950,2.99174
99951,3.90234
99952,3.60937
99953,4.53035
99954,4.04889
99955,3.82057
99956,3.58796
99957,1.24866
99958,4.06674
99959,4.29042
99960,3.48882
99961,3.66562
99962,3.98473
99963,2.84152
99964,4.07516
99965,3.87279
99966,4.01811
99967,4.1125
99968,3.11456
99969,3.75205
99970,2.60415
99971,3.80939
99972,4.16881
99973,4.29714
99974,4.21523
99975,4.57662
99976,4.41636
99977,4.14641
99978,3.77752
99979,4.20927
99980,4.43229
99981,4.04104
99982,3.88137
99983,4.36397
99984,3.6014
99985,4.37449
99986,4.02051
99987,3.5416
99988,4.31851
99989,3.65508
99990,1.0
99991,3.99032
99992,3.49122
99993,3.62632
99994,4.00633
99995,1.98271
99996,4.39548
99997,5.0
99998,4.17797
99999,3.79279
100000,4.63305
100001,2.86026
100002,2.61654
100003,1.17366
100004,4.83675
100005,4.15992
100006,5.0
100007,3.94867
100008,4.48678
100009,4.02451
100010,3.99277
100011,4.51027
100012,3.25682
100013,4.42815
100014,5.0
100015,3.65463
100016,3.62026
100017,4.47776
100018,3.35403
100019,4.10548
100020,2.79064
100021,2.91592
100022,4.79882
100023,4.10606
100024,4.07256
100025,3.98125
100026,4.10878
100027,4.65758
100028,3.40558
100029,4.33183
100030,3.27424
100031,2.17704
100032,2.53506
100033,3.75136
100034,3.27033
100035,3.89957
100036,3.57672
100037,2.56453
100038,4.35071
100039,4.41133
100040,4.8802
100041,4.1068
100042,3.98505
100043,4.43088
100044,4.44107
100045,3.86577
100046,3.93353
100047,2.99671
100048,3.76625
100049,2.18738
100050,3.00745
100051,4.24789
100052,2.15216
100053,2.68354
100054,2.47298
100055,3.77802
100056,3.41409
100057,3.51898
100058,3.17325
100059,2.95987
100060,2.88503
100061,2.7723
100062,3.27029
100063,3.89661
100064,3.37698
100065,3.53035
100066,3.0427
100067,4.08931
100068,4.00221
100069,3.15202
100070,4.5159
100071,2.95777
100072,3.5241
100073,4.20827
100074,4.55653
100075,3.70885
100076,3.75222
100077,4.25797
100078,5.0
100079,4.31233
100080,3.70827
100081,3.50404
100082,4.40846
100083,4.91128
100084,3.64976
100085,2.47524
100086,3.68533
100087,3.68586
100088,4.09312
100089,3.8387
100090,3.36751
100091,3.54963
100092,3.91954
100093,3.38992
100094,3.41671
100095,4.19106
100096,3.28299
100097,3.79852
100098,4.43795
100099,3.49288
100100,3.38171
100101,4.34808
100102,4.11216
100103,4.39709
100104,4.81459
100105,4.69426
100106,4.46895
100107,4.25645
100108,4.54521
100109,3.88612
100110,3.68798
100111,3.94842
100112,2.88523
100113,4.74559
100114,4.45434
100115,4.1612
100116,3.88298
100117,4.67397
100118,3.68281
100119,4.73456
100120,3.62913
100121,4.64019
100122,4.55502
100123,4.04411
100124,4.79862
100125,4.03272
100126,4.5789
100127,4.12355
100128,4.51458
100129,3.25277
100130,4.19995
100131,3.5283
100132,4.04792
100133,3.54737
100134,4.04218
100135,4.39825
100136,4.43994
100137,2.69958
100138,4.34282
100139,3.45588
100140,3.5434
100141,3.5266
100142,3.04479
100143,3.66012
100144,4.30721
100145,2.56753
100146,4.27966
100147,4.46407
100148,3.004
100149,4.67339
100150,4.22645
100151,4.16982
100152,2.11236
100153,3.90193
100154,2.73739
100155,4.59826
100156,2.67305
100157,4.32398
100158,2.77766
100159,2.92604
100160,2.92449
100161,3.30769
100162,3.31107
100163,3.18073
100164,3.28556
100165,4.04399
100166,3.50747
100167,3.83375
100168,4.17919
100169,4.38609
100170,4.129
100171,3.68861
100172,3.03574
100173,3.94842
100174,2.67589
100175,3.84744
100176,3.03423
100177,3.33115
100178,3.05871
100179,3.72904
100180,2.92023
100181,2.62996
100182,3.45724
100183,3.83384
100184,2.77357
100185,3.15495
100186,2.8444
100187,3.36362
100188,2.56921
100189,3.29782
100190,2.8766
100191,2.24871
100192,2.67059
100193,2.98113
100194,4.25218
100195,3.82505
100196,4.81559
100197,3.15449
100198,3.95201
100199,4.79088
100200,4.15719
100201,4.12492
100202,3.73025
100203,3.90086
100204,4.17024
100205,4.27425
100206,4.26896
100207,4.04643
100208,3.66767
100209,4.0262
100210,4.41492
100211,3.88547
100212,4.38714
100213,4.2629
100214,4.2063
100215,4.11548
100216,2.55332
100217,3.13783
100218,2.68427
100219,5.0
100220,3.11053
100221,3.9898
100222,3.32711
100223,4.40833
100224,5.0
100225,4.52066
100226,4.24769
100227,3.01454
100228,3.63354
100229,3.41894
100230,3.79659
100231,3.28546
100232,4.21513
100233,2.90176
100234,3.67082
100235,2.17755
100236,2.87641
100237,4.55092
100238,3.45943
100239,3.71042
100240,2.11179
100241,3.07377
100242,3.41179
100243,2.00001
100244,5.0
100245,4.35358
100246,3.71126
100247,3.71844
100248,3.53898
100249,2.95935
100250,3.7323
100251,3.40467
100252,2.85987
100253,2.93058
100254,3.61763
100255,3.7057
100256,2.66591
100257,3.6783
100258,3.75051
100259,3.40835
100260,3.17839
100261,3.88651
100262,4.00533
100263,3.54376
100264,3.88362
100265,4.04572
100266,3.32763
100267,3.97789
100268,3.55788
100269,4.40457
100270,2.59934
100271,3.77087
100272,3.02783
100273,3.31696
100274,2.91931
100275,3.03732
100276,2.82539
100277,3.52901
100278,3.04033
100279,3.72604
100280,2.79926
100281,2.64177
100282,3.07484
100283,2.65102
100284,3.54965
100285,3.49938
100286,2.65807
100287,3.58817
100288,1.61331
100289,2.08754
100290,3.56134
100291,1.81957
100292,3.74984
100293,3.78791
100294,4.29424
100295,2.42385
100296,3.25763
100297,3.34709
100298,2.7543
100299,2.56985
100300,1.92732
100301,2.61041
100302,2.99544
100303,4.37139
100304,2.52447
100305,2.73683
100306,3.03459
100307,2.74387
100308,3.79376
100309,3.56378
100310,3.76541
100311,3.12504
100312,2.92982
100313,3.92946
100314,3.0749
100315,2.39696
100316,3.6387
100317,3.20755
100318,3.76662
100319,4.08778
100320,3.53507
100321,3.2307
100322,3.11023
100323,4.08241
100324,3.34449
100325,3.54214
100326,4.54083
100327,3.67706
100328,3.2733
100329,3.88306
100330,3.76461
100331,3.02215
100332,3.4491
100333,3.25415
100334,3.38516
100335,4.43738
100336,3.03858
100337,3.22447
100338,4.34297
100339,4.04659
100340,3.50346
100341,3.76526
100342,3.85414
100343,4.39692
100344,4.49166
100345,3.33409
100346,4.27321
100347,3.74106
100348,4.28466
100349,4.07811
100350,3.43647
100351,2.32816
100352,2.78342
100353,4.2723
100354,4.21446
100355,2.58946
100356,2.49258
100357,2.696
100358,3.4733
100359,2.72726
100360,3.24637
100361,1.41444
100362,2.7333
100363,3.40599
100364,2.87037
100365,2.69954
100366,2.87034
100367,2.7883
100368,3.36372
100369,2.29344
100370,3.54941
100371,3.02935
100372,3.53443
100373,2.27
100374,2.74312
100375,3.05807
100376,2.56006
100377,2.63781
100378,2.11843
100379,3.04328
100380,3.16471
100381,2.7179
100382,2.49826
100383,2.74052
100384,1.80805
100385,3.90758
100386,3.36838
100387,3.24987
100388,2.94232
100389,2.26291
100390,2.63787
100391,1.72155
100392,3.1357
100393,2.92706
100394,3.621
100395,2.60409
100396,2.8594
100397,3.24748
100398,4.9615
100399,4.31099
100400,4.34362
100401,5.0
100402,4.516
100403,2.29801
100404,4.94214
100405,3.2641
100406,3.60978
100407,3.54365
100408,3.39753
100409,3.10579
100410,3.43857
100411,3.89951
100412,3.66602
100413,4.19739
100414,4.21345
100415,3.13659
100416,3.63199
100417,2.88126
100418,4.62308
100419,3.01388
100420,4.10156
100421,3.62173
100422,3.94981
100423,2.95738
100424,3.22416
100425,3.33316
100426,3.06741
100427,3.97581
100428,3.22935
100429,3.81355
100430,3.13522
100431,4.52553
100432,4.19197
100433,3.42683
100434,3.57995
100435,4.24709
100436,3.75193
100437,3.6774
100438,3.68185
100439,2.81814
100440,4.47904
100441,3.96032
100442,4.00068
100443,3.97213
100444,4.27743
100445,3.76568
100446,3.88551
100447,3.02433
100448,3.19181
100449,2.83673
100450,3.05793
100451,4.26249
100452,2.83757
100453,4.13038
100454,3.74316
100455,2.97756
100456,3.76376
100457,3.77283
100458,4.45247
100459,2.65086
100460,4.15615
100461,4.23275
100462,3.37806
100463,2.15257
100464,3.82922
100465,2.43828
100466,3.29067
100467,3.13999
100468,3.87009
100469,2.71503
100470,3.41616
100471,4.05609
100472,3.65503
100473,3.97337
100474,3.65843
100475,2.67861
100476,3.84538
100477,3.70719
100478,3.22235
100479,3.40549
100480,3.03482
100481,4.26382
100482,4.21209
100483,3.33061
100484,3.05404
100485,3.47928
100486,3.61762
100487,2.97037
100488,4.83943
100489,4.50562
100490,3.76298
100491,3.98234
100492,4.48358
100493,4.2268
100494,4.33605
100495,3.7167
100496,5.0
100497,3.65213
100498,5.0
100499,4.17611
100500,4.02618
100501,3.5576
100502,4.38268
100503,4.2914
100504,3.80835
100505,3.92981
100506,4.15362
100507,2.80085
100508,3.90026
100509,4.33836
100510,3.82802
100511,2.8699
100512,1.93637
100513,3.43773
100514,4.16655
100515,3.58007
100516,4.18938
100517,3.52051
100518,3.8478
100519,4.2595
100520,4.12607
100521,4.29853
100522,2.84601
100523,4.18752
100524,4.51516
100525,4.65911
100526,4.49582
100527,4.27312
100528,3.69952
100529,4.14072
100530,4.52213
100531,5.0
100532,4.1362
100533,4.25606
100534,3.11484
100535,4.5282
100536,3.41335
100537,4.14056
100538,4.20902
100539,3.86986
100540,4.58468
100541,4.59821
100542,4.14373
100543,4.27735
100544,4.13019
100545,4.42858
100546,4.28532
100547,3.85342
100548,4.02389
100549,3.92177
100550,4.33305
100551,4.47011
100552,3.72521
100553,4.0104
100554,4.08556
100555,4.01331
100556,4.19147
100557,3.75444
100558,1.45264
100559,4.48791
100560,4.01138
100561,4.41705
100562,2.55331
100563,3.50453
100564,4.46369
100565,3.1814
100566,4.06345
100567,3.25119
100568,3.88238
100569,3.75066
100570,3.34068
100571,3.37024
100572,4.50016
100573,3.49925
100574,2.44974
100575,1.58577
100576,4.70319
100577,4.63283
100578,4.01119
100579,4.26409
100580,3.70325
100581,3.78265
100582,2.33557
100583,1.98891
100584,3.87807
100585,3.63742
100586,3.87305
100587,3.62191
100588,4.0637
100589,3.00822
100590,1.42799
100591,2.83193
100592,3.25384
100593,3.15678
100594,4.69906
100595,4.42873
100596,2.95783
100597,3.3447
100598,3.34927
100599,3.63246
100600,3.93233
100601,3.89291
100602,4.19646
100603,3.41045
100604,3.49833
100605,3.79167
100606,3.95731
100607,3.34598
100608,4.09864
100609,4.6679
100610,3.6672
100611,3.88585
100612,3.44164
100613,3.8734
100614,4.51926
100615,3.09058
100616,4.59489
100617,3.99088
100618,3.86503
100619,3.81574
100620,3.92538
100621,2.36459
100622,4.79851
100623,3.99912
100624,3.83316
100625,4.75771
100626,3.74459
100627,3.22296
100628,1.16987
100629,3.07455
100630,4.04548
100631,4.73322
100632,4.50703
100633,3.88874
100634,3.27081
100635,3.52333
100636,3.94606
100637,2.91183
100638,2.45111
100639,1.923
100640,2.41823
100641,3.32057
100642,3.74491
100643,2.47697
100644,2.34342
100645,2.38934
100646,2.98974
100647,2.80123
100648,3.33294
100649,3.16303
100650,3.42242
100651,2.79318
100652,3.32041
100653,2.70364
100654,3.1225
100655,2.57473
100656,2.59631
100657,3.25139
100658,1.64778
100659,3.54802
100660,3.58906
100661,2.46521
100662,2.694
100663,3.3233
100664,2.91442
100665,2.12288
100666,1.39478
100667,1.25243
100668,4.8691
100669,5.0
100670,4.43567
100671,3.51683
100672,2.75784
100673,2.63631
100674,3.27928
100675,2.86518
100676,2.86363
100677,3.58021
100678,4.4067
100679,3.19011
100680,3.3304
100681,3.37785
100682,3.06821
100683,3.4852
100684,3.68592
100685,3.29958
100686,2.81526
100687,3.38146
100688,2.74825
100689,2.36079
100690,1.70838
100691,2.94618
100692,3.45964
100693,2.59283
100694,2.94308
100695,2.85543
100696,3.1717
100697,2.97655
100698,1.97701
100699,3.094
100700,2.96452
100701,2.82386
100702,2.31056
100703,2.52018
100704,3.50953
100705,2.79922
100706,3.57939
100707,1.97436
100708,2.85009
100709,2.02416
100710,3.34246
100711,2.95716
100712,3.30467
100713,2.94727
100714,2.92885
100715,3.55402
100716,3.59142
100717,1.99629
100718,3.68407
100719,2.74179
100720,3.27392
100721,2.21625
100722,2.57777
100723,2.90911
100724,3.696
100725,3.21312
100726,2.27093
100727,3.07653
100728,1.66332
100729,2.04279
100730,3.20192
100731,3.56833
100732,3.11104
100733,4.20041
100734,4.30486
100735,3.39638
100736,3.09903
100737,2.38293
100738,4.17552
100739,3.12979
100740,4.17096
100741,4.26897
100742,3.73789
100743,3.63624
100744,2.32498
100745,2.38959
100746,2.14618
100747,2.66465
100748,3.44658
100749,4.4385
100750,3.82347
100751,3.63518
100752,5.0
100753,3.40342
100754,4.56092
100755,3.05875
100756,3.62602
100757,4.02802
100758,3.92193
100759,4.53754
100760,4.72181
100761,5.0
100762,3.42271
100763,4.18982
100764,4.32164
100765,4.63737
100766,4.78689
100767,3.90271
100768,5.0
100769,4.40512
100770,4.64957
100771,5.0
100772,5.0
100773,3.63747
100774,5.0
100775,3.23339
100776,3.92611
100777,3.37066
100778,4.5607
100779,2.76275
100780,5.0
100781,4.91223
100782,4.54293
100783,4.09652
100784,2.8336
100785,4.63086
100786,4.4649
100787,2.9017
100788,4.58478
100789,4.55931
100790,4.40971
100791,4.71301
100792,3.47112
100793,4.32028
100794,3.91707
100795,4.02727
100796,2.41343
100797,3.61927
100798,2.6071
100799,4.63516
100800,3.60608
100801,4.34313
100802,4.72169
100803,4.47168
100804,4.57624
100805,4.45698
100806,4.09471
100807,4.48783
100808,4.43468
100809,4.22981
100810,2.92008
100811,4.12926
100812,4.40405
100813,5.0
100814,3.0887
100815,4.53499
100816,3.61761
100817,3.71896
100818,4.35598
100819,5.0
100820,3.99245
100821,5.0
100822,3.55591
100823,5.0
100824,2.89912
100825,5.0
100826,4.36266
100827,4.71818
100828,4.63819
100829,2.9459
100830,3.25322
100831,4.4681
100832,3.77213
100833,2.60518
100834,3.65999
100835,4.1773
100836,3.99443
100837,3.51642
100838,4.5023
100839,3.72366
100840,4.21641
100841,3.37973
100842,3.95347
100843,1.34526
100844,1.0969
100845,3.04425
100846,3.76126
100847,4.4149
100848,3.22984
100849,4.05571
100850,5.0
100851,4.34845
100852,4.49855
100853,4.14592
100854,3.73375
100855,3.38994
100856,3.39468
100857,3.64748
100858,4.42226
100859,4.17289
100860,3.95452
100861,3.8534
100862,4.34206
100863,3.96224
100864,4.0544
100865,3.81826
100866,3.46794
100867,4.40891
100868,3.95927
100869,4.60431
100870,5.0
100871,3.84745
100872,2.30591
100873,3.53398
100874,3.32231
100875,4.01112
100876,4.25026
100877,3.95046
100878,3.61252
100879,3.76983
100880,2.65267
100881,3.81175
100882,3.37373
100883,4.28763
100884,3.98713
100885,4.67069
100886,4.4798
100887,3.64307
100888,2.85081
100889,4.55536
100890,4.03093
100891,3.16139
100892,3.06654
100893,1.54522
100894,2.03281
100895,4.0981
100896,4.0993
100897,3.88594
100898,3.09383
100899,2.75207
100900,3.27063
100901,3.52515
100902,3.02513
100903,3.56121
100904,4.39523
100905,3.94306
100906,3.42123
100907,2.97948
100908,3.94958
100909,2.64906
100910,3.00656
100911,3.65589
100912,3.2733
100913,3.3485
100914,4.69548
100915,2.29887
100916,3.4943
100917,2.10383
100918,2.75843
100919,3.10079
100920,2.71489
100921,3.72645
100922,3.86163
100923,3.24023
100924,3.24322
100925,3.64992
100926,3.48558
100927,4.21193
100928,3.23291
100929,3.68105
100930,3.38703
100931,3.59565
100932,3.21982
100933,2.97256
100934,3.52292
100935,4.20039
100936,2.53087
100937,2.90425
100938,3.57151
100939,3.63891
100940,3.70206
100941,3.74263
100942,3.86183
100943,3.85629
100944,3.19764
100945,3.72222
100946,3.13074
100947,3.22905
100948,3.53556
100949,3.97804
100950,3.05762
100951,3.64299
100952,3.5483
100953,4.13292
100954,4.01779
100955,3.63798
100956,4.22419
100957,3.41337
100958,2.46583
100959,3.61593
100960,3.111
100961,2.95421
100962,4.10106
100963,3.2463
100964,2.95451
100965,3.99834
100966,4.20372
100967,3.8371
100968,4.09647
100969,2.88709
100970,3.69527
100971,4.13249
100972,3.42935
100973,3.97325
100974,4.43627
100975,1.0
100976,3.61392
100977,2.30173
100978,2.15749
100979,5.0
100980,1.20033
100981,3.63418
100982,3.72408
100983,3.17953
100984,4.75874
100985,4.38224
100986,3.21741
100987,4.52103
100988,4.27284
100989,4.9041
100990,4.29512
100991,4.36043
100992,2.89624
100993,4.47775
100994,4.29256
100995,4.53309
100996,4.05426
100997,2.59617
100998,1.46848
100999,3.57592
101000,3.65104
101001,4.44161
101002,4.2919
101003,3.82512
101004,4.07129
101005,4.16302
101006,3.16709
101007,5.0
101008,3.91066
101009,4.75251
101010,4.35928
101011,4.47796
101012,4.61534
101013,5.0
101014,4.50468
101015,3.26479
101016,3.82757
101017,4.51201
101018,4.88495
101019,3.48409
101020,5.0
101021,4.17056
101022,2.65789
101023,4.80564
101024,3.70612
101025,2.17233
101026,3.62828
101027,3.42564
101028,2.22063
101029,4.38769
101030,3.34165
101031,4.13619
101032,3.63646
101033,4.22711
101034,3.6169
101035,4.29173
101036,3.07287
101037,4.08414
101038,4.2075
101039,3.3115
101040,2.22192
101041,3.15547
101042,2.31117
101043,3.8518
101044,2.27144
101045,3.42011
101046,3.47322
101047,3.23976
101048,3.23487
101049,3.49894
101050,2.0822
101051,3.01064
101052,2.99819
101053,2.82775
101054,3.96902
101055,2.83237
101056,4.63926
101057,2.88293
101058,4.7404
101059,4.35457
101060,3.11752
101061,3.51103
101062,5.0
101063,3.65713
101064,2.69356
101065,3.70351
101066,3.81533
101067,4.29445
101068,4.32715
101069,4.17746
101070,5.0
101071,3.45571
101072,5.0
101073,3.33926
101074,3.204
101075,3.35292
101076,3.43245
101077,4.47327
101078,4.85415
101079,3.35035
101080,3.78775
101081,3.07934
101082,4.27833
101083,4.33853
101084,4.17642
101085,4.96514
101086,5.0
101087,4.56895
101088,4.37402
101089,3.64893
101090,2.70277
101091,3.45571
101092,2.19307
101093,3.43132
101094,4.24629
101095,4.28487
101096,4.05365
101097,2.97996
101098,3.95346
101099,3.28045
101100,2.3788
101101,3.66785
101102,3.55477
101103,3.12706
101104,3.46059
101105,3.64247
101106,3.84353
101107,2.68963
101108,4.07654
101109,2.21997
101110,4.52019
101111,3.46953
101112,4.17361
101113,4.62353
101114,3.14105
101115,5.0
101116,4.35187
101117,4.60862
101118,3.99275
101119,1.06138
101120,4.24511
101121,4.53082
101122,4.60155
101123,3.58747
101124,4.68968
101125,3.62742
101126,4.54398
101127,4.75689
101128,4.44779
101129,2.63675
101130,4.57804
101131,4.35254
101132,4.52412
101133,3.08873
101134,3.26056
101135,3.53447
101136,2.84958
101137,4.37603
101138,2.06228
101139,5.0
101140,3.22503
101141,3.01233
101142,4.75419
101143,3.88728
101144,3.33034
101145,3.90885
101146,4.67282
101147,3.8307
101148,1.23069
101149,4.61779
101150,3.69966
101151,3.54348
101152,4.28407
101153,4.80916
101154,4.35413
101155,4.66515
101156,4.62202
101157,4.69603
101158,1.3669
101159,4.56179
101160,3.03715
101161,1.353
101162,3.93362
101163,4.44737
101164,4.36823
101165,2.52447
101166,4.7419
101167,4.39541
101168,4.25235
101169,1.89384
101170,1.92177
101171,3.68056
101172,3.60454
101173,3.63407
101174,3.0819
101175,3.97283
101176,3.20543
101177,3.50548
101178,4.093
101179,3.40289
101180,3.09756
101181,4.65729
101182,3.16458
101183,3.29953
101184,3.40468
101185,3.2603
101186,3.99952
101187,2.87509
101188,2.94166
101189,4.51462
101190,3.60509
101191,3.17616
101192,3.66888
101193,3.06872
101194,5.0
101195,4.64012
101196,4.98141
101197,5.0
101198,3.30684
101199,2.65639
101200,2.10928
101201,3.46461
101202,2.64569
101203,1.13082
101204,3.13054
101205,5.0
101206,4.25321
101207,3.65704
101208,3.09963
101209,3.00909
101210,2.5769
101211,3.53586
101212,1.0
101213,2.90326
101214,2.51479
101215,3.41637
101216,1.57024
101217,2.84475
101218,2.7522
101219,1.41818
101220,2.31546
101221,4.43069
101222,3.72364
101223,2.02818
101224,1.60251
101225,3.84712
101226,3.12512
101227,2.84132
101228,3.96186
101229,3.4926
101230,4.33518
101231,2.0796
101232,3.4375
101233,2.7122
101234,2.46266
101235,5.0
101236,3.06116
101237,1.30166
101238,3.30469
101239,2.27068
101240,2.93616
101241,3.01242
101242,3.62345
101243,4.3603
101244,1.68045
101245,4.05047
101246,3.54386
101247,2.93981
101248,2.84934
101249,3.19187
101250,1.92155
101251,2.29549
101252,2.20182
101253,2.69063
101254,2.81112
101255,1.54913
101256,3.75438
101257,2.43891
101258,3.22014
101259,3.47359
101260,2.10958
101261,4.3666
101262,1.93822
101263,4.24328
101264,3.93566
101265,3.39264
101266,3.778
101267,4.02851
101268,4.28142
101269,3.41603
101270,4.00099
101271,2.85565
101272,4.11547
101273,3.61464
101274,1.86067
101275,3.86244
101276,3.89722
101277,4.26561
101278,3.96689
101279,3.72015
101280,2.33955
101281,3.16565
101282,3.33864
101283,4.25368
101284,4.36356
101285,5.0
101286,4.58606
101287,4.76884
101288,3.3458
101289,5.0
101290,4.10134
101291,4.51285
101292,3.24954
101293,3.77776
101294,4.80236
101295,3.82873
101296,4.17922
101297,4.45314
101298,4.32206
101299,1.62265
101300,4.18814
101301,2.46763
101302,3.06906
101303,3.21238
101304,3.07867
101305,4.10409
101306,3.87651
101307,2.94621
101308,3.54358
101309,3.20251
101310,2.48238
101311,3.68995
101312,3.41251
101313,3.13073
101314,3.56352
101315,2.60687
101316,3.1135
101317,2.87363
101318,3.08332
101319,4.9108
101320,4.24312
101321,4.56596
101322,4.89777
101323,4.55759
101324,4.61357
101325,5.0
101326,4.66476
101327,4.94914
101328,4.01712
101329,4.44319
101330,3.74507
101331,2.52051
101332,4.47387
101333,3.94911
101334,2.49748
101335,3.28074
101336,2.63612
101337,3.01429
101338,2.2691
101339,3.16351
101340,3.60492
101341,3.17587
101342,2.85508
101343,4.09109
101344,3.39769
101345,4.06423
101346,2.56927
101347,3.94372
101348,3.63934
101349,4.6415
101350,3.66047
101351,4.38803
101352,3.92643
101353,3.86285
101354,3.86991
101355,3.37322
101356,4.0471
101357,3.21043
101358,4.41433
101359,2.3613
101360,4.25308
101361,4.33013
101362,3.80584
101363,4.85954
101364,4.64741
101365,3.74238
101366,4.20841
101367,4.31262
101368,3.91797
101369,3.70019
101370,4.11552
101371,1.7507
101372,3.69418
101373,4.05951
101374,3.8547
101375,3.59483
101376,4.25351
101377,3.88255
101378,3.25353
101379,4.0767
101380,3.33391
101381,1.89113
101382,4.42611
101383,2.33665
101384,3.88025
101385,2.98314
101386,4.3386
101387,5.0
101388,4.13455
101389,3.21268
101390,3.62078
101391,3.48729
101392,4.13068
101393,3.84596
101394,2.74027
101395,4.37869
101396,2.04371
101397,2.38463
101398,2.39744
101399,2.68848
101400,2.53701
101401,2.18143
101402,3.89546
101403,4.23015
101404,3.34596
101405,3.75716
101406,4.23748
101407,3.31263
101408,3.1493
101409,3.57074
101410,4.16766
101411,3.87908
101412,4.92684
101413,3.89106
101414,3.89915
101415,3.47844
101416,4.98843
101417,2.37699
101418,3.78902
101419,3.07897
101420,3.70783
101421,2.33836
101422,4.1856
101423,3.7547
101424,3.44988
101425,3.88395
101426,3.58726
101427,3.32937
101428,1.99984
101429,2.69254
101430,4.07625
101431,3.31844
101432,3.30235
101433,3.14961
101434,4.19518
101435,3.48777
101436,4.21249
101437,2.78987
101438,4.65994
101439,3.34073
101440,2.34576
101441,3.85558
101442,3.03042
101443,3.62856
101444,3.04018
101445,4.77268
101446,3.71681
101447,2.01683
101448,3.31232
101449,3.69814
101450,4.78838
101451,3.22693
101452,3.62485
101453,3.98959
101454,4.22993
101455,3.85793
101456,3.41352
101457,4.35006
101458,3.38731
101459,4.76394
101460,2.86308
101461,3.82756
101462,3.37854
101463,1.79318
101464,2.78173
101465,3.5467
101466,2.97222
101467,3.09993
101468,2.94545
101469,3.72383
101470,3.52738
101471,3.73167
101472,3.8794
101473,3.0516
101474,2.73016
101475,3.40471
101476,3.39488
101477,3.23982
101478,2.90056
101479,2.96431
101480,3.68621
101481,4.39148
101482,3.50115
101483,2.9159
101484,2.80609
101485,3.11199
101486,1.70228
101487,4.06349
101488,3.99265
101489,4.14083
101490,4.19771
101491,3.89027
101492,3.8923
101493,2.85391
101494,3.8888
101495,4.03147
101496,3.92747
101497,3.92236
101498,3.13862
101499,3.66604
101500,3.86697
101501,3.90606
101502,3.73448
101503,3.46955
101504,3.41573
101505,3.45024
101506,3.98885
101507,3.76813
101508,3.5803
101509,3.87892
101510,3.64187
101511,3.50503
101512,4.02306
101513,3.06618
101514,4.05692
101515,4.58306
101516,3.90918
101517,4.1334
101518,4.15404
101519,3.49071
101520,2.65292
101521,3.95212
101522,3.5155
101523,4.04607
101524,3.87659
101525,3.9213
101526,3.17274
101527,3.77275
101528,3.90051
101529,4.23906
101530,3.95006
101531,3.34923
101532,3.30281
101533,2.85928
101534,1.23815
101535,3.44325
101536,3.84855
101537,2.70961
101538,4.76407
101539,5.0
101540,2.86404
101541,5.0
101542,2.33967
101543,3.44786
101544,1.61587
101545,2.31405
101546,3.06244
101547,3.35514
101548,3.20237
101549,3.10624
101550,3.83966
101551,3.8395
101552,3.45241
101553,3.55374
101554,2.98565
101555,3.60747
101556,4.12408
101557,2.55432
101558,3.77154
101559,3.93663
101560,3.48243
101561,3.67016
101562,3.64129
101563,3.66587
101564,3.34796
101565,3.01475
101566,1.0
101567,3.35163
101568,3.2921
101569,3.19128
101570,3.43364
101571,3.39779
101572,2.90438
101573,3.29424
101574,3.98681
101575,3.66995
101576,1.86648
101577,3.33274
101578,3.01176
101579,2.57765
101580,3.9775
101581,3.64759
101582,2.23288
101583,3.55097
101584,3.18264
101585,3.28438
101586,3.16225
101587,4.25003
101588,3.28703
101589,2.65522
101590,3.37499
101591,2.58797
101592,3.84055
101593,3.63188
101594,2.32138
101595,3.23742
101596,3.32948
101597,3.18291
101598,3.75315
101599,4.09379
101600,3.96118
101601,2.24607
101602,3.74261
101603,3.36075
101604,2.67199
101605,3.88201
101606,3.13221
101607,2.97758
101608,3.69541
101609,4.15225
101610,2.71249
101611,3.98544
101612,3.92174
101613,3.39366
101614,4.09681
101615,4.26361
101616,3.94596
101617,4.63681
101618,3.42378
101619,3.63355
101620,3.93829
101621,4.93496
101622,3.97297
101623,4.01562
101624,3.017
101625,4.47901
101626,2.66844
101627,4.09232
101628,2.82044
101629,3.57549
101630,4.4491
101631,3.79281
101632,3.80089
101633,2.32789
101634,3.38771
101635,4.05745
101636,3.43966
101637,4.46209
101638,2.95901
101639,3.46843
101640,3.3572
101641,3.57252
101642,3.77008
101643,3.46957
101644,4.44029
101645,2.94081
101646,3.48284
101647,4.03515
101648,3.67648
101649,3.78446
101650,2.50364
101651,4.54599
101652,4.88311
101653,4.52115
101654,5.0
101655,3.25097
101656,3.24378
101657,4.67644
101658,4.97565
101659,3.87164
101660,4.49624
101661,3.24174
101662,5.0
101663,4.13324
101664,3.95832
101665,3.50496
101666,3.37054
101667,4.55555
101668,5.0
101669,4.84365
101670,5.0
101671,4.15308
101672,4.34406
101673,3.81683
101674,3.50148
101675,3.0338
101676,3.42536
101677,4.00575
101678,4.42501
101679,3.30374
101680,2.53151
101681,3.55007
101682,3.68214
101683,2.856
101684,2.35101
101685,4.17606
101686,3.35389
101687,2.72958
101688,3.2501
101689,4.22247
101690,3.51056
101691,3.44068
101692,3.63917
101693,3.57412
101694,1.85038
101695,4.25438
101696,2.4227
101697,4.39172
101698,1.69443
101699,3.98155
101700,2.05469
101701,2.23065
101702,4.57713
101703,3.99718
101704,3.82715
101705,4.35308
101706,3.81039
101707,4.2721
101708,4.83583
101709,4.19211
101710,3.86625
101711,4.82872
101712,1.73099
101713,3.95691
101714,4.05212
101715,4.1724
101716,3.31747
101717,2.81591
101718,3.95069
101719,3.53136
101720,4.38521
101721,5.0
101722,3.58352
101723,4.99338
101724,4.3855
101725,3.3962
101726,3.12553
101727,1.76176
101728,3.05895
101729,1.79655
101730,3.69835
101731,2.75251
101732,2.01276
101733,3.21441
101734,2.49401
101735,2.41349
101736,1.40087
101737,3.21668
101738,2.05917
101739,1.42599
101740,3.44314
101741,1.93436
101742,1.84426
101743,3.47743
101744,1.27574
101745,2.83394
101746,4.54464
101747,4.83275
101748,3.80898
101749,3.56582
101750,2.4384
101751,2.06289
101752,2.44019
101753,2.13257
101754,2.35485
101755,1.69297
101756,3.77966
101757,1.96904
101758,1.47845
101759,2.0245
101760,3.5022
101761,3.35832
101762,4.00239
101763,3.30749
101764,3.13997
101765,2.86665
101766,3.43453
101767,2.04883
101768,3.48984
101769,1.8474
101770,2.96183
101771,3.46922
101772,2.49431
101773,5.0
101774,3.8938
101775,3.32176
101776,3.18287
101777,1.53179
101778,3.96906
101779,3.02503
101780,3.11539
101781,1.64307
101782,3.8088
101783,1.80564
101784,1.17927
101785,3.7204
101786,2.67236
101787,2.24966
101788,1.0
101789,3.0401
101790,4.42848
101791,3.45879
101792,3.33673
101793,3.75584
101794,3.65715
101795,3.33971
101796,3.89814
101797,3.88684
101798,3.54048
101799,3.40041
101800,3.3262
101801,3.93999
101802,3.35959
101803,3.16692
101804,4.02957
101805,3.72001
101806,3.83639
101807,3.05191
101808,3.34923
101809,2.96092
101810,4.07969
101811,4.35317
101812,5.0
101813,4.68891
101814,4.25103
101815,4.51381
101816,4.94008
101817,4.86625
101818,4.32514
101819,4.07284
101820,3.97589
101821,4.10578
101822,4.28849
101823,3.50266
101824,3.41538
101825,3.05964
101826,4.0465
101827,3.52437
101828,2.81994
101829,4.31874
101830,2.93241
101831,4.89812
101832,3.645
101833,3.95272
101834,5.0
101835,3.15135
101836,2.89345
101837,3.28587
101838,3.20951
101839,3.84731
101840,4.81352
101841,3.83923
101842,3.17476
101843,3.83625
101844,4.01984
101845,3.40432
101846,3.48251
101847,4.0379
101848,4.01972
101849,3.93415
101850,4.11238
101851,2.88846
101852,2.93468
101853,4.04892
101854,2.80659
101855,3.38168
101856,2.71609
101857,3.65406
101858,3.99012
101859,3.65263
101860,4.29081
101861,2.64781
101862,3.72101
101863,3.64303
101864,4.14262
101865,1.95901
101866,3.79819
101867,3.30347
101868,3.95045
101869,3.11774
101870,3.70262
101871,3.1557
101872,3.79301
101873,4.08191
101874,4.21244
101875,4.65294
101876,4.58294
101877,4.24051
101878,1.49044
101879,4.65444
101880,4.18279
101881,3.10383
101882,3.15763
101883,3.80696
101884,4.16869
101885,3.45741
101886,4.52202
101887,3.33423
101888,3.04716
101889,3.78602
101890,2.87325
101891,3.73314
101892,3.67341
101893,3.84964
101894,3.54404
101895,3.96484
101896,3.60597
101897,3.79364
101898,2.98998
101899,3.64571
101900,3.76354
101901,3.97096
101902,3.9316
101903,4.52721
101904,4.02393
101905,2.83253
101906,3.74357
101907,4.09615
101908,3.77141
101909,4.49321
101910,3.35827
101911,3.701
101912,3.00985
101913,3.17137
101914,1.90585
101915,3.51214
101916,2.66776
101917,2.73487
101918,3.85876
101919,3.80706
101920,2.14357
101921,3.2053
101922,3.01075
101923,3.06733
101924,3.329
101925,3.33559
101926,3.91751
101927,4.40135
101928,3.3737
101929,4.259
101930,3.50624
101931,4.07833
101932,3.97023
101933,4.25132
101934,4.56539
101935,3.79397
101936,3.83839
101937,4.16541
101938,3.36786
101939,3.51412
101940,3.85238
101941,2.95493
101942,4.37302
101943,2.91322
101944,4.31936
101945,4.59304
101946,3.61709
101947,4.46701
101948,3.63311
101949,3.44624
101950,2.33798
101951,3.35745
101952,3.46675
101953,4.2949
101954,3.29015
101955,3.6061
101956,3.89257
101957,3.79923
101958,3.69273
101959,3.27455
101960,3.19204
101961,3.62683
101962,4.25228
101963,3.87872
101964,3.75354
101965,4.45386
101966,2.9518
101967,3.11351
101968,3.57565
101969,3.34334
101970,3.27995
101971,3.82024
101972,3.9166
101973,3.47883
101974,3.70673
101975,3.96839
101976,4.39912
101977,4.03387
101978,3.0027
101979,2.53563
101980,2.36161
101981,3.84993
101982,4.40192
101983,4.57163
101984,3.00905
101985,3.82383
101986,3.39484
101987,3.54451
101988,4.09301
101989,4.02926
101990,3.03621
101991,4.26534
101992,4.2845
101993,2.71042
101994,2.98876
101995,3.27138
101996,4.57008
101997,4.45968
101998,4.87931
101999,3.33513
102000,4.52654
102001,3.29227
102002,3.76056
102003,3.13412
102004,4.95112
102005,4.16471
102006,3.66202
102007,4.46579
102008,3.09386
102009,3.46316
102010,4.54922
102011,3.9073
102012,3.4595
102013,3.72191
102014,3.18592
102015,4.29386
102016,3.62202
102017,2.70433
102018,4.05249
102019,3.23027
102020,3.20771
102021,4.00658
102022,4.02273
102023,4.13969
102024,4.03832
102025,3.69337
102026,3.70894
102027,4.2554
102028,3.59622
102029,4.72267
102030,3.84361
102031,4.08345
102032,4.70131
102033,4.02634
102034,4.16989
102035,4.1423
102036,3.74232
102037,3.8014
102038,4.29075
102039,3.92626
102040,3.25642
102041,4.74708
102042,3.81598
102043,4.59067
102044,3.63721
102045,4.4468
102046,4.10688
102047,4.23759
102048,4.7817
102049,3.63975
102050,4.66438
102051,3.96222
102052,4.1896
102053,3.90186
102054,3.60132
102055,3.86129
102056,3.57785
102057,4.11128
102058,3.86743
102059,3.65563
102060,3.99838
102061,4.24587
102062,3.63561
102063,3.64154
102064,3.54153
102065,3.90883
102066,4.03286
102067,3.87118
102068,3.82119
102069,4.10565
102070,4.00038
102071,2.19892
102072,4.2813
102073,4.3123
102074,4.41733
102075,3.0711
102076,2.76304
102077,3.96603
102078,4.29002
102079,3.85371
102080,2.88798
102081,3.38623
102082,2.90751
102083,3.45639
102084,2.71085
102085,3.41796
102086,3.12754
102087,4.1656
102088,3.80876
102089,3.57525
102090,4.28107
102091,3.75581
102092,3.12383
102093,3.59786
102094,3.85514
102095,2.69285
102096,3.9928
102097,3.35558
102098,3.67816
102099,3.70691
102100,4.49215
102101,2.65973
102102,3.8874
102103,3.49871
102104,3.57103
102105,3.88743
102106,3.69484
102107,4.02028
102108,3.79855
102109,4.21443
102110,4.87285
102111,3.63728
102112,3.63169
102113,4.12234
102114,3.93234
102115,3.35068
102116,3.95526
102117,3.54347
102118,3.67708
102119,4.19786
102120,4.27025
102121,4.11492
102122,4.04624
102123,4.11372
102124,2.77754
102125,5.0
102126,3.58034
102127,2.53471
102128,3.00207
102129,1.57508
102130,3.34016
102131,2.42251
102132,2.91897
102133,4.50734
102134,2.46342
102135,2.14501
102136,2.22375
102137,2.73542
102138,4.30204
102139,1.75819
102140,3.81203
102141,4.00097
102142,4.36038
102143,4.08601
102144,3.99219
102145,4.55689
102146,4.01964
102147,3.89167
102148,3.243
102149,3.93745
102150,4.03226
102151,4.01467
102152,4.51632
102153,3.46416
102154,4.01033
102155,4.14645
102156,4.43762
102157,4.14931
102158,4.62051
102159,3.25439
102160,4.48082
102161,4.61952
102162,3.7277
102163,4.39402
102164,4.17561
102165,3.4222
102166,2.74644
102167,3.487
102168,4.14711
102169,3.98713
102170,3.89088
102171,2.90928
102172,2.74179
102173,4.2184
102174,3.8665
102175,3.65731
102176,3.85401
102177,3.55897
102178,3.97953
102179,3.77031
102180,3.29641
102181,3.23741
102182,4.05503
102183,3.27337
102184,3.69911
102185,3.64925
102186,4.0527
102187,3.87949
102188,3.42384
102189,2.91572
102190,4.24904
102191,3.61376
102192,3.62812
102193,3.40149
102194,2.7815
102195,2.96438
102196,4.13367
102197,2.82608
102198,4.16885
102199,4.25192
102200,4.28948
102201,4.60027
102202,3.30749
102203,4.30763
102204,3.64891
102205,3.96745
102206,4.01901
102207,4.83735
102208,4.86938
102209,4.43735
102210,4.21385
102211,4.78139
102212,4.94868
102213,3.40494
102214,3.81808
102215,4.42836
102216,4.85003
102217,4.11862
102218,4.14227
102219,4.41601
102220,4.88728
102221,4.01149
102222,4.60973
102223,4.43575
102224,4.67703
102225,3.70799
102226,4.16132
102227,4.66547
102228,4.84208
102229,4.9053
102230,4.21521
102231,4.27945
102232,4.28778
102233,4.74672
102234,4.5649
102235,4.90947
102236,3.97943
102237,4.52894
102238,3.26114
102239,5.0
102240,4.01954
102241,4.81134
102242,4.63512
102243,4.68385
102244,4.12577
102245,4.53061
102246,4.55087
102247,2.09545
102248,2.89892
102249,3.01241
102250,2.39123
102251,2.55195
102252,1.56316
102253,1.84934
102254,1.71663
102255,2.11656
102256,2.5625
102257,1.47805
102258,3.05352
102259,1.85843
102260,2.35769
102261,1.71244
102262,1.20813
102263,1.95603
102264,2.58974
102265,1.95855
102266,2.18722
102267,2.05906
102268,1.0
102269,1.55874
102270,2.00027
102271,1.59282
102272,1.68867
102273,2.94421
102274,2.71844
102275,3.63965
102276,2.28137
102277,1.59752
102278,1.62125
102279,1.93394
102280,1.94168
102281,1.73372
102282,1.39055
102283,1.0
102284,1.94644
102285,2.5957
102286,2.09758
102287,3.59121
102288,2.98321
102289,2.47547
102290,1.86303
102291,1.11164
102292,3.24112
102293,3.42692
102294,1.97996
102295,3.65658
102296,1.9783
102297,2.26616
102298,4.04106
102299,4.06705
102300,4.38207
102301,4.32385
102302,4.50906
102303,3.05993
102304,4.55836
102305,3.717
102306,4.0742
102307,4.07904
102308,3.62898
102309,5.0
102310,3.94095
102311,3.24919
102312,2.35982
102313,3.47506
102314,3.8089
102315,4.44694
102316,3.18435
102317,2.0737
102318,4.12628
102319,3.81366
102320,3.74595
102321,3.61786
102322,4.39169
102323,3.74984
102324,2.92393
102325,4.01074
102326,3.33416
102327,2.53009
102328,3.91582
102329,3.92108
102330,2.39171
102331,3.53271
102332,4.1873
102333,3.24184
102334,3.37325
102335,3.61974
102336,3.32938
102337,4.28076
102338,3.49432
102339,4.35803
102340,3.76487
102341,4.30316
102342,4.1427
102343,2.93856
102344,4.03347
102345,4.52189
102346,2.4348
102347,3.05855
102348,4.41567
102349,2.84205
102350,3.5241
102351,2.99841
102352,2.4878
102353,2.64551
102354,3.04105
102355,2.80599
102356,3.37372
102357,3.46738
102358,3.73398
102359,3.21691
102360,2.52204
102361,2.536
102362,4.47491
102363,4.33791
102364,4.09671
102365,3.03836
102366,5.0
102367,3.22953
102368,3.13592
102369,3.45923
102370,3.33936
102371,3.31184
102372,4.28899
102373,3.54918
102374,3.48585
102375,3.82666
102376,3.01092
102377,4.26112
102378,3.07478
102379,3.86222
102380,3.21602
102381,3.53818
102382,3.34364
102383,4.02967
102384,3.769
102385,2.86083
102386,3.74138
102387,3.3368
102388,3.16578
102389,2.76897
102390,2.17717
102391,3.74032
102392,3.01487
102393,3.2181
102394,3.90504
102395,3.78375
102396,3.24471
102397,5.0
102398,3.46007
102399,3.56881
102400,2.76241
102401,3.32285
102402,4.22361
102403,2.97788
102404,3.61762
102405,3.5544
102406,3.86722
102407,3.94082
102408,3.72504
102409,4.09853
102410,3.85481
102411,3.97367
102412,2.80459
102413,3.96581
102414,3.69099
102415,3.90475
102416,5.0
102417,4.00476
102418,5.0
102419,2.22501
102420,3.61005
102421,2.16691
102422,4.26303
102423,3.28094
102424,4.78422
102425,3.56344
102426,3.79097
102427,3.63698
102428,1.39117
102429,1.96521
102430,3.46759
102431,4.76369
102432,4.32704
102433,4.53245
102434,4.35891
102435,3.34319
102436,4.68314
102437,3.4425
102438,4.62488
102439,3.83824
102440,4.63738
102441,4.1049
102442,2.48784
102443,3.85629
102444,2.67492
102445,4.08215
102446,4.02225
102447,3.5785
102448,4.21
102449,4.76089
102450,3.0974
102451,4.01081
102452,4.42897
102453,4.23737
102454,3.85851
102455,4.28732
102456,3.51579
102457,3.37646
102458,4.51377
102459,3.99898
102460,4.49701
102461,4.73341
102462,4.20707
102463,3.90673
102464,4.75319
102465,2.90636
102466,3.228
102467,3.57535
102468,4.60036
102469,3.97687
102470,4.19858
102471,4.73397
102472,2.50663
102473,4.78309
102474,4.23285
102475,4.89628
102476,4.95392
102477,3.34414
102478,4.35738
102479,2.46491
102480,4.31738
102481,3.27083
102482,4.00487
102483,3.24889
102484,4.44498
102485,3.55673
102486,3.17612
102487,3.62151
102488,3.93217
102489,2.39904
102490,4.62762
102491,4.02101
102492,4.07338
102493,3.97008
102494,2.41466
102495,3.44392
102496,3.79811
102497,3.81863
102498,4.60732
102499,3.9365
102500,3.1427
102501,3.60135
102502,3.06024
102503,4.03064
102504,2.94643
102505,4.00366
102506,3.22664
102507,3.71588
102508,3.90129
102509,3.61462
102510,3.40522
102511,4.09697
102512,3.89477
102513,4.64879
102514,3.87421
102515,4.49012
102516,3.19614
102517,4.11321
102518,4.6673
102519,3.81981
102520,5.0
102521,4.97167
102522,4.94811
102523,3.50514
102524,3.90997
102525,3.67539
102526,4.20906
102527,4.17604
102528,3.69768
102529,3.29154
102530,3.6205
102531,3.70845
102532,1.90281
102533,1.9441
102534,3.09439
102535,4.53347
102536,3.321
102537,4.08209
102538,3.8974
102539,2.89111
102540,3.71656
102541,3.89275
102542,4.58345
102543,4.02212
102544,3.80667
102545,3.31411
102546,4.3567
102547,4.0076
102548,3.55475
102549,3.90854
102550,3.89109
102551,3.07017
102552,2.83342
102553,2.73153
102554,2.65338
102555,2.15673
102556,1.16689
102557,3.05935
102558,1.92631
102559,1.95356
102560,2.63666
102561,3.84334
102562,4.51139
102563,3.79921
102564,3.56475
102565,3.56551
102566,3.96311
102567,3.37142
102568,3.99424
102569,3.5202
102570,4.28991
102571,3.46126
102572,3.23081
102573,4.71286
102574,4.26201
102575,4.40218
102576,3.1228
102577,1.79335
102578,2.72595
102579,1.80517
102580,3.96867
102581,2.19069
102582,2.47441
102583,3.29056
102584,4.85053
102585,2.72672
102586,3.12485
102587,1.27749
102588,4.20541
102589,3.12511
102590,3.4735
102591,4.51087
102592,3.88172
102593,5.0
102594,5.0
102595,2.86447
102596,3.57969
102597,4.38626
102598,3.54297
102599,3.14467
102600,3.94299
102601,3.24223
102602,5.0
102603,2.91451
102604,2.98444
102605,4.49625
102606,3.90758
102607,4.64455
102608,3.32668
102609,3.69872
102610,4.81027
102611,4.47705
102612,4.18398
102613,4.09757
102614,3.57563
102615,3.39443
102616,3.22961
102617,4.47548
102618,4.63761
102619,4.39669
102620,4.07295
102621,3.7568
102622,4.18516
102623,4.0617
102624,4.95133
102625,3.30775
102626,3.62618
102627,3.29862
102628,4.18712
102629,2.06546
102630,4.80662
102631,3.99068
102632,4.0119
102633,4.29618
102634,3.91503
102635,4.00537
102636,4.46846
102637,3.69128
102638,3.68475
102639,4.64154
102640,4.78476
102641,3.34867
102642,4.68517
102643,4.05353
102644,3.91899
102645,4.64021
102646,3.48479
102647,3.30717
102648,4.62935
102649,4.20138
102650,3.49222
102651,4.08426
102652,4.73339
102653,4.51456
102654,3.77428
102655,4.67431
102656,4.06363
102657,2.64453
102658,4.23876
102659,3.78844
102660,4.15178
102661,2.86563
102662,4.06079
102663,4.24926
102664,4.38316
102665,4.42686
102666,3.89732
102667,4.42747
102668,3.96023
102669,4.57329
102670,4.64315
102671,4.7735
102672,3.59848
102673,4.37019
102674,4.70373
102675,4.39717
102676,4.21908
102677,3.2468
102678,4.24495
102679,3.98428
102680,3.67722
102681,4.50539
102682,4.36579
102683,3.37426
102684,3.24905
102685,2.95576
102686,3.16919
102687,3.00703
102688,3.10084
102689,3.37903
102690,3.75212
102691,3.26876
102692,3.1711
102693,4.28407
102694,4.81258
102695,4.68569
102696,3.91804
102697,4.23781
102698,3.61313
102699,3.48269
102700,3.47733
102701,3.78051
102702,5.0
102703,4.78078
102704,4.75127
102705,3.92559
102706,3.70642
102707,4.23127
102708,3.88374
102709,4.28195
102710,5.0
102711,2.37581
102712,2.76593
102713,4.29544
102714,2.19173
102715,3.46068
102716,4.22373
102717,4.20035
102718,3.16942
102719,4.08696
102720,1.78952
102721,1.62221
102722,2.30962
102723,1.876
102724,2.41622
102725,2.62038
102726,2.34831
102727,2.50118
102728,1.63688
102729,1.11992
102730,2.09183
102731,1.24262
102732,3.88647
102733,2.2432
102734,1.0
102735,4.43225
102736,1.68564
102737,3.33738
102738,3.78818
102739,3.87022
102740,2.41151
102741,3.00162
102742,2.56181
102743,3.45754
102744,2.2182
102745,3.2586
102746,3.31066
102747,2.30467
102748,3.40227
102749,2.48552
102750,3.85871
102751,1.11608
102752,3.71576
102753,3.0628
102754,2.76867
102755,4.0197
102756,2.72936
102757,4.15032
102758,2.57514
102759,4.11189
102760,3.65813
102761,4.42631
102762,1.72518
102763,3.26456
102764,4.0446
102765,3.34026
102766,3.95427
102767,4.31549
102768,4.3008
102769,3.63935
102770,4.25521
102771,3.79182
102772,4.40986
102773,4.03502
102774,2.97131
102775,2.73848
102776,4.11477
102777,4.18133
102778,3.6902
102779,4.28737
102780,3.70477
102781,2.90337
102782,3.29928
102783,4.48408
102784,3.81528
102785,4.10984
102786,4.04242
102787,3.99498
102788,1.0
102789,4.16527
102790,4.27515
102791,4.4098
102792,3.36079
102793,4.8559
102794,3.48816
102795,2.82534
102796,3.84742
102797,4.69901
102798,3.58278
102799,4.47699
102800,3.77317
102801,4.76935
102802,3.82483
102803,3.35284
102804,4.50164
102805,3.30807
102806,4.36521
102807,3.89052
102808,2.86778
102809,2.88298
102810,3.95104
102811,4.62412
102812,2.78927
102813,4.85693
102814,3.0971
102815,4.5187
102816,4.57906
102817,3.51417
102818,3.05698
102819,4.50814
102820,4.05593
102821,4.39953
102822,3.42625
102823,3.96888
102824,3.05506
102825,4.02666
102826,4.4387
102827,4.73056
102828,3.25621
102829,4.33922
102830,3.82742
102831,3.07094
102832,3.56525
102833,4.65076
102834,3.93036
102835,3.12523
102836,3.63226
102837,3.12659
102838,3.21406
102839,4.86549
102840,4.05053
102841,4.3041
102842,3.73188
102843,4.76809
102844,2.69036
102845,3.52444
102846,4.4306
102847,4.4258
102848,3.1252
102849,4.33959
102850,4.74148
102851,3.54805
102852,5.0
102853,3.64695
102854,3.29548
102855,3.90296
102856,2.63545
102857,4.55951
102858,3.7804
102859,2.37236
102860,4.19903
102861,3.67983
102862,4.06201
102863,3.15666
102864,4.3639
102865,3.85914
102866,3.47617
102867,3.99001
102868,5.0
102869,4.59894
102870,4.52884
102871,3.47388
102872,4.41115
102873,3.3266
102874,4.7014
102875,3.78895
102876,4.94623
102877,4.37422
102878,3.20062
102879,3.73055
102880,3.78219
102881,3.92055
102882,3.40147
102883,3.50262
102884,4.56609
102885,4.33886
102886,4.91192
102887,4.023
102888,4.51805
102889,5.0
102890,3.94412
102891,3.01924
102892,3.09028
102893,4.33991
102894,4.72411
102895,3.56825
102896,3.53583
102897,4.13948
102898,3.66834
102899,3.19504
102900,3.78443
102901,3.66432
102902,3.32243
102903,3.77094
102904,3.10239
102905,3.89908
102906,4.22835
102907,3.90329
102908,3.11188
102909,3.59249
102910,3.34334
102911,4.44
102912,3.73992
102913,3.42388
102914,3.85754
102915,3.48912
102916,3.97801
102917,3.34747
102918,3.94376
102919,3.69419
102920,3.03478
102921,2.26777
102922,2.69864
102923,3.1323
102924,3.29325
102925,2.7708
102926,3.67423
102927,3.5337
102928,3.1784
102929,3.36594
102930,3.54308
102931,2.65362
102932,3.26112
102933,3.49224
102934,2.98417
102935,3.68892
102936,2.52894
102937,3.43943
102938,2.86617
102939,3.50774
102940,3.14013
102941,3.04177
102942,3.26073
102943,3.77362
102944,3.72262
102945,2.75991
102946,2.86539
102947,3.37255
102948,2.55713
102949,2.97284
102950,2.77194
102951,2.88947
102952,3.19081
102953,3.65813
102954,4.19618
102955,3.51907
102956,2.8422
102957,2.57202
102958,3.6914
102959,2.88672
102960,4.0446
102961,4.04812
102962,3.36577
102963,3.54242
102964,3.57988
102965,4.21939
102966,4.65858
102967,3.20952
102968,3.64158
102969,3.6399
102970,4.10481
102971,3.35297
102972,2.22617
102973,3.65389
102974,1.90314
102975,3.83141
102976,4.6675
102977,2.86697
102978,1.5269
102979,1.9446
102980,2.97919
102981,2.78574
102982,3.34383
102983,3.82793
102984,2.63668
102985,3.21586
102986,4.18577
102987,2.74501
102988,3.9639
102989,2.75113
102990,3.05437
102991,3.34549
102992,3.09914
102993,3.97906
102994,2.8466
102995,4.06873
102996,3.05427
102997,3.03344
102998,3.54416
102999,3.21779
103000,2.28084
103001,2.55038
103002,2.71044
103003,3.60634
103004,3.07868
103005,3.24019
103006,3.04873
103007,3.96419
103008,2.19784
103009,2.56176
103010,1.95143
103011,3.28075
103012,2.05327
103013,2.67326
103014,3.71125
103015,2.39755
103016,3.86056
103017,3.20229
103018,3.30627
103019,3.04203
103020,3.23494
103021,3.86006
103022,2.93609
103023,4.74156
103024,2.48497
103025,3.01594
103026,2.1747
103027,2.79106
103028,3.65107
103029,3.5356
103030,3.7548
103031,5.0
103032,3.13961
103033,3.53225
103034,3.76881
103035,3.26513
103036,2.95132
103037,2.36804
103038,3.30108
103039,3.1609
103040,1.92357
103041,1.66196
103042,2.08316
103043,1.43413
103044,1.8756
103045,1.92518
103046,2.99025
103047,2.89134
103048,1.02746
103049,2.762
103050,2.86162
103051,3.95332
103052,4.35062
103053,3.5643
103054,3.11944
103055,3.33871
103056,3.17532
103057,3.6892
103058,3.09111
103059,3.17126
103060,3.58499
103061,3.76836
103062,2.78944
103063,4.05597
103064,3.83754
103065,3.11357
103066,3.92685
103067,5.0
103068,3.26163
103069,3.85101
103070,3.22401
103071,4.04275
103072,3.12543
103073,3.65465
103074,3.88523
103075,4.92509
103076,3.79488
103077,5.0
103078,4.16456
103079,3.76972
103080,3.69473
103081,3.55113
103082,3.28592
103083,4.13723
103084,2.36357
103085,3.39106
103086,4.31002
103087,3.39081
103088,3.92318
103089,5.0
103090,3.78961
103091,3.61398
103092,5.0
103093,4.3103
103094,2.28391
103095,3.50935
103096,2.96991
103097,4.3265
103098,3.95512
103099,4.06477
103100,2.75587
103101,4.52525
103102,3.16691
103103,4.75275
103104,4.20456
103105,4.21736
103106,4.30598
103107,2.78674
103108,4.99597
103109,3.67359
103110,3.40478
103111,2.28784
103112,3.48358
103113,5.0
103114,3.38479
103115,1.78284
103116,3.95008
103117,3.86536
103118,4.36969
103119,4.0091
103120,2.99677
103121,4.12244
103122,3.70244
103123,2.404
103124,3.50479
103125,4.01024
103126,4.15486
103127,2.69255
103128,3.82429
103129,3.21868
103130,3.30111
103131,4.31141
103132,3.16788
103133,3.34101
103134,4.0221
103135,1.78713
103136,1.58742
103137,2.77084
103138,4.24887
103139,4.3058
103140,4.66783
103141,4.60501
103142,3.37009
103143,4.70558
103144,2.33026
103145,4.31843
103146,4.61798
103147,4.73418
103148,2.54713
103149,2.33536
103150,2.93078
103151,3.96811
103152,2.84665
103153,3.50209
103154,4.52646
103155,3.46885
103156,3.31001
103157,3.43152
103158,3.70324
103159,4.01556
103160,4.07566
103161,4.34826
103162,3.87554
103163,3.53317
103164,4.11656
103165,3.89035
103166,3.45143
103167,1.88542
103168,3.16244
103169,3.58478
103170,2.9782
103171,1.88837
103172,2.83805
103173,4.20627
103174,2.40319
103175,3.52804
103176,3.23474
103177,3.44179
103178,2.52268
103179,3.84062
103180,4.2315
103181,3.2376
103182,4.12438
103183,4.18186
103184,3.19811
103185,2.9878
103186,2.32354
103187,4.01346
103188,3.50188
103189,3.17564
103190,3.78396
103191,3.42992
103192,3.05374
103193,3.6227
103194,3.44182
103195,3.97597
103196,3.26375
103197,3.49947
103198,3.63992
103199,3.96742
103200,3.31486
103201,2.55951
103202,3.2148
103203,3.29714
103204,3.35502
103205,4.01575
103206,3.83855
103207,2.242
103208,3.98023
103209,3.42122
103210,3.26397
103211,3.41373
103212,3.0602
103213,3.03345
103214,3.21928
103215,2.10695
103216,3.8042
103217,3.65743
103218,2.76235
103219,3.14566
103220,3.34501
103221,3.02249
103222,3.42907
103223,3.55952
103224,3.62555
103225,2.87825
103226,3.675
103227,3.93137
103228,3.15508
103229,3.87294
103230,2.35646
103231,3.43823
103232,2.41358
103233,3.96652
103234,3.50374
103235,4.11455
103236,2.40206
103237,2.75822
103238,3.37943
103239,1.91004
103240,3.42662
103241,2.92127
103242,3.80655
103243,3.82494
103244,3.25755
103245,2.89679
103246,3.22997
103247,3.09253
103248,2.62239
103249,3.53803
103250,3.50724
103251,3.50706
103252,3.85457
103253,3.72891
103254,3.06181
103255,4.0842
103256,3.58198
103257,3.30954
103258,4.03568
103259,2.70781
103260,3.72782
103261,2.89816
103262,3.44512
103263,2.67134
103264,4.10305
103265,2.94529
103266,3.16605
103267,5.0
103268,3.20341
103269,1.95119
103270,2.25018
103271,2.91166
103272,2.45326
103273,2.41701
103274,3.48608
103275,1.94448
103276,3.5271
103277,2.62559
103278,3.56497
103279,4.47976
103280,4.33472
103281,4.25305
103282,3.43642
103283,3.96179
103284,4.41928
103285,2.54196
103286,4.45525
103287,3.08655
103288,4.36216
103289,2.80713
103290,2.52113
103291,3.87011
103292,3.61273
103293,4.35775
103294,4.4618
103295,3.3023
103296,3.33944
103297,4.27217
103298,4.8066
103299,4.67394
103300,3.03921
103301,5.0
103302,2.9058
103303,4.99743
103304,3.56748
103305,3.09514
103306,3.76148
103307,3.11359
103308,3.48883
103309,3.87549
103310,4.57102
103311,3.73622
103312,3.39722
103313,3.82767
103314,2.51461
103315,3.13648
103316,3.90347
103317,3.05142
103318,3.32701
103319,3.17155
103320,4.22839
103321,3.07288
103322,4.40711
103323,4.24035
103324,5.0
103325,2.99001
103326,2.70976
103327,4.70916
103328,3.19498
103329,3.08611
103330,3.26323
103331,3.12563
103332,4.10365
103333,3.30727
103334,3.58747
103335,4.00318
103336,4.209
103337,3.6174
103338,1.25533
103339,3.37918
103340,3.39532
103341,3.26933
103342,2.93266
103343,3.36763
103344,2.6233
103345,4.0914
103346,3.7144
103347,4.45025
103348,2.27739
103349,3.19804
103350,3.19637
103351,3.28827
103352,3.64131
103353,2.65709
103354,3.52979
103355,3.92155
103356,3.35164
103357,2.39225
103358,3.70847
103359,3.93272
103360,4.06901
103361,3.7161
103362,3.68039
103363,3.57382
103364,2.57651
103365,3.68616
103366,3.78799
103367,3.34943
103368,3.39374
103369,3.4834
103370,2.29419
103371,3.96736
103372,3.81084
103373,3.76327
103374,4.47256
103375,3.63823
103376,3.76174
103377,4.49238
103378,4.27157
103379,4.55088
103380,3.68343
103381,3.69601
103382,3.91706
103383,3.23706
103384,4.61114
103385,4.15374
103386,3.20576
103387,4.18853
103388,3.26259
103389,3.60077
103390,3.76038
103391,3.32158
103392,3.22201
103393,4.06627
103394,4.34125
103395,3.1062
103396,3.41092
103397,3.88593
103398,4.05234
103399,3.87489
103400,3.5414
103401,4.15587
103402,4.2367
103403,4.72106
103404,4.41252
103405,2.51465
103406,3.44383
103407,4.55665
103408,3.39657
103409,4.37412
103410,4.52232
103411,3.77606
103412,3.12409
103413,4.46876
103414,2.97627
103415,1.47449
103416,3.3847
103417,2.79861
103418,3.17436
103419,2.34719
103420,4.2084
103421,3.15305
103422,3.47547
103423,4.05084
103424,4.34815
103425,3.98831
103426,3.8933
103427,4.94542
103428,3.98672
103429,4.75647
103430,4.11701
103431,3.43213
103432,2.82926
103433,4.18812
103434,4.49117
103435,5.0
103436,2.5807
103437,5.0
103438,4.62646
103439,4.17114
103440,3.93566
103441,3.76428
103442,3.66655
103443,4.52714
103444,4.3288
103445,4.81665
103446,4.38691
103447,4.27719
103448,4.90504
103449,4.70553
103450,2.17608
103451,4.65133
103452,5.0
103453,4.46273
103454,4.33227
103455,3.7341
103456,3.67249
103457,2.80165
103458,3.43749
103459,2.58023
103460,3.10286
103461,4.58406
103462,3.5602
103463,4.99621
103464,4.91234
103465,3.98832
103466,5.0
103467,3.50038
103468,4.15773
103469,4.37119
103470,3.52682
103471,4.78189
103472,2.20282
103473,4.47307
103474,4.46351
103475,4.71568
103476,4.57893
103477,5.0
103478,4.73169
103479,4.69168
103480,3.38629
103481,4.61359
103482,3.98853
103483,4.43516
103484,2.8077
103485,4.33073
103486,3.75704
103487,4.49011
103488,4.19104
103489,4.68995
103490,4.06593
103491,3.94602
103492,3.18261
103493,3.11706
103494,3.58393
103495,4.56053
103496,4.33712
103497,3.33363
103498,4.91249
103499,4.42403
103500,4.13282
103501,4.83521
103502,3.84065
103503,4.69982
103504,4.38271
103505,4.88743
103506,4.2011
103507,4.23677
103508,4.23991
103509,4.16462
103510,3.77446
103511,4.42232
103512,3.52355
103513,4.44561
103514,4.39399
103515,2.98689
103516,4.16686
103517,3.12718
103518,3.64784
103519,3.74167
103520,4.12655
103521,4.13016
103522,3.37093
103523,3.66201
103524,1.91184
103525,4.47107
103526,2.87245
103527,2.40649
103528,2.55318
103529,3.46212
103530,2.61842
103531,3.17452
103532,3.61345
103533,3.71199
103534,1.49728
103535,3.38057
103536,3.74487
103537,4.00493
103538,3.45756
103539,3.19367
103540,3.79245
103541,4.05637
103542,3.62187
103543,3.17058
103544,3.77438
103545,3.51081
103546,3.80002
103547,3.21661
103548,3.89356
103549,3.65768
103550,3.04727
103551,3.25728
103552,3.79504
103553,4.09444
103554,3.16551
103555,4.1113
103556,2.78914
103557,3.89999
103558,3.4621
103559,3.362
103560,3.18962
103561,3.45372
103562,3.93445
103563,4.59482
103564,4.88432
103565,5.0
103566,2.48427
103567,4.39406
103568,4.51793
103569,4.74782
103570,2.73411
103571,2.6414
103572,3.64241
103573,3.57016
103574,3.52141
103575,2.80489
103576,3.9517
103577,3.23614
103578,3.05149
103579,3.55398
103580,2.5502
103581,3.08048
103582,2.82449
103583,3.47856
103584,3.42196
103585,3.3647
103586,3.69844
103587,3.76279
103588,3.28025
103589,3.92306
103590,3.11182
103591,3.6035
103592,3.57152
103593,3.10477
103594,3.4571
103595,2.78145
103596,4.19483
103597,2.89521
103598,3.67623
103599,3.81654
103600,2.69017
103601,3.81174
103602,4.15393
103603,2.90262
103604,3.21161
103605,2.15378
103606,3.5466
103607,3.24995
103608,3.72271
103609,3.01005
103610,4.25609
103611,3.30272
103612,3.73978
103613,3.68447
103614,2.95994
103615,2.44184
103616,3.1766
103617,3.30447
103618,3.76048
103619,4.34454
103620,1.33369
103621,1.12097
103622,3.8554
103623,4.37992
103624,2.36799
103625,3.17266
103626,4.43079
103627,3.98693
103628,4.306
103629,4.90809
103630,2.47589
103631,3.11378
103632,2.19368
103633,3.08271
103634,2.39608
103635,2.34312
103636,2.37613
103637,3.31297
103638,3.67621
103639,3.20989
103640,2.42016
103641,1.81882
103642,3.81776
103643,2.15253
103644,3.6964
103645,2.14663
103646,2.17609
103647,3.78999
103648,3.00348
103649,2.45294
103650,2.35152
103651,1.82855
103652,1.42172
103653,2.88512
103654,2.20676
103655,3.81807
103656,2.84475
103657,2.35444
103658,1.87955
103659,1.81768
103660,1.90393
103661,2.46478
103662,2.55882
103663,3.25184
103664,2.59679
103665,2.84947
103666,2.41241
103667,3.45826
103668,2.33657
103669,3.21436
103670,2.15398
103671,2.48057
103672,2.77776
103673,2.42724
103674,3.43357
103675,1.80067
103676,3.55544
103677,2.81307
103678,2.70246
103679,2.62925
103680,2.84478
103681,3.17971
103682,2.23395
103683,2.71435
103684,3.06232
103685,1.48164
103686,2.14686
103687,2.94073
103688,2.91974
103689,2.59638
103690,1.63469
103691,3.09526
103692,2.65476
103693,3.76336
103694,3.41293
103695,2.13964
103696,3.3493
103697,3.88303
103698,2.60869
103699,3.74022
103700,2.85194
103701,2.19449
103702,1.8576
103703,3.41728
103704,2.20977
103705,2.59866
103706,4.6244
103707,1.96009
103708,3.73167
103709,3.26
103710,3.27431
103711,4.49126
103712,3.95558
103713,4.01025
103714,3.13146
103715,4.16361
103716,2.64959
103717,3.17522
103718,4.1345
103719,4.73281
103720,5.0
103721,3.03462
103722,3.99886
103723,4.39015
103724,4.73996
103725,3.223
103726,3.87794
103727,3.5183
103728,2.7703
103729,3.21371
103730,2.74197
103731,3.24208
103732,3.53258
103733,3.16028
103734,3.56174
103735,3.39494
103736,3.61835
103737,3.81305
103738,3.43022
103739,3.9994
103740,4.14296
103741,4.5522
103742,3.73278
103743,4.0343
103744,2.7482
103745,4.25879
103746,2.82604
103747,3.40521
103748,1.93902
103749,4.13342
103750,4.47948
103751,3.99362
103752,4.22939
103753,3.62965
103754,3.50955
103755,3.72208
103756,4.33678
103757,4.13257
103758,3.8518
103759,4.1432
103760,3.52063
103761,4.4642
103762,3.60577
103763,4.24227
103764,3.82325
103765,3.97403
103766,3.19439
103767,4.32739
103768,4.46501
103769,4.06331
103770,3.75685
103771,2.97993
103772,4.25053
103773,4.5247
103774,3.10504
103775,2.75428
103776,4.0869
103777,4.78064
103778,4.14402
103779,3.89394
103780,3.15095
103781,5.0
103782,3.71954
103783,4.66375
103784,4.48372
103785,2.32008
103786,5.0
103787,5.0
103788,3.79955
103789,3.47069
103790,4.56012
103791,3.97988
103792,3.93801
103793,4.11907
103794,3.13829
103795,3.46837
103796,4.2361
103797,3.64381
103798,3.01814
103799,3.30058
103800,3.61611
103801,2.93324
103802,4.32151
103803,3.56495
103804,2.69659
103805,4.57508
103806,4.20481
103807,3.90487
103808,4.78468
103809,3.08388
103810,2.73329
103811,3.7488
103812,4.69727
103813,4.32184
103814,4.03028
103815,4.68579
103816,4.32108
103817,3.87282
103818,4.24349
103819,2.78847
103820,3.99646
103821,3.89561
103822,2.35202
103823,1.28752
103824,2.90832
103825,3.02988
103826,2.75755
103827,3.96704
103828,4.15057
103829,3.98507
103830,3.56951
103831,3.31279
103832,3.91151
103833,4.14617
103834,4.39576
103835,4.73896
103836,4.10147
103837,4.33045
103838,4.19914
103839,3.5765
103840,2.16071
103841,4.75227
103842,3.71378
103843,2.46689
103844,2.13508
103845,2.77039
103846,3.81615
103847,4.13364
103848,3.41734
103849,4.24005
103850,3.8873
103851,3.88439
103852,3.16921
103853,3.68641
103854,3.10344
103855,2.44826
103856,3.85862
103857,3.0494
103858,3.04502
103859,5.0
103860,2.78745
103861,3.52178
103862,3.17944
103863,4.30622
103864,2.81821
103865,3.58879
103866,2.58502
103867,4.30454
103868,2.70832
103869,3.89511
103870,2.97632
103871,2.66889
103872,2.70511
103873,2.30079
103874,3.65663
103875,3.00284
103876,3.98384
103877,3.41892
103878,4.11326
103879,4.60893
103880,4.34315
103881,2.63754
103882,2.98253
103883,2.45365
103884,3.58824
103885,4.34847
103886,2.97781
103887,2.78255
103888,3.13427
103889,2.99457
103890,3.56756
103891,3.63519
103892,1.82431
103893,3.10473
103894,2.39154
103895,2.36188
103896,3.94009
103897,2.55232
103898,2.79506
103899,2.16077
103900,2.62903
103901,3.15888
103902,2.38706
103903,2.98069
103904,3.85531
103905,3.72528
103906,2.83051
103907,2.45392
103908,2.05447
103909,3.72114
103910,2.17942
103911,3.42242
103912,3.01277
103913,3.53212
103914,2.06661
103915,1.59343
103916,3.29494
103917,2.86161
103918,3.20983
103919,1.72059
103920,2.99075
103921,1.69808
103922,3.1156
103923,2.2991
103924,2.66719
103925,2.89127
103926,1.96403
103927,3.70899
103928,1.9453
103929,2.17136
103930,2.07806
103931,2.97835
103932,3.39085
103933,3.053
103934,3.31334
103935,4.46705
103936,4.36636
103937,4.80113
103938,5.0
103939,4.12813
103940,4.50886
103941,4.25017
103942,3.94411
103943,2.52738
103944,3.23131
103945,3.73969
103946,4.03811
103947,5.0
103948,5.0
103949,4.08348
103950,3.77077
103951,2.09884
103952,3.50738
103953,4.07934
103954,3.03854
103955,2.78054
103956,3.47041
103957,3.03405
103958,3.36858
103959,3.66233
103960,3.80531
103961,3.18436
103962,2.67713
103963,3.38867
103964,1.0
103965,3.88525
103966,3.43181
103967,3.75483
103968,2.21774
103969,2.11524
103970,3.85655
103971,2.41183
103972,2.50631
103973,3.69127
103974,3.34186
103975,3.73406
103976,3.46379
103977,1.92509
103978,3.16514
103979,3.75896
103980,3.03119
103981,4.14642
103982,3.27864
103983,3.45411
103984,3.88741
103985,3.82098
103986,3.44024
103987,3.41824
103988,3.69226
103989,5.0
103990,2.81578
103991,3.37662
103992,3.79137
103993,4.57657
103994,5.0
103995,4.88013
103996,4.8826
103997,2.53633
103998,3.6297
103999,3.89241
104000,3.70853
104001,3.71306
104002,3.63939
104003,4.49144
104004,3.31607
104005,3.1656
104006,3.9946
104007,3.83319
104008,3.79623
104009,4.20285
104010,4.11784
104011,4.41551
104012,4.06987
104013,3.23944
104014,4.16641
104015,3.48704
104016,3.95903
104017,4.08143
104018,4.22629
104019,2.90768
104020,3.55436
104021,4.06008
104022,3.3502
104023,4.43335
104024,4.53891
104025,4.08399
104026,3.56424
104027,4.54223
104028,3.97789
104029,3.05383
104030,3.14789
104031,5.0
104032,5.0
104033,4.89856
104034,3.90713
104035,4.60535
104036,2.73212
104037,3.96253
104038,4.21517
104039,4.56444
104040,5.0
104041,2.31518
104042,3.79237
104043,3.82683
104044,2.5173
104045,4.08893
104046,2.96412
104047,2.94127
104048,3.35734
104049,1.91779
104050,2.85639
104051,3.63804
104052,4.21572
104053,2.84823
104054,2.98992
104055,3.62287
104056,3.51919
104057,3.19795
104058,3.6562
104059,2.65822
104060,4.06105
104061,4.53829
104062,3.1558
104063,2.93021
104064,3.83319
104065,2.68459
104066,1.66843
104067,2.79873
104068,2.81064
104069,3.71193
104070,3.76725
104071,3.26376
104072,4.87903
104073,3.11004
104074,4.62718
104075,4.29877
104076,3.41834
104077,4.27719
104078,3.90008
104079,4.27305
104080,4.22019
104081,4.27584
104082,4.08704
104083,2.12509
104084,3.93555
104085,4.00839
104086,4.39737
104087,3.99325
104088,3.71469
104089,4.10093
104090,3.90933
104091,4.62996
104092,2.23492
104093,4.71066
104094,3.35508
104095,4.29447
104096,4.19006
104097,4.63304
104098,3.60478
104099,2.98692
104100,4.24588
104101,3.20574
104102,3.86085
104103,4.17769
104104,4.34738
104105,4.60808
104106,4.54669
104107,4.41262
104108,4.23107
104109,4.20252
104110,4.31853
104111,4.62858
104112,4.13139
104113,3.53559
104114,3.27868
104115,4.68708
104116,3.21697
104117,4.10775
104118,5.0
104119,5.0
104120,3.91824
104121,3.7988
104122,4.26539
104123,3.79529
104124,4.90767
104125,4.95029
104126,4.57335
104127,3.62662
104128,3.29134
104129,4.11723
104130,2.73033
104131,2.61502
104132,3.88233
104133,4.08985
104134,4.57722
104135,3.8177
104136,4.16389
104137,4.11811
104138,3.54335
104139,4.65771
104140,3.50672
104141,4.32183
104142,3.63541
104143,3.93908
104144,3.67641
104145,3.25151
104146,3.76073
104147,2.91823
104148,3.7173
104149,5.0
104150,3.88466
104151,3.60735
104152,3.26894
104153,2.59814
104154,2.36806
104155,3.14549
104156,4.7551
104157,4.12957
104158,4.37162
104159,4.20392
104160,4.8602
104161,3.92843
104162,2.89572
104163,3.68666
104164,3.80491
104165,4.23874
104166,5.0
104167,4.00774
104168,3.39521
104169,3.75693
104170,3.50785
104171,3.67395
104172,3.70226
104173,3.29375
104174,1.64298
104175,5.0
104176,4.48645
104177,4.50831
104178,3.33428
104179,1.91784
104180,3.16843
104181,5.0
104182,4.40901
104183,4.73877
104184,2.03422
104185,4.45563
104186,2.9636
104187,2.97008
104188,3.06391
104189,2.75577
104190,4.01877
104191,2.24052
104192,3.42605
104193,3.1793
104194,2.65353
104195,2.23505
104196,3.87815
104197,4.33235
104198,3.2862
104199,4.52498
104200,3.69015
104201,3.60388
104202,3.07523
104203,1.42717
104204,3.0318
104205,3.25679
104206,2.71439
104207,1.92284
104208,2.60043
104209,2.73867
104210,2.78479
104211,1.00584
104212,2.76365
104213,1.58711
104214,3.62502
104215,1.73231
104216,2.8578
104217,5.0
104218,2.91483
104219,3.20668
104220,4.45578
104221,4.35446
104222,3.2437
104223,3.25236
104224,4.37946
104225,4.5109
104226,4.1382
104227,3.79915
104228,3.94992
104229,4.18998
104230,4.69537
104231,3.74788
104232,4.36946
104233,4.52138
104234,3.12831
104235,5.0
104236,4.06757
104237,4.62867
104238,4.91648
104239,2.70038
104240,3.8757
104241,3.8168
104242,3.95371
104243,4.11525
104244,4.00161
104245,4.12435
104246,3.02396
104247,3.9967
104248,3.75061
104249,2.96853
104250,4.31996
104251,4.01642
104252,4.07622
104253,3.39001
104254,5.0
104255,4.97471
104256,4.62349
104257,5.0
104258,4.50475
104259,3.50937
104260,4.56813
104261,3.24645
104262,2.9699
104263,3.86449
104264,3.68716
104265,4.04073
104266,3.20711
104267,4.04947
104268,2.86719
104269,3.14006
104270,3.55764
104271,4.2214
104272,4.07125
104273,4.04625
104274,3.84302
104275,4.15732
104276,4.43231
104277,4.51313
104278,3.53193
104279,4.24646
104280,4.40314
104281,3.19916
104282,3.73708
104283,3.62428
104284,3.92856
104285,1.0
104286,2.94839
104287,1.4446
104288,3.58892
104289,4.24854
104290,3.40546
104291,2.69341
104292,3.81702
104293,2.14441
104294,3.23752
104295,1.6206
104296,4.96835
104297,1.81662
104298,3.94264
104299,3.95179
104300,2.245
104301,1.0
104302,2.70367
104303,3.75295
104304,4.88313
104305,1.76979
104306,4.53362
104307,1.0
104308,1.0
104309,4.04477
104310,4.63749
104311,1.0
104312,3.21057
104313,3.59948
104314,4.34266
104315,4.82399
104316,2.60784
104317,2.59584
104318,2.97553
104319,2.04646
104320,3.71033
104321,4.51966
104322,4.21838
104323,4.48746
104324,4.08104
104325,3.59285
104326,3.64383
104327,3.15247
104328,3.9169
104329,4.29762
104330,3.66424
104331,2.84726
104332,2.75063
104333,4.92951
104334,3.60078
104335,2.93362
104336,4.40808
104337,5.0
104338,5.0
104339,2.98984
104340,3.29698
104341,2.76753
104342,1.86613
104343,1.82218
104344,3.37373
104345,2.13555
104346,3.68762
104347,5.0
104348,4.70233
104349,4.86232
104350,4.11898
104351,4.36882
104352,4.43482
104353,3.60289
104354,4.67422
104355,4.1823
104356,3.70876
104357,4.31409
104358,3.47063
104359,3.20797
104360,4.17246
104361,4.18284
104362,4.66399
104363,4.37746
104364,2.68741
104365,2.33828
104366,3.63238
104367,3.94108
104368,5.0
104369,2.75226
104370,4.91678
104371,4.80808
104372,4.05153
104373,4.74845
104374,3.51164
104375,4.31475
104376,5.0
104377,5.0
104378,3.78611
104379,4.73927
104380,3.57081
104381,3.71367
104382,3.61689
104383,4.51257
104384,4.82366
104385,4.14443
104386,4.37987
104387,5.0
104388,3.76877
104389,3.31294
104390,4.27054
104391,4.3289
104392,4.08434
104393,4.24446
104394,3.19336
104395,4.95195
104396,5.0
104397,3.39513
104398,2.45416
104399,3.80728
104400,4.86689
104401,2.23468
104402,4.74956
104403,3.20199
104404,4.06192
104405,2.80728
104406,2.43855
104407,3.29627
104408,2.58526
104409,2.44578
104410,3.37644
104411,2.60961
104412,2.73035
104413,4.24369
104414,2.60321
104415,4.15757
104416,4.43395
104417,4.02058
104418,5.0
104419,5.0
104420,3.70974
104421,5.0
104422,4.62463
104423,2.19473
104424,4.3115
104425,3.35801
104426,4.83663
104427,5.0
104428,3.78188
104429,4.78815
104430,4.28762
104431,3.16609
104432,2.16779
104433,3.19881
104434,2.90927
104435,1.807
104436,2.84776
104437,5.0
104438,2.04861
104439,3.10178
104440,3.45976
104441,3.63882
104442,3.21047
104443,1.81842
104444,2.2837
104445,4.09214
104446,4.03606
104447,3.73488
104448,2.90572
104449,2.89591
104450,2.84568
104451,3.69114
104452,3.96209
104453,3.76449
104454,3.56291
104455,3.43947
104456,3.88278
104457,2.2356
104458,2.20449
104459,2.78794
104460,3.29087
104461,1.30109
104462,2.01946
104463,2.77903
104464,3.2419
104465,2.79726
104466,2.31709
104467,3.12901
104468,3.33337
104469,3.48048
104470,4.11114
104471,3.48798
104472,3.67451
104473,2.58286
104474,4.05376
104475,3.31067
104476,3.66778
104477,4.20478
104478,3.15988
104479,1.89324
104480,2.32155
104481,2.80568
104482,2.908
104483,2.88146
104484,1.37938
104485,3.91728
104486,3.21887
104487,3.19942
104488,2.5091
104489,2.36221
104490,2.9787
104491,4.68911
104492,2.38764
104493,4.65726
104494,1.79006
104495,3.40154
104496,1.76632
104497,2.72838
104498,2.98257
104499,3.19823
104500,3.35984
104501,4.42474
104502,3.32301
104503,4.44459
104504,1.37443
104505,2.43633
104506,3.94186
104507,3.0305
104508,2.98592
104509,2.23148
104510,3.8851
104511,4.1035
104512,4.57196
104513,3.33978
104514,3.9853
104515,3.79505
104516,3.12137
104517,2.81742
104518,3.27474
104519,3.32414
104520,3.67233
104521,4.2618
104522,3.88233
104523,3.7627
104524,2.58274
104525,4.43239
104526,2.90216
104527,4.00299
104528,2.7204
104529,4.68252
104530,4.79921
104531,2.53143
104532,3.32087
104533,1.48484
104534,1.0
104535,4.1752
104536,2.87928
104537,2.6348
104538,3.51837
104539,1.10083
104540,1.44163
104541,2.75381
104542,3.5667
104543,1.91423
104544,2.76799
104545,1.14522
104546,4.15008
104547,2.85109
104548,2.25595
104549,1.26662
104550,4.45016
104551,3.92665
104552,2.91722
104553,4.49319
104554,4.80916
104555,3.7824
104556,4.50017
104557,3.65199
104558,3.14374
104559,4.46782
104560,4.74285
104561,3.39358
104562,4.57721
104563,3.42996
104564,4.13742
104565,4.20262
104566,3.97203
104567,3.89275
104568,4.04971
104569,5.0
104570,4.50356
104571,4.52272
104572,5.0
104573,5.0
104574,4.38313
104575,4.59128
104576,3.71643
104577,4.67727
104578,4.9521
104579,3.84831
104580,4.3954
104581,4.56656
104582,3.87713
104583,4.57569
104584,5.0
104585,3.94889
104586,4.23512
104587,3.99918
104588,2.79028
104589,3.98467
104590,3.33479
104591,3.46149
104592,3.72991
104593,4.3219
104594,4.04248
104595,3.56076
104596,3.67125
104597,4.22916
104598,3.72371
104599,3.78851
104600,3.77566
104601,3.72696
104602,4.13532
104603,1.58188
104604,2.51456
104605,3.52449
104606,2.68085
104607,4.2425
104608,2.86189
104609,3.219
104610,3.66125
104611,2.74764
104612,2.74081
104613,4.0567
104614,3.21672
104615,2.76377
104616,2.9902
104617,4.21076
104618,3.57491
104619,3.82047
104620,3.22783
104621,3.48409
104622,3.61267
104623,2.96604
104624,3.97388
104625,3.8975
104626,3.60559
104627,3.58399
104628,3.15655
104629,3.62277
104630,3.73204
104631,3.27556
104632,3.10045
104633,3.81843
104634,3.98614
104635,2.40745
104636,2.08767
104637,4.03586
104638,4.03218
104639,2.67693
104640,3.75176
104641,4.2772
104642,2.71546
104643,3.79482
104644,4.5826
104645,4.01694
104646,3.80161
104647,4.11416
104648,4.30974
104649,4.00514
104650,3.72482
104651,4.29688
104652,3.73529
104653,4.06395
104654,3.55177
104655,3.407
104656,3.23345
104657,3.61829
104658,2.99506
104659,2.77401
104660,2.28594
104661,4.3738
104662,3.48717
104663,4.12592
104664,3.74382
104665,3.65724
104666,2.3181
104667,3.99876
104668,3.43595
104669,3.64035
104670,3.50331
104671,4.91771
104672,2.77144
104673,5.0
104674,3.63816
104675,3.80338
104676,4.63816
104677,4.24573
104678,4.20794
104679,3.43117
104680,3.98635
104681,3.50451
104682,3.42403
104683,4.35176
104684,3.7565
104685,3.82156
104686,2.93471
104687,4.40156
104688,3.4717
104689,4.33478
104690,4.01696
104691,3.71913
104692,3.43706
104693,3.61847
104694,3.88624
104695,4.60042
104696,4.839
104697,3.72124
104698,3.64122
104699,3.21456
104700,2.5924
104701,3.96655
104702,3.54295
104703,4.1841
104704,4.14339
104705,4.25349
104706,3.67116
104707,3.56503
104708,3.97647
104709,3.68959
104710,4.02875
104711,3.53748
104712,3.40792
104713,4.17303
104714,3.66655
104715,3.853
104716,2.95735
104717,5.0
104718,2.2796
104719,3.83988
104720,3.70196
104721,4.87208
104722,4.32797
104723,4.90572
104724,3.23896
104725,4.05486
104726,4.7777
104727,4.00417
104728,2.60845
104729,3.91856
104730,2.95012
104731,2.98077
104732,4.46366
104733,1.22094
104734,2.96929
104735,3.07323
104736,4.15364
104737,4.39165
104738,3.83568
104739,3.45664
104740,1.66196
104741,3.29513
104742,4.23294
104743,2.16548
104744,3.44818
104745,3.80568
104746,3.18077
104747,2.71443
104748,3.38008
104749,3.07476
104750,3.48864
104751,2.31763
104752,3.707
104753,3.55728
104754,2.52498
104755,3.89102
104756,1.17693
104757,3.84991
104758,2.40847
104759,3.01445
104760,3.36403
104761,3.47473
104762,2.48032
104763,2.20021
104764,2.54042
104765,3.30077
104766,3.85601
104767,4.33288
104768,2.48389
104769,2.05653
104770,3.27532
104771,2.24792
104772,2.06965
104773,3.36153
104774,3.95592
104775,3.88638
104776,4.09419
104777,3.79133
104778,4.01335
104779,3.90822
104780,3.06291
104781,2.51395
104782,4.21608
104783,3.70332
104784,1.18151
104785,3.81376
104786,1.74272
104787,4.01946
104788,3.73148
104789,3.16044
104790,3.58598
104791,3.43021
104792,3.79389
104793,3.85663
104794,3.08934
104795,3.95186
104796,3.35848
104797,4.55316
104798,3.46676
104799,2.76369
104800,3.94263
104801,2.99089
104802,3.81686
104803,3.55626
104804,4.39369
104805,4.30962
104806,3.34312
104807,3.9217
104808,2.29454
104809,3.00831
104810,2.61112
104811,2.13167
104812,4.37333
104813,2.55513
104814,2.73419
104815,4.00764
104816,3.55242
104817,3.37422
104818,2.23406
104819,3.00362
104820,4.6502
104821,3.97999
104822,3.58936
104823,3.6145
104824,2.29723
104825,4.22741
104826,4.64566
104827,3.18339
104828,4.83087
104829,4.23662
104830,4.37094
104831,4.57273
104832,4.13048
104833,4.2651
104834,4.6352
104835,3.5697
104836,4.43471
104837,1.91054
104838,1.80367
104839,4.34024
104840,4.18191
104841,4.2101
104842,1.96385
104843,2.98219
104844,3.15527
104845,3.76474
104846,3.33546
104847,1.50527
104848,2.91319
104849,3.45874
104850,2.8798
104851,5.0
104852,4.92429
104853,4.26302
104854,5.0
104855,3.11217
104856,2.32868
104857,3.23201
104858,4.25479
104859,3.21494
104860,3.30162
104861,3.15622
104862,3.73563
104863,3.29356
104864,3.6204
104865,3.38978
104866,3.16869
104867,3.1042
104868,3.69629
104869,3.13406
104870,3.31366
104871,3.00455
104872,3.5663
104873,3.01023
104874,3.52474
104875,3.20598
104876,3.47434
104877,3.44024
104878,3.29065
104879,3.07504
104880,2.7833
104881,3.00442
104882,2.90555
104883,3.30813
104884,3.15312
104885,3.53134
104886,3.8612
104887,2.87421
104888,3.71089
104889,3.21331
104890,3.461
104891,2.97379
104892,3.43371
104893,4.5443
104894,4.04361
104895,4.47258
104896,3.10365
104897,3.30399
104898,3.46118
104899,2.15743
104900,3.31995
104901,3.49213
104902,3.11622
104903,3.70925
104904,2.65117
104905,3.76292
104906,3.94974
104907,3.94577
104908,3.28521
104909,4.34397
104910,1.68841
104911,3.81776
104912,3.26998
104913,4.09505
104914,3.94638
104915,3.26137
104916,3.71399
104917,3.30268
104918,3.38885
104919,3.04003
104920,3.56903
104921,2.99275
104922,2.79141
104923,2.36489
104924,2.89549
104925,2.73419
104926,2.96119
104927,3.10026
104928,2.56554
104929,2.54455
104930,2.65698
104931,1.54197
104932,3.30062
104933,1.80612
104934,3.36231
104935,3.21989
104936,2.02374
104937,4.37367
104938,3.50898
104939,2.25166
104940,3.27543
104941,3.01238
104942,2.99793
104943,3.03592
104944,3.27128
104945,2.24757
104946,2.80829
104947,3.46823
104948,1.92224
104949,1.44508
104950,2.77229
104951,2.14124
104952,1.51429
104953,2.60993
104954,1.7434
104955,2.29229
104956,1.80465
104957,3.64925
104958,2.68398
104959,2.46743
104960,2.15742
104961,2.86925
104962,2.92904
104963,1.68644
104964,1.05444
104965,2.66629
104966,2.49409
104967,3.10332
104968,2.29618
104969,1.56477
104970,2.06118
104971,2.46686
104972,2.61506
104973,2.64215
104974,3.02575
104975,2.93862
104976,2.66982
104977,2.66134
104978,3.58519
104979,3.36377
104980,2.91716
104981,3.15125
104982,2.13102
104983,3.71597
104984,2.58068
104985,3.09542
104986,3.18615
104987,2.90749
104988,3.76241
104989,1.16855
104990,1.316
104991,1.94112
104992,1.70024
104993,3.69688
104994,3.09429
104995,2.21884
104996,2.47188
104997,2.11888
104998,3.81777
104999,3.40472
105000,5.0
105001,4.94182
105002,4.66463
105003,4.2331
105004,2.91108
105005,4.42193
105006,4.18531
105007,3.01239
105008,4.6077
105009,4.4058
105010,5.0
105011,3.99779
105012,2.73071
105013,4.1543
105014,3.3491
105015,4.40072
105016,2.26022
105017,3.30613
105018,4.49165
105019,4.22128
105020,2.94815
105021,3.40074
105022,2.72308
105023,4.75204
105024,4.57613
105025,3.56274
105026,2.85139
105027,3.5331
105028,4.1458
105029,2.76862
105030,4.4022
105031,3.91294
105032,3.77843
105033,3.39694
105034,2.4869
105035,2.97069
105036,4.37425
105037,4.47864
105038,2.10618
105039,3.42326
105040,4.36271
105041,1.34743
105042,2.95547
105043,3.44259
105044,4.24194
105045,4.31583
105046,4.16719
105047,4.08682
105048,3.96356
105049,4.77993
105050,3.75863
105051,1.25876
105052,3.27416
105053,4.855
105054,4.42339
105055,3.57776
105056,4.17881
105057,2.46088
105058,4.20176
105059,3.97875
105060,4.02287
105061,2.74383
105062,4.77075
105063,3.46737
105064,3.13951
105065,4.45608
105066,3.95551
105067,3.61007
105068,4.52364
105069,4.91498
105070,5.0
105071,4.2317
105072,3.62398
105073,2.94264
105074,3.12498
105075,4.17023
105076,3.07618
105077,3.82301
105078,3.86925
105079,2.5267
105080,3.77356
105081,2.38253
105082,2.79266
105083,3.29233
105084,3.78355
105085,2.95389
105086,2.79886
105087,3.99882
105088,3.63876
105089,3.66188
105090,3.30929
105091,3.64781
105092,3.63642
105093,3.46669
105094,2.99153
105095,4.01881
105096,4.31217
105097,2.83287
105098,2.63612
105099,3.89149
105100,3.25441
105101,1.62422
105102,1.38138
105103,1.28273
105104,1.21306
105105,4.03787
105106,1.82535
105107,1.14935
105108,1.0
105109,3.05282
105110,2.73833
105111,3.37185
105112,2.99579
105113,2.50954
105114,2.1735
105115,3.06707
105116,4.56091
105117,4.5929
105118,4.18258
105119,4.66026
105120,4.36852
105121,4.42731
105122,4.25354
105123,4.5998
105124,4.44384
105125,4.28835
105126,3.76757
105127,2.98097
105128,4.07758
105129,3.09351
105130,1.15904
105131,3.10748
105132,3.14575
105133,3.00742
105134,3.41092
105135,2.25428
105136,3.19832
105137,3.359
105138,3.50742
105139,4.90794
105140,3.9088
105141,4.68382
105142,2.6022
105143,3.03198
105144,3.68912
105145,2.17722
105146,3.78568
105147,3.27888
105148,3.84011
105149,4.60051
105150,3.79124
105151,3.92149
105152,3.75837
105153,3.64709
105154,2.60818
105155,1.38926
105156,4.27052
105157,3.95667
105158,3.85725
105159,4.52301
105160,3.69397
105161,2.76479
105162,3.44236
105163,3.41752
105164,4.07953
105165,2.10452
105166,4.13372
105167,3.86597
105168,3.88786
105169,3.69855
105170,3.61943
105171,2.83843
105172,3.88151
105173,4.1842
105174,3.44784
105175,3.0632
105176,4.12898
105177,4.28797
105178,2.43238
105179,3.72923
105180,4.00368
105181,3.35402
105182,4.16963
105183,4.4537
105184,3.56886
105185,4.52196
105186,3.347
105187,4.25577
105188,4.22583
105189,4.1137
105190,4.62057
105191,2.89696
105192,4.39026
105193,1.81964
105194,3.73797
105195,3.06197
105196,4.28781
105197,3.72035
105198,3.93125
105199,2.66158
105200,4.23103
105201,3.5813
105202,3.67461
105203,3.75129
105204,4.50049
105205,2.71083
105206,4.89982
105207,4.42446
105208,5.0
105209,3.31947
105210,3.99252
105211,2.67116
105212,3.90664
105213,3.78916
105214,4.71182
105215,3.08809
105216,3.51782
105217,3.80366
105218,3.3597
105219,4.3903
105220,3.05048
105221,4.73183
105222,3.50035
105223,2.86332
105224,4.23283
105225,5.0
105226,3.91222
105227,4.32698
105228,3.37127
105229,4.13071
105230,4.21539
105231,4.26925
105232,4.07026
105233,3.6641
105234,4.24538
105235,3.68691
105236,3.43816
105237,4.61739
105238,3.0669
105239,3.21768
105240,4.06477
105241,4.19018
105242,4.13885
105243,3.761
105244,4.55481
105245,3.47939
105246,4.61333
105247,4.47512
105248,3.32513
105249,4.12168
105250,4.63936
105251,4.02289
105252,2.16952
105253,3.21884
105254,2.94339
105255,1.12267
105256,4.11959
105257,3.74949
105258,3.99463
105259,4.18232
105260,2.33202
105261,3.86998
105262,4.25265
105263,4.28007
105264,4.17134
105265,4.23538
105266,3.51855
105267,4.57849
105268,4.31382
105269,4.53567
105270,4.91702
105271,4.57707
105272,4.08202
105273,4.0397
105274,4.6035
105275,4.03679
105276,3.68712
105277,3.18267
105278,4.25473
105279,4.20404
105280,4.32672
105281,3.98434
105282,3.68045
105283,4.20747
105284,5.0
105285,4.30291
105286,3.97644
105287,4.91876
105288,4.55037
105289,4.78346
105290,4.67223
105291,3.56902
105292,3.44918
105293,3.96239
105294,3.5359
105295,4.12127
105296,3.11063
105297,4.05248
105298,4.2303
105299,4.56193
105300,4.3454
105301,3.58814
105302,3.71866
105303,4.16916
105304,4.09087
105305,3.65042
105306,4.84451
105307,3.17739
105308,3.74495
105309,3.80736
105310,4.38403
105311,3.68886
105312,3.44876
105313,2.7381
105314,3.7236
105315,2.04189
105316,2.97299
105317,3.05293
105318,1.85476
105319,3.84077
105320,3.22453
105321,2.29282
105322,3.29917
105323,2.72848
105324,4.7381
105325,3.44843
105326,2.0339
105327,3.21662
105328,3.4307
105329,2.4753
105330,4.24091
105331,4.18549
105332,2.49575
105333,3.69107
105334,5.0
105335,3.10103
105336,4.79057
105337,3.51418
105338,4.42621
105339,4.7075
105340,1.9237
105341,3.33571
105342,4.58907
105343,4.16342
105344,4.9908
105345,3.12124
105346,3.14512
105347,3.33319
105348,3.85052
105349,4.00333
105350,3.5123
105351,3.21916
105352,4.22079
105353,2.83818
105354,3.65831
105355,2.97377
105356,3.82372
105357,4.14611
105358,3.40587
105359,4.25126
105360,3.93087
105361,3.14767
105362,3.97143
105363,4.32875
105364,3.71567
105365,3.88657
105366,3.79258
105367,3.29979
105368,3.24483
105369,3.37933
105370,4.97134
105371,3.68972
105372,3.33063
105373,4.50022
105374,3.45445
105375,4.58888
105376,3.39619
105377,3.69371
105378,2.4806
105379,3.72568
105380,3.26984
105381,3.19621
105382,3.64457
105383,2.93542
105384,2.54485
105385,3.80786
105386,3.98481
105387,3.17766
105388,3.17422
105389,3.40201
105390,4.4206
105391,3.82784
105392,3.3408
105393,2.9188
105394,2.61181
105395,3.42006
105396,3.27465
105397,3.00193
105398,3.69326
105399,3.17747
105400,2.56848
105401,3.24979
105402,3.24829
105403,3.60874
105404,4.16226
105405,3.2646
105406,3.20067
105407,3.30459
105408,2.9069
105409,3.69257
105410,2.68866
105411,4.27008
105412,3.11589
105413,4.19964
105414,3.76407
105415,4.15168
105416,3.05119
105417,4.35113
105418,3.75859
105419,5.0
105420,3.02828
105421,2.76541
105422,2.45399
105423,3.46528
105424,3.35812
105425,4.63362
105426,3.97441
105427,3.41072
105428,3.96238
105429,3.81572
105430,4.67561
105431,3.79702
105432,2.53143
105433,3.37514
105434,3.45492
105435,3.19622
105436,3.976
105437,4.26562
105438,3.31789
105439,3.99121
105440,3.0648
105441,4.22124
105442,4.19669
105443,3.54868
105444,3.54392
105445,3.05354
105446,3.42332
105447,4.27004
105448,2.89232
105449,2.74258
105450,3.39139
105451,4.36323
105452,3.55186
105453,3.55813
105454,4.4323
105455,3.16214
105456,3.88257
105457,3.8616
105458,2.85498
105459,2.61124
105460,3.57904
105461,2.42845
105462,3.54841
105463,2.50576
105464,4.0242
105465,3.62231
105466,3.16582
105467,2.92198
105468,3.7343
105469,3.51304
105470,3.30014
105471,3.34129
105472,4.41464
105473,4.23399
105474,3.93614
105475,3.05542
105476,3.85507
105477,3.42008
105478,3.12993
105479,3.67993
105480,2.62434
105481,3.23552
105482,3.39363
105483,3.11158
105484,4.33827
105485,4.00962
105486,3.33768
105487,4.09321
105488,3.58828
105489,3.08811
105490,4.28531
105491,4.27334
105492,4.53097
105493,1.0
105494,1.48703
105495,3.96375
105496,3.40497
105497,3.3602
105498,3.50912
105499,3.48049
105500,3.78172
105501,4.02253
105502,3.1975
105503,3.66154
105504,3.92284
105505,5.0
105506,3.72246
105507,4.36029
105508,4.91893
105509,3.58066
105510,3.45198
105511,4.16716
105512,3.59738
105513,3.20325
105514,3.85185
105515,2.74913
105516,3.63918
105517,3.36542
105518,2.82651
105519,2.56266
105520,3.24526
105521,2.05155
105522,2.65564
105523,2.64506
105524,2.96588
105525,4.1597
105526,2.86462
105527,2.97353
105528,4.5523
105529,2.97567
105530,2.79591
105531,3.27142
105532,2.94064
105533,3.51687
105534,3.12628
105535,3.43
105536,3.46136
105537,4.43665
105538,4.49514
105539,4.34524
105540,4.2401
105541,4.7024
105542,3.49235
105543,4.69389
105544,3.97354
105545,4.69111
105546,4.43332
105547,4.08122
105548,4.559
105549,4.6531
105550,3.86686
105551,4.13616
105552,4.75437
105553,4.03782
105554,3.47938
105555,4.2594
105556,3.67725
105557,3.36999
105558,4.11575
105559,2.84032
105560,4.03422
105561,4.08293
105562,4.38884
105563,3.72911
105564,4.45701
105565,4.32041
105566,2.74106
105567,4.24844
105568,2.88391
105569,4.35364
105570,4.69533
105571,3.2392
105572,3.97534
105573,3.97221
105574,3.70014
105575,3.88965
105576,3.95646
105577,3.89862
105578,4.24881
105579,3.41335
105580,3.87011
105581,3.44495
105582,4.18595
105583,4.24009
105584,2.87245
105585,5.0
105586,4.42308
105587,4.22538
105588,4.76997
105589,4.36106
105590,4.48863
105591,5.0
105592,4.92724
105593,4.88436
105594,3.84898
105595,3.73185
105596,4.04444
105597,3.75853
105598,2.96124
105599,2.87712
105600,2.53344
105601,3.58984
105602,2.29707
105603,3.7481
105604,3.58479
105605,2.67997
105606,3.43387
105607,5.0
105608,2.2422
105609,2.29348
105610,3.30308
105611,4.36303
105612,4.32139
105613,3.00985
105614,3.38736
105615,3.73782
105616,4.32713
105617,4.44041
105618,4.36069
105619,3.35488
105620,4.5789
105621,5.0
105622,4.37906
105623,4.37828
105624,5.0
105625,4.85723
105626,3.58851
105627,4.76661
105628,4.91319
105629,4.60247
105630,4.40892
105631,4.33558
105632,4.49442
105633,4.91348
105634,4.68902
105635,4.17875
105636,4.70033
105637,3.45628
105638,3.3624
105639,4.78661
105640,4.75564
105641,4.36465
105642,3.74834
105643,4.68728
105644,4.9106
105645,4.62977
105646,3.725
105647,3.96993
105648,3.96546
105649,3.9604
105650,4.95063
105651,5.0
105652,4.35719
105653,3.94497
105654,3.95054
105655,2.15586
105656,3.88101
105657,3.84445
105658,3.84019
105659,4.65316
105660,4.27115
105661,3.95736
105662,3.73335
105663,3.71697
105664,3.5608
105665,4.62198
105666,3.26462
105667,3.83296
105668,2.94214
105669,2.90104
105670,4.02166
105671,4.20086
105672,4.138
105673,3.68024
105674,4.14122
105675,3.70465
105676,4.31807
105677,3.33295
105678,3.99009
105679,2.91436
105680,4.4396
105681,4.7086
105682,3.40006
105683,5.0
105684,4.99652
105685,4.24666
105686,4.43394
105687,2.30048
105688,3.53945
105689,3.79476
105690,2.96095
105691,1.79947
105692,4.11443
105693,3.61382
105694,4.05233
105695,4.18247
105696,3.54546
105697,3.46196
105698,4.14958
105699,3.30049
105700,4.38959
105701,3.65843
105702,4.41417
105703,3.85692
105704,4.3541
105705,4.75032
105706,3.80013
105707,4.02712
105708,3.78539
105709,3.01932
105710,3.39136
105711,3.34859
105712,4.42529
105713,3.7844
105714,4.29169
105715,4.37763
105716,4.05892
105717,4.13455
105718,3.56667
105719,3.61902
105720,3.54043
105721,4.22326
105722,3.8979
105723,4.95622
105724,3.52575
105725,4.63745
105726,3.0738
105727,4.91499
105728,3.67838
105729,2.01723
105730,2.61416
105731,3.39398
105732,3.5547
105733,3.38373
105734,4.30013
105735,3.53885
105736,3.85018
105737,4.55066
105738,3.36986
105739,3.45327
105740,3.1015
105741,2.4019
105742,2.92192
105743,4.1315
105744,2.92844
105745,3.18274
105746,2.50788
105747,3.37784
105748,1.79704
105749,2.0247
105750,3.73409
105751,3.89076
105752,3.92476
105753,4.61536
105754,3.15699
105755,3.99675
105756,3.76906
105757,2.48081
105758,3.42268
105759,4.18594
105760,2.96571
105761,3.20424
105762,3.43374
105763,3.58504
105764,4.20923
105765,4.24326
105766,2.49287
105767,5.0
105768,5.0
105769,2.92719
105770,4.56175
105771,1.0
105772,3.33146
105773,2.95348
105774,4.2317
105775,3.38652
105776,3.07854
105777,4.1915
105778,2.48948
105779,3.6064
105780,2.85907
105781,3.74674
105782,4.05816
105783,3.48318
105784,2.59187
105785,3.05626
105786,4.07947
105787,3.16062
105788,2.42385
105789,4.01848
105790,1.72188
105791,2.6727
105792,2.62389
105793,3.41463
105794,4.00253
105795,2.46184
105796,4.06127
105797,3.1418
105798,1.0
105799,4.53752
105800,2.74875
105801,3.85115
105802,3.71715
105803,2.84605
105804,4.22757
105805,3.69581
105806,2.82575
105807,3.58951
105808,3.91109
105809,3.66163
105810,4.46589
105811,3.38438
105812,3.3044
105813,2.8324
105814,3.95615
105815,3.47077
105816,2.91623
105817,4.25994
105818,4.05473
105819,2.93724
105820,3.55822
105821,2.74242
105822,3.31099
105823,3.48817
105824,4.4996
105825,3.51332
105826,3.87377
105827,3.83203
105828,3.52783
105829,4.34529
105830,3.55807
105831,3.75315
105832,3.94757
105833,1.56425
105834,2.97767
105835,2.93308
105836,3.35982
105837,3.95431
105838,3.2892
105839,3.49244
105840,4.87565
105841,3.94136
105842,4.09868
105843,3.41649
105844,4.52319
105845,1.98902
105846,3.17728
105847,3.33238
105848,3.911
105849,1.73221
105850,3.66747
105851,4.25294
105852,3.30547
105853,3.08285
105854,3.54959
105855,3.6799
105856,1.31043
105857,4.34916
105858,2.89328
105859,3.86632
105860,2.17309
105861,2.76109
105862,3.73298
105863,2.87033
105864,4.23295
105865,4.55199
105866,3.35454
105867,3.77716
105868,3.7468
105869,4.35921
105870,4.31287
105871,4.2333
105872,2.4194
105873,3.48086
105874,2.81863
105875,3.65776
105876,3.14937
105877,2.90893
105878,3.58046
105879,3.14314
105880,3.89768
105881,3.49408
105882,3.1697
105883,4.60839
105884,4.12494
105885,3.93863
105886,4.5798
105887,4.27142
105888,4.69778
105889,3.6009
105890,3.68369
105891,4.12543
105892,3.58803
105893,4.52008
105894,2.14983
105895,3.41803
105896,4.04127
105897,3.82711
105898,4.40409
105899,3.89614
105900,4.78469
105901,4.08168
105902,3.95262
105903,4.14802
105904,4.94957
105905,4.28419
105906,3.79174
105907,4.3926
105908,2.74154
105909,5.0
105910,4.32427
105911,3.95554
105912,1.93804
105913,4.11233
105914,4.141
105915,4.08589
105916,3.05556
105917,3.60644
105918,4.06056
105919,3.34559
105920,3.5675
105921,4.42786
105922,3.51054
105923,2.784
105924,3.70695
105925,4.24251
105926,4.07772
105927,4.0603
105928,4.18499
105929,2.94625
105930,3.63849
105931,3.79877
105932,3.28789
105933,3.59535
105934,3.56016
105935,4.02951
105936,3.94509
105937,3.53173
105938,3.34871
105939,2.39992
105940,3.16742
105941,4.17048
105942,3.29569
105943,4.98972
105944,3.94003
105945,3.71144
105946,4.33017
105947,4.41001
105948,2.6675
105949,3.11084
105950,4.11364
105951,4.02541
105952,4.64984
105953,2.5524
105954,4.11766
105955,4.23496
105956,4.28679
105957,4.80545
105958,4.2401
105959,4.74423
105960,3.33707
105961,4.88489
105962,3.06341
105963,4.46655
105964,2.98809
105965,3.2582
105966,2.83337
105967,3.723
105968,3.48909
105969,4.50463
105970,4.22812
105971,3.77302
105972,3.84035
105973,4.77022
105974,4.41117
105975,3.60725
105976,2.82784
105977,4.40664
105978,3.17024
105979,4.23869
105980,4.19549
105981,2.37718
105982,4.37583
105983,3.6274
105984,3.18402
105985,4.15962
105986,3.5199
105987,4.00748
105988,2.82001
105989,3.45932
105990,3.81647
105991,3.56832
105992,4.36529
105993,4.04836
105994,3.54378
105995,4.02878
105996,4.03623
105997,2.89369
105998,4.15295
105999,3.97962
106000,3.73926
106001,3.25694
106002,3.1447
106003,3.0588
106004,2.63191
106005,3.97218
106006,3.72471
106007,4.40522
106008,4.91419
106009,4.38651
106010,4.10224
106011,4.84862
106012,5.0
106013,3.84008
106014,3.15848
106015,4.63513
106016,4.62953
106017,4.28289
106018,4.26814
106019,3.83496
106020,3.29616
106021,4.31034
106022,3.86943
106023,3.982
106024,4.97228
106025,4.51528
106026,3.76774
106027,4.06729
106028,4.87783
106029,3.36624
106030,4.1709
106031,3.61158
106032,3.37764
106033,5.0
106034,3.28695
106035,4.18015
106036,4.0392
106037,3.90839
106038,3.6044
106039,4.73152
106040,3.89663
106041,4.57995
106042,3.76547
106043,3.82717
106044,4.91768
106045,3.58775
106046,3.81852
106047,3.56777
106048,3.81657
106049,4.87437
106050,4.20872
106051,4.27333
106052,4.31288
106053,3.97205
106054,3.70168
106055,3.67367
106056,4.10083
106057,3.56638
106058,4.6555
106059,3.8703
106060,4.00591
106061,3.25657
106062,3.80773
106063,2.23025
106064,3.1554
106065,4.35338
106066,3.32688
106067,3.65473
106068,4.06164
106069,3.06348
106070,2.38581
106071,3.8288
106072,3.33119
106073,3.2159
106074,4.04061
106075,3.51428
106076,3.18723
106077,3.3511
106078,3.33762
106079,3.81299
106080,3.42798
106081,4.19257
106082,3.07752
106083,3.89971
106084,2.25997
106085,3.11936
106086,3.03985
106087,2.23581
106088,3.59362
106089,2.34873
106090,3.59758
106091,2.02884
106092,3.50783
106093,3.41712
106094,2.58038
106095,2.14343
106096,2.0441
106097,2.26302
106098,2.88528
106099,3.59548
106100,3.5228
106101,2.63155
106102,3.22617
106103,3.51318
106104,3.66611
106105,4.01403
106106,3.36345
106107,3.03925
106108,3.27494
106109,3.59987
106110,3.44469
106111,3.08661
106112,3.91195
106113,3.47375
106114,2.70165
106115,4.03035
106116,3.4004
106117,2.5084
106118,3.52699
106119,4.13679
106120,3.49387
106121,3.26093
106122,2.41545
106123,4.47897
106124,3.24772
106125,4.20923
106126,4.54597
106127,4.62902
106128,4.54591
106129,4.79127
106130,4.38454
106131,5.0
106132,4.56462
106133,4.73134
106134,4.85184
106135,4.31384
106136,4.09375
106137,4.09772
106138,4.35282
106139,4.31803
106140,4.48836
106141,4.74518
106142,4.1372
106143,4.36106
106144,4.35855
106145,4.52439
106146,3.88879
106147,4.61401
106148,4.89169
106149,3.73249
106150,4.18151
106151,3.8594
106152,4.38655
106153,4.87188
106154,4.00325
106155,4.29416
106156,4.65013
106157,4.63176
106158,4.63547
106159,4.72446
106160,3.59472
106161,4.49618
106162,4.6268
106163,5.0
106164,4.2966
106165,4.72443
106166,4.23766
106167,4.83837
106168,4.69196
106169,5.0
106170,5.0
106171,4.29395
106172,4.23327
106173,4.73886
106174,4.78189
106175,4.50964
106176,4.70864
106177,4.29224
106178,4.47361
106179,4.28278
106180,4.69306
106181,4.74192
106182,1.7123
106183,3.58211
106184,3.22605
106185,3.39883
106186,3.79941
106187,3.45517
106188,4.43359
106189,3.65238
106190,3.60632
106191,3.99876
106192,3.99606
106193,4.53078
106194,4.53233
106195,4.35416
106196,3.96578
106197,2.47285
106198,3.97009
106199,3.46445
106200,3.63818
106201,3.70913
106202,3.93947
106203,4.53465
106204,3.93751
106205,3.84693
106206,3.42604
106207,3.65989
106208,3.23234
106209,3.52791
106210,3.20239
106211,4.07737
106212,4.30665
106213,4.28583
106214,3.76259
106215,3.58078
106216,4.60304
106217,4.40086
106218,4.42189
106219,4.94958
106220,3.93772
106221,3.99795
106222,3.60691
106223,3.40959
106224,3.38386
106225,4.46704
106226,4.5883
106227,4.0017
106228,3.41631
106229,4.4328
106230,4.7197
106231,1.51332
106232,3.84041
106233,3.71254
106234,2.59845
106235,4.48742
106236,4.12286
106237,4.74723
106238,4.35881
106239,4.55047
106240,4.92945
106241,4.1833
106242,4.14118
106243,4.14758
106244,4.70413
106245,4.23887
106246,3.37875
106247,2.61741
106248,2.66522
106249,1.90302
106250,3.71697
106251,2.44677
106252,1.70404
106253,2.79098
106254,3.85201
106255,2.37276
106256,2.26795
106257,3.1692
106258,2.42947
106259,4.48921
106260,2.51241
106261,4.85115
106262,4.66864
106263,4.68379
106264,4.43421
106265,4.02697
106266,2.69602
106267,4.45412
106268,3.78646
106269,2.90487
106270,3.8291
106271,5.0
106272,3.74494
106273,3.05237
106274,4.42258
106275,4.99329
106276,3.02549
106277,3.20474
106278,4.04517
106279,2.65482
106280,3.19078
106281,2.7219
106282,3.91554
106283,3.3199
106284,4.08937
106285,3.49298
106286,4.1803
106287,3.12454
106288,3.47548
106289,3.57525
106290,2.51424
106291,4.30681
106292,3.22708
106293,2.23242
106294,3.75218
106295,4.96878
106296,3.30852
106297,4.60765
106298,4.74771
106299,5.0
106300,2.3938
106301,3.1086
106302,3.1769
106303,3.34254
106304,4.81155
106305,2.43011
106306,3.27239
106307,4.53177
106308,4.82549
106309,2.15655
106310,2.86628
106311,3.7929
106312,4.0166
106313,2.74719
106314,3.28575
106315,3.30641
106316,3.37209
106317,3.7766
106318,3.41475
106319,4.06263
106320,2.43222
106321,4.57438
106322,3.75852
106323,3.38841
106324,4.43416
106325,2.93606
106326,4.85892
106327,3.47495
106328,3.8797
106329,3.43754
106330,3.18914
106331,3.63208
106332,3.0401
106333,3.29628
106334,4.73645
106335,3.74446
106336,4.30912
106337,4.16499
106338,4.45085
106339,4.53346
106340,4.24029
106341,2.60185
106342,3.22161
106343,4.55946
106344,4.13719
106345,4.19491
106346,3.51177
106347,4.76757
106348,4.04186
106349,4.43372
106350,3.21534
106351,3.26939
106352,4.2794
106353,4.27848
106354,3.35789
106355,4.01735
106356,2.36297
106357,3.93198
106358,4.35424
106359,4.02941
106360,4.45297
106361,3.72583
106362,3.21241
106363,2.59891
106364,4.57432
106365,3.56574
106366,2.07902
106367,4.91871
106368,4.9897
106369,4.37099
106370,3.47949
106371,3.56736
106372,4.53196
106373,3.46744
106374,4.76094
106375,4.46897
106376,4.5844
106377,3.12975
106378,3.66636
106379,2.74407
106380,4.28916
106381,4.09325
106382,3.74851
106383,3.27919
106384,3.97513
106385,3.38634
106386,3.82627
106387,4.38347
106388,3.96209
106389,3.37764
106390,3.49662
106391,4.18618
106392,3.31349
106393,3.65885
106394,3.19586
106395,3.21067
106396,3.75933
106397,4.17947
106398,3.66455
106399,3.89098
106400,3.40341
106401,3.86683
106402,2.80294
106403,4.26157
106404,4.17656
106405,3.56685
106406,4.03143
106407,2.00677
106408,3.89261
106409,3.43352
106410,4.25385
106411,4.11503
106412,4.07583
106413,4.04707
106414,3.57001
106415,3.61856
106416,3.33834
106417,3.16802
106418,3.65257
106419,3.95256
106420,3.77617
106421,4.55264
106422,3.18343
106423,4.42562
106424,4.41784
106425,3.57129
106426,4.09303
106427,2.12465
106428,2.13905
106429,4.04026
106430,3.79371
106431,2.67307
106432,4.14193
106433,3.67824
106434,4.16067
106435,3.10122
106436,2.33272
106437,3.69259
106438,4.34519
106439,3.41957
106440,2.70974
106441,2.23569
106442,1.98029
106443,1.98876
106444,3.5637
106445,2.37016
106446,2.00711
106447,3.18564
106448,4.12178
106449,3.7524
106450,3.98554
106451,3.8392
106452,2.95742
106453,2.5891
106454,3.83475
106455,2.93499
106456,2.91591
106457,3.36313
106458,3.81396
106459,3.75004
106460,3.68008
106461,3.08783
106462,3.41067
106463,3.26191
106464,4.48641
106465,3.95123
106466,4.31823
106467,4.64052
106468,4.59628
106469,2.98597
106470,4.02179
106471,4.6903
106472,4.35635
106473,4.64544
106474,2.82452
106475,1.74585
106476,2.88015
106477,3.87781
106478,5.0
106479,4.08912
106480,4.14638
106481,2.5721
106482,3.17563
106483,2.92842
106484,4.18579
106485,2.76768
106486,3.26173
106487,4.25015
106488,2.88212
106489,4.11123
106490,2.48963
106491,3.35471
106492,3.51988
106493,3.8842
106494,3.90051
106495,3.41023
106496,4.35015
106497,4.74099
106498,3.8234
106499,3.4816
106500,3.25276
106501,3.39022
106502,3.66296
106503,3.48761
106504,4.04023
106505,3.43373
106506,3.45145
106507,4.29619
106508,3.74307
106509,4.18239
106510,3.64889
106511,3.62672
106512,3.31609
106513,5.0
106514,2.42626
106515,4.15278
106516,4.66285
106517,3.63126
106518,2.99502
106519,5.0
106520,3.95301
106521,4.6763
106522,4.01503
106523,3.09083
106524,3.84541
106525,3.95947
106526,3.81078
106527,3.76664
106528,2.02418
106529,2.45386
106530,2.79797
106531,2.71959
106532,2.694
106533,4.81917
106534,4.03688
106535,3.57194
106536,2.78997
106537,3.46455
106538,2.91418
106539,3.87582
106540,2.85144
106541,3.0357
106542,2.36665
106543,3.34538
106544,2.65977
106545,4.53812
106546,3.31597
106547,3.1458
106548,3.07083
106549,3.71991
106550,3.40055
106551,3.91025
106552,3.39762
106553,3.26082
106554,2.89356
106555,4.61949
106556,4.11384
106557,3.90928
106558,3.20875
106559,4.40726
106560,4.49368
106561,3.68537
106562,3.48883
106563,3.70042
106564,3.82847
106565,2.7769
106566,4.66229
106567,3.13449
106568,4.95894
106569,3.49609
106570,4.17413
106571,3.28255
106572,3.85869
106573,4.1296
106574,2.92944
106575,3.0135
106576,3.08919
106577,4.26541
106578,3.88686
106579,3.01494
106580,3.17234
106581,3.66771
106582,3.7427
106583,3.87924
106584,3.73447
106585,4.25344
106586,4.71758
106587,3.78831
106588,4.27485
106589,3.95428
106590,4.93378
106591,3.82008
106592,3.07877
106593,3.91742
106594,4.20102
106595,3.00771
106596,5.0
106597,4.97578
106598,3.71387
106599,3.68304
106600,3.9599
106601,3.28995
106602,3.8891
106603,4.72487
106604,2.99817
106605,3.13384
106606,4.5074
106607,3.05777
106608,4.60947
106609,2.16627
106610,4.995
106611,4.3414
106612,4.59085
106613,3.87263
106614,4.09525
106615,3.84118
106616,1.96893
106617,2.82208
106618,4.12593
106619,3.99954
106620,3.63656
106621,1.78058
106622,4.25839
106623,2.79474
106624,3.68727
106625,3.498
106626,4.53147
106627,4.49272
106628,3.86309
106629,3.89196
106630,4.67312
106631,4.48583
106632,2.01957
106633,3.55292
106634,4.30012
106635,3.75096
106636,3.8888
106637,2.08853
106638,3.83324
106639,3.97763
106640,3.47531
106641,4.39566
106642,3.28859
106643,4.10489
106644,4.32197
106645,4.51274
106646,4.25345
106647,3.28449
106648,3.23557
106649,2.43456
106650,5.0
106651,4.19955
106652,4.2685
106653,4.45005
106654,4.50782
106655,3.01262
106656,3.87809
106657,4.28029
106658,3.66584
106659,2.98227
106660,3.43898
106661,3.74423
106662,3.67955
106663,4.19074
106664,4.30388
106665,4.06809
106666,4.18689
106667,2.69122
106668,1.56036
106669,3.35332
106670,3.13896
106671,3.75655
106672,1.92293
106673,3.18569
106674,2.24834
106675,3.10471
106676,4.26622
106677,4.43168
106678,2.61566
106679,4.32435
106680,3.41285
106681,2.46121
106682,2.63624
106683,2.36054
106684,2.40779
106685,2.98133
106686,3.9007
106687,3.64667
106688,3.53378
106689,2.31757
106690,1.94385
106691,3.30612
106692,5.0
106693,4.85632
106694,4.25904
106695,4.52756
106696,5.0
106697,5.0
106698,4.66777
106699,5.0
106700,5.0
106701,4.03388
106702,3.0708
106703,2.33136
106704,3.23413
106705,4.23676
106706,3.21062
106707,5.0
106708,3.71058
106709,4.1281
106710,4.31748
106711,3.74116
106712,3.97504
106713,4.79324
106714,4.45436
106715,4.26134
106716,4.71188
106717,5.0
106718,3.84533
106719,4.67029
106720,4.55271
106721,3.99825
106722,4.06279
106723,4.21034
106724,4.2994
106725,4.64419
106726,4.63507
106727,4.80546
106728,4.00706
106729,4.61549
106730,4.91763
106731,4.08587
106732,5.0
106733,4.36274
106734,3.8122
106735,4.66025
106736,5.0
106737,4.99657
106738,4.74624
106739,4.92049
106740,4.3789
106741,4.3345
106742,4.9762
106743,4.26867
106744,5.0
106745,4.48169
106746,3.78218
106747,4.47921
106748,2.58037
106749,3.87387
106750,3.93545
106751,4.67905
106752,4.86975
106753,4.21991
106754,3.76665
106755,4.31659
106756,2.59655
106757,3.50267
106758,3.64219
106759,2.4442
106760,3.07167
106761,4.04938
106762,1.86635
106763,4.03281
106764,3.38619
106765,3.51228
106766,4.76337
106767,4.14812
106768,3.69143
106769,4.21404
106770,2.45021
106771,3.16183
106772,2.66838
106773,3.81481
106774,3.20884
106775,4.57289
106776,4.22189
106777,3.53686
106778,4.03476
106779,2.67403
106780,4.06562
106781,4.30416
106782,4.35991
106783,3.05089
106784,2.23282
106785,4.18247
106786,4.32411
106787,2.57928
106788,4.48589
106789,3.12416
106790,3.10684
106791,3.26456
106792,2.92359
106793,2.44254
106794,2.98031
106795,1.98607
106796,1.95181
106797,3.20077
106798,2.80268
106799,3.3306
106800,3.43112
106801,2.29938
106802,5.0
106803,2.68805
106804,2.46041
106805,3.5987
106806,1.48258
106807,1.40011
106808,2.48867
106809,2.4135
106810,1.67892
106811,5.0
106812,5.0
106813,3.78479
106814,4.11592
106815,3.59622
106816,3.42047
106817,2.76591
106818,3.63492
106819,2.70786
106820,2.44276
106821,2.46367
106822,2.60699
106823,4.57254
106824,4.39766
106825,2.42178
106826,3.97066
106827,4.25429
106828,3.90048
106829,3.69741
106830,4.37302
106831,3.23403
106832,4.77017
106833,3.52026
106834,4.49048
106835,3.07558
106836,3.05554
106837,2.31679
106838,3.94446
106839,2.46813
106840,2.43756
106841,3.78484
106842,2.24192
106843,4.007
106844,4.84917
106845,4.16907
106846,3.03669
106847,3.86923
106848,2.16544
106849,3.90015
106850,3.78804
106851,3.43102
106852,4.05254
106853,2.81125
106854,4.47678
106855,4.47932
106856,4.08773
106857,2.60076
106858,2.57841
106859,3.49281
106860,2.42273
106861,1.72549
106862,3.85718
106863,2.88329
106864,3.60806
106865,3.45617
106866,3.1197
106867,3.37673
106868,3.6512
106869,4.09725
106870,4.16408
106871,4.11254
106872,3.91358
106873,4.42157
106874,4.65843
106875,3.54952
106876,3.48716
106877,3.59497
106878,3.1856
106879,3.2777
106880,3.2795
106881,3.02491
106882,3.83921
106883,2.55015
106884,1.99766
106885,4.19453
106886,2.26438
106887,2.75501
106888,3.90727
106889,3.10443
106890,3.37433
106891,1.73942
106892,3.90653
106893,2.37026
106894,3.65153
106895,3.59214
106896,3.11389
106897,2.44074
106898,4.34076
106899,3.22992
106900,3.18921
106901,4.12122
106902,3.07828
106903,4.17872
106904,2.61103
106905,2.50376
106906,4.08365
106907,2.30806
106908,3.01679
106909,4.19907
106910,4.29261
106911,3.90912
106912,1.87695
106913,3.2577
106914,3.81735
106915,3.38807
106916,3.43168
106917,3.13961
106918,3.90218
106919,3.14111
106920,2.63157
106921,2.45811
106922,3.88957
106923,3.39072
106924,3.22259
106925,4.58442
106926,3.98118
106927,3.05406
106928,4.0491
106929,4.16863
106930,4.10243
106931,3.65598
106932,4.13168
106933,2.68212
106934,3.06
106935,3.59198
106936,4.39148
106937,3.00275
106938,1.5158
106939,1.0
106940,3.5739
106941,3.2843
106942,3.3954
106943,3.05232
106944,1.8357
106945,1.56804
106946,3.41963
106947,1.13438
106948,2.26599
106949,4.95413
106950,3.38274
106951,5.0
106952,4.77748
106953,2.96027
106954,4.65233
106955,4.50673
106956,3.41617
106957,3.37461
106958,3.29739
106959,1.61427
106960,1.0
106961,4.36332
106962,4.69028
106963,4.01618
106964,3.87659
106965,3.60042
106966,4.49378
106967,4.19529
106968,3.84663
106969,3.85493
106970,3.53425
106971,3.51138
106972,4.37209
106973,3.78403
106974,4.10695
106975,4.29593
106976,3.78983
106977,3.93681
106978,4.26911
106979,4.66208
106980,3.87475
106981,3.06149
106982,2.91518
106983,2.82863
106984,3.71092
106985,4.34979
106986,3.48279
106987,3.15941
106988,4.62494
106989,2.38766
106990,4.51161
106991,4.53986
106992,3.23975
106993,2.84044
106994,2.71187
106995,4.7032
106996,4.09739
106997,3.96252
106998,5.0
106999,3.03377
107000,4.44113
107001,3.70692
107002,3.34507
107003,4.71521
107004,4.59057
107005,4.33493
107006,4.70952
107007,2.63487
107008,3.45921
107009,2.15797
107010,4.37501
107011,3.04051
107012,3.36736
107013,4.63801
107014,3.17251
107015,4.44424
107016,4.67357
107017,2.6496
107018,4.12711
107019,4.1262
107020,3.7195
107021,3.42123
107022,2.16182
107023,2.53823
107024,3.45939
107025,3.74217
107026,2.24663
107027,2.48733
107028,2.32201
107029,4.22985
107030,3.32371
107031,4.38927
107032,3.43555
107033,3.53185
107034,3.84417
107035,3.25838
107036,4.28773
107037,3.78446
107038,3.34921
107039,4.03951
107040,4.56403
107041,2.93633
107042,1.82021
107043,1.90951
107044,3.41904
107045,1.84741
107046,1.85429
107047,3.63466
107048,3.80607
107049,2.82816
107050,4.83181
107051,4.12606
107052,3.06426
107053,3.41083
107054,4.42483
107055,4.92036
107056,3.9559
107057,4.19251
107058,4.50462
107059,3.58365
107060,4.16967
107061,3.12146
107062,4.28437
107063,3.16106
107064,4.02499
107065,4.45778
107066,4.47097
107067,4.79235
107068,3.73943
107069,4.43255
107070,3.48149
107071,2.66935
107072,4.26096
107073,4.80254
107074,3.94077
107075,3.70362
107076,4.40823
107077,2.53252
107078,4.25393
107079,3.61808
107080,3.16904
107081,3.8723
107082,3.62603
107083,3.50599
107084,4.07575
107085,3.62608
107086,3.70369
107087,4.20348
107088,4.19877
107089,3.9191
107090,3.36693
107091,3.33688
107092,3.31347
107093,4.47678
107094,5.0
107095,3.70803
107096,4.15451
107097,3.87625
107098,3.20473
107099,3.80962
107100,3.37186
107101,4.45185
107102,3.72047
107103,3.55053
107104,4.0799
107105,3.59184
107106,2.72483
107107,3.57904
107108,4.70016
107109,3.91698
107110,3.88035
107111,3.61565
107112,4.31537
107113,3.29057
107114,3.0495
107115,4.26113
107116,3.88879
107117,4.06331
107118,4.96207
107119,4.56645
107120,4.47285
107121,4.19044
107122,3.60203
107123,3.94748
107124,3.04237
107125,3.70036
107126,2.24717
107127,2.67118
107128,4.70154
107129,3.31701
107130,4.01336
107131,3.14179
107132,3.2768
107133,4.63146
107134,2.842
107135,3.53079
107136,4.14947
107137,3.43008
107138,4.28353
107139,4.84593
107140,4.03841
107141,4.1004
107142,3.39167
107143,2.4998
107144,3.98681
107145,4.11333
107146,4.04262
107147,3.99194
107148,4.66211
107149,3.43709
107150,4.3632
107151,4.33757
107152,4.32129
107153,2.60687
107154,1.87528
107155,2.81076
107156,4.34516
107157,3.51011
107158,2.36145
107159,1.87017
107160,3.42342
107161,3.43267
107162,4.02589
107163,3.75266
107164,2.8738
107165,3.55969
107166,3.84272
107167,2.73566
107168,2.71739
107169,3.39007
107170,3.86505
107171,4.09267
107172,2.87358
107173,2.64409
107174,3.53059
107175,3.7246
107176,4.10611
107177,3.78983
107178,2.44542
107179,2.90442
107180,3.74305
107181,3.7192
107182,3.69216
107183,4.09916
107184,4.4088
107185,3.87306
107186,3.03522
107187,3.97691
107188,3.50776
107189,3.59093
107190,3.28297
107191,2.39341
107192,4.2051
107193,2.3274
107194,3.7883
107195,3.5906
107196,4.1567
107197,2.43669
107198,2.9363
107199,2.91872
107200,3.56215
107201,4.22631
107202,3.40237
107203,3.63668
107204,3.43304
107205,2.74449
107206,3.0885
107207,3.01164
107208,1.89959
107209,2.97615
107210,3.20529
107211,3.18128
107212,3.2244
107213,3.74194
107214,3.36913
107215,3.01162
107216,3.74354
107217,4.04177
107218,2.19945
107219,3.11692
107220,2.79614
107221,2.13381
107222,3.55458
107223,4.34257
107224,3.1592
107225,3.60952
107226,2.42226
107227,3.26379
107228,3.53173
107229,3.88644
107230,2.04288
107231,2.9157
107232,3.13559
107233,1.52469
107234,1.96151
107235,3.78697
107236,2.17408
107237,2.06527
107238,3.00173
107239,3.07772
107240,2.42334
107241,4.16306
107242,2.62102
107243,4.11724
107244,1.85411
107245,1.92855
107246,3.1914
107247,2.92577
107248,3.66582
107249,3.91953
107250,3.00636
107251,2.16253
107252,2.84166
107253,3.67751
107254,4.09078
107255,4.2694
107256,3.20894
107257,2.97302
107258,2.79707
107259,3.67432
107260,3.59232
107261,3.96379
107262,3.44269
107263,1.67584
107264,3.87676
107265,3.60556
107266,2.73927
107267,4.03656
107268,3.85818
107269,2.69713
107270,1.72776
107271,2.9257
107272,1.95038
107273,3.49216
107274,2.58618
107275,1.25918
107276,3.82393
107277,4.60213
107278,4.31955
107279,3.69336
107280,4.28812
107281,3.59533
107282,5.0
107283,4.75182
107284,3.39179
107285,3.43581
107286,2.19796
107287,1.97742
107288,4.61895
107289,2.73578
107290,4.90771
107291,3.36473
107292,3.8785
107293,4.37382
107294,3.67918
107295,3.94174
107296,3.69321
107297,4.51146
107298,3.16179
107299,3.72456
107300,3.56333
107301,3.4232
107302,3.19273
107303,3.61743
107304,3.79751
107305,4.24058
107306,4.20028
107307,4.60966
107308,4.08976
107309,3.84609
107310,3.78888
107311,3.26766
107312,3.68078
107313,3.55601
107314,4.01107
107315,3.70387
107316,4.36233
107317,3.85657
107318,3.81528
107319,4.60461
107320,4.33172
107321,2.00415
107322,4.19607
107323,3.46118
107324,5.0
107325,5.0
107326,4.13907
107327,4.77148
107328,4.37045
107329,3.45546
107330,4.02883
107331,3.2237
107332,4.31765
107333,2.93411
107334,3.91234
107335,3.19407
107336,5.0
107337,4.02199
107338,4.76674
107339,4.24053
107340,4.6121
107341,5.0
107342,3.23193
107343,3.87877
107344,3.62103
107345,3.98161
107346,1.90425
107347,2.9274
107348,3.43651
107349,3.67366
107350,4.98174
107351,3.43043
107352,4.40919
107353,3.81657
107354,4.95613
107355,3.6809
107356,4.56375
107357,3.94622
107358,4.82848
107359,4.30776
107360,3.13372
107361,4.22532
107362,3.73096
107363,3.60608
107364,3.78382
107365,3.85907
107366,2.48901
107367,4.05532
107368,3.51972
107369,1.88738
107370,3.22906
107371,3.70768
107372,3.42199
107373,3.68754
107374,3.77477
107375,2.44619
107376,3.74222
107377,4.35028
107378,3.63409
107379,3.72734
107380,4.05102
107381,4.30619
107382,4.61332
107383,3.68961
107384,2.80216
107385,4.22144
107386,3.9195
107387,4.08873
107388,4.27534
107389,3.60578
107390,4.7393
107391,4.06162
107392,2.80739
107393,4.48546
107394,4.70923
107395,4.21958
107396,3.25502
107397,3.58906
107398,4.11215
107399,3.84604
107400,4.0891
107401,3.26529
107402,4.10022
107403,4.4668
107404,2.2961
107405,4.43209
107406,3.47056
107407,3.18946
107408,2.68274
107409,4.61932
107410,4.63783
107411,4.46084
107412,4.7605
107413,2.49177
107414,5.0
107415,4.36362
107416,3.90692
107417,4.89156
107418,4.92786
107419,4.79205
107420,4.60749
107421,4.96768
107422,4.44879
107423,2.50002
107424,3.36842
107425,4.24347
107426,3.68417
107427,4.43884
107428,3.36732
107429,2.27788
107430,4.71703
107431,2.46309
107432,5.0
107433,4.03464
107434,4.30501
107435,3.6597
107436,4.08479
107437,3.99085
107438,3.56702
107439,4.95399
107440,4.05076
107441,4.25161
107442,4.0586
107443,3.97002
107444,3.83129
107445,3.52616
107446,3.18213
107447,3.4111
107448,2.82005
107449,2.65088
107450,4.41285
107451,3.98929
107452,4.41774
107453,4.4334
107454,4.09553
107455,3.53989
107456,4.32771
107457,2.87562
107458,3.80067
107459,3.78104
107460,2.27587
107461,4.09528
107462,3.221
107463,1.66851
107464,2.50735
107465,3.58036
107466,2.21691
107467,4.01906
107468,3.25363
107469,2.79419
107470,3.27538
107471,2.36864
107472,3.89097
107473,2.73755
107474,2.93148
107475,3.51642
107476,4.53314
107477,3.52513
107478,3.25082
107479,2.9637
107480,3.19682
107481,3.13742
107482,2.75319
107483,3.75443
107484,3.96176
107485,2.6373
107486,3.10909
107487,2.90968
107488,3.43387
107489,2.64919
107490,3.9586
107491,3.36261
107492,3.59484
107493,3.18374
107494,2.31459
107495,2.98029
107496,3.2002
107497,2.95998
107498,4.19073
107499,3.15246
107500,2.47874
107501,4.10977
107502,3.42384
107503,3.5196
107504,2.78286
107505,3.39288
107506,2.53047
107507,2.75527
107508,2.31423
107509,3.50434
107510,3.14827
107511,1.98635
107512,3.0329
107513,3.41454
107514,1.13671
107515,3.56842
107516,2.87868
107517,3.89289
107518,4.12548
107519,4.19059
107520,2.54184
107521,4.03053
107522,2.79932
107523,3.22528
107524,3.08519
107525,2.66117
107526,2.89701
107527,2.69733
107528,2.69037
107529,4.60691
107530,2.8907
107531,3.83326
107532,2.64292
107533,2.25333
107534,3.98692
107535,3.3655
107536,3.69953
107537,4.14531
107538,4.05183
107539,4.44941
107540,4.02512
107541,4.07968
107542,2.58113
107543,3.04122
107544,3.1153
107545,3.6458
107546,3.14335
107547,3.84394
107548,3.71988
107549,4.48729
107550,4.26828
107551,4.21385
107552,4.17795
107553,4.75471
107554,2.8382
107555,4.37865
107556,3.88813
107557,2.90403
107558,3.62362
107559,4.58508
107560,2.57569
107561,3.0202
107562,1.9297
107563,4.22212
107564,3.14809
107565,4.73808
107566,2.97336
107567,3.51988
107568,2.24493
107569,4.05748
107570,3.60977
107571,2.3082
107572,2.44441
107573,3.9357
107574,2.86398
107575,5.0
107576,2.55867
107577,5.0
107578,3.12327
107579,4.78498
107580,3.74148
107581,3.44703
107582,4.50698
107583,3.8955
107584,4.10773
107585,3.29737
107586,4.07102
107587,3.69486
107588,3.33201
107589,2.52307
107590,4.29057
107591,3.56003
107592,3.00292
107593,3.17237
107594,2.8807
107595,3.97551
107596,2.65974
107597,3.71192
107598,4.2183
107599,3.37255
107600,3.58295
107601,2.70022
107602,2.725
107603,3.44035
107604,3.22808
107605,3.10765
107606,2.66091
107607,2.96203
107608,2.20308
107609,3.66603
107610,3.22175
107611,2.51531
107612,2.50405
107613,1.89569
107614,2.50525
107615,3.43026
107616,3.41445
107617,2.75113
107618,3.43136
107619,2.34018
107620,2.79607
107621,2.18121
107622,3.28251
107623,4.00497
107624,3.15444
107625,3.23327
107626,3.52841
107627,3.48012
107628,2.90797
107629,3.29681
107630,4.23047
107631,3.99561
107632,1.99499
107633,3.84304
107634,4.19291
107635,2.64302
107636,4.05165
107637,4.57664
107638,4.3732
107639,3.94088
107640,4.07782
107641,4.40396
107642,4.74802
107643,3.9652
107644,4.45113
107645,4.92494
107646,4.94175
107647,4.79161
107648,4.87272
107649,4.77904
107650,4.34031
107651,4.09157
107652,4.59772
107653,4.71417
107654,3.4331
107655,4.79613
107656,3.7598
107657,4.61797
107658,4.05433
107659,4.49839
107660,4.57361
107661,3.9485
107662,4.52161
107663,4.93956
107664,4.21832
107665,4.18275
107666,4.35462
107667,3.31323
107668,4.11053
107669,4.93686
107670,4.66309
107671,3.18584
107672,3.46887
107673,3.65432
107674,3.64717
107675,4.75897
107676,4.04259
107677,4.37776
107678,4.23097
107679,4.24758
107680,3.42617
107681,3.67144
107682,3.92448
107683,4.47856
107684,4.25097
107685,4.53837
107686,2.79389
107687,4.55947
107688,4.55876
107689,3.44006
107690,3.52239
107691,2.88828
107692,2.80839
107693,4.15715
107694,4.60906
107695,3.92155
107696,3.69652
107697,3.58084
107698,3.81786
107699,2.93757
107700,4.53547
107701,4.57917
107702,4.48219
107703,3.83613
107704,4.73077
107705,4.6367
107706,5.0
107707,5.0
107708,4.91281
107709,3.28669
107710,2.88777
107711,3.70182
107712,3.72074
107713,3.2285
107714,2.66857
107715,4.25321
107716,4.34826
107717,3.89098
107718,4.36128
107719,3.70325
107720,4.47554
107721,3.42377
107722,3.61929
107723,3.63776
107724,4.61139
107725,4.25339
107726,4.46085
107727,3.26662
107728,2.68038
107729,4.18557
107730,3.24463
107731,4.31438
107732,3.70836
107733,2.04737
107734,4.23853
107735,4.37126
107736,1.76019
107737,4.75597
107738,4.38196
107739,3.43287
107740,3.25006
107741,3.4263
107742,2.98383
107743,3.69356
107744,3.45886
107745,3.72896
107746,2.40964
107747,4.36792
107748,4.01504
107749,2.70717
107750,3.05111
107751,3.4704
107752,4.15337
107753,1.8201
107754,2.09934
107755,2.136
107756,2.84829
107757,3.67977
107758,3.68668
107759,4.31161
107760,2.30407
107761,2.98193
107762,4.2594
107763,2.72913
107764,4.66546
107765,4.317
107766,4.18856
107767,3.57351
107768,3.84824
107769,2.65262
107770,2.61118
107771,2.32017
107772,3.97403
107773,2.33182
107774,4.72837
107775,4.65021
107776,3.13696
107777,3.38373
107778,2.14017
107779,3.7779
107780,3.65104
107781,2.53098
107782,3.38678
107783,4.30456
107784,3.97788
107785,2.07318
107786,2.55734
107787,3.81123
107788,3.42001
107789,3.55868
107790,2.47059
107791,3.78427
107792,2.86368
107793,3.46175
107794,3.69763
107795,4.25194
107796,3.47207
107797,4.70027
107798,4.12775
107799,4.48735
107800,4.23747
107801,2.94239
107802,4.50168
107803,3.41276
107804,3.29701
107805,2.22001
107806,4.64551
107807,4.65219
107808,4.52652
107809,2.24187
107810,3.79161
107811,3.85223
107812,3.36605
107813,2.39116
107814,4.93006
107815,1.8101
107816,2.36857
107817,4.91102
107818,4.44723
107819,2.15292
107820,3.35976
107821,4.5128
107822,3.99892
107823,3.87788
107824,4.6476
107825,3.59375
107826,3.46083
107827,4.84007
107828,4.3166
107829,3.76174
107830,4.55195
107831,4.27613
107832,3.72845
107833,4.22118
107834,3.22361
107835,4.46418
107836,3.90394
107837,4.72567
107838,4.38305
107839,2.78547
107840,3.40568
107841,3.29565
107842,3.38539
107843,3.95698
107844,4.46964
107845,3.58908
107846,3.89368
107847,3.73449
107848,2.79798
107849,3.90634
107850,3.40021
107851,4.09053
107852,3.8257
107853,3.07322
107854,2.6204
107855,3.33341
107856,2.22721
107857,3.57276
107858,1.566
107859,1.76367
107860,3.46283
107861,3.61486
107862,3.91888
107863,4.24253
107864,2.22386
107865,2.67957
107866,2.49937
107867,4.75372
107868,4.34237
107869,4.21575
107870,3.53669
107871,2.44017
107872,4.03471
107873,3.86632
107874,2.03445
107875,3.15673
107876,3.45138
107877,4.41876
107878,2.94761
107879,2.02119
107880,2.57899
107881,3.8026
107882,3.44178
107883,4.22569
107884,3.0806
107885,4.16611
107886,3.19993
107887,3.69851
107888,4.08854
107889,2.7229
107890,4.08195
107891,2.19449
107892,3.26384
107893,2.06833
107894,4.83236
107895,3.30875
107896,3.22665
107897,2.94103
107898,4.20832
107899,4.13492
107900,2.44617
107901,3.59957
107902,4.25069
107903,4.34681
107904,4.22112
107905,3.40202
107906,4.41825
107907,3.87899
107908,4.81123
107909,4.07006
107910,4.65277
107911,3.74922
107912,4.29355
107913,3.86293
107914,3.61598
107915,4.17883
107916,4.62331
107917,4.48658
107918,4.50084
107919,4.86745
107920,3.69459
107921,3.0007
107922,3.83166
107923,3.91088
107924,3.1817
107925,4.18452
107926,4.26357
107927,3.98414
107928,3.65679
107929,3.63836
107930,3.04869
107931,3.52959
107932,3.19825
107933,3.37951
107934,2.91312
107935,3.26531
107936,3.44798
107937,2.84735
107938,3.7494
107939,3.10402
107940,3.00274
107941,2.55369
107942,1.54759
107943,3.96826
107944,3.3741
107945,3.37628
107946,3.69671
107947,3.90872
107948,2.92984
107949,3.2396
107950,3.38986
107951,3.4185
107952,2.99907
107953,3.17636
107954,3.23425
107955,2.74402
107956,3.18921
107957,2.86221
107958,2.65754
107959,3.08731
107960,3.05762
107961,3.54185
107962,4.13023
107963,3.63186
107964,3.75916
107965,3.56494
107966,3.74533
107967,3.51262
107968,2.66228
107969,3.67197
107970,3.61208
107971,2.62672
107972,2.52394
107973,3.40578
107974,2.96507
107975,4.33156
107976,2.50363
107977,1.82631
107978,1.93551
107979,3.6722
107980,3.48094
107981,2.10075
107982,2.44253
107983,2.10994
107984,3.13234
107985,2.43109
107986,2.92957
107987,3.47709
107988,3.58971
107989,2.58705
107990,3.08019
107991,4.35899
107992,3.62087
107993,3.02428
107994,2.12232
107995,2.79901
107996,2.43222
107997,3.36252
107998,2.41273
107999,2.52052
108000,2.381
108001,2.62329
108002,3.93612
108003,3.53071
108004,3.49727
108005,3.30972
108006,2.85431
108007,3.70861
108008,3.94522
108009,4.0663
108010,3.07144
108011,4.34809
108012,3.19782
108013,3.4516
108014,4.49798
108015,3.60143
108016,2.78351
108017,3.66704
108018,3.10036
108019,4.11003
108020,2.41217
108021,3.36085
108022,3.26745
108023,1.39729
108024,3.17662
108025,1.55829
108026,2.86713
108027,2.6037
108028,3.46597
108029,2.1366
108030,3.69109
108031,3.91202
108032,2.22792
108033,3.31287
108034,2.78998
108035,3.81052
108036,4.10667
108037,3.98207
108038,3.12288
108039,3.37868
108040,3.26764
108041,4.28981
108042,2.09847
108043,3.42806
108044,3.66495
108045,2.1358
108046,3.83244
108047,3.57903
108048,3.976
108049,3.66085
108050,3.75586
108051,3.81387
108052,3.77549
108053,3.99035
108054,4.08639
108055,2.13524
108056,3.25335
108057,2.96729
108058,3.94798
108059,3.45725
108060,3.6083
108061,3.13735
108062,4.07939
108063,3.87443
108064,3.70742
108065,3.94034
108066,3.15367
108067,4.3711
108068,2.19689
108069,4.53573
108070,3.89848
108071,4.34275
108072,4.11756
108073,2.54329
108074,4.24067
108075,3.17208
108076,3.43338
108077,3.7157
108078,4.14609
108079,3.40514
108080,4.17033
108081,4.06719
108082,4.37909
108083,2.54357
108084,3.66078
108085,3.62964
108086,4.42222
108087,4.86663
108088,4.47949
108089,4.61642
108090,3.57694
108091,4.53286
108092,4.4819
108093,5.0
108094,4.03782
108095,4.54661
108096,4.34288
108097,3.14719
108098,3.84727
108099,4.12645
108100,4.99288
108101,4.19026
108102,4.03749
108103,3.90768
108104,3.86188
108105,4.78206
108106,4.5997
108107,5.0
108108,4.25444
108109,4.4789
108110,4.99712
108111,3.91801
108112,4.1754
108113,4.17042
108114,5.0
108115,4.87002
108116,3.61759
108117,4.41504
108118,4.75886
108119,4.55128
108120,3.20677
108121,3.96306
108122,3.78533
108123,3.27992
108124,4.30247
108125,4.19705
108126,3.87901
108127,3.96637
108128,3.15192
108129,3.31407
108130,4.07251
108131,4.47043
108132,2.27531
108133,3.00874
108134,3.63472
108135,2.81939
108136,2.86154
108137,3.98083
108138,4.53213
108139,3.19366
108140,3.75808
108141,1.50681
108142,3.31868
108143,1.0
108144,3.84228
108145,3.65652
108146,5.0
108147,3.859
108148,2.87696
108149,2.81872
108150,3.22864
108151,3.59686
108152,4.45218
108153,2.56294
108154,3.2376
108155,4.43251
108156,3.38391
108157,3.59787
108158,4.68378
108159,3.90368
108160,4.48639
108161,4.78687
108162,3.9481
108163,3.94737
108164,4.04718
108165,4.38581
108166,4.53875
108167,3.81851
108168,4.61947
108169,4.03049
108170,4.47021
108171,3.88948
108172,3.28923
108173,3.72977
108174,3.79014
108175,4.10088
108176,4.14592
108177,4.10915
108178,3.88862
108179,2.60995
108180,4.31621
108181,3.96344
108182,4.602
108183,4.329
108184,2.88504
108185,4.31884
108186,3.8354
108187,4.59602
108188,4.27521
108189,4.27931
108190,3.97594
108191,3.67949
108192,4.14535
108193,3.74185
108194,4.65012
108195,3.84231
108196,4.31119
108197,4.6082
108198,3.9025
108199,3.25219
108200,3.83382
108201,4.59585
108202,4.33404
108203,3.67106
108204,4.32788
108205,4.73216
108206,3.74937
108207,4.2409
108208,3.31085
108209,3.34552
108210,3.60975
108211,4.11845
108212,3.27882
108213,3.1665
108214,5.0
108215,3.77173
108216,3.99314
108217,2.78748
108218,2.2404
108219,3.98089
108220,2.95339
108221,5.0
108222,4.09622
108223,5.0
108224,4.69379
108225,4.5691
108226,3.84172
108227,4.31632
108228,4.45706
108229,3.88215
108230,2.82038
108231,4.36745
108232,3.3684
108233,3.37767
108234,3.46729
108235,4.0108
108236,3.67178
108237,3.4399
108238,1.41274
108239,4.54556
108240,2.07361
108241,3.84742
108242,3.91272
108243,3.94485
108244,4.08951
108245,4.70905
108246,2.39647
108247,3.32134
108248,2.44351
108249,3.70144
108250,2.4043
108251,3.46575
108252,3.3384
108253,3.77291
108254,3.72541
108255,3.60071
108256,4.23982
108257,3.87352
108258,2.80165
108259,4.4139
108260,4.76798
108261,4.60292
108262,3.72859
108263,4.37184
108264,3.58775
108265,2.53752
108266,4.45724
108267,4.39972
108268,3.54805
108269,2.71174
108270,3.83529
108271,2.31377
108272,2.6598
108273,3.61922
108274,3.60939
108275,2.8509
108276,4.63858
108277,2.36775
108278,5.0
108279,5.0
108280,3.24631
108281,4.04997
108282,3.46062
108283,2.81785
108284,4.46795
108285,4.36985
108286,4.84234
108287,3.60016
108288,4.01201
108289,3.41833
108290,2.26865
108291,3.51383
108292,4.27534
108293,2.89849
108294,4.38275
108295,3.38662
108296,4.44122
108297,4.46084
108298,3.72062
108299,4.31663
108300,4.37968
108301,4.81889
108302,4.58113
108303,3.04741
108304,4.24572
108305,2.95392
108306,3.80206
108307,3.55011
108308,2.66321
108309,4.19369
108310,3.33385
108311,2.62796
108312,3.55697
108313,2.76231
108314,3.35257
108315,2.83683
108316,4.63791
108317,3.27815
108318,5.0
108319,2.56772
108320,2.59213
108321,2.65208
108322,4.03104
108323,3.18033
108324,3.4444
108325,4.52193
108326,4.4786
108327,2.56169
108328,2.94742
108329,3.7757
108330,4.38131
108331,3.42859
108332,4.5719
108333,2.7816
108334,3.90432
108335,3.73547
108336,3.5394
108337,4.77032
108338,4.72745
108339,4.419
108340,4.52866
108341,3.76961
108342,3.61602
108343,4.49834
108344,3.10839
108345,3.74346
108346,3.27369
108347,3.26093
108348,3.13991
108349,3.28693
108350,3.344
108351,4.41245
108352,3.67669
108353,3.98137
108354,3.50555
108355,4.7776
108356,3.99388
108357,3.86879
108358,3.64276
108359,5.0
108360,4.65677
108361,4.12081
108362,3.36093
108363,2.39513
108364,4.56417
108365,4.8007
108366,2.48613
108367,3.55366
108368,3.54588
108369,3.16769
108370,2.69918
108371,4.3363
108372,4.16455
108373,3.56665
108374,3.33449
108375,4.48372
108376,3.91943
108377,3.27957
108378,3.3175
108379,4.20973
108380,4.47283
108381,5.0
108382,4.12036
108383,2.47893
108384,4.90977
108385,4.87434
108386,4.61315
108387,2.70718
108388,4.73682
108389,4.09009
108390,3.15541
108391,3.87249
108392,2.948
108393,4.79397
108394,4.26944
108395,3.44977
108396,4.73377
108397,3.95989
108398,2.40757
108399,2.66951
108400,4.53826
108401,3.93471
108402,3.62649
108403,3.62939
108404,3.91818
108405,2.82476
108406,4.09815
108407,4.33257
108408,3.18441
108409,2.22049
108410,3.5302
108411,3.30345
108412,3.38465
108413,3.41832
108414,2.60208
108415,4.39708
108416,3.22761
108417,3.71988
108418,3.78192
108419,2.98812
108420,3.58202
108421,3.70136
108422,4.31086
108423,3.84213
108424,4.23222
108425,3.72073
108426,3.01448
108427,3.366
108428,3.4539
108429,2.69305
108430,3.34816
108431,3.22327
108432,3.08994
108433,4.18521
108434,3.99366
108435,3.39113
108436,3.48499
108437,4.22989
108438,3.77602
108439,3.32917
108440,4.37343
108441,3.56503
108442,4.28038
108443,4.21447
108444,3.93951
108445,3.85006
108446,3.23916
108447,4.23876
108448,4.04348
108449,3.50029
108450,2.34435
108451,2.50564
108452,3.33166
108453,4.54887
108454,3.02827
108455,3.06798
108456,3.70421
108457,3.74336
108458,3.44052
108459,3.66662
108460,3.43523
108461,4.15954
108462,3.40196
108463,3.16959
108464,3.32705
108465,3.66824
108466,3.60419
108467,3.86155
108468,3.61607
108469,3.28772
108470,3.18041
108471,3.67155
108472,3.06996
108473,2.8777
108474,4.28878
108475,4.27977
108476,2.21797
108477,3.13224
108478,4.20527
108479,4.24858
108480,3.53208
108481,3.00427
108482,3.27236
108483,4.19049
108484,3.27619
108485,4.4152
108486,2.87489
108487,2.76873
108488,3.28774
108489,4.28542
108490,4.08422
108491,3.75394
108492,3.67514
108493,4.21491
108494,3.597
108495,3.86678
108496,3.94627
108497,3.73214
108498,3.97604
108499,4.03951
108500,3.8226
108501,3.44593
108502,3.78284
108503,3.69179
108504,4.03555
108505,3.63501
108506,3.85053
108507,4.03908
108508,3.51828
108509,4.44962
108510,3.40838
108511,3.73633
108512,3.9968
108513,4.33972
108514,3.70621
108515,3.11088
108516,2.81277
108517,2.46747
108518,2.716
108519,4.06586
108520,3.40048
108521,3.44291
108522,3.54415
108523,3.99576
108524,3.79423
108525,4.97253
108526,4.38354
108527,4.48545
108528,4.15495
108529,3.56246
108530,2.71422
108531,3.86305
108532,3.54071
108533,4.0144
108534,3.57942
108535,4.91419
108536,4.28576
108537,2.93091
108538,3.94546
108539,4.2425
108540,3.7228
108541,3.96897
108542,2.30663
108543,3.76204
108544,2.21202
108545,4.55058
108546,3.60557
108547,2.59527
108548,4.4386
108549,3.05048
108550,3.47595
108551,2.7045
108552,2.74628
108553,4.51315
108554,2.75857
108555,3.15548
108556,2.87209
108557,3.25689
108558,1.73091
108559,1.08569
108560,3.77291
108561,4.62028
108562,2.69171
108563,4.91161
108564,3.55938
108565,3.41963
108566,4.02303
108567,3.00096
108568,3.42095
108569,3.40007
108570,3.99386
108571,3.0034
108572,2.27359
108573,2.7596
108574,2.62217
108575,2.97792
108576,3.78018
108577,3.89671
108578,3.64715
108579,4.03708
108580,3.78724
108581,3.99187
108582,3.69901
108583,3.07438
108584,3.83807
108585,4.23947
108586,3.29701
108587,4.22801
108588,4.00641
108589,4.06524
108590,2.84184
108591,4.84942
108592,3.57614
108593,3.08786
108594,3.89333
108595,2.98102
108596,3.22312
108597,3.17087
108598,3.07753
108599,4.35517
108600,3.01314
108601,3.30146
108602,4.68472
108603,3.83924
108604,3.28317
108605,2.35697
108606,5.0
108607,4.20949
108608,3.15199
108609,3.5596
108610,4.37978
108611,4.4683
108612,2.4283
108613,2.13807
108614,4.71449
108615,2.60865
108616,4.94625
108617,3.91473
108618,3.77245
108619,3.9532
108620,4.2378
108621,3.7579
108622,3.05081
108623,3.65572
108624,1.0
108625,4.18632
108626,3.58543
108627,2.7905
108628,3.06374
108629,3.55698
108630,1.0
108631,1.0
108632,2.66021
108633,2.84222
108634,2.83404
108635,1.58305
108636,3.65557
108637,3.38568
108638,2.32752
108639,1.47928
108640,2.44096
108641,1.48994
108642,4.08916
108643,1.78477
108644,2.54711
108645,2.78286
108646,3.41704
108647,3.95477
108648,1.08515
108649,4.31685
108650,2.72301
108651,2.50905
108652,3.4432
108653,4.53149
108654,2.35635
108655,4.96562
108656,3.75083
108657,4.33935
108658,1.4173
108659,2.50932
108660,3.61997
108661,3.14952
108662,2.41901
108663,3.82592
108664,3.56335
108665,1.81922
108666,3.2134
108667,2.91327
108668,2.4691
108669,3.52904
108670,2.90396
108671,1.77036
108672,3.44829
108673,3.14252
108674,2.96635
108675,2.62996
108676,2.57483
108677,2.28763
108678,3.26423
108679,3.6417
108680,1.79801
108681,2.88074
108682,3.73926
108683,2.44084
108684,3.49489
108685,3.3135
108686,2.97758
108687,3.40096
108688,1.87128
108689,2.45679
108690,2.36762
108691,3.26648
108692,2.98895
108693,2.29881
108694,3.43424
108695,1.15521
108696,2.35939
108697,2.33473
108698,2.09378
108699,3.1317
108700,1.82787
108701,3.01568
108702,2.23877
108703,2.47894
108704,3.09794
108705,2.52258
108706,2.44632
108707,2.33319
108708,1.82724
108709,2.49111
108710,3.16095
108711,2.68841
108712,3.29793
108713,3.35115
108714,4.90568
108715,2.96042
108716,4.74084
108717,5.0
108718,4.97387
108719,4.8056
108720,4.77032
108721,5.0
108722,1.88302
108723,5.0
108724,1.69385
108725,4.36017
108726,3.31134
108727,4.1978
108728,3.48276
108729,3.61497
108730,3.60871
108731,3.79265
108732,3.19462
108733,4.37788
108734,1.80973
108735,4.03319
108736,3.44679
108737,3.33432
108738,3.27914
108739,3.19796
108740,2.97546
108741,2.97921
108742,3.12253
108743,2.79991
108744,3.40326
108745,2.82872
108746,3.30717
108747,2.68033
108748,3.36113
108749,2.39683
108750,1.89908
108751,3.32201
108752,3.93776
108753,2.89573
108754,3.17661
108755,3.05326
108756,3.20113
108757,3.78172
108758,3.66129
108759,3.33216
108760,3.7726
108761,3.39477
108762,4.26525
108763,3.61072
108764,3.74017
108765,4.02069
108766,3.91493
108767,2.12809
108768,2.99524
108769,4.45039
108770,3.26809
108771,3.42951
108772,5.0
108773,4.30841
108774,3.79785
108775,1.42545
108776,3.29179
108777,4.22251
108778,4.66451
108779,3.81568
108780,3.40619
108781,3.8999
108782,3.34078
108783,4.07985
108784,1.97636
108785,3.29188
108786,3.5477
108787,3.74929
108788,2.71998
108789,4.28973
108790,3.90803
108791,3.62355
108792,4.03658
108793,3.78706
108794,3.10028
108795,4.34168
108796,3.83202
108797,3.32887
108798,4.91025
108799,4.63632
108800,4.68908
108801,4.07752
108802,3.62126
108803,2.73652
108804,4.28761
108805,5.0
108806,4.85644
108807,4.1498
108808,4.53249
108809,4.7321
108810,3.41434
108811,3.97456
108812,5.0
108813,4.33148
108814,4.37418
108815,4.74103
108816,4.26549
108817,4.97661
108818,4.97545
108819,5.0
108820,1.80421
108821,3.91383
108822,3.02539
108823,4.57565
108824,4.05234
108825,4.60069
108826,3.79742
108827,3.16299
108828,4.02416
108829,4.03007
108830,1.96896
108831,1.0
108832,3.64002
108833,3.85349
108834,4.23417
108835,2.69895
108836,3.67297
108837,3.2036
108838,4.50184
108839,4.48585
108840,3.66531
108841,4.56612
108842,4.10901
108843,4.07922
108844,4.0986
108845,4.74133
108846,3.94761
108847,4.69882
108848,4.47589
108849,4.4167
108850,4.32789
108851,4.45325
108852,3.88566
108853,3.31381
108854,3.62738
108855,4.02291
108856,4.10458
108857,4.24983
108858,3.91858
108859,4.31956
108860,4.45985
108861,4.96002
108862,4.17402
108863,3.97956
108864,4.63748
108865,4.37976
108866,4.11626
108867,4.32332
108868,3.8855
108869,3.63988
108870,3.95068
108871,2.65736
108872,4.11999
108873,3.28845
108874,4.42626
108875,3.41767
108876,3.87933
108877,4.29967
108878,2.66406
108879,3.04538
108880,3.45143
108881,1.85075
108882,3.09513
108883,4.94231
108884,5.0
108885,4.8696
108886,3.24819
108887,3.4179
108888,3.9246
108889,2.56826
108890,1.63529
108891,2.42627
108892,2.51509
108893,2.90885
108894,3.24637
108895,1.87384
108896,2.21216
108897,1.42207
108898,3.69365
108899,2.15913
108900,3.85451
108901,2.80934
108902,2.65384
108903,3.45685
108904,2.83698
108905,3.37779
108906,3.38138
108907,2.46677
108908,3.07406
108909,2.38701
108910,2.42233
108911,2.70162
108912,2.84435
108913,2.29388
108914,3.88681
108915,2.94143
108916,3.76901
108917,2.59971
108918,2.96554
108919,2.99529
108920,2.02771
108921,2.2912
108922,3.95868
108923,3.56609
108924,2.80436
108925,4.97942
108926,3.80647
108927,3.99757
108928,4.21115
108929,4.14023
108930,4.47966
108931,4.52228
108932,4.7816
108933,4.27778
108934,3.46392
108935,4.63156
108936,4.48105
108937,3.15652
108938,3.10309
108939,3.4634
108940,3.61345
108941,3.71601
108942,4.60853
108943,2.29509
108944,3.62771
108945,4.42057
108946,4.06432
108947,4.04219
108948,4.48589
108949,4.53098
108950,3.95678
108951,3.37069
108952,4.14667
108953,3.9141
108954,4.11607
108955,3.90215
108956,4.38998
108957,2.89298
108958,4.54609
108959,3.30533
108960,3.61932
108961,4.10375
108962,3.51599
108963,4.53592
108964,4.25369
108965,3.72846
108966,3.9127
108967,3.82494
108968,4.5544
108969,3.97027
108970,3.73122
108971,4.21682
108972,4.67271
108973,3.77071
108974,4.17639
108975,3.06945
108976,4.92345
108977,4.71747
108978,2.96756
108979,4.83398
108980,4.08154
108981,3.1232
108982,4.23225
108983,3.71791
108984,4.53864
108985,4.51099
108986,5.0
108987,4.34793
108988,1.9962
108989,4.42019
108990,1.0
108991,4.45314
108992,4.54118
108993,2.91242
108994,4.2253
108995,4.31516
108996,3.46531
108997,3.53779
108998,3.58242
108999,3.66707
109000,4.25372
109001,1.80615
109002,3.95522
109003,3.50917
109004,3.88265
109005,3.34878
109006,4.32394
109007,3.25611
109008,2.20645
109009,1.31786
109010,4.61555
109011,3.34639
109012,3.81008
109013,3.58305
109014,4.61385
109015,3.93203
109016,3.5398
109017,4.31668
109018,3.40667
109019,3.89917
109020,3.90651
109021,3.35176
109022,3.56273
109023,3.38989
109024,3.53379
109025,3.91938
109026,3.71104
109027,4.5831
109028,5.0
109029,2.67387
109030,4.78645
109031,3.94433
109032,3.77754
109033,3.49656
109034,4.5375
109035,4.22526
109036,4.33424
109037,5.0
109038,5.0
109039,4.04619
109040,4.4303
109041,4.34261
109042,3.02836
109043,3.78455
109044,4.09761
109045,4.21563
109046,4.53478
109047,4.49319
109048,3.35068
109049,3.84589
109050,4.08758
109051,3.42716
109052,3.80404
109053,2.43058
109054,2.77661
109055,3.15791
109056,3.8793
109057,4.19905
109058,5.0
109059,4.2469
109060,3.76873
109061,5.0
109062,2.39557
109063,2.72132
109064,2.6344
109065,4.22628
109066,3.97186
109067,4.61314
109068,4.60565
109069,4.36069
109070,4.12142
109071,2.07717
109072,3.71669
109073,4.36148
109074,3.2958
109075,3.42378
109076,2.72861
109077,2.52395
109078,3.24268
109079,2.96684
109080,3.52615
109081,3.17046
109082,3.42661
109083,2.45901
109084,3.60185
109085,2.42478
109086,2.85893
109087,3.26485
109088,3.59504
109089,3.45462
109090,2.77647
109091,3.45823
109092,3.59123
109093,4.20643
109094,3.52124
109095,3.10163
109096,3.05002
109097,3.59385
109098,4.1287
109099,2.41451
109100,2.12246
109101,2.21955
109102,2.42357
109103,2.28747
109104,3.56118
109105,2.99731
109106,3.02129
109107,3.64556
109108,2.45264
109109,5.0
109110,2.41189
109111,3.66806
109112,4.39316
109113,4.35511
109114,1.0
109115,4.43685
109116,5.0
109117,4.64825
109118,3.44338
109119,3.15164
109120,5.0
109121,2.58794
109122,4.89504
109123,4.86483
109124,3.75769
109125,3.86048
109126,3.69203
109127,4.1457
109128,4.12092
109129,4.10407
109130,3.51353
109131,3.46637
109132,2.26496
109133,3.76659
109134,3.21773
109135,2.90378
109136,2.84053
109137,2.57314
109138,2.05755
109139,2.61732
109140,2.0946
109141,2.33034
109142,3.4681
109143,3.4494
109144,3.24393
109145,2.82837
109146,3.09761
109147,3.1476
109148,3.25769
109149,2.30176
109150,2.86074
109151,3.04696
109152,2.52517
109153,3.05685
109154,4.39079
109155,4.15108
109156,4.08893
109157,3.96279
109158,4.00553
109159,4.50944
109160,4.39238
109161,4.711
109162,4.44785
109163,4.88118
109164,4.41454
109165,4.72027
109166,3.8907
109167,4.53994
109168,3.54453
109169,3.55205
109170,4.78407
109171,2.84821
109172,2.79733
109173,3.36302
109174,4.58103
109175,4.92856
109176,3.97428
109177,3.29055
109178,3.58178
109179,2.95704
109180,2.77081
109181,3.20357
109182,3.1222
109183,2.43643
109184,3.61183
109185,3.92306
109186,3.27586
109187,3.82368
109188,3.1322
109189,3.40196
109190,2.57532
109191,3.20921
109192,3.60142
109193,3.46706
109194,3.74576
109195,4.56481
109196,4.08903
109197,4.27858
109198,4.85782
109199,3.00866
109200,4.08335
109201,2.08134
109202,4.01799
109203,3.75614
109204,3.81927
109205,3.63606
109206,3.83004
109207,3.97742
109208,4.39484
109209,2.13157
109210,4.35512
109211,3.26778
109212,3.9463
109213,4.67441
109214,3.54206
109215,3.47399
109216,4.18655
109217,4.12451
109218,3.46506
109219,3.73014
109220,2.38005
109221,3.49531
109222,4.32229
109223,4.72127
109224,3.22884
109225,4.63345
109226,2.93074
109227,3.69551
109228,3.33773
109229,3.37887
109230,3.48429
109231,4.60613
109232,3.40143
109233,3.87301
109234,4.09451
109235,3.42466
109236,3.38227
109237,3.00117
109238,3.33056
109239,4.13939
109240,3.97381
109241,3.49642
109242,3.87093
109243,3.55767
109244,4.80417
109245,3.43619
109246,4.31394
109247,4.54835
109248,5.0
109249,4.83157
109250,3.79546
109251,4.36251
109252,4.60265
109253,3.60293
109254,4.17132
109255,4.47548
109256,3.53217
109257,3.83885
109258,4.45863
109259,4.81907
109260,3.65285
109261,2.4367
109262,2.85496
109263,3.10698
109264,2.14894
109265,2.26543
109266,3.92896
109267,4.35221
109268,4.34619
109269,2.80474
109270,1.55553
109271,3.76012
109272,3.84589
109273,3.44723
109274,2.33911
109275,2.13926
109276,1.56046
109277,2.51612
109278,4.11543
109279,3.81431
109280,3.00601
109281,4.41221
109282,3.2155
109283,2.95586
109284,3.41366
109285,3.24458
109286,4.47775
109287,4.54182
109288,2.82106
109289,2.25147
109290,4.10653
109291,3.18162
109292,4.58242
109293,3.28818
109294,3.50964
109295,2.67762
109296,3.80739
109297,3.48955
109298,2.23948
109299,3.82326
109300,3.73636
109301,4.68127
109302,4.33307
109303,3.29532
109304,3.59676
109305,2.98514
109306,1.59398
109307,1.30544
109308,4.12673
109309,4.442
109310,1.93334
109311,4.15798
109312,3.81922
109313,3.57339
109314,4.5152
109315,4.2497
109316,4.08317
109317,4.68081
109318,4.33984
109319,3.28652
109320,4.24677
109321,4.03012
109322,4.4876
109323,4.73376
109324,3.61047
109325,4.2105
109326,4.88633
109327,3.96209
109328,3.55731
109329,3.95502
109330,4.88086
109331,5.0
109332,4.46992
109333,3.08452
109334,4.32556
109335,3.12018
109336,4.18055
109337,3.60225
109338,3.28216
109339,4.68482
109340,2.62128
109341,3.57957
109342,2.81882
109343,3.73051
109344,2.19112
109345,2.44099
109346,4.10219
109347,3.10831
109348,4.13322
109349,3.67539
109350,2.70301
109351,4.31057
109352,4.0947
109353,2.6639
109354,3.36221
109355,2.81139
109356,3.27126
109357,3.75916
109358,3.844
109359,4.29929
109360,3.61756
109361,4.09156
109362,3.60126
109363,3.77919
109364,4.00739
109365,4.65044
109366,3.80444
109367,4.37695
109368,3.94741
109369,4.16988
109370,3.95761
109371,3.17908
109372,3.65969
109373,4.29259
109374,2.33408
109375,4.17478
109376,3.34719
109377,3.71292
109378,4.92489
109379,4.08949
109380,4.26365
109381,4.15496
109382,4.34977
109383,4.51533
109384,1.97004
109385,3.12566
109386,4.31732
109387,4.56098
109388,4.06382
109389,3.80784
109390,3.83738
109391,3.52523
109392,4.24963
109393,3.80141
109394,3.42433
109395,3.67221
109396,2.89584
109397,3.8415
109398,3.81648
109399,3.66978
109400,3.00813
109401,2.94242
109402,3.30151
109403,3.61437
109404,3.61879
109405,2.72038
109406,3.71843
109407,3.71153
109408,2.21585
109409,3.48374
109410,3.0312
109411,4.25598
109412,2.92883
109413,3.33762
109414,4.34993
109415,4.44038
109416,5.0
109417,4.29888
109418,3.98258
109419,4.68345
109420,4.49609
109421,3.06496
109422,4.56455
109423,4.58497
109424,4.10209
109425,3.82134
109426,3.83253
109427,3.488
109428,2.10289
109429,1.85931
109430,4.07254
109431,2.94981
109432,3.40973
109433,4.15622
109434,4.12809
109435,4.09693
109436,4.07754
109437,3.57217
109438,3.23219
109439,4.99093
109440,4.37565
109441,3.11187
109442,2.57373
109443,3.87576
109444,4.15094
109445,4.1322
109446,4.60818
109447,3.6205
109448,4.37352
109449,2.49709
109450,3.38465
109451,4.80885
109452,3.67362
109453,3.15806
109454,3.41036
109455,3.44951
109456,4.89967
109457,4.40081
109458,2.93235
109459,3.44769
109460,3.29991
109461,3.22995
109462,3.5018
109463,3.07368
109464,3.5825
109465,4.66152
109466,4.57024
109467,3.41435
109468,3.41145
109469,3.22257
109470,4.16787
109471,4.38296
109472,4.66513
109473,4.36938
109474,4.76498
109475,3.97817
109476,4.20322
109477,4.72585
109478,2.65984
109479,4.58546
109480,3.95524
109481,4.11384
109482,4.19087
109483,4.60576
109484,5.0
109485,4.88027
109486,4.00297
109487,4.29159
109488,4.28987
109489,4.47425
109490,5.0
109491,3.43841
109492,2.16166
109493,4.58061
109494,4.13934
109495,3.17243
109496,3.40339
109497,4.37044
109498,3.19944
109499,4.20463
109500,4.69209
109501,4.18881
109502,3.64411
109503,4.46154
109504,3.55017
109505,4.23516
109506,4.33783
109507,2.98759
109508,3.08507
109509,4.30864
109510,3.15712
109511,3.9634
109512,3.83344
109513,3.29477
109514,3.37675
109515,4.20726
109516,3.1126
109517,3.9657
109518,2.86469
109519,3.79706
109520,2.26392
109521,2.75027
109522,4.06543
109523,3.78607
109524,3.19475
109525,3.90026
109526,2.47954
109527,4.18767
109528,4.70555
109529,3.96501
109530,3.86162
109531,3.96141
109532,4.49085
109533,3.96664
109534,4.55017
109535,4.40575
109536,3.5764
109537,4.17573
109538,5.0
109539,4.65431
109540,3.80767
109541,4.56364
109542,5.0
109543,2.9102
109544,4.58099
109545,4.79059
109546,3.58579
109547,3.9176
109548,2.47143
109549,3.98346
109550,3.70383
109551,3.89134
109552,3.93888
109553,4.00401
109554,4.12527
109555,3.38114
109556,3.89759
109557,3.86608
109558,3.71879
109559,3.32424
109560,3.95695
109561,4.10907
109562,3.32967
109563,3.2559
109564,3.98325
109565,3.87814
109566,3.10298
109567,2.99645
109568,3.80846
109569,3.59682
109570,3.33371
109571,3.65683
109572,3.20321
109573,3.74127
109574,3.54169
109575,3.97175
109576,3.84397
109577,4.20713
109578,3.17473
109579,3.59535
109580,4.03239
109581,3.84092
109582,3.75345
109583,3.6944
109584,3.86483
109585,4.06788
109586,3.68867
109587,3.73394
109588,5.0
109589,3.19576
109590,3.64188
109591,4.29902
109592,3.28546
109593,3.84616
109594,3.86463
109595,4.22672
109596,4.17334
109597,4.23714
109598,3.46502
109599,4.33416
109600,4.17898
109601,3.68467
109602,3.47629
109603,4.43939
109604,4.39833
109605,3.63421
109606,1.25439
109607,2.83839
109608,2.75943
109609,2.39046
109610,2.49262
109611,1.5089
109612,5.0
109613,2.16627
109614,3.82492
109615,2.97898
109616,3.26115
109617,2.34938
109618,3.90305
109619,2.68902
109620,1.98116
109621,2.33351
109622,4.68668
109623,3.62612
109624,4.83715
109625,4.35121
109626,4.27358
109627,3.76558
109628,3.87454
109629,4.34838
109630,3.88472
109631,2.89542
109632,2.97819
109633,3.34677
109634,2.158
109635,4.43654
109636,3.65476
109637,4.25099
109638,4.01187
109639,3.67693
109640,3.7096
109641,4.11812
109642,3.70777
109643,3.95045
109644,3.5146
109645,3.5582
109646,4.30482
109647,3.3024
109648,3.55481
109649,3.48027
109650,4.2509
109651,3.29359
109652,4.04268
109653,2.96762
109654,3.31044
109655,2.83377
109656,2.57998
109657,3.86733
109658,2.91126
109659,4.4774
109660,3.04566
109661,3.33356
109662,2.60924
109663,3.81267
109664,3.82197
109665,2.5613
109666,2.98621
109667,4.36079
109668,4.71601
109669,2.89683
109670,2.42493
109671,3.94376
109672,3.55463
109673,2.50182
109674,2.52334
109675,4.06118
109676,5.0
109677,3.74598
109678,3.51876
109679,4.12519
109680,3.95518
109681,1.78112
109682,3.31319
109683,4.66153
109684,3.92528
109685,4.11542
109686,3.37873
109687,4.43352
109688,2.69972
109689,3.40037
109690,4.19166
109691,3.53501
109692,4.54596
109693,3.60942
109694,2.49697
109695,3.3164
109696,1.3019
109697,2.91406
109698,3.32254
109699,4.06225
109700,2.48682
109701,3.16167
109702,3.83124
109703,3.48386
109704,3.11451
109705,4.04817
109706,4.5054
109707,4.21145
109708,3.79526
109709,4.60155
109710,3.6599
109711,3.77389
109712,3.92558
109713,4.3432
109714,3.61571
109715,3.45113
109716,3.19884
109717,2.60228
109718,3.6827
109719,1.78124
109720,4.08996
109721,2.86553
109722,1.86985
109723,3.55344
109724,3.81756
109725,4.89157
109726,3.51196
109727,2.19973
109728,2.48784
109729,1.71951
109730,3.88766
109731,2.636
109732,3.22802
109733,2.94014
109734,4.13423
109735,4.13169
109736,4.63521
109737,3.98021
109738,3.28408
109739,3.02097
109740,4.2654
109741,3.27677
109742,3.66156
109743,3.24382
109744,3.82561
109745,4.5722
109746,3.1701
109747,4.61
109748,4.83122
109749,4.05879
109750,3.14302
109751,3.94759
109752,3.25222
109753,3.57024
109754,3.00347
109755,2.25283
109756,3.22514
109757,2.92108
109758,3.54779
109759,3.99656
109760,1.69349
109761,1.79283
109762,2.30911
109763,2.4515
109764,3.92349
109765,4.3026
109766,3.5033
109767,3.80794
109768,2.27627
109769,3.11348
109770,3.54301
109771,3.14968
109772,3.11709
109773,3.53716
109774,3.1222
109775,4.24945
109776,3.49331
109777,2.90715
109778,4.02966
109779,2.82287
109780,4.12833
109781,4.23743
109782,3.59868
109783,1.73876
109784,2.71596
109785,3.45675
109786,3.52589
109787,3.12996
109788,2.26274
109789,2.57299
109790,2.99217
109791,1.99465
109792,3.86831
109793,3.17941
109794,1.54802
109795,2.80098
109796,3.33169
109797,2.02981
109798,3.59132
109799,3.38548
109800,4.00641
109801,3.35061
109802,3.62959
109803,2.36795
109804,2.63181
109805,2.79902
109806,2.19161
109807,3.19722
109808,1.92759
109809,1.81751
109810,3.34128
109811,2.77629
109812,2.216
109813,2.79071
109814,2.97899
109815,3.50938
109816,2.62136
109817,1.73782
109818,2.11109
109819,2.51225
109820,2.97174
109821,3.36451
109822,1.0
109823,3.28803
109824,3.62317
109825,3.93098
109826,3.79038
109827,3.79841
109828,4.30441
109829,4.39358
109830,4.42378
109831,3.63442
109832,4.14843
109833,4.02731
109834,4.26316
109835,3.86437
109836,3.51373
109837,3.86823
109838,3.9262
109839,4.06325
109840,2.91548
109841,3.91002
109842,4.03129
109843,4.37629
109844,3.42721
109845,4.46396
109846,4.7575
109847,4.29522
109848,4.09489
109849,4.01318
109850,3.47018
109851,3.24267
109852,3.1679
109853,3.08514
109854,4.42751
109855,2.29725
109856,3.21734
109857,2.51391
109858,2.57913
109859,4.13591
109860,3.42183
109861,3.97902
109862,3.82445
109863,3.82955
109864,3.75102
109865,4.2709
109866,3.77293
109867,3.72254
109868,3.26367
109869,4.05062
109870,2.42382
109871,3.35347
109872,3.59021
109873,1.52812
109874,2.91337
109875,3.12798
109876,4.06973
109877,2.29731
109878,3.34012
109879,3.47467
109880,2.93486
109881,2.91405
109882,3.41724
109883,2.73044
109884,3.29238
109885,1.27342
109886,2.81305
109887,3.38714
109888,2.77615
109889,3.0286
109890,2.66858
109891,2.90815
109892,2.89509
109893,3.34658
109894,2.56106
109895,2.51061
109896,3.5292
109897,3.42779
109898,3.80782
109899,3.29527
109900,3.77463
109901,2.46485
109902,3.32905
109903,3.1389
109904,3.69735
109905,3.36896
109906,2.87238
109907,3.57718
109908,3.0922
109909,3.00741
109910,3.64889
109911,2.40366
109912,2.01851
109913,3.33917
109914,2.60178
109915,3.37146
109916,2.82955
109917,2.59154
109918,1.91323
109919,3.68327
109920,1.54676
109921,3.54985
109922,3.74852
109923,2.75186
109924,3.28121
109925,2.29194
109926,3.72717
109927,3.63409
109928,2.90184
109929,2.4336
109930,3.06239
109931,3.50324
109932,3.70369
109933,3.10133
109934,3.39236
109935,4.14312
109936,3.63358
109937,3.85063
109938,4.10814
109939,2.46923
109940,4.58069
109941,4.88942
109942,4.59432
109943,5.0
109944,4.25869
109945,4.93987
109946,5.0
109947,4.4424
109948,3.0304
109949,3.04691
109950,3.41536
109951,3.0085
109952,5.0
109953,2.44451
109954,4.32787
109955,3.54054
109956,3.13674
109957,2.85195
109958,3.00916
109959,2.17995
109960,3.71848
109961,3.93511
109962,4.70956
109963,2.29334
109964,3.67464
109965,4.76497
109966,3.70396
109967,3.03539
109968,3.62977
109969,2.53551
109970,4.42821
109971,4.11579
109972,4.59614
109973,4.06353
109974,3.39262
109975,3.91257
109976,4.00302
109977,4.41681
109978,2.87874
109979,4.35795
109980,3.86357
109981,4.18549
109982,3.73499
109983,3.84298
109984,4.75907
109985,4.3524
109986,3.92759
109987,2.80899
109988,2.44568
109989,4.84298
109990,3.5636
109991,4.50498
109992,3.90993
109993,4.05124
109994,4.35447
109995,3.64649
109996,4.18068
109997,3.73573
109998,2.674
109999,3.87829
110000,3.80483
110001,2.65459
110002,2.52842
110003,2.704
110004,2.59395
110005,2.55662
110006,2.85956
110007,1.97504
110008,3.5305
110009,2.56499
110010,2.6707
110011,2.65348
110012,2.04267
110013,1.86564
110014,3.43893
110015,2.28934
110016,3.42696
110017,3.78159
110018,3.07877
110019,2.93465
110020,5.0
110021,4.15619
110022,4.69388
110023,4.04837
110024,3.93982
110025,3.55104
110026,4.34278
110027,4.39569
110028,2.6175
110029,3.81793
110030,4.06556
110031,3.98653
110032,3.27904
110033,2.93237
110034,3.27854
110035,4.00586
110036,4.03702
110037,3.47108
110038,4.3419
110039,4.59621
110040,2.7054
110041,2.95627
110042,4.74318
110043,2.18973
110044,2.77762
110045,3.74429
110046,3.1905
110047,3.58779
110048,3.01557
110049,2.67835
110050,3.13075
110051,3.84118
110052,3.93741
110053,3.83789
110054,3.76401
110055,3.91667
110056,3.44476
110057,4.29868
110058,3.82556
110059,3.9548
110060,3.82973
110061,4.37687
110062,2.25071
110063,2.30227
110064,3.1524
110065,2.19715
110066,2.97637
110067,3.74704
110068,4.2617
110069,3.76059
110070,3.78274
110071,5.0
110072,3.78749
110073,3.97657
110074,4.35148
110075,3.47972
110076,4.4846
110077,4.60483
110078,3.85379
110079,3.6864
110080,4.39916
110081,4.1012
110082,3.77354
110083,4.59472
110084,4.30703
110085,4.45288
110086,4.87711
110087,4.15726
110088,3.94752
110089,3.01054
110090,1.57463
110091,3.90152
110092,4.68864
110093,1.0
110094,3.01976
110095,3.72433
110096,2.56313
110097,1.36889
110098,3.64616
110099,3.41532
110100,1.0
110101,2.31746
110102,4.56935
110103,3.84633
110104,3.15176
110105,3.57679
110106,4.31891
110107,3.05663
110108,3.11434
110109,4.02836
110110,4.06594
110111,2.93974
110112,1.0
110113,2.50228
110114,2.74114
110115,3.35694
110116,2.8442
110117,2.68077
110118,3.31392
110119,3.69924
110120,3.09599
110121,3.44966
110122,4.08022
110123,2.46398
110124,4.89047
110125,3.27754
110126,2.47683
110127,4.45895
110128,1.22571
110129,4.27335
110130,4.48684
110131,4.26594
110132,5.0
110133,4.13131
110134,4.50507
110135,5.0
110136,3.48359
110137,4.06547
110138,3.13019
110139,3.82077
110140,4.13813
110141,4.0061
110142,4.13548
110143,2.44972
110144,4.05862
110145,3.08934
110146,2.79598
110147,3.30978
110148,3.57233
110149,2.9683
110150,2.2259
110151,3.29106
110152,2.5595
110153,3.82667
110154,3.88442
110155,2.09851
110156,2.9171
110157,3.33224
110158,3.31636
110159,3.52104
110160,2.30487
110161,2.73774
110162,3.30845
110163,3.96552
110164,3.19865
110165,2.03333
110166,2.67326
110167,3.41923
110168,2.78034
110169,3.52358
110170,2.70097
110171,3.86906
110172,3.152
110173,2.90121
110174,4.09403
110175,3.53151
110176,3.68778
110177,2.08691
110178,2.55907
110179,4.52021
110180,3.40686
110181,3.8013
110182,4.22453
110183,4.69489
110184,4.65803
110185,4.63989
110186,4.36829
110187,4.23577
110188,4.35137
110189,4.16842
110190,3.14768
110191,3.41137
110192,2.23265
110193,2.73065
110194,3.84834
110195,3.76592
110196,2.82262
110197,4.07137
110198,3.82342
110199,1.80715
110200,3.06244
110201,3.41069
110202,3.33884
110203,3.68498
110204,3.71631
110205,4.72474
110206,3.74116
110207,3.96461
110208,4.28368
110209,4.06295
110210,4.00838
110211,4.28647
110212,3.04735
110213,3.19603
110214,4.42646
110215,3.39954
110216,3.9922
110217,3.55259
110218,4.03943
110219,3.83579
110220,4.15429
110221,3.13963
110222,3.81127
110223,3.90089
110224,4.25697
110225,3.6612
110226,3.38255
110227,4.12519
110228,3.95426
110229,3.29246
110230,3.26095
110231,3.14779
110232,3.00613
110233,3.70174
110234,3.35844
110235,3.40773
110236,3.84319
110237,3.33403
110238,2.89651
110239,3.72184
110240,4.18868
110241,2.80555
110242,3.94504
110243,3.9491
110244,3.83985
110245,3.4309
110246,3.5984
110247,4.54292
110248,4.29005
110249,3.95673
110250,2.34658
110251,3.89076
110252,3.33865
110253,4.35511
110254,3.67137
110255,4.10907
110256,3.94274
110257,4.27846
110258,4.27256
110259,4.0965
110260,3.75732
110261,3.55476
110262,3.7892
110263,3.42138
110264,2.88148
110265,3.33692
110266,4.1243
110267,4.31349
110268,3.26011
110269,3.35835
110270,3.80016
110271,3.683
110272,3.52941
110273,3.85483
110274,3.66512
110275,4.28766
110276,3.76507
110277,4.30401
110278,4.08172
110279,3.06214
110280,2.92531
110281,4.23717
110282,3.41078
110283,3.46621
110284,4.22463
110285,3.97531
110286,3.25389
110287,3.68878
110288,4.16898
110289,3.42791
110290,3.70329
110291,3.79475
110292,3.56261
110293,3.97722
110294,3.43442
110295,2.33538
110296,3.30099
110297,4.04201
110298,4.30564
110299,4.19587
110300,4.04255
110301,3.9701
110302,3.97528
110303,3.89237
110304,4.00959
110305,3.81562
110306,3.5479
110307,4.37332
110308,4.54497
110309,4.07162
110310,3.71952
110311,3.24134
110312,3.07803
110313,4.72779
110314,3.00096
110315,4.0229
110316,4.36932
110317,3.74034
110318,4.87554
110319,3.81585
110320,4.38144
110321,3.6106
110322,4.85614
110323,5.0
110324,4.25173
110325,3.70637
110326,3.45464
110327,3.08202
110328,3.94087
110329,3.94381
110330,3.64598
110331,3.64273
110332,3.35439
110333,3.65097
110334,3.35849
110335,3.48694
110336,3.49811
110337,2.16691
110338,3.21334
110339,4.13139
110340,3.12735
110341,3.02043
110342,3.26726
110343,3.63675
110344,3.19325
110345,2.26853
110346,4.05137
110347,5.0
110348,4.16749
110349,4.32808
110350,2.42342
110351,3.00004
110352,3.03308
110353,1.97234
110354,3.00816
110355,3.13686
110356,4.75933
110357,5.0
110358,2.88992
110359,3.69165
110360,3.36378
110361,3.90858
110362,2.51903
110363,3.58732
110364,4.4517
110365,4.13704
110366,2.26047
110367,3.86208
110368,4.13005
110369,2.60275
110370,2.98579
110371,2.58636
110372,3.07057
110373,3.596
110374,3.46393
110375,4.16956
110376,3.25863
110377,4.26665
110378,4.16311
110379,3.94823
110380,2.87363
110381,3.90488
110382,3.96919
110383,3.16002
110384,3.88409
110385,3.09755
110386,2.80946
110387,3.45606
110388,2.71404
110389,2.41644
110390,3.01561
110391,3.62686
110392,4.05864
110393,3.90123
110394,2.80499
110395,3.80908
110396,3.70625
110397,3.77277
110398,4.70012
110399,3.79331
110400,3.96631
110401,3.93293
110402,5.0
110403,4.25912
110404,3.60774
110405,4.5703
110406,4.39135
110407,4.5293
110408,4.04452
110409,4.84687
110410,3.44019
110411,4.81892
110412,4.34746
110413,5.0
110414,3.74738
110415,3.80526
110416,2.85
110417,4.50321
110418,4.44982
110419,3.77108
110420,3.56332
110421,3.82587
110422,4.05488
110423,3.88926
110424,3.74306
110425,3.83094
110426,3.36358
110427,3.20479
110428,4.45127
110429,3.50508
110430,3.61026
110431,4.71627
110432,4.94978
110433,3.12268
110434,4.24202
110435,3.23516
110436,4.2972
110437,4.28174
110438,3.90167
110439,4.59329
110440,3.2774
110441,3.76661
110442,3.74776
110443,3.64555
110444,3.11345
110445,4.54071
110446,2.87875
110447,3.27272
110448,3.48121
110449,2.24704
110450,2.67788
110451,3.51056
110452,2.7067
110453,4.11801
110454,4.85952
110455,4.79904
110456,4.58533
110457,4.18949
110458,2.76497
110459,4.80612
110460,4.02937
110461,3.38419
110462,3.98093
110463,3.47344
110464,4.18121
110465,3.71382
110466,3.97245
110467,4.2384
110468,4.15038
110469,4.24544
110470,3.91983
110471,4.13344
110472,4.43787
110473,4.53876
110474,4.8352
110475,3.89923
110476,3.82065
110477,4.13911
110478,3.93866
110479,2.82969
110480,3.24717
110481,3.82635
110482,4.37566
110483,4.12388
110484,4.25629
110485,4.27036
110486,4.26159
110487,4.60801
110488,4.41877
110489,4.07009
110490,5.0
110491,3.85148
110492,4.74073
110493,4.57194
110494,4.11415
110495,3.35396
110496,4.16395
110497,3.5383
110498,4.80198
110499,4.49569
110500,3.73833
110501,2.81036
110502,2.78826
110503,3.08185
110504,3.14417
110505,3.94726
110506,3.82146
110507,4.19353
110508,3.87373
110509,2.8229
110510,3.48839
110511,4.31769
110512,3.33507
110513,3.07047
110514,3.71274
110515,4.2466
110516,3.86094
110517,4.52096
110518,4.37485
110519,4.09268
110520,4.429
110521,4.03226
110522,3.67135
110523,4.58137
110524,2.56359
110525,4.33019
110526,4.05583
110527,3.62732
110528,3.62698
110529,4.04254
110530,2.87022
110531,4.16389
110532,3.81649
110533,4.5589
110534,3.42741
110535,3.61094
110536,4.31031
110537,2.90923
110538,2.43306
110539,3.92473
110540,4.03815
110541,3.57596
110542,3.91469
110543,3.59682
110544,3.32503
110545,3.14256
110546,4.0556
110547,4.05317
110548,3.9167
110549,3.97254
110550,4.1844
110551,2.8036
110552,3.56754
110553,4.19044
110554,3.05245
110555,4.25409
110556,4.21837
110557,4.14388
110558,3.66275
110559,3.85726
110560,4.1845
110561,3.06624
110562,2.79704
110563,4.13358
110564,3.36503
110565,4.23249
110566,4.23583
110567,3.7672
110568,3.79493
110569,4.258
110570,3.88647
110571,3.38727
110572,2.32478
110573,3.15886
110574,3.13354
110575,3.20227
110576,2.68802
110577,3.37361
110578,4.67512
110579,4.59389
110580,3.65377
110581,3.82936
110582,2.80487
110583,4.48637
110584,2.6766
110585,3.6193
110586,3.63536
110587,3.24806
110588,3.22385
110589,2.91359
110590,4.09818
110591,3.65127
110592,4.41384
110593,3.38364
110594,5.0
110595,4.64672
110596,5.0
110597,2.70563
110598,2.83737
110599,3.09978
110600,2.38096
110601,3.73967
110602,3.99616
110603,2.59514
110604,2.45786
110605,3.15789
110606,3.97571
110607,3.72965
110608,2.92218
110609,3.10283
110610,2.50051
110611,3.78386
110612,3.2788
110613,3.3706
110614,1.78749
110615,2.21203
110616,1.98719
110617,2.89243
110618,2.20491
110619,3.36266
110620,2.28543
110621,3.76358
110622,1.78616
110623,3.84551
110624,2.92027
110625,3.52563
110626,3.15627
110627,2.71795
110628,3.37176
110629,2.01564
110630,3.40238
110631,2.50318
110632,2.62088
110633,3.8344
110634,3.02555
110635,2.72072
110636,3.93399
110637,3.48809
110638,3.36149
110639,3.65353
110640,2.88945
110641,3.95162
110642,2.88766
110643,3.87331
110644,2.98441
110645,3.50503
110646,4.2879
110647,2.14584
110648,2.1079
110649,2.41528
110650,3.73639
110651,3.28533
110652,4.05341
110653,2.2261
110654,3.03517
110655,3.28178
110656,3.68323
110657,2.10921
110658,3.29735
110659,2.93224
110660,4.40408
110661,3.12917
110662,4.49394
110663,3.38124
110664,2.75483
110665,4.28107
110666,4.66094
110667,4.55637
110668,3.31062
110669,3.37331
110670,2.2443
110671,4.46908
110672,4.46256
110673,4.00446
110674,4.28991
110675,4.06915
110676,4.18592
110677,4.2297
110678,4.33779
110679,4.37045
110680,4.18187
110681,3.69914
110682,3.04404
110683,4.15108
110684,2.12294
110685,1.88944
110686,1.72925
110687,4.28516
110688,3.918
110689,3.44892
110690,2.35547
110691,2.53539
110692,3.17732
110693,2.56295
110694,4.17258
110695,3.94191
110696,2.91512
110697,1.99153
110698,2.48814
110699,2.60363
110700,3.86257
110701,3.20754
110702,4.18508
110703,2.93392
110704,3.37152
110705,2.75007
110706,4.00724
110707,3.96673
110708,3.29913
110709,4.02003
110710,3.34252
110711,3.75244
110712,2.83097
110713,3.63483
110714,3.58217
110715,4.24192
110716,2.90078
110717,2.69217
110718,2.95716
110719,3.7724
110720,3.98816
110721,2.9661
110722,4.79951
110723,4.00893
110724,4.41578
110725,4.43908
110726,4.02881
110727,2.60004
110728,3.34653
110729,1.45629
110730,2.84305
110731,3.21008
110732,4.29316
110733,3.56309
110734,4.42013
110735,4.24848
110736,3.98734
110737,3.1124
110738,2.85654
110739,2.70839
110740,3.26985
110741,4.61817
110742,2.75112
110743,2.67438
110744,4.88455
110745,4.46365
110746,2.08977
110747,3.58921
110748,3.30755
110749,4.11385
110750,3.87527
110751,2.65016
110752,3.68732
110753,3.63474
110754,3.92839
110755,3.75609
110756,4.10828
110757,3.31129
110758,3.82346
110759,2.85669
110760,3.80398
110761,4.08198
110762,4.42667
110763,4.12916
110764,3.62643
110765,2.30215
110766,3.75852
110767,2.67579
110768,4.08554
110769,3.99904
110770,2.52472
110771,2.12703
110772,2.07591
110773,2.03403
110774,4.2192
110775,1.84342
110776,4.29555
110777,3.12616
110778,4.24221
110779,3.04461
110780,2.49125
110781,4.68174
110782,3.16715
110783,4.61197
110784,4.00031
110785,4.65449
110786,3.7433
110787,4.10362
110788,3.77608
110789,2.10016
110790,4.31764
110791,3.84745
110792,3.63262
110793,2.28115
110794,4.03208
110795,3.58989
110796,3.07206
110797,3.96018
110798,3.4411
110799,3.87414
110800,3.22569
110801,4.02944
110802,3.10963
110803,2.15909
110804,3.61209
110805,3.0986
110806,2.22395
110807,3.29767
110808,3.16243
110809,3.165
110810,2.56275
110811,3.33106
110812,2.74991
110813,3.64146
110814,3.66624
110815,3.87592
110816,1.87205
110817,1.91275
110818,3.60407
110819,2.7885
110820,2.04103
110821,3.56069
110822,3.13838
110823,1.0
110824,4.22411
110825,3.82563
110826,3.16252
110827,3.86693
110828,3.9445
110829,2.988
110830,3.85895
110831,3.71389
110832,2.94507
110833,4.23815
110834,2.94694
110835,3.39393
110836,3.74192
110837,3.28999
110838,4.06639
110839,2.91807
110840,3.74051
110841,3.45459
110842,3.665
110843,2.92347
110844,3.66115
110845,2.27899
110846,3.47798
110847,3.02533
110848,2.86072
110849,4.57892
110850,3.58087
110851,3.58317
110852,3.97489
110853,3.62471
110854,3.5862
110855,3.58551
110856,4.00701
110857,4.63209
110858,2.06276
110859,3.44472
110860,5.0
110861,3.58673
110862,4.53563
110863,3.09496
110864,3.1804
110865,4.36614
110866,3.69807
110867,4.679
110868,3.46781
110869,2.98923
110870,3.62951
110871,4.34776
110872,4.68469
110873,3.42802
110874,2.90301
110875,2.98094
110876,3.66478
110877,3.49983
110878,4.48693
110879,4.22835
110880,3.67709
110881,3.12082
110882,3.33983
110883,3.65161
110884,3.61999
110885,3.17308
110886,3.11126
110887,2.30899
110888,2.31589
110889,3.38722
110890,3.83792
110891,3.59087
110892,3.1836
110893,3.18792
110894,2.47922
110895,2.96306
110896,2.22444
110897,3.85957
110898,2.2004
110899,2.73116
110900,4.15419
110901,2.5307
110902,3.36087
110903,3.83681
110904,4.53396
110905,3.0683
110906,4.49865
110907,4.11683
110908,3.0512
110909,3.29038
110910,3.55451
110911,4.03193
110912,2.6366
110913,2.92302
110914,1.83398
110915,3.90697
110916,2.61783
110917,4.15114
110918,3.00412
110919,3.32881
110920,4.38554
110921,2.51883
110922,3.75991
110923,4.13402
110924,4.14504
110925,4.71105
110926,3.80112
110927,2.51187
110928,3.9051
110929,3.43424
110930,3.00597
110931,3.33181
110932,4.06344
110933,4.46496
110934,4.62022
110935,4.44062
110936,3.21838
110937,4.83391
110938,4.246
110939,4.89829
110940,3.40544
110941,4.56732
110942,3.85016
110943,3.25459
110944,3.56793
110945,5.0
110946,4.36357
110947,4.60579
110948,4.59568
110949,5.0
110950,4.48707
110951,4.56962
110952,3.34914
110953,4.53793
110954,3.88655
110955,4.44821
110956,4.29025
110957,4.06966
110958,4.4179
110959,4.13482
110960,3.45925
110961,4.6155
110962,3.9459
110963,4.64351
110964,4.41408
110965,3.90631
110966,3.56201
110967,4.62376
110968,4.3862
110969,4.33688
110970,4.66924
110971,3.87631
110972,4.13112
110973,3.38753
110974,4.04179
110975,3.21875
110976,4.50041
110977,3.99982
110978,5.0
110979,4.31356
110980,4.44933
110981,3.23181
110982,4.65818
110983,4.78591
110984,4.97463
110985,4.64026
110986,4.59216
110987,4.18196
110988,3.74773
110989,4.4658
110990,3.87357
110991,4.33318
110992,4.19498
110993,4.33923
110994,4.07028
110995,4.16926
110996,4.57599
110997,4.07132
110998,4.32247
110999,4.82734
111000,4.29863
111001,4.15958
111002,4.93583
111003,4.36668
111004,4.09197
111005,3.8979
111006,4.1977
111007,3.94306
111008,3.65304
111009,3.37677
111010,4.06603
111011,4.42843
111012,3.57845
111013,3.23642
111014,4.06253
111015,4.56931
111016,4.74148
111017,4.63244
111018,4.77796
111019,4.5389
111020,3.88629
111021,3.75512
111022,5.0
111023,3.23315
111024,3.12805
111025,2.87504
111026,3.38307
111027,3.97599
111028,4.20544
111029,3.76153
111030,3.82413
111031,3.75734
111032,3.92191
111033,3.77191
111034,4.01631
111035,2.84152
111036,3.34249
111037,4.68309
111038,4.81556
111039,3.67499
111040,3.30114
111041,4.36137
111042,3.94448
111043,4.08651
111044,3.30141
111045,1.98676
111046,1.79432
111047,3.04349
111048,4.20567
111049,3.64686
111050,2.64471
111051,3.43427
111052,3.96233
111053,3.53379
111054,2.27044
111055,2.50964
111056,3.68501
111057,3.60223
111058,2.92796
111059,3.47989
111060,2.49483
111061,2.63356
111062,3.35894
111063,1.92279
111064,3.18428
111065,2.65071
111066,3.39863
111067,2.15392
111068,3.02703
111069,4.70673
111070,3.50182
111071,4.00539
111072,4.08161
111073,4.26731
111074,3.42114
111075,3.47814
111076,3.99422
111077,3.61032
111078,3.33063
111079,3.80106
111080,3.34129
111081,3.76753
111082,3.57063
111083,3.42355
111084,3.80604
111085,3.29637
111086,3.75777
111087,3.43078
111088,3.33663
111089,3.50647
111090,3.75964
111091,3.34597
111092,3.72049
111093,3.70774
111094,2.9516
111095,3.49389
111096,3.28421
111097,3.58587
111098,4.34998
111099,2.63557
111100,4.12864
111101,3.85289
111102,3.43278
111103,3.26299
111104,3.37514
111105,3.20016
111106,3.75335
111107,2.76692
111108,4.09554
111109,3.53668
111110,3.48588
111111,3.83046
111112,3.12696
111113,3.30685
111114,3.0867
111115,3.61554
111116,3.80594
111117,4.23102
111118,3.33315
111119,4.01359
111120,4.18401
111121,3.44894
111122,3.23212
111123,4.16668
111124,3.20483
111125,3.78204
111126,3.62522
111127,4.51876
111128,3.49435
111129,3.33995
111130,3.6063
111131,3.92484
111132,3.30232
111133,3.01091
111134,4.04054
111135,2.95198
111136,3.12008
111137,4.43428
111138,3.64564
111139,3.77973
111140,4.5939
111141,3.92363
111142,4.63125
111143,2.93955
111144,3.65092
111145,2.85741
111146,3.03618
111147,3.88536
111148,3.74099
111149,3.47216
111150,4.10839
111151,3.56804
111152,4.10566
111153,3.69976
111154,3.91184
111155,3.74404
111156,3.68728
111157,3.89017
111158,3.84593
111159,3.98386
111160,3.25036
111161,4.53739
111162,4.35151
111163,4.40283
111164,4.32182
111165,4.25955
111166,3.15264
111167,4.45303
111168,5.0
111169,3.91635
111170,3.72123
111171,3.71992
111172,3.66284
111173,4.04261
111174,4.29968
111175,3.44992
111176,2.49063
111177,3.472
111178,3.69109
111179,3.37781
111180,4.69765
111181,3.49653
111182,3.53904
111183,3.99664
111184,3.40845
111185,3.74317
111186,3.59314
111187,3.72542
111188,4.27456
111189,3.82018
111190,4.72664
111191,3.64606
111192,4.16745
111193,3.73954
111194,3.04357
111195,3.9918
111196,3.9198
111197,3.22246
111198,3.8696
111199,3.75188
111200,3.41382
111201,3.93934
111202,2.82152
111203,3.79365
111204,3.36195
111205,2.15358
111206,2.78262
111207,3.44683
111208,2.37785
111209,3.36386
111210,3.05142
111211,2.96323
111212,3.75991
111213,3.01838
111214,2.84505
111215,4.08958
111216,2.77932
111217,3.71261
111218,3.12602
111219,3.98
111220,3.65354
111221,4.65913
111222,4.00446
111223,3.49341
111224,4.12757
111225,4.276
111226,3.03611
111227,3.33857
111228,4.50549
111229,3.2751
111230,3.89275
111231,3.60257
111232,4.12737
111233,4.09859
111234,1.79389
111235,3.87962
111236,4.25975
111237,4.27199
111238,3.4886
111239,3.14619
111240,4.42123
111241,4.17876
111242,4.5422
111243,3.66269
111244,4.1411
111245,4.59442
111246,3.23931
111247,4.04337
111248,3.42535
111249,4.0096
111250,3.94121
111251,4.17669
111252,3.60928
111253,3.52497
111254,3.83313
111255,3.24154
111256,3.49926
111257,3.72005
111258,3.51678
111259,3.80655
111260,3.96614
111261,3.41162
111262,3.39579
111263,2.99897
111264,3.9374
111265,2.22335
111266,3.82958
111267,3.77455
111268,4.0578
111269,3.31131
111270,3.65702
111271,2.74839
111272,3.94478
111273,3.402
111274,3.87472
111275,4.197
111276,4.04816
111277,3.98116
111278,3.40822
111279,4.31454
111280,3.31257
111281,3.80918
111282,3.89677
111283,3.82082
111284,3.18799
111285,3.77454
111286,4.42929
111287,3.44497
111288,3.48024
111289,3.29313
111290,3.07592
111291,4.13143
111292,3.74516
111293,4.4353
111294,4.21498
111295,3.59066
111296,3.85716
111297,3.33448
111298,3.84544
111299,3.59676
111300,4.00678
111301,3.97153
111302,4.36563
111303,2.99912
111304,2.35889
111305,4.13077
111306,4.04101
111307,4.96235
111308,3.36169
111309,4.98531
111310,3.11951
111311,3.79355
111312,3.44769
111313,3.54182
111314,4.12765
111315,1.56507
111316,3.29982
111317,4.93335
111318,4.2625
111319,4.0853
111320,4.79746
111321,3.50537
111322,3.89102
111323,4.52342
111324,3.9838
111325,4.61145
111326,3.19569
111327,3.96631
111328,3.19814
111329,4.45075
111330,3.64493
111331,4.32565
111332,3.54065
111333,4.27766
111334,4.38669
111335,3.92227
111336,4.53958
111337,3.72267
111338,2.80333
111339,3.9675
111340,3.19566
111341,3.85405
111342,4.22434
111343,4.08888
111344,3.94746
111345,3.7348
111346,2.87173
111347,3.18849
111348,2.63422
111349,3.01453
111350,3.29394
111351,4.13962
111352,2.85734
111353,2.12766
111354,4.20552
111355,3.39586
111356,4.18272
111357,3.69592
111358,2.99675
111359,2.89421
111360,3.63966
111361,4.02983
111362,4.33406
111363,3.9831
111364,4.0008
111365,3.94382
111366,4.12131
111367,3.36403
111368,4.04634
111369,3.00154
111370,3.57604
111371,3.61706
111372,4.58219
111373,2.92442
111374,3.11058
111375,5.0
111376,3.17164
111377,2.40142
111378,4.05256
111379,4.66106
111380,4.21607
111381,4.15933
111382,3.19578
111383,5.0
111384,3.806
111385,4.59203
111386,4.11351
111387,3.81965
111388,4.15016
111389,4.27703
111390,3.47645
111391,3.92996
111392,2.855
111393,4.03906
111394,4.84183
111395,2.26923
111396,4.03996
111397,3.2366
111398,1.41493
111399,2.56459
111400,3.29979
111401,4.44489
111402,3.72957
111403,3.29206
111404,2.58385
111405,4.23076
111406,3.76476
111407,3.85626
111408,2.87667
111409,3.85075
111410,4.54693
111411,4.6873
111412,4.90013
111413,3.78498
111414,4.47153
111415,4.97957
111416,4.05784
111417,4.50421
111418,3.67019
111419,4.72288
111420,3.89383
111421,4.97737
111422,4.17758
111423,2.80308
111424,4.92923
111425,4.21462
111426,3.88138
111427,3.77685
111428,2.4498
111429,1.12281
111430,4.21041
111431,3.96431
111432,3.06331
111433,3.70154
111434,4.3277
111435,3.97644
111436,5.0
111437,3.67181
111438,1.65707
111439,2.90294
111440,3.4406
111441,4.39352
111442,3.75136
111443,3.29741
111444,1.01153
111445,4.49658
111446,3.49804
111447,2.95732
111448,4.13882
111449,2.40052
111450,3.81189
111451,3.48909
111452,2.69458
111453,3.4095
111454,4.58998
111455,4.24142
111456,4.27608
111457,3.53172
111458,2.56999
111459,2.48614
111460,3.09045
111461,1.81547
111462,3.78724
111463,2.44953
111464,3.2018
111465,3.52688
111466,3.47697
111467,3.28231
111468,3.93878
111469,2.47171
111470,1.97373
111471,3.10731
111472,3.841
111473,3.24699
111474,2.3526
111475,3.81786
111476,2.43134
111477,2.94279
111478,2.47253
111479,2.08445
111480,3.21573
111481,3.82782
111482,3.00893
111483,4.73632
111484,1.76682
111485,2.70436
111486,2.64068
111487,3.06678
111488,2.64308
111489,2.40529
111490,3.25592
111491,3.07185
111492,3.30421
111493,2.98882
111494,2.35691
111495,3.04021
111496,2.4584
111497,3.79516
111498,3.15533
111499,2.34187
111500,2.32276
111501,2.8992
111502,2.65755
111503,3.13128
111504,2.89016
111505,2.23019
111506,3.1416
111507,2.87962
111508,2.99575
111509,1.72661
111510,2.00873
111511,2.01301
111512,2.17345
111513,2.48239
111514,2.22662
111515,2.51203
111516,3.74721
111517,2.97767
111518,1.1951
111519,2.31843
111520,3.32201
111521,2.91967
111522,2.19835
111523,4.00161
111524,2.30349
111525,3.6927
111526,2.88487
111527,1.01053
111528,3.12704
111529,3.13327
111530,3.92889
111531,3.77717
111532,5.0
111533,4.85816
111534,3.57599
111535,4.42294
111536,3.04128
111537,1.30296
111538,4.82032
111539,2.61827
111540,3.30214
111541,3.66448
111542,3.17591
111543,3.49101
111544,3.6955
111545,2.42841
111546,3.38491
111547,3.45057
111548,3.15729
111549,3.53697
111550,3.64293
111551,2.93994
111552,3.09886
111553,3.70202
111554,3.28112
111555,2.16976
111556,3.29422
111557,3.51012
111558,3.82037
111559,2.94705
111560,3.01374
111561,3.5172
111562,3.33569
111563,3.65761
111564,4.33145
111565,3.31365
111566,2.6969
111567,3.98051
111568,3.38738
111569,2.67762
111570,3.65212
111571,3.93754
111572,2.64972
111573,3.46041
111574,3.60641
111575,3.55725
111576,2.73773
111577,2.21263
111578,3.39919
111579,2.8554
111580,3.87121
111581,3.53014
111582,3.90275
111583,3.68765
111584,2.77032
111585,3.22533
111586,4.41601
111587,4.49196
111588,4.12303
111589,4.67159
111590,3.86699
111591,3.74645
111592,3.43454
111593,4.02552
111594,1.41635
111595,1.81607
111596,2.70038
111597,3.50692
111598,1.62178
111599,3.79172
111600,1.57852
111601,2.55288
111602,2.81029
111603,3.72668
111604,3.9885
111605,2.98703
111606,2.26669
111607,1.0
111608,1.75463
111609,2.96969
111610,2.1081
111611,2.28333
111612,2.69404
111613,3.81383
111614,3.41524
111615,3.81304
111616,2.25882
111617,2.7773
111618,2.11036
111619,3.1431
111620,2.3871
111621,2.05654
111622,1.55562
111623,4.04496
111624,3.25098
111625,3.17753
111626,3.28154
111627,2.3212
111628,2.01504
111629,1.09158
111630,1.83362
111631,2.61471
111632,2.74967
111633,4.83683
111634,2.50694
111635,2.67049
111636,4.12012
111637,2.35956
111638,2.87241
111639,3.9428
111640,4.19568
111641,2.80395
111642,2.03122
111643,3.98446
111644,2.76238
111645,2.56945
111646,2.02644
111647,2.58011
111648,2.3934
111649,1.0
111650,3.99592
111651,2.31171
111652,3.68403
111653,3.45017
111654,2.10174
111655,3.84747
111656,2.7563
111657,2.23407
111658,2.3232
111659,1.79578
111660,2.20493
111661,4.18793
111662,4.15937
111663,3.74544
111664,1.04202
111665,1.63577
111666,3.55492
111667,3.68973
111668,3.95264
111669,4.21771
111670,4.57662
111671,3.26598
111672,3.84811
111673,3.18824
111674,2.99611
111675,3.38153
111676,1.0
111677,4.78867
111678,2.0681
111679,4.18616
111680,2.84147
111681,2.47894
111682,3.13333
111683,3.35143
111684,1.47476
111685,2.56946
111686,3.71023
111687,3.77804
111688,2.73822
111689,2.40754
111690,3.90311
111691,2.4873
111692,3.92674
111693,3.95949
111694,3.15448
111695,4.15665
111696,3.61639
111697,3.93899
111698,3.94033
111699,3.5569
111700,3.42112
111701,3.78621
111702,4.10227
111703,3.88435
111704,3.64485
111705,3.68788
111706,3.83998
111707,3.81038
111708,3.42114
111709,4.0694
111710,4.11186
111711,3.84782
111712,3.35732
111713,3.76014
111714,3.63435
111715,3.19875
111716,3.17825
111717,3.65627
111718,3.04477
111719,4.91416
111720,3.7554
111721,4.04325
111722,2.23615
111723,2.62344
111724,4.77042
111725,4.21166
111726,1.82093
111727,4.7115
111728,3.30402
111729,3.68551
111730,3.6483
111731,2.95319
111732,3.99856
111733,2.8847
111734,3.94087
111735,4.00723
111736,3.01632
111737,4.07082
111738,4.86346
111739,4.80398
111740,3.55837
111741,3.35987
111742,5.0
111743,4.03115
111744,2.65564
111745,4.62664
111746,4.36643
111747,4.92757
111748,3.75765
111749,2.98055
111750,3.00631
111751,4.30009
111752,3.0528
111753,2.85085
111754,4.18467
111755,2.89567
111756,3.27056
111757,2.54271
111758,2.79848
111759,2.40613
111760,3.10369
111761,3.4697
111762,4.34695
111763,3.47144
111764,3.77429
111765,3.05431
111766,3.19287
111767,3.58349
111768,2.33161
111769,3.68884
111770,3.19548
111771,3.8251
111772,3.04626
111773,3.14154
111774,3.30078
111775,2.0602
111776,3.49454
111777,3.69369
111778,3.12325
111779,3.41706
111780,3.26244
111781,2.68405
111782,2.88576
111783,4.51572
111784,1.93602
111785,2.89978
111786,2.83984
111787,1.88228
111788,3.56347
111789,2.99722
111790,3.43951
111791,2.27326
111792,3.48299
111793,3.81716
111794,3.51802
111795,3.24018
111796,4.26557
111797,3.42571
111798,4.80377
111799,3.98209
111800,3.46159
111801,3.54597
111802,3.69357
111803,3.17083
111804,3.017
111805,2.80889
111806,4.80232
111807,3.02877
111808,4.34795
111809,4.33753
111810,3.37799
111811,4.42807
111812,3.95845
111813,3.53935
111814,4.29034
111815,4.77813
111816,3.51801
111817,4.97176
111818,2.89649
111819,2.72943
111820,2.20353
111821,3.44356
111822,3.47546
111823,1.98079
111824,4.39588
111825,4.24603
111826,5.0
111827,4.54596
111828,4.30416
111829,3.232
111830,4.74272
111831,5.0
111832,4.38796
111833,4.5827
111834,3.76196
111835,4.89339
111836,3.878
111837,4.65819
111838,4.67779
111839,3.12921
111840,3.9469
111841,4.46838
111842,3.21088
111843,3.73464
111844,3.80039
111845,3.33581
111846,3.6804
111847,3.27341
111848,1.81259
111849,3.21645
111850,3.21907
111851,2.73235
111852,4.05215
111853,3.46159
111854,3.22888
111855,4.18136
111856,4.48546
111857,4.29968
111858,3.29783
111859,3.5891
111860,3.29023
111861,3.59728
111862,3.39619
111863,3.06664
111864,3.63604
111865,3.1062
111866,3.31141
111867,3.3369
111868,4.5084
111869,2.74295
111870,2.8402
111871,3.69185
111872,4.08351
111873,3.4203
111874,3.91603
111875,3.65454
111876,3.95865
111877,4.05099
111878,4.12549
111879,3.79302
111880,3.50779
111881,3.5931
111882,4.22369
111883,3.70722
111884,3.42685
111885,4.82475
111886,4.57204
111887,3.7722
111888,3.73889
111889,4.00273
111890,4.04605
111891,3.79994
111892,3.8246
111893,4.40646
111894,3.45075
111895,4.94548
111896,3.68227
111897,4.48428
111898,3.8878
111899,4.02562
111900,3.80398
111901,4.7238
111902,2.84321
111903,4.03211
111904,5.0
111905,4.52027
111906,4.11229
111907,1.70002
111908,3.66346
111909,3.65717
111910,4.45801
111911,2.95122
111912,2.85967
111913,2.92138
111914,3.66297
111915,2.65836
111916,3.66437
111917,3.55738
111918,2.05841
111919,3.95601
111920,3.19874
111921,2.65147
111922,2.98287
111923,4.10583
111924,2.09527
111925,2.46958
111926,1.7359
111927,3.56168
111928,2.46352
111929,2.30316
111930,1.99989
111931,3.98459
111932,1.63885
111933,2.83734
111934,1.68929
111935,3.83031
111936,2.05408
111937,1.86764
111938,1.86982
111939,3.46592
111940,3.81642
111941,3.52221
111942,3.96247
111943,3.4241
111944,2.18898
111945,4.07534
111946,1.65571
111947,3.63964
111948,3.06655
111949,3.4792
111950,1.25411
111951,1.86668
111952,2.23601
111953,3.21794
111954,2.63433
111955,1.33667
111956,3.09362
111957,2.22797
111958,4.55088
111959,2.00264
111960,3.50712
111961,2.77391
111962,1.83816
111963,3.24148
111964,3.71787
111965,1.82101
111966,1.83358
111967,4.28171
111968,3.70979
111969,5.0
111970,3.45067
111971,2.52409
111972,2.17528
111973,2.96271
111974,1.87792
111975,4.04057
111976,3.00767
111977,3.73694
111978,3.89236
111979,1.88842
111980,4.47901
111981,5.0
111982,2.10447
111983,2.06829
111984,2.34309
111985,1.54412
111986,2.1529
111987,4.09245
111988,3.95651
111989,2.37817
111990,2.84479
111991,2.95627
111992,3.70189
111993,3.21639
111994,3.13469
111995,2.99042
111996,2.85409
111997,4.74402
111998,2.84388
111999,4.3735
112000,4.28757
112001,4.36164
112002,4.36031
112003,3.17331
112004,4.87437
112005,3.84938
112006,3.55887
112007,3.06817
112008,3.33998
112009,1.99406
112010,2.90985
112011,3.03304
112012,3.63776
112013,3.35765
112014,3.60674
112015,4.70406
112016,3.18814
112017,3.1299
112018,2.69935
112019,3.48639
112020,3.26642
112021,3.5352
112022,3.31994
112023,2.81204
112024,3.98524
112025,1.4145
112026,2.80863
112027,3.38482
112028,4.25554
112029,4.75658
112030,4.25965
112031,4.2805
112032,4.84407
112033,3.24788
112034,3.53547
112035,2.91131
112036,3.30983
112037,2.15251
112038,3.065
112039,1.0
112040,2.70899
112041,3.2031
112042,3.53944
112043,2.56503
112044,3.66374
112045,3.12789
112046,3.14262
112047,2.71894
112048,3.29561
112049,2.32955
112050,2.29803
112051,2.0266
112052,2.49967
112053,2.11473
112054,2.14592
112055,2.48916
112056,2.96362
112057,2.47696
112058,2.27443
112059,1.94542
112060,2.90184
112061,2.43489
112062,2.10039
112063,3.06106
112064,2.63004
112065,2.79055
112066,2.65236
112067,2.41259
112068,2.34228
112069,1.72164
112070,2.45097
112071,2.24484
112072,2.69127
112073,3.00548
112074,2.5305
112075,2.17723
112076,3.05002
112077,2.48261
112078,1.91814
112079,2.8067
112080,3.18661
112081,1.91981
112082,3.47397
112083,2.45717
112084,3.03611
112085,2.91646
112086,2.4888
112087,3.77178
112088,2.46624
112089,2.15147
112090,1.80643
112091,4.60874
112092,4.7461
112093,3.83055
112094,2.99352
112095,2.92683
112096,3.02326
112097,4.6645
112098,3.75753
112099,3.60296
112100,4.33211
112101,3.80892
112102,3.87235
112103,2.35577
112104,4.17019
112105,3.58186
112106,4.46249
112107,3.28522
112108,3.30099
112109,1.96161
112110,2.47871
112111,2.37239
112112,4.23458
112113,4.44331
112114,3.49597
112115,3.90935
112116,3.65987
112117,3.43871
112118,3.96234
112119,3.73055
112120,3.68865
112121,3.73598
112122,3.26835
112123,3.22626
112124,3.62991
112125,4.01759
112126,3.26214
112127,3.43532
112128,4.02318
112129,3.15994
112130,3.56785
112131,4.14399
112132,3.14281
112133,3.49947
112134,3.31486
112135,3.8164
112136,2.90468
112137,3.92398
112138,2.86027
112139,3.52528
112140,3.90528
112141,3.79278
112142,3.02958
112143,1.91702
112144,3.48477
112145,3.68077
112146,3.55295
112147,3.56946
112148,3.4912
112149,3.21811
112150,3.62513
112151,3.5179
112152,3.73019
112153,3.74207
112154,4.01183
112155,4.0395
112156,3.8748
112157,3.99995
112158,4.00896
112159,3.88755
112160,4.25018
112161,3.42727
112162,3.89862
112163,2.00521
112164,3.90062
112165,5.0
112166,4.10033
112167,2.07645
112168,3.31917
112169,2.72978
112170,3.65159
112171,1.38524
112172,4.3012
112173,1.96986
112174,5.0
112175,2.40374
112176,3.39589
112177,4.47528
112178,3.66119
112179,1.92034
112180,4.7415
112181,4.11003
112182,1.16352
112183,1.51004
112184,2.16542
112185,4.95676
112186,3.77942
112187,3.03559
112188,4.17574
112189,4.36214
112190,4.01654
112191,3.08408
112192,4.52604
112193,3.74607
112194,3.31168
112195,3.53213
112196,4.15383
112197,2.89665
112198,3.58531
112199,3.25104
112200,3.32279
112201,2.97643
112202,3.43467
112203,3.86859
112204,2.82929
112205,4.24016
112206,2.34512
112207,3.46371
112208,2.27629
112209,3.57125
112210,3.87302
112211,3.23061
112212,3.23254
112213,2.23455
112214,3.54106
112215,3.51681
112216,5.0
112217,3.00841
112218,3.62386
112219,3.54166
112220,4.69256
112221,2.99401
112222,3.19137
112223,4.28565
112224,3.90214
112225,4.22726
112226,4.22131
112227,3.28652
112228,3.17557
112229,3.80314
112230,4.69731
112231,4.16269
112232,3.78139
112233,3.58974
112234,3.94883
112235,2.70463
112236,3.29564
112237,3.67261
112238,3.40329
112239,4.1789
112240,4.32615
112241,4.12606
112242,3.91728
112243,3.21006
112244,3.8657
112245,3.18591
112246,3.47013
112247,3.93666
112248,4.13551
112249,4.30466
112250,4.07506
112251,3.11666
112252,4.1832
112253,2.22102
112254,2.31555
112255,2.35161
112256,1.9828
112257,2.76781
112258,2.09486
112259,3.53898
112260,2.8328
112261,4.23017
112262,3.17493
112263,3.87532
112264,3.61272
112265,4.59376
112266,4.0391
112267,4.85375
112268,4.73422
112269,4.42937
112270,5.0
112271,4.14719
112272,4.28073
112273,3.61138
112274,4.18513
112275,3.98926
112276,3.55546
112277,2.92121
112278,4.62906
112279,4.10544
112280,4.25495
112281,3.77839
112282,3.88178
112283,4.46902
112284,4.85984
112285,3.58241
112286,3.91551
112287,4.98276
112288,3.46854
112289,3.99065
112290,2.90549
112291,4.87358
112292,3.916
112293,4.14746
112294,4.45347
112295,4.90707
112296,2.12634
112297,3.45623
112298,3.74232
112299,3.08421
112300,2.68498
112301,4.27175
112302,3.66428
112303,3.63217
112304,3.56936
112305,3.04356
112306,3.55564
112307,3.52289
112308,3.78579
112309,3.59255
112310,3.62809
112311,4.26872
112312,3.8707
112313,3.18321
112314,3.39036
112315,3.58197
112316,3.0224
112317,3.82252
112318,3.90023
112319,2.16343
112320,3.5839
112321,3.26662
112322,3.93417
112323,4.4745
112324,3.06006
112325,4.14239
112326,3.91729
112327,3.0629
112328,3.54418
112329,3.86092
112330,3.01193
112331,3.38525
112332,4.05408
112333,3.04463
112334,3.55973
112335,3.86133
112336,3.34173
112337,3.53048
112338,3.85913
112339,3.90427
112340,3.53899
112341,4.01838
112342,2.26797
112343,3.33935
112344,3.28385
112345,4.02892
112346,2.53476
112347,3.73686
112348,4.27127
112349,2.78932
112350,2.78639
112351,3.3828
112352,2.68446
112353,2.79191
112354,2.42844
112355,2.95726
112356,3.49667
112357,2.37551
112358,2.86062
112359,3.05261
112360,3.06443
112361,2.62992
112362,2.93716
112363,3.36014
112364,2.8398
112365,1.78163
112366,3.44473
112367,3.34186
112368,2.88684
112369,3.0276
112370,2.52242
112371,3.04253
112372,3.47987
112373,3.11823
112374,3.47266
112375,3.43252
112376,3.41038
112377,1.61263
112378,2.39973
112379,3.04031
112380,3.95474
112381,1.59639
112382,2.52654
112383,4.15747
112384,3.87511
112385,3.2564
112386,2.57926
112387,3.23814
112388,3.95905
112389,3.63444
112390,4.90149
112391,4.07613
112392,4.37249
112393,3.96949
112394,3.2314
112395,3.7681
112396,4.00061
112397,2.81486
112398,3.53208
112399,1.27977
112400,2.80803
112401,1.76681
112402,4.02169
112403,4.26694
112404,4.38305
112405,2.74837
112406,3.32791
112407,2.89932
112408,2.57481
112409,5.0
112410,4.40531
112411,1.336
112412,3.29402
112413,4.60754
112414,1.4953
112415,3.77137
112416,5.0
112417,4.4149
112418,4.32863
112419,4.83373
112420,4.56524
112421,4.11728
112422,4.27231
112423,2.60052
112424,4.13455
112425,2.78393
112426,4.27268
112427,2.83109
112428,4.08786
112429,3.30762
112430,3.46684
112431,3.21381
112432,1.62813
112433,4.49398
112434,4.41225
112435,3.24059
112436,3.33212
112437,3.04982
112438,3.48187
112439,1.21059
112440,2.49058
112441,2.88126
112442,2.87319
112443,4.44659
112444,3.55223
112445,3.18074
112446,2.91914
112447,3.11418
112448,4.46971
112449,3.15643
112450,3.57836
112451,1.42339
112452,5.0
112453,2.77154
112454,3.74447
112455,3.6548
112456,1.8029
112457,4.97285
112458,3.87184
112459,3.35163
112460,4.22947
112461,3.60158
112462,3.19214
112463,3.79035
112464,3.16175
112465,3.16419
112466,2.49807
112467,4.05388
112468,3.3188
112469,3.6934
112470,2.85478
112471,4.03444
112472,3.59079
112473,4.51322
112474,3.61314
112475,3.293
112476,3.07868
112477,4.06937
112478,3.45388
112479,3.61976
112480,2.85693
112481,3.2263
112482,4.22234
112483,3.74277
112484,3.92864
112485,3.91816
112486,2.77522
112487,3.57466
112488,4.77379
112489,4.49803
112490,4.06181
112491,4.21304
112492,4.47258
112493,4.04191
112494,4.34193
112495,4.00583
112496,3.79187
112497,4.622
112498,3.78099
112499,4.29243
112500,3.30457
112501,3.69184
112502,3.83445
112503,4.49815
112504,3.75455
112505,3.0015
112506,4.2813
112507,3.55236
112508,3.89221
112509,3.9797
112510,4.04119
112511,4.04612
112512,3.96788
112513,4.11547
112514,3.67805
112515,3.65398
112516,3.89451
112517,3.8525
112518,4.31443
112519,4.17564
112520,4.42832
112521,3.74989
112522,3.35676
112523,3.14635
112524,4.39155
112525,3.765
112526,3.83031
112527,3.69494
112528,3.86697
112529,4.34844
112530,3.95962
112531,3.36005
112532,4.75184
112533,3.44003
112534,4.03715
112535,4.87763
112536,4.64764
112537,4.7483
112538,4.24892
112539,2.92125
112540,3.60693
112541,4.23463
112542,3.92099
112543,3.36
112544,3.36518
112545,1.32757
112546,4.88577
112547,4.1432
112548,4.23465
112549,4.66391
112550,3.88585
112551,4.80736
112552,4.65258
112553,3.11238
112554,2.66217
112555,3.42799
112556,4.21102
112557,2.17103
112558,4.2922
112559,4.69139
112560,4.26752
112561,3.84169
112562,3.18586
112563,4.14594
112564,3.33843
112565,5.0
112566,4.165
112567,2.6413
112568,3.81972
112569,3.33853
112570,3.10679
112571,2.63811
112572,4.14427
112573,3.64676
112574,2.48995
112575,2.23831
112576,1.36061
112577,2.11116
112578,3.59641
112579,3.90861
112580,3.33635
112581,3.31107
112582,2.35109
112583,3.04083
112584,2.47476
112585,2.24269
112586,3.28156
112587,3.91758
112588,4.15568
112589,3.48728
112590,3.91102
112591,2.42906
112592,2.19185
112593,2.87891
112594,3.27476
112595,3.44966
112596,4.19762
112597,4.1915
112598,4.64222
112599,4.65697
112600,3.66318
112601,4.02811
112602,2.96363
112603,3.61085
112604,4.2977
112605,4.8902
112606,4.14705
112607,4.16233
112608,3.84954
112609,3.8332
112610,2.16246
112611,4.21218
112612,5.0
112613,4.14227
112614,4.18621
112615,4.97156
112616,5.0
112617,4.55357
112618,4.71001
112619,4.80577
112620,4.13505
112621,2.93765
112622,3.63076
112623,4.04817
112624,3.30088
112625,3.07923
112626,4.08914
112627,3.61367
112628,3.23317
112629,4.20003
112630,4.16571
112631,2.99941
112632,2.91322
112633,4.76813
112634,3.26294
112635,2.41167
112636,2.72484
112637,3.81564
112638,4.63715
112639,3.40347
112640,3.71787
112641,4.98978
112642,4.72687
112643,4.50269
112644,4.33898
112645,3.30155
112646,4.72812
112647,3.61006
112648,2.8614
112649,3.21091
112650,3.78938
112651,3.53726
112652,3.39442
112653,3.64172
112654,2.6255
112655,3.99761
112656,1.46044
112657,2.81964
112658,3.39422
112659,3.76482
112660,2.85361
112661,3.46321
112662,3.22052
112663,4.8541
112664,4.87467
112665,4.46792
112666,3.15359
112667,4.19215
112668,4.78692
112669,4.15909
112670,3.22851
112671,3.97178
112672,3.78444
112673,3.19243
112674,3.18851
112675,3.49998
112676,4.61529
112677,4.81403
112678,4.70722
112679,4.0167
112680,3.65206
112681,4.1191
112682,4.36949
112683,3.84385
112684,4.91202
112685,2.41483
112686,3.79518
112687,3.80548
112688,4.2972
112689,4.11001
112690,3.57539
112691,2.74445
112692,2.82847
112693,4.36864
112694,3.97562
112695,5.0
112696,3.61741
112697,3.92283
112698,4.94941
112699,3.68729
112700,2.45773
112701,3.01077
112702,3.04762
112703,4.00116
112704,4.4079
112705,1.2703
112706,4.50716
112707,4.66479
112708,4.25045
112709,3.12452
112710,3.95198
112711,3.82861
112712,4.97157
112713,3.55333
112714,3.3248
112715,5.0
112716,4.23239
112717,3.90563
112718,3.29755
112719,3.06213
112720,3.00837
112721,3.36032
112722,2.8806
112723,3.79337
112724,3.09541
112725,3.79865
112726,2.6088
112727,3.40397
112728,3.67699
112729,4.41116
112730,2.6713
112731,3.69957
112732,2.88453
112733,3.58544
112734,3.03738
112735,3.96394
112736,3.84795
112737,3.13478
112738,3.71588
112739,4.60723
112740,4.22811
112741,3.93166
112742,3.95804
112743,3.54722
112744,3.54319
112745,3.70074
112746,3.41782
112747,3.27136
112748,3.8294
112749,3.8779
112750,4.4872
112751,4.29251
112752,2.57964
112753,2.69023
112754,2.7217
112755,4.10093
112756,3.41926
112757,3.67158
112758,3.76544
112759,3.94013
112760,4.42763
112761,3.36122
112762,2.72766
112763,4.0523
112764,3.88987
112765,3.58438
112766,4.07949
112767,3.82006
112768,4.03012
112769,4.91134
112770,3.69463
112771,3.40283
112772,4.05815
112773,3.37972
112774,2.31565
112775,4.46581
112776,3.87484
112777,4.31493
112778,3.75398
112779,3.50159
112780,2.84413
112781,3.59378
112782,4.34835
112783,4.38881
112784,3.78052
112785,3.72117
112786,3.08684
112787,3.69599
112788,3.04622
112789,4.3222
112790,4.43154
112791,3.90855
112792,3.28699
112793,3.7341
112794,4.16483
112795,3.29522
112796,4.0331
112797,3.78362
112798,3.77884
112799,3.69931
112800,3.45866
112801,3.73179
112802,2.9886
112803,3.72096
112804,4.5689
112805,4.13952
112806,2.64295
112807,4.28903
112808,4.20461
112809,4.04651
112810,3.48632
112811,3.76746
112812,3.76924
112813,2.51337
112814,2.98525
112815,3.95346
112816,3.49357
112817,3.4057
112818,4.69968
112819,3.92948
112820,3.21063
112821,3.6604
112822,3.49677
112823,4.20175
112824,3.20817
112825,2.95856
112826,2.93824
112827,3.59545
112828,3.63007
112829,3.49441
112830,3.89569
112831,3.21612
112832,4.64735
112833,4.40181
112834,4.23172
112835,3.6343
112836,4.11316
112837,4.22482
112838,4.54202
112839,4.63535
112840,2.21967
112841,3.56567
112842,3.04359
112843,4.73488
112844,4.29462
112845,3.52694
112846,3.98339
112847,4.12108
112848,4.0034
112849,3.24756
112850,2.83164
112851,2.85849
112852,4.6988
112853,4.02977
112854,3.8487
112855,2.6764
112856,2.95345
112857,2.95315
112858,3.42544
112859,5.0
112860,3.49775
112861,3.44958
112862,3.63098
112863,4.49301
112864,3.78754
112865,3.40487
112866,4.4794
112867,2.52088
112868,3.8605
112869,3.78786
112870,3.38949
112871,3.76718
112872,3.13247
112873,3.02295
112874,3.5471
112875,2.21114
112876,3.88669
112877,3.7924
112878,2.89223
112879,3.99124
112880,3.76887
112881,3.37882
112882,3.76914
112883,3.20435
112884,3.54436
112885,4.0782
112886,4.314
112887,4.57538
112888,4.46331
112889,3.70942
112890,3.87132
112891,3.77078
112892,3.37515
112893,2.74995
112894,2.23194
112895,2.51125
112896,2.58715
112897,1.83639
112898,3.17914
112899,2.88703
112900,2.87521
112901,2.95605
112902,3.36936
112903,3.47851
112904,3.33373
112905,3.82836
112906,3.12302
112907,2.72835
112908,3.45164
112909,3.05474
112910,3.77359
112911,3.57665
112912,4.37067
112913,3.80176
112914,3.62922
112915,4.71952
112916,3.70739
112917,2.44042
112918,2.18343
112919,4.60239
112920,4.08757
112921,4.22001
112922,3.25787
112923,2.88938
112924,4.83121
112925,4.31336
112926,4.92116
112927,3.89005
112928,4.58949
112929,3.33828
112930,4.71673
112931,4.30612
112932,4.26141
112933,3.57707
112934,4.72966
112935,3.76958
112936,2.89103
112937,2.2277
112938,4.17394
112939,3.65281
112940,3.81239
112941,4.27911
112942,4.84544
112943,4.04696
112944,2.11171
112945,3.84791
112946,3.81589
112947,3.84747
112948,3.75801
112949,4.23038
112950,3.49213
112951,4.91253
112952,3.57531
112953,2.935
112954,4.01714
112955,3.25501
112956,3.91582
112957,3.65815
112958,5.0
112959,3.42434
112960,3.92476
112961,4.04246
112962,4.02603
112963,4.46021
112964,4.54985
112965,4.07507
112966,4.16002
112967,4.62645
112968,4.73016
112969,4.75752
112970,2.83355
112971,3.20293
112972,4.37301
112973,4.31251
112974,4.37742
112975,3.47164
112976,3.94752
112977,4.13734
112978,3.84833
112979,4.00468
112980,4.66734
112981,3.87941
112982,4.44748
112983,3.87373
112984,4.7658
112985,4.1555
112986,3.99554
112987,4.28524
112988,3.54023
112989,4.38588
112990,4.22981
112991,4.08553
112992,3.09998
112993,4.05509
112994,3.61071
112995,3.77988
112996,4.27636
112997,3.42898
112998,4.81457
112999,3.66561
113000,4.58196
113001,2.76856
113002,4.62241
113003,4.05383
113004,4.79884
113005,4.35539
113006,4.83624
113007,2.78007
113008,4.72872
113009,4.82272
113010,5.0
113011,5.0
113012,4.67417
113013,4.64206
113014,3.70033
113015,4.1376
113016,5.0
113017,4.30396
113018,4.63907
113019,2.76116
113020,4.375
113021,4.79821
113022,4.05173
113023,4.38982
113024,5.0
113025,3.54036
113026,4.3614
113027,4.47355
113028,3.658
113029,4.3264
113030,4.38886
113031,3.11335
113032,4.39334
113033,3.81014
113034,3.5096
113035,3.76957
113036,4.40888
113037,3.96118
113038,4.24927
113039,3.42455
113040,2.96103
113041,3.31831
113042,4.06538
113043,3.28854
113044,4.69022
113045,3.75373
113046,3.62864
113047,3.61115
113048,4.10369
113049,4.84211
113050,2.92015
113051,3.81826
113052,2.60295
113053,4.69986
113054,4.23335
113055,2.71616
113056,3.4108
113057,3.96566
113058,4.12273
113059,3.11552
113060,3.06951
113061,4.71078
113062,3.6781
113063,3.49658
113064,3.56759
113065,4.63728
113066,3.94692
113067,2.73654
113068,3.6419
113069,3.86638
113070,3.9513
113071,3.61602
113072,4.45529
113073,3.55119
113074,4.05575
113075,3.47676
113076,4.22084
113077,2.51393
113078,3.26968
113079,3.42782
113080,3.18532
113081,5.0
113082,5.0
113083,3.01411
113084,3.90288
113085,3.38653
113086,2.48925
113087,4.14555
113088,4.25165
113089,3.40242
113090,3.78196
113091,4.49645
113092,4.36831
113093,3.86035
113094,4.42699
113095,3.67123
113096,4.13182
113097,4.37353
113098,4.15014
113099,4.12885
113100,3.71244
113101,3.146
113102,2.95977
113103,2.34591
113104,2.99088
113105,3.43119
113106,2.63046
113107,3.37267
113108,3.46292
113109,4.18059
113110,3.71317
113111,4.42192
113112,3.70828
113113,3.89964
113114,3.51953
113115,3.70756
113116,3.14619
113117,3.92754
113118,3.33758
113119,4.11054
113120,4.0282
113121,4.00976
113122,4.43305
113123,2.57778
113124,3.73374
113125,2.77102
113126,1.19385
113127,4.23341
113128,4.23237
113129,3.22881
113130,3.44138
113131,3.21334
113132,4.63795
113133,3.58475
113134,4.6599
113135,3.82515
113136,3.78545
113137,3.86192
113138,3.61659
113139,3.78535
113140,1.12684
113141,3.96923
113142,3.75782
113143,2.5944
113144,3.08378
113145,2.06435
113146,3.14343
113147,4.2978
113148,3.84632
113149,4.61965
113150,3.25649
113151,3.45685
113152,3.03226
113153,3.95657
113154,3.07951
113155,1.45097
113156,3.97116
113157,2.70766
113158,2.86642
113159,4.10397
113160,4.37938
113161,4.50398
113162,1.05989
113163,4.21587
113164,3.28001
113165,3.13959
113166,2.67167
113167,3.50431
113168,3.58476
113169,5.0
113170,4.76751
113171,3.69588
113172,4.72317
113173,3.10968
113174,4.68679
113175,4.72977
113176,3.62364
113177,2.73756
113178,4.35782
113179,3.33745
113180,3.84834
113181,2.81239
113182,3.43295
113183,3.76283
113184,3.29852
113185,3.92465
113186,3.5995
113187,3.00138
113188,3.22318
113189,3.07367
113190,3.85781
113191,2.67594
113192,3.14294
113193,2.80546
113194,3.27536
113195,2.43139
113196,3.08621
113197,3.54082
113198,2.95614
113199,3.14582
113200,2.74304
113201,3.14158
113202,2.66125
113203,2.57649
113204,2.85199
113205,2.23177
113206,2.25859
113207,3.20366
113208,3.06681
113209,3.73625
113210,3.34305
113211,2.97234
113212,3.35173
113213,3.05906
113214,3.60279
113215,2.58629
113216,3.94888
113217,2.95055
113218,3.91609
113219,1.91971
113220,2.09317
113221,2.30787
113222,2.79173
113223,3.17615
113224,2.66855
113225,3.29247
113226,2.76727
113227,3.10639
113228,3.5579
113229,2.84285
113230,2.0904
113231,3.5595
113232,3.40447
113233,3.30562
113234,3.16594
113235,2.52529
113236,3.34593
113237,2.54657
113238,2.83424
113239,4.12463
113240,3.73187
113241,4.17048
113242,3.83381
113243,4.60653
113244,3.61985
113245,3.58062
113246,3.6665
113247,3.26212
113248,3.43869
113249,2.94269
113250,4.03364
113251,2.97864
113252,3.65811
113253,3.31647
113254,3.70211
113255,2.22778
113256,3.46696
113257,2.98531
113258,3.44102
113259,4.14078
113260,2.79416
113261,3.43678
113262,4.13743
113263,2.86404
113264,3.72642
113265,2.57808
113266,3.81043
113267,3.42978
113268,3.15823
113269,3.52316
113270,3.08518
113271,3.87934
113272,3.81008
113273,3.48179
113274,2.99747
113275,3.58928
113276,4.2832
113277,3.94659
113278,3.98179
113279,3.61929
113280,3.14038
113281,4.00255
113282,2.98596
113283,3.53945
113284,4.06094
113285,2.2637
113286,4.20391
113287,4.11513
113288,3.18505
113289,4.24503
113290,2.38954
113291,3.20598
113292,3.28176
113293,3.49379
113294,3.79883
113295,3.48955
113296,3.14997
113297,2.81074
113298,3.90436
113299,3.80901
113300,3.53237
113301,3.98993
113302,3.75393
113303,3.54521
113304,2.76451
113305,3.66954
113306,3.96794
113307,4.58704
113308,4.25157
113309,4.41568
113310,3.69347
113311,4.57773
113312,3.43379
113313,3.71564
113314,3.96755
113315,4.58194
113316,4.39121
113317,3.62902
113318,4.53238
113319,4.63863
113320,2.74285
113321,4.23073
113322,4.82756
113323,3.50216
113324,4.46587
113325,3.56686
113326,4.03642
113327,4.43846
113328,4.24337
113329,4.68266
113330,3.72087
113331,3.7283
113332,3.98287
113333,2.6745
113334,4.34118
113335,4.72551
113336,2.89791
113337,1.94101
113338,4.07757
113339,3.10706
113340,2.60254
113341,3.93289
113342,2.79408
113343,2.02574
113344,3.13006
113345,2.42287
113346,3.59299
113347,3.09721
113348,3.62822
113349,4.81454
113350,3.35968
113351,4.00122
113352,2.90239
113353,4.62727
113354,3.64175
113355,4.83869
113356,4.40244
113357,3.61072
113358,3.55128
113359,4.93075
113360,4.71879
113361,3.85037
113362,3.8373
113363,3.82131
113364,3.45766
113365,3.10005
113366,3.52427
113367,4.06963
113368,3.97232
113369,3.52562
113370,3.91192
113371,3.49234
113372,3.83456
113373,4.00158
113374,3.46207
113375,4.03839
113376,3.95454
113377,4.37976
113378,4.46692
113379,3.8834
113380,4.4769
113381,4.75678
113382,3.71806
113383,4.25171
113384,5.0
113385,4.33514
113386,4.44818
113387,3.10739
113388,3.79991
113389,2.63319
113390,4.53865
113391,3.7467
113392,4.12043
113393,3.28532
113394,4.26946
113395,2.94283
113396,4.24364
113397,2.01287
113398,2.22573
113399,4.20125
113400,4.18577
113401,4.49965
113402,3.73022
113403,2.94427
113404,3.38566
113405,3.12837
113406,3.15811
113407,3.32271
113408,3.42748
113409,3.67099
113410,3.75367
113411,2.67985
113412,3.24803
113413,2.38382
113414,4.33805
113415,4.04333
113416,4.87028
113417,5.0
113418,3.02242
113419,3.75167
113420,3.74547
113421,3.15919
113422,3.8298
113423,2.8995
113424,4.07239
113425,3.62768
113426,4.00532
113427,3.49567
113428,2.96021
113429,3.50734
113430,3.41198
113431,3.75978
113432,3.20834
113433,3.3633
113434,2.94485
113435,3.91801
113436,4.02623
113437,4.39783
113438,4.96733
113439,3.34041
113440,2.66879
113441,1.74153
113442,3.64494
113443,3.31793
113444,3.77632
113445,3.17571
113446,3.32227
113447,2.87365
113448,3.78711
113449,2.28627
113450,4.58259
113451,1.78196
113452,3.44917
113453,2.8434
113454,3.13484
113455,2.599
113456,4.25599
113457,3.53169
113458,3.3195
113459,2.16897
113460,3.78638
113461,3.92234
113462,3.20736
113463,3.43955
113464,2.92725
113465,4.74058
113466,3.76386
113467,5.0
113468,3.17515
113469,4.21094
113470,4.09656
113471,3.46033
113472,3.85343
113473,3.00984
113474,3.24472
113475,2.91982
113476,3.65224
113477,5.0
113478,4.40055
113479,3.44494
113480,3.21887
113481,1.9709
113482,4.61026
113483,3.49379
113484,3.47905
113485,2.29158
113486,4.06457
113487,4.42105
113488,3.97787
113489,3.71266
113490,4.01674
113491,3.48089
113492,4.78417
113493,3.08321
113494,3.3017
113495,3.38649
113496,3.76378
113497,4.39594
113498,2.39357
113499,3.81803
113500,2.41182
113501,3.47082
113502,3.78879
113503,2.85473
113504,4.58325
113505,4.35053
113506,3.36524
113507,3.86198
113508,4.66626
113509,2.96741
113510,4.44249
113511,3.4497
113512,3.92889
113513,4.10172
113514,3.06293
113515,3.95695
113516,4.13673
113517,4.03125
113518,3.96977
113519,3.34428
113520,3.40735
113521,3.53676
113522,4.23689
113523,3.58096
113524,4.11175
113525,3.961
113526,3.59587
113527,3.97076
113528,3.86731
113529,1.18733
113530,3.66606
113531,3.69372
113532,4.23418
113533,3.38479
113534,2.28848
113535,3.4628
113536,3.27225
113537,3.98088
113538,4.63649
113539,3.62833
113540,4.86004
113541,3.37789
113542,3.08657
113543,3.29926
113544,3.65207
113545,2.25222
113546,3.90743
113547,4.18911
113548,4.25583
113549,3.05559
113550,3.56055
113551,3.33842
113552,4.25657
113553,3.83687
113554,3.66563
113555,3.82167
113556,2.61344
113557,2.2347
113558,4.10947
113559,3.35907
113560,3.27693
113561,4.02141
113562,2.69639
113563,3.71812
113564,3.17142
113565,2.86835
113566,3.50173
113567,4.3339
113568,2.17315
113569,3.71869
113570,3.93757
113571,2.72547
113572,2.82907
113573,2.5262
113574,3.0462
113575,3.32764
113576,3.27869
113577,2.44921
113578,4.12539
113579,3.14768
113580,3.44979
113581,2.05907
113582,3.65892
113583,3.40049
113584,3.40654
113585,2.82156
113586,3.64701
113587,4.93907
113588,2.79701
113589,1.46521
113590,3.49926
113591,3.15669
113592,3.1992
113593,2.5259
113594,1.77027
113595,3.46263
113596,3.00169
113597,3.23117
113598,3.48929
113599,1.93033
113600,2.08184
113601,2.99522
113602,2.50665
113603,2.14773
113604,3.46595
113605,3.57236
113606,3.00335
113607,4.06663
113608,3.13507
113609,4.16206
113610,3.89528
113611,3.41299
113612,3.95939
113613,2.48518
113614,3.44788
113615,3.95317
113616,3.22461
113617,3.11697
113618,2.85426
113619,4.0574
113620,4.88977
113621,5.0
113622,4.27815
113623,4.9094
113624,4.09489
113625,2.82056
113626,4.45139
113627,3.07231
113628,3.0933
113629,2.40918
113630,3.31902
113631,4.21078
113632,2.76567
113633,2.31186
113634,1.58108
113635,3.70622
113636,4.56217
113637,4.63383
113638,3.62463
113639,4.12476
113640,3.34244
113641,3.09157
113642,4.14358
113643,2.83098
113644,3.09564
113645,2.13805
113646,3.79359
113647,3.35645
113648,3.26565
113649,2.65535
113650,3.76694
113651,2.76825
113652,2.71078
113653,2.93862
113654,2.78868
113655,2.22116
113656,2.81747
113657,2.973
113658,2.17247
113659,1.64452
113660,3.29357
113661,2.20626
113662,3.87296
113663,3.5323
113664,3.2512
113665,2.27702
113666,4.11579
113667,1.92423
113668,3.74734
113669,2.63294
113670,2.3353
113671,2.79062
113672,1.90011
113673,2.38799
113674,2.15826
113675,3.8636
113676,3.25193
113677,4.24735
113678,2.32121
113679,2.75617
113680,3.15414
113681,4.05324
113682,3.41273
113683,2.26626
113684,2.08431
113685,3.53269
113686,2.41228
113687,2.94248
113688,2.963
113689,2.93814
113690,3.64325
113691,2.69255
113692,3.84298
113693,4.37615
113694,3.23221
113695,2.70102
113696,2.69492
113697,3.09937
113698,3.1412
113699,2.80157
113700,3.87541
113701,1.9299
113702,3.08477
113703,4.11042
113704,1.91998
113705,3.32523
113706,1.3711
113707,2.23068
113708,2.36757
113709,2.25007
113710,2.88581
113711,2.5887
113712,3.56578
113713,2.56162
113714,2.82357
113715,2.74335
113716,2.12999
113717,2.09839
113718,3.99808
113719,3.52217
113720,4.15723
113721,3.74147
113722,2.67826
113723,2.24031
113724,3.60382
113725,3.82528
113726,3.2434
113727,3.88138
113728,3.66013
113729,4.44132
113730,3.09344
113731,5.0
113732,4.45355
113733,4.24771
113734,2.23256
113735,3.13876
113736,4.36078
113737,3.34196
113738,3.74822
113739,2.63349
113740,3.76616
113741,4.00592
113742,3.62361
113743,2.80809
113744,4.99293
113745,4.17523
113746,5.0
113747,5.0
113748,3.31662
113749,5.0
113750,5.0
113751,4.16904
113752,4.56123
113753,3.99424
113754,4.7127
113755,4.70208
113756,4.15562
113757,2.60278
113758,4.22924
113759,3.36658
113760,3.93881
113761,4.23726
113762,3.32656
113763,3.73884
113764,2.9486
113765,3.94582
113766,3.94558
113767,3.55941
113768,2.84168
113769,4.2058
113770,4.35067
113771,3.09816
113772,3.35553
113773,4.10401
113774,4.24693
113775,4.25999
113776,3.48036
113777,3.64003
113778,2.52395
113779,4.18246
113780,3.38809
113781,1.94124
113782,3.54134
113783,3.33055
113784,3.80725
113785,3.98551
113786,1.94535
113787,1.0
113788,3.51722
113789,3.97984
113790,3.75247
113791,4.30518
113792,4.03249
113793,2.89013
113794,3.20491
113795,1.8205
113796,4.23169
113797,2.71637
113798,1.75559
113799,3.38523
113800,3.01098
113801,1.63338
113802,2.34668
113803,2.81877
113804,1.20551
113805,3.46441
113806,3.84336
113807,3.91572
113808,3.01304
113809,2.06121
113810,2.72957
113811,3.59071
113812,2.05505
113813,2.14057
113814,2.29855
113815,2.65754
113816,2.82845
113817,3.23444
113818,1.76777
113819,2.06773
113820,1.46079
113821,3.02936
113822,1.59372
113823,3.4627
113824,2.63868
113825,3.17554
113826,4.0079
113827,1.6045
113828,2.62413
113829,2.76472
113830,3.3189
113831,1.80323
113832,2.64519
113833,2.11438
113834,3.06558
113835,3.49292
113836,3.70264
113837,1.68919
113838,3.6637
113839,3.71578
113840,1.60532
113841,1.12733
113842,3.80881
113843,2.693
113844,2.24721
113845,3.27781
113846,1.0
113847,2.60887
113848,2.79873
113849,2.20853
113850,1.3721
113851,3.16765
113852,2.08566
113853,2.44636
113854,2.12198
113855,2.71008
113856,2.76483
113857,3.44178
113858,2.30785
113859,3.74402
113860,3.99073
113861,2.91446
113862,2.10916
113863,3.76462
113864,2.99618
113865,3.29551
113866,3.07465
113867,1.23696
113868,3.55447
113869,1.96639
113870,1.39294
113871,2.58858
113872,2.47586
113873,3.73095
113874,2.26714
113875,2.35871
113876,3.06201
113877,3.48068
113878,3.23144
113879,1.25584
113880,2.32226
113881,2.56949
113882,2.30063
113883,3.22756
113884,2.63854
113885,2.90394
113886,3.65985
113887,4.13897
113888,3.5604
113889,2.56714
113890,3.40621
113891,3.12036
113892,3.94468
113893,2.30099
113894,3.06586
113895,3.91094
113896,3.12994
113897,3.76032
113898,2.07332
113899,2.66778
113900,4.24389
113901,2.59177
113902,2.20353
113903,3.30209
113904,3.41473
113905,3.50038
113906,2.6054
113907,2.24363
113908,3.18272
113909,4.08637
113910,2.64337
113911,3.3189
113912,3.50683
113913,2.75601
113914,3.35191
113915,2.50505
113916,2.65962
113917,2.95982
113918,3.07854
113919,2.26481
113920,1.98397
113921,3.97292
113922,3.11839
113923,2.61684
113924,3.24804
113925,2.94314
113926,2.24366
113927,4.45315
113928,3.23499
113929,4.16345
113930,3.67219
113931,4.16871
113932,4.43537
113933,3.32845
113934,4.05163
113935,3.02937
113936,3.96237
113937,3.47002
113938,3.92571
113939,3.66559
113940,3.72017
113941,3.88696
113942,4.06854
113943,4.31395
113944,4.56026
113945,4.91797
113946,4.23867
113947,3.98682
113948,3.72139
113949,4.17046
113950,3.76641
113951,3.35303
113952,4.42149
113953,3.81511
113954,4.26201
113955,4.60495
113956,3.72498
113957,2.83269
113958,3.18972
113959,2.44901
113960,3.61506
113961,3.7763
113962,4.35511
113963,4.23069
113964,3.90687
113965,3.71918
113966,2.00792
113967,2.66123
113968,4.11711
113969,4.66641
113970,3.96322
113971,4.02262
113972,2.21769
113973,3.86194
113974,3.77961
113975,4.4845
113976,3.35243
113977,3.70652
113978,3.40469
113979,2.73344
113980,2.57367
113981,2.57077
113982,2.4902
113983,2.49386
113984,1.96263
113985,3.42262
113986,3.56806
113987,2.61753
113988,4.05677
113989,4.31008
113990,3.37014
113991,4.39803
113992,3.85607
113993,4.42512
113994,3.70871
113995,4.40177
113996,4.64524
113997,3.01523
113998,4.21665
113999,4.62387
114000,3.09787
114001,4.00708
114002,4.6202
114003,3.97278
114004,3.64621
114005,2.3115
114006,2.74524
114007,4.54951
114008,4.1085
114009,3.96651
114010,3.57281
114011,3.11707
114012,3.92715
114013,3.52196
114014,3.84728
114015,4.34672
114016,3.75596
114017,3.945
114018,2.36277
114019,3.18804
114020,3.74752
114021,4.32975
114022,2.5126
114023,4.00224
114024,2.1432
114025,3.09035
114026,3.14284
114027,3.53065
114028,3.7901
114029,2.42438
114030,4.04469
114031,3.74545
114032,3.54215
114033,3.42594
114034,3.86684
114035,4.6045
114036,4.00253
114037,3.97464
114038,3.30741
114039,2.6383
114040,2.98302
114041,2.71148
114042,3.94305
114043,3.80426
114044,2.98859
114045,3.31479
114046,4.50915
114047,3.75165
114048,3.49689
114049,2.60542
114050,3.72622
114051,2.37962
114052,3.21584
114053,4.35718
114054,3.1782
114055,4.06055
114056,3.2979
114057,3.45451
114058,3.23201
114059,4.12378
114060,4.04525
114061,2.83912
114062,2.69427
114063,3.06075
114064,4.18056
114065,3.88455
114066,3.37844
114067,4.37455
114068,2.15116
114069,3.08335
114070,4.54045
114071,4.21253
114072,3.34331
114073,4.03704
114074,3.52548
114075,4.11218
114076,3.70388
114077,3.5535
114078,2.77658
114079,3.117
114080,2.95102
114081,3.59666
114082,3.67371
114083,4.00026
114084,3.23586
114085,2.84131
114086,3.11678
114087,3.02305
114088,3.03438
114089,2.76556
114090,3.2327
114091,3.32356
114092,3.79488
114093,3.93706
114094,2.73315
114095,3.0599
114096,3.60269
114097,3.63123
114098,3.52723
114099,2.63733
114100,3.03975
114101,4.01815
114102,3.02868
114103,3.06482
114104,4.44835
114105,3.58971
114106,3.73708
114107,4.47438
114108,3.116
114109,4.4072
114110,2.69449
114111,3.86727
114112,4.75845
114113,3.44223
114114,3.85791
114115,4.63964
114116,4.03651
114117,1.44364
114118,4.0466
114119,3.54134
114120,3.74626
114121,3.53493
114122,2.85479
114123,3.67012
114124,4.17931
114125,4.06824
114126,3.97964
114127,4.45912
114128,1.70371
114129,2.95674
114130,4.68665
114131,4.49948
114132,3.8899
114133,3.69808
114134,3.11948
114135,4.34592
114136,4.0905
114137,4.30507
114138,4.1045
114139,3.21845
114140,2.47239
114141,3.61716
114142,3.73377
114143,2.86844
114144,3.85156
114145,3.69676
114146,3.5245
114147,3.4895
114148,4.27668
114149,3.61632
114150,4.19007
114151,3.94203
114152,3.30895
114153,2.89374
114154,4.0266
114155,4.00849
114156,3.84741
114157,3.33732
114158,3.94676
114159,3.71152
114160,3.81215
114161,3.63606
114162,3.46015
114163,3.50624
114164,3.85807
114165,4.38697
114166,3.81357
114167,3.73552
114168,3.59276
114169,4.36579
114170,4.08318
114171,4.22266
114172,4.01266
114173,2.75284
114174,3.56322
114175,3.47619
114176,3.99673
114177,4.38987
114178,3.87072
114179,2.84591
114180,3.58549
114181,4.0483
114182,3.81605
114183,4.07359
114184,3.9219
114185,3.7812
114186,4.12103
114187,4.24778
114188,3.60316
114189,3.93776
114190,4.27724
114191,3.83438
114192,3.01802
114193,3.56414
114194,3.96061
114195,3.96046
114196,3.28442
114197,4.07115
114198,4.42989
114199,3.49199
114200,3.93723
114201,2.94696
114202,3.75722
114203,4.61893
114204,3.5393
114205,2.29311
114206,2.55104
114207,3.73183
114208,3.53919
114209,4.41743
114210,4.74805
114211,3.97658
114212,4.61293
114213,4.97351
114214,5.0
114215,2.73334
114216,2.72474
114217,3.04729
114218,2.85547
114219,2.21215
114220,2.79415
114221,3.50386
114222,3.42554
114223,2.35639
114224,1.73496
114225,4.2694
114226,4.27462
114227,3.52224
114228,3.80278
114229,3.95813
114230,4.35392
114231,3.22011
114232,4.94009
114233,3.63105
114234,3.54756
114235,2.57778
114236,2.78156
114237,1.83106
114238,3.17354
114239,3.18323
114240,2.70976
114241,2.8408
114242,3.27025
114243,2.87206
114244,3.75074
114245,3.67285
114246,3.62938
114247,1.32341
114248,2.62038
114249,2.58281
114250,5.0
114251,3.76994
114252,3.2959
114253,3.41441
114254,3.658
114255,3.83008
114256,3.85106
114257,4.44427
114258,4.12761
114259,3.99996
114260,4.79622
114261,4.64399
114262,4.03524
114263,3.56293
114264,4.15766
114265,3.97751
114266,4.01713
114267,4.37507
114268,4.53183
114269,4.44228
114270,3.74904
114271,4.49776
114272,3.78899
114273,3.9162
114274,2.57396
114275,4.12682
114276,4.32176
114277,4.43266
114278,4.61892
114279,3.81186
114280,4.2617
114281,3.99633
114282,3.02424
114283,4.12954
114284,3.86713
114285,3.71529
114286,3.76444
114287,3.87719
114288,2.77897
114289,3.95496
114290,3.82112
114291,3.31488
114292,3.66645
114293,3.40965
114294,2.57035
114295,3.67064
114296,2.64757
114297,3.31253
114298,3.4261
114299,3.54947
114300,4.33261
114301,3.65115
114302,3.94558
114303,4.18124
114304,4.54495
114305,3.94344
114306,3.92822
114307,3.12419
114308,4.09511
114309,4.11754
114310,2.7808
114311,1.99006
114312,3.82926
114313,1.98039
114314,2.13256
114315,1.47182
114316,3.92196
114317,4.37674
114318,4.25447
114319,3.92787
114320,1.63269
114321,4.59551
114322,2.81202
114323,2.44648
114324,2.97235
114325,3.92535
114326,2.188
114327,1.55407
114328,3.86522
114329,3.84885
114330,4.82598
114331,4.86296
114332,4.49055
114333,4.06203
114334,3.85168
114335,3.53224
114336,4.2229
114337,4.43751
114338,2.69985
114339,3.70616
114340,4.2263
114341,4.24285
114342,3.43857
114343,3.82992
114344,3.99428
114345,4.4875
114346,3.51007
114347,4.13728
114348,4.13782
114349,3.72189
114350,3.59182
114351,3.55042
114352,3.93688
114353,4.06465
114354,3.77858
114355,4.11358
114356,4.11647
114357,3.79269
114358,4.16058
114359,3.92716
114360,3.97923
114361,3.86344
114362,4.39709
114363,4.40084
114364,2.46469
114365,3.95322
114366,3.92289
114367,3.50642
114368,3.47156
114369,4.84535
114370,4.43905
114371,4.18736
114372,4.36846
114373,4.60937
114374,4.38366
114375,3.18669
114376,4.57707
114377,4.60601
114378,4.45931
114379,4.13429
114380,3.20166
114381,2.43408
114382,3.40116
114383,3.58394
114384,3.25475
114385,3.91267
114386,2.49888
114387,2.36526
114388,2.91137
114389,3.30482
114390,3.11692
114391,3.00075
114392,2.33229
114393,3.39474
114394,4.08728
114395,3.09739
114396,3.66704
114397,3.14894
114398,3.53133
114399,4.24068
114400,4.57745
114401,4.4881
114402,3.96268
114403,3.60687
114404,4.5663
114405,4.21024
114406,2.89539
114407,3.77469
114408,4.22445
114409,4.58408
114410,4.79224
114411,5.0
114412,4.41424
114413,4.47977
114414,4.29481
114415,4.50994
114416,4.20554
114417,4.7354
114418,4.57919
114419,5.0
114420,4.64525
114421,4.09721
114422,2.47441
114423,3.55514
114424,3.34312
114425,4.57114
114426,3.78034
114427,2.8537
114428,2.44571
114429,2.89457
114430,3.73052
114431,3.46599
114432,3.84178
114433,4.15916
114434,4.61769
114435,3.66026
114436,3.24888
114437,4.34517
114438,3.50161
114439,3.70286
114440,4.24616
114441,4.28967
114442,1.62165
114443,3.54709
114444,2.63417
114445,3.2035
114446,3.0374
114447,3.69206
114448,3.06335
114449,4.08912
114450,4.18472
114451,4.67394
114452,3.4857
114453,3.59328
114454,4.05573
114455,2.48199
114456,3.61369
114457,2.51738
114458,2.79529
114459,2.38396
114460,3.78444
114461,3.43034
114462,3.52764
114463,3.38167
114464,2.92779
114465,3.2292
114466,4.23479
114467,4.10761
114468,4.25007
114469,4.40409
114470,4.60406
114471,4.60321
114472,4.61707
114473,3.97262
114474,3.60215
114475,3.59024
114476,3.86358
114477,2.87422
114478,3.75133
114479,1.95255
114480,3.78847
114481,4.99333
114482,3.66373
114483,3.96616
114484,4.53111
114485,1.9158
114486,2.60073
114487,1.0
114488,5.0
114489,2.34887
114490,4.55085
114491,3.55476
114492,3.98944
114493,3.35099
114494,4.48196
114495,3.14588
114496,3.56264
114497,3.96833
114498,3.08137
114499,2.54194
114500,2.5278
114501,2.28138
114502,2.67414
114503,2.29545
114504,3.21233
114505,1.83014
114506,2.31541
114507,2.90164
114508,2.11163
114509,3.21335
114510,3.12815
114511,3.48716
114512,3.11647
114513,2.82474
114514,2.45334
114515,2.51138
114516,2.83792
114517,3.84387
114518,3.95006
114519,3.58015
114520,3.5449
114521,2.51218
114522,3.10558
114523,4.05111
114524,3.99446
114525,1.71387
114526,4.35784
114527,2.68569
114528,3.58715
114529,2.93307
114530,3.25199
114531,2.77852
114532,2.80723
114533,3.02212
114534,3.88372
114535,1.43193
114536,2.4511
114537,2.44344
114538,2.71994
114539,4.28837
114540,3.63914
114541,3.73048
114542,3.81131
114543,3.73796
114544,2.72361
114545,3.08579
114546,3.98505
114547,3.45401
114548,2.56974
114549,2.17991
114550,2.54854
114551,2.91262
114552,4.02201
114553,3.79903
114554,2.92043
114555,3.86838
114556,3.74347
114557,3.78513
114558,3.2015
114559,1.94101
114560,2.84715
114561,3.64059
114562,3.69012
114563,3.53869
114564,3.96272
114565,4.00972
114566,3.65411
114567,3.95516
114568,3.62913
114569,3.09536
114570,3.30017
114571,3.08987
114572,3.62918
114573,3.96829
114574,4.6486
114575,3.8695
114576,2.95893
114577,2.23347
114578,3.94359
114579,3.86832
114580,2.352
114581,2.57023
114582,3.54924
114583,3.57499
114584,3.01708
114585,3.83798
114586,3.13364
114587,3.72095
114588,4.35111
114589,4.54872
114590,4.43285
114591,4.14552
114592,3.3772
114593,2.87916
114594,3.63466
114595,4.2267
114596,3.4724
114597,3.41958
114598,4.80503
114599,3.14399
114600,3.05545
114601,3.43683
114602,3.82226
114603,4.73221
114604,3.64596
114605,3.47138
114606,3.81871
114607,3.78817
114608,4.12953
114609,3.54872
114610,3.91141
114611,3.87586
114612,3.52489
114613,2.76715
114614,2.15421
114615,3.55299
114616,3.88144
114617,4.4343
114618,3.57277
114619,3.63051
114620,3.33037
114621,2.75984
114622,3.60883
114623,3.91182
114624,3.11405
114625,3.72526
114626,3.37527
114627,3.7409
114628,5.0
114629,3.78286
114630,3.17009
114631,3.08022
114632,3.44213
114633,3.76128
114634,4.34316
114635,4.07825
114636,3.72121
114637,4.88291
114638,4.76535
114639,3.89161
114640,3.71287
114641,3.15867
114642,1.96215
114643,2.33921
114644,2.65408
114645,3.18331
114646,2.37125
114647,3.71541
114648,3.69043
114649,3.35962
114650,2.26163
114651,1.90696
114652,2.80173
114653,3.53574
114654,2.18701
114655,4.6455
114656,2.2588
114657,4.55991
114658,3.23451
114659,3.43627
114660,4.41064
114661,4.15544
114662,4.7452
114663,4.79502
114664,3.51894
114665,4.94123
114666,4.75523
114667,3.96492
114668,4.21635
114669,2.63541
114670,2.82305
114671,3.2137
114672,3.42064
114673,3.89888
114674,4.51369
114675,3.92704
114676,2.53999
114677,3.40093
114678,3.23115
114679,4.24281
114680,3.74839
114681,3.38239
114682,3.65496
114683,3.60073
114684,4.18417
114685,2.95639
114686,3.96893
114687,3.99925
114688,3.97685
114689,2.77945
114690,4.7638
114691,3.83965
114692,2.8551
114693,2.54012
114694,3.11796
114695,3.72645
114696,3.92511
114697,4.71045
114698,4.87896
114699,2.75066
114700,4.58929
114701,5.0
114702,3.92767
114703,3.55752
114704,2.22871
114705,3.44723
114706,4.43959
114707,3.45611
114708,3.30637
114709,3.4707
114710,4.50314
114711,3.20335
114712,3.34567
114713,3.37803
114714,4.02629
114715,2.77331
114716,3.51096
114717,5.0
114718,2.54949
114719,4.25588
114720,4.39604
114721,3.69073
114722,5.0
114723,3.97394
114724,3.72139
114725,4.06992
114726,2.67476
114727,2.84786
114728,3.37423
114729,4.09589
114730,3.01335
114731,2.64237
114732,4.80923
114733,3.15017
114734,5.0
114735,3.67462
114736,4.53481
114737,4.19843
114738,4.31743
114739,3.5981
114740,3.93919
114741,3.91888
114742,4.3665
114743,4.93072
114744,4.24553
114745,3.65997
114746,4.20884
114747,4.55886
114748,3.54366
114749,5.0
114750,4.26498
114751,3.11103
114752,2.7384
114753,3.9351
114754,3.50876
114755,4.03967
114756,2.79208
114757,3.88446
114758,3.59433
114759,4.34582
114760,4.78094
114761,3.37277
114762,4.39029
114763,3.72031
114764,3.932
114765,3.83082
114766,4.06799
114767,2.57529
114768,4.07756
114769,4.38601
114770,2.57636
114771,2.8386
114772,3.88425
114773,3.55308
114774,4.96126
114775,4.35986
114776,3.37106
114777,3.33174
114778,3.43911
114779,4.37744
114780,4.39353
114781,4.01523
114782,3.95301
114783,2.58227
114784,2.59559
114785,3.76785
114786,2.4155
114787,2.76175
114788,4.41537
114789,2.87221
114790,3.95473
114791,4.28622
114792,3.75325
114793,3.41851
114794,3.99842
114795,4.78724
114796,3.64347
114797,4.30698
114798,4.47208
114799,3.63118
114800,3.2499
114801,3.85137
114802,3.60443
114803,3.79542
114804,4.35769
114805,4.1394
114806,5.0
114807,4.68084
114808,5.0
114809,5.0
114810,4.44157
114811,4.9856
114812,5.0
114813,4.69472
114814,3.86204
114815,4.59557
114816,4.97775
114817,4.34372
114818,4.52086
114819,4.46573
114820,5.0
114821,4.03793
114822,3.29227
114823,4.55876
114824,3.77913
114825,4.39675
114826,3.5795
114827,4.22629
114828,4.34166
114829,3.79952
114830,3.37833
114831,4.5891
114832,4.03906
114833,4.3065
114834,3.97533
114835,3.23964
114836,3.71703
114837,3.48287
114838,4.31049
114839,3.70613
114840,3.12936
114841,4.07129
114842,3.16664
114843,3.83668
114844,2.8949
114845,3.91248
114846,3.72848
114847,5.0
114848,3.26481
114849,3.82707
114850,2.66968
114851,2.91913
114852,5.0
114853,3.32765
114854,4.11728
114855,2.81035
114856,3.24906
114857,3.10293
114858,3.57103
114859,2.80123
114860,2.77957
114861,4.65536
114862,4.36574
114863,3.25977
114864,4.18734
114865,3.77409
114866,3.96085
114867,3.42592
114868,3.94391
114869,3.37433
114870,2.96682
114871,3.93947
114872,4.67748
114873,3.82699
114874,4.4478
114875,4.30127
114876,3.18284
114877,3.99818
114878,3.86739
114879,2.5691
114880,4.59555
114881,4.17593
114882,4.59111
114883,4.57089
114884,4.82615
114885,3.86275
114886,5.0
114887,4.09153
114888,3.89837
114889,4.53023
114890,5.0
114891,3.93934
114892,4.45092
114893,4.96288
114894,3.70135
114895,4.01411
114896,4.52071
114897,4.14151
114898,4.01339
114899,4.06225
114900,3.61828
114901,4.36266
114902,3.69906
114903,3.4153
114904,3.75133
114905,4.84207
114906,4.30786
114907,4.54632
114908,4.12001
114909,3.83568
114910,4.50067
114911,5.0
114912,4.66035
114913,4.50982
114914,4.67745
114915,4.59633
114916,4.48026
114917,4.78229
114918,4.3215
114919,3.37099
114920,2.92279
114921,4.25824
114922,4.2127
114923,2.14332
114924,2.12082
114925,4.39046
114926,2.37401
114927,4.80835
114928,4.45706
114929,4.28521
114930,3.91787
114931,3.69762
114932,3.86736
114933,3.643
114934,2.59966
114935,4.36122
114936,3.11248
114937,3.87789
114938,2.92959
114939,3.70891
114940,4.75558
114941,3.24548
114942,4.0442
114943,3.64488
114944,3.69664
114945,4.39583
114946,3.85582
114947,3.53107
114948,3.83668
114949,4.05029
114950,4.45373
114951,4.83031
114952,4.56031
114953,3.25208
114954,4.1364
114955,3.43421
114956,3.83839
114957,4.42184
114958,4.41864
114959,3.81579
114960,4.70221
114961,5.0
114962,3.20293
114963,3.28358
114964,3.53855
114965,3.81125
114966,3.64343
114967,2.98666
114968,3.06423
114969,3.60219
114970,2.85576
114971,3.59073
114972,2.82877
114973,3.76137
114974,2.93994
114975,4.9456
114976,2.7748
114977,3.32418
114978,3.52061
114979,3.25274
114980,2.98617
114981,4.47185
114982,3.73241
114983,2.90903
114984,3.78576
114985,3.92265
114986,3.27876
114987,3.305
114988,3.10814
114989,3.1862
114990,3.58345
114991,4.44468
114992,2.50127
114993,3.71439
114994,2.904
114995,3.22047
114996,3.9913
114997,3.45108
114998,4.34219
114999,2.85037
115000,4.27601
115001,3.4556
115002,3.85403
115003,3.66294
115004,2.96703
115005,4.17869
115006,4.30453
115007,3.90978
115008,3.45869
115009,1.94398
115010,4.14225
115011,3.99052
115012,2.33134
115013,4.09488
115014,4.88486
115015,3.72269
115016,2.4892
115017,4.05667
115018,3.98035
115019,3.02437
115020,4.52966
115021,3.56271
115022,2.97165
115023,3.88128
115024,3.74784
115025,2.34313
115026,4.27864
115027,4.71448
115028,3.76268
115029,3.43172
115030,2.6819
115031,2.69915
115032,2.2695
115033,4.85935
115034,2.16452
115035,2.59326
115036,3.97367
115037,4.60863
115038,3.51879
115039,2.51893
115040,4.92712
115041,2.73421
115042,3.02314
115043,4.82224
115044,4.80293
115045,2.83461
115046,3.26985
115047,4.17707
115048,2.7431
115049,4.00123
115050,4.44983
115051,3.30781
115052,4.19259
115053,4.518
115054,4.29633
115055,3.77956
115056,2.31637
115057,3.6439
115058,3.81415
115059,3.27464
115060,3.46895
115061,2.34022
115062,4.54505
115063,2.74652
115064,2.43125
115065,2.72572
115066,3.26443
115067,2.43061
115068,4.05097
115069,3.45403
115070,2.25405
115071,3.10482
115072,4.1641
115073,2.43126
115074,3.24226
115075,3.16449
115076,3.65094
115077,3.23277
115078,2.29015
115079,3.25573
115080,1.4196
115081,3.85551
115082,3.4644
115083,3.49918
115084,2.67612
115085,2.82492
115086,2.10933
115087,2.83436
115088,2.51537
115089,3.5069
115090,2.64514
115091,4.1491
115092,3.79182
115093,3.38616
115094,2.87732
115095,2.08359
115096,2.39927
115097,2.12646
115098,2.80469
115099,4.86714
115100,3.04357
115101,4.93382
115102,3.4722
115103,2.88887
115104,2.66709
115105,4.74646
115106,3.82659
115107,3.05886
115108,1.08791
115109,3.15088
115110,3.73297
115111,4.6538
115112,3.1322
115113,3.50841
115114,3.55178
115115,3.56851
115116,3.54551
115117,2.95431
115118,2.36925
115119,3.36772
115120,3.45761
115121,4.00065
115122,2.66553
115123,3.65791
115124,2.60788
115125,1.82705
115126,2.51519
115127,2.74192
115128,2.79953
115129,4.18284
115130,4.07921
115131,2.58977
115132,4.06314
115133,4.1286
115134,3.26802
115135,1.93417
115136,2.67559
115137,3.67571
115138,3.72544
115139,3.71411
115140,3.68374
115141,3.0621
115142,3.93599
115143,4.15336
115144,2.91001
115145,4.28142
115146,3.32083
115147,3.0766
115148,3.28362
115149,3.98515
115150,3.3427
115151,4.11046
115152,3.61366
115153,3.41378
115154,3.55419
115155,3.47929
115156,2.98179
115157,4.07729
115158,3.4567
115159,3.79466
115160,2.80343
115161,4.50164
115162,3.42682
115163,4.27092
115164,3.38519
115165,2.65221
115166,3.86368
115167,3.21711
115168,2.92217
115169,3.26011
115170,4.06395
115171,3.17738
115172,2.8416
115173,3.67787
115174,2.9866
115175,3.40186
115176,3.22926
115177,3.16343
115178,3.74027
115179,3.60874
115180,4.17679
115181,2.09642
115182,2.14125
115183,2.68077
115184,3.51395
115185,2.91286
115186,2.08456
115187,3.3403
115188,3.70584
115189,3.59345
115190,3.48928
115191,4.10228
115192,2.99053
115193,3.73347
115194,3.43546
115195,3.81881
115196,2.68328
115197,2.45628
115198,4.14496
115199,4.55315
115200,3.31104
115201,2.55325
115202,3.97324
115203,3.3686
115204,2.52387
115205,3.75573
115206,2.66529
115207,3.56904
115208,2.89571
115209,2.86426
115210,3.99269
115211,3.03281
115212,3.95486
115213,3.95089
115214,4.14635
115215,3.57531
115216,3.56545
115217,3.70305
115218,3.14349
115219,3.76051
115220,4.19557
115221,4.98746
115222,3.53213
115223,3.58234
115224,3.66194
115225,3.21612
115226,3.29925
115227,3.81181
115228,4.51384
115229,4.51409
115230,4.78874
115231,3.40542
115232,4.36109
115233,2.83063
115234,5.0
115235,2.0851
115236,4.41226
115237,4.15157
115238,3.83257
115239,3.2778
115240,4.31319
115241,3.74535
115242,3.29804
115243,4.43723
115244,3.83506
115245,4.22501
115246,2.18805
115247,4.05569
115248,3.58081
115249,3.7195
115250,2.83451
115251,4.16019
115252,3.02522
115253,2.65899
115254,2.48426
115255,3.86895
115256,2.65583
115257,4.25124
115258,4.38822
115259,3.66804
115260,3.28393
115261,3.18311
115262,3.08479
115263,3.45153
115264,3.92937
115265,3.30566
115266,3.63377
115267,3.02413
115268,3.85877
115269,3.33727
115270,3.16154
115271,3.39619
115272,2.72613
115273,3.43802
115274,2.64472
115275,2.93808
115276,2.98819
115277,3.50923
115278,3.58877
115279,3.99203
115280,3.57705
115281,4.48982
115282,4.94526
115283,4.72003
115284,5.0
115285,3.61043
115286,3.31261
115287,4.4235
115288,3.22894
115289,4.25356
115290,3.63177
115291,5.0
115292,4.82399
115293,3.57354
115294,3.48286
115295,3.60928
115296,3.10384
115297,4.26545
115298,3.98116
115299,3.74256
115300,4.31515
115301,4.17552
115302,4.66014
115303,4.37253
115304,4.34979
115305,3.65025
115306,4.17464
115307,3.18126
115308,3.31532
115309,3.64839
115310,4.53959
115311,3.01374
115312,2.3972
115313,2.29444
115314,2.59764
115315,3.50189
115316,3.36358
115317,3.04463
115318,3.56152
115319,3.28126
115320,3.44396
115321,3.55439
115322,4.08584
115323,3.09025
115324,3.78523
115325,2.8146
115326,3.25631
115327,3.19327
115328,4.22256
115329,2.6556
115330,3.75607
115331,4.13188
115332,3.90383
115333,3.83563
115334,3.68773
115335,4.35913
115336,3.76806
115337,3.49025
115338,3.34361
115339,4.10421
115340,2.23591
115341,4.33013
115342,2.67969
115343,2.54549
115344,3.56033
115345,3.39757
115346,3.464
115347,2.55214
115348,3.5628
115349,3.81959
115350,4.17057
115351,3.41209
115352,3.99659
115353,3.76777
115354,3.85649
115355,3.85872
115356,3.56337
115357,4.61029
115358,3.30162
115359,4.67348
115360,3.7992
115361,3.26512
115362,3.67259
115363,4.21138
115364,3.91908
115365,4.24497
115366,3.89942
115367,3.24591
115368,4.30249
115369,3.2072
115370,4.30386
115371,3.66956
115372,4.49165
115373,4.47196
115374,4.92071
115375,3.96809
115376,3.88167
115377,4.47204
115378,3.76066
115379,5.0
115380,3.69678
115381,4.0327
115382,3.82706
115383,4.19701
115384,4.19788
115385,3.37632
115386,3.96996
115387,3.40798
115388,4.07552
115389,4.74914
115390,3.83827
115391,4.48718
115392,3.51161
115393,3.42475
115394,3.83132
115395,3.56135
115396,3.72339
115397,4.75931
115398,4.11507
115399,1.46709
115400,4.71931
115401,4.36589
115402,2.95523
115403,4.2484
115404,4.57301
115405,5.0
115406,4.46025
115407,5.0
115408,4.49992
115409,3.38866
115410,3.96745
115411,3.44577
115412,3.12424
115413,1.51147
115414,3.11373
115415,3.7196
115416,3.43505
115417,3.82171
115418,3.74765
115419,3.39812
115420,4.23467
115421,3.64516
115422,3.23766
115423,4.68962
115424,3.8537
115425,3.89832
115426,3.81428
115427,2.85567
115428,3.48685
115429,3.92508
115430,2.41145
115431,3.31506
115432,3.62441
115433,4.02629
115434,3.97577
115435,4.31994
115436,3.93324
115437,3.43732
115438,3.3645
115439,3.94525
115440,3.30941
115441,3.12251
115442,4.35683
115443,3.86385
115444,4.35073
115445,4.50236
115446,4.38028
115447,4.16854
115448,4.27292
115449,4.04898
115450,3.46875
115451,4.17918
115452,4.31404
115453,3.88614
115454,4.64052
115455,3.44352
115456,3.07389
115457,3.8133
115458,3.2119
115459,5.0
115460,3.68071
115461,3.27818
115462,3.92309
115463,4.06931
115464,3.83409
115465,3.32784
115466,3.58671
115467,4.01603
115468,3.36983
115469,4.56479
115470,4.04403
115471,4.7545
115472,4.07295
115473,3.98445
115474,3.90158
115475,4.72171
115476,4.11971
115477,4.62233
115478,3.51161
115479,4.68768
115480,4.12243
115481,4.82873
115482,4.61584
115483,3.92673
115484,3.48078
115485,4.27766
115486,3.32602
115487,3.72237
115488,4.44326
115489,3.32042
115490,3.87941
115491,3.09758
115492,3.33993
115493,2.76923
115494,3.36518
115495,3.34884
115496,4.21852
115497,4.08913
115498,3.62954
115499,3.75786
115500,3.50559
115501,2.91716
115502,3.78969
115503,3.1401
115504,3.29401
115505,4.43016
115506,2.99665
115507,3.43785
115508,5.0
115509,2.45894
115510,1.83426
115511,2.76493
115512,4.24697
115513,2.63956
115514,1.92766
115515,3.0049
115516,2.95483
115517,3.02481
115518,3.19146
115519,2.91933
115520,3.9017
115521,2.93157
115522,3.52078
115523,5.0
115524,3.52969
115525,3.9101
115526,3.86928
115527,2.24327
115528,3.29055
115529,3.48942
115530,4.27166
115531,3.91173
115532,4.333
115533,4.6348
115534,4.09614
115535,3.434
115536,3.45851
115537,4.34005
115538,4.33923
115539,4.57821
115540,4.41836
115541,3.40374
115542,4.11468
115543,3.09828
115544,3.14247
115545,3.18219
115546,3.54978
115547,4.71691
115548,2.61674
115549,2.10105
115550,2.69685
115551,4.6627
115552,5.0
115553,5.0
115554,4.52943
115555,3.3591
115556,4.41781
115557,3.56625
115558,3.89085
115559,2.50736
115560,3.92698
115561,3.43729
115562,4.93168
115563,3.86149
115564,4.32477
115565,4.2675
115566,4.28562
115567,3.3442
115568,4.31787
115569,4.27358
115570,4.01423
115571,4.42557
115572,2.72926
115573,3.59308
115574,4.81577
115575,3.87903
115576,5.0
115577,4.03095
115578,2.93954
115579,4.71085
115580,2.84966
115581,4.91448
115582,4.52838
115583,4.50559
115584,4.52044
115585,3.74197
115586,4.01606
115587,3.13874
115588,3.07978
115589,3.51188
115590,3.39323
115591,3.26312
115592,1.88729
115593,3.77159
115594,2.29003
115595,2.64295
115596,2.05656
115597,2.98827
115598,2.19445
115599,2.87889
115600,2.57024
115601,1.95662
115602,3.59293
115603,3.05595
115604,3.57433
115605,2.78263
115606,2.34232
115607,3.32974
115608,3.57129
115609,2.73685
115610,3.95186
115611,2.53566
115612,2.52967
115613,2.89339
115614,3.93896
115615,2.17998
115616,3.47073
115617,3.02666
115618,3.52176
115619,3.64024
115620,2.76432
115621,2.59673
115622,2.40234
115623,2.74913
115624,2.6984
115625,3.63047
115626,3.87813
115627,3.11751
115628,3.76298
115629,3.92544
115630,3.50987
115631,3.27212
115632,4.18855
115633,2.82736
115634,2.28063
115635,5.0
115636,4.61604
115637,2.07491
115638,4.72735
115639,4.07066
115640,4.52754
115641,3.42514
115642,4.43685
115643,5.0
115644,3.89816
115645,4.15489
115646,2.25796
115647,4.21834
115648,3.07432
115649,4.23371
115650,3.74973
115651,3.93338
115652,4.22862
115653,4.34185
115654,4.18939
115655,4.38084
115656,3.85632
115657,3.18208
115658,3.0966
115659,2.71729
115660,3.92606
115661,4.28314
115662,2.20991
115663,3.94843
115664,2.90381
115665,3.92533
115666,3.22361
115667,2.55297
115668,2.4451
115669,2.67702
115670,3.00999
115671,1.99671
115672,1.2175
115673,3.21454
115674,2.32448
115675,3.17653
115676,2.77724
115677,2.52982
115678,3.3285
115679,1.49532
115680,3.44345
115681,1.86318
115682,1.49102
115683,2.45984
115684,1.859
115685,1.06901
115686,2.85897
115687,1.98091
115688,3.07344
115689,1.56486
115690,3.0343
115691,3.01676
115692,1.70177
115693,1.0
115694,1.27544
115695,1.12229
115696,2.07247
115697,2.44167
115698,4.41081
115699,3.21834
115700,3.2846
115701,1.9808
115702,2.19959
115703,3.4921
115704,2.98807
115705,2.50912
115706,2.80206
115707,2.95588
115708,1.64418
115709,4.513
115710,1.0
115711,1.05024
115712,2.59445
115713,1.5086
115714,2.9123
115715,3.00335
115716,1.49704
115717,3.71077
115718,2.01488
115719,3.41214
115720,1.54568
115721,1.0
115722,1.0
115723,1.98548
115724,2.62788
115725,2.9178
115726,2.10339
115727,2.22366
115728,2.71937
115729,3.44147
115730,1.03844
115731,2.06401
115732,1.15963
115733,1.32962
115734,3.35189
115735,1.03941
115736,2.93748
115737,3.24187
115738,2.12945
115739,1.37581
115740,1.48893
115741,1.14875
115742,3.6868
115743,2.53895
115744,1.46805
115745,1.80833
115746,3.17468
115747,1.18113
115748,2.87229
115749,1.0
115750,3.35361
115751,3.37492
115752,3.97124
115753,3.37927
115754,5.0
115755,1.0588
115756,2.85492
115757,3.93619
115758,3.64302
115759,2.93058
115760,3.52408
115761,3.88672
115762,2.83207
115763,3.93526
115764,4.66778
115765,4.17249
115766,3.68272
115767,4.04699
115768,4.67237
115769,4.32818
115770,4.66286
115771,4.64403
115772,4.07206
115773,3.9314
115774,2.52675
115775,4.60152
115776,3.66293
115777,3.76875
115778,2.31348
115779,1.98319
115780,2.84478
115781,4.54035
115782,3.61328
115783,4.18895
115784,3.97725
115785,3.52496
115786,3.63967
115787,3.99334
115788,4.94514
115789,4.87798
115790,4.38017
115791,3.65704
115792,1.82416
115793,3.8463
115794,4.54498
115795,3.54792
115796,2.99737
115797,3.99592
115798,2.95561
115799,3.5286
115800,3.10759
115801,3.24129
115802,3.74511
115803,4.83483
115804,4.12924
115805,4.2001
115806,4.34614
115807,3.79469
115808,3.30537
115809,3.03673
115810,2.5401
115811,3.82884
115812,3.16872
115813,3.29504
115814,3.65925
115815,3.48008
115816,4.99838
115817,3.92939
115818,3.85154
115819,3.36685
115820,2.90586
115821,3.44321
115822,4.22998
115823,2.69991
115824,3.30599
115825,3.9449
115826,3.79974
115827,3.88623
115828,5.0
115829,4.04069
115830,3.66187
115831,4.09726
115832,2.81565
115833,2.39108
115834,3.64606
115835,3.42441
115836,4.11429
115837,4.49324
115838,3.22344
115839,3.74298
115840,3.8862
115841,4.45613
115842,4.24547
115843,3.59382
115844,4.70511
115845,4.22486
115846,3.70579
115847,4.40871
115848,3.26908
115849,5.0
115850,4.43589
115851,3.43406
115852,3.48117
115853,2.76533
115854,3.43168
115855,1.0
115856,3.22467
115857,3.61431
115858,3.64317
115859,4.48299
115860,2.62593
115861,2.31922
115862,3.57002
115863,4.0366
115864,4.08254
115865,3.56411
115866,1.58724
115867,4.09423
115868,3.46605
115869,3.36034
115870,3.82185
115871,3.85475
115872,3.38894
115873,3.16246
115874,4.23072
115875,4.22796
115876,4.10627
115877,4.47411
115878,3.27832
115879,3.60397
115880,4.07587
115881,3.70286
115882,4.39592
115883,4.8246
115884,4.65445
115885,3.77919
115886,3.80036
115887,3.69997
115888,4.05209
115889,4.13396
115890,2.49718
115891,3.20653
115892,3.95492
115893,3.70006
115894,2.82685
115895,4.98619
115896,5.0
115897,3.82556
115898,2.98329
115899,5.0
115900,3.22466
115901,3.85173
115902,4.1417
115903,2.99552
115904,4.59036
115905,3.71643
115906,3.3373
115907,3.04068
115908,4.17907
115909,4.21355
115910,3.89735
115911,3.5403
115912,3.36086
115913,3.41981
115914,3.49701
115915,4.15552
115916,2.69886
115917,4.09013
115918,3.84802
115919,3.86468
115920,3.43535
115921,3.20631
115922,3.90802
115923,3.48099
115924,3.67364
115925,4.3957
115926,3.56352
115927,3.0236
115928,1.0
115929,4.32358
115930,2.22465
115931,3.25013
115932,3.92048
115933,3.74993
115934,2.55695
115935,2.32902
115936,3.70772
115937,4.77227
115938,3.35621
115939,3.61014
115940,3.20317
115941,4.11315
115942,2.25691
115943,4.00821
115944,3.44397
115945,2.67306
115946,2.77229
115947,1.68256
115948,3.69138
115949,4.29768
115950,4.37158
115951,3.91638
115952,3.20069
115953,2.83717
115954,4.07184
115955,3.96513
115956,2.99714
115957,3.34066
115958,3.45898
115959,4.14554
115960,3.082
115961,3.34755
115962,3.83099
115963,3.51903
115964,3.48473
115965,2.52758
115966,3.24174
115967,3.20426
115968,3.12194
115969,3.22336
115970,3.09862
115971,3.50002
115972,4.2572
115973,3.82765
115974,3.02812
115975,1.50109
115976,4.09876
115977,4.5993
115978,3.63491
115979,4.50652
115980,4.47977
115981,3.66032
115982,4.0093
115983,4.57742
115984,3.6005
115985,4.21057
115986,4.03152
115987,4.9074
115988,2.70874
115989,4.47436
115990,3.49863
115991,2.59882
115992,3.36706
115993,3.21733
115994,4.16958
115995,4.28901
115996,2.21781
115997,4.10385
115998,3.21535
115999,4.16382
116000,2.32465
116001,1.30828
116002,1.71895
116003,3.03843
116004,3.12343
116005,1.78122
116006,2.82644
116007,3.40812
116008,3.83559
116009,2.13926
116010,2.50961
116011,2.0317
116012,3.33265
116013,1.0
116014,3.16697
116015,3.01509
116016,3.55436
116017,3.18968
116018,3.19057
116019,1.48593
116020,1.0
116021,3.04853
116022,2.67286
116023,1.11215
116024,4.17899
116025,4.42283
116026,1.23557
116027,2.99545
116028,3.50527
116029,2.48666
116030,3.83855
116031,3.75508
116032,2.83709
116033,3.04111
116034,3.16367
116035,2.95564
116036,3.06728
116037,1.88763
116038,2.69901
116039,2.79492
116040,2.07893
116041,3.15679
116042,3.32199
116043,1.93873
116044,3.55347
116045,3.92064
116046,3.95581
116047,3.2943
116048,2.86208
116049,2.806
116050,3.38879
116051,3.90647
116052,2.10331
116053,2.96712
116054,3.71252
116055,2.29108
116056,3.70549
116057,2.35657
116058,3.00171
116059,3.64025
116060,3.50676
116061,3.21519
116062,3.91079
116063,2.925
116064,3.2283
116065,3.21002
116066,3.71346
116067,3.84789
116068,2.51441
116069,3.1904
116070,3.30117
116071,2.32908
116072,4.17999
116073,3.68159
116074,1.59792
116075,3.39814
116076,3.65712
116077,4.28387
116078,2.56413
116079,3.66142
116080,4.26397
116081,3.5965
116082,4.05739
116083,3.88882
116084,4.29134
116085,2.6686
116086,3.81809
116087,3.91786
116088,3.88855
116089,5.0
116090,4.2154
116091,4.93523
116092,4.84467
116093,4.2201
116094,4.45727
116095,3.70548
116096,3.85476
116097,4.67342
116098,5.0
116099,4.98135
116100,4.85335
116101,4.5441
116102,4.10444
116103,3.97543
116104,3.25592
116105,3.39853
116106,1.0
116107,4.20724
116108,3.70442
116109,4.4972
116110,3.456
116111,4.60346
116112,3.27384
116113,4.99421
116114,4.32148
116115,2.98721
116116,2.66198
116117,4.31242
116118,3.89044
116119,3.99757
116120,3.87818
116121,3.96168
116122,3.59721
116123,3.29682
116124,3.50972
116125,3.20422
116126,3.72587
116127,3.50342
116128,3.98805
116129,4.44389
116130,4.6664
116131,3.74112
116132,3.77106
116133,4.75987
116134,2.73911
116135,4.47314
116136,3.02401
116137,3.9341
116138,4.45651
116139,3.96636
116140,4.38687
116141,4.17105
116142,3.91916
116143,4.51017
116144,4.11218
116145,3.3683
116146,3.40499
116147,3.42595
116148,2.34971
116149,2.23055
116150,4.09344
116151,3.40244
116152,4.1975
116153,1.99734
116154,4.2575
116155,2.21525
116156,4.07566
116157,1.85085
116158,3.09129
116159,3.321
116160,1.40769
116161,3.92507
116162,3.85807
116163,2.19449
116164,3.54285
116165,3.73541
116166,3.79502
116167,4.23929
116168,3.32034
116169,3.74254
116170,4.09629
116171,3.10128
116172,3.26911
116173,2.87349
116174,3.28706
116175,4.60984
116176,4.32061
116177,3.9561
116178,4.46709
116179,3.81925
116180,4.79694
116181,4.22617
116182,2.38751
116183,2.75561
116184,3.64873
116185,3.69482
116186,4.28313
116187,3.99923
116188,4.3094
116189,3.37755
116190,3.87458
116191,4.32747
116192,4.6163
116193,3.23174
116194,3.57623
116195,2.20867
116196,4.01983
116197,4.52207
116198,4.25438
116199,4.3422
116200,3.13457
116201,4.31524
116202,3.20442
116203,3.89152
116204,3.80473
116205,4.50495
116206,3.37002
116207,4.31941
116208,3.58967
116209,3.65913
116210,4.46894
116211,4.79164
116212,4.48845
116213,3.90325
116214,3.4777
116215,1.59037
116216,3.92897
116217,2.78294
116218,3.07116
116219,3.98702
116220,3.76147
116221,3.74678
116222,3.42445
116223,2.89051
116224,3.14328
116225,3.78534
116226,2.91679
116227,3.81095
116228,2.42814
116229,3.85199
116230,2.9071
116231,3.79806
116232,3.09277
116233,3.44736
116234,3.77476
116235,4.24182
116236,3.98241
116237,4.6779
116238,4.20768
116239,4.41759
116240,3.85389
116241,3.47992
116242,4.02033
116243,3.30303
116244,2.30876
116245,3.14401
116246,2.80142
116247,2.63262
116248,2.34225
116249,3.21947
116250,3.78203
116251,3.80959
116252,1.9746
116253,1.99191
116254,1.66251
116255,3.71866
116256,4.03502
116257,3.24169
116258,3.56983
116259,3.85697
116260,3.3346
116261,3.99924
116262,3.75058
116263,3.85963
116264,4.55444
116265,3.95148
116266,3.38121
116267,3.91152
116268,3.98772
116269,4.37762
116270,3.97985
116271,3.09552
116272,4.18399
116273,3.25389
116274,4.07377
116275,4.23202
116276,4.60276
116277,4.59854
116278,3.75996
116279,2.96461
116280,3.01931
116281,4.50707
116282,3.47788
116283,4.67852
116284,3.40231
116285,4.87613
116286,3.73902
116287,3.58667
116288,4.31046
116289,3.36872
116290,3.81958
116291,2.20016
116292,4.08026
116293,1.44084
116294,4.29988
116295,4.46207
116296,3.62895
116297,3.64378
116298,3.48518
116299,2.87218
116300,2.23088
116301,4.83834
116302,4.12048
116303,4.35356
116304,4.74201
116305,4.77732
116306,4.3263
116307,4.80428
116308,3.32626
116309,4.33963
116310,5.0
116311,4.94132
116312,4.4361
116313,4.49705
116314,4.65506
116315,3.23848
116316,4.2541
116317,3.58323
116318,3.11514
116319,2.56627
116320,4.4683
116321,4.58292
116322,4.16683
116323,3.56613
116324,3.87326
116325,4.70552
116326,4.25573
116327,4.17532
116328,4.1759
116329,4.17178
116330,3.68215
116331,4.25763
116332,4.6217
116333,3.35231
116334,3.95099
116335,3.87559
116336,2.9174
116337,3.3828
116338,2.14104
116339,2.1426
116340,3.82672
116341,4.47452
116342,4.5583
116343,4.38763
116344,4.38216
116345,3.65473
116346,4.02202
116347,3.50131
116348,4.52842
116349,4.57838
116350,3.70788
116351,3.83678
116352,2.94772
116353,3.91479
116354,3.99748
116355,3.81927
116356,4.06405
116357,3.78264
116358,3.61021
116359,1.0
116360,2.12832
116361,4.05167
116362,3.81606
116363,3.83007
116364,4.03805
116365,4.98338
116366,4.10758
116367,3.30687
116368,3.24628
116369,3.23757
116370,5.0
116371,3.41314
116372,3.31535
116373,3.46984
116374,3.60672
116375,4.60388
116376,2.45354
116377,4.46341
116378,4.19954
116379,2.37538
116380,3.1338
116381,3.34187
116382,4.09742
116383,1.74594
116384,3.92716
116385,3.54418
116386,3.42698
116387,3.3667
116388,2.31916
116389,3.4509
116390,3.57727
116391,2.97778
116392,3.42204
116393,2.87568
116394,3.27706
116395,2.68832
116396,3.02137
116397,2.83572
116398,2.1432
116399,1.87506
116400,3.61838
116401,3.70308
116402,3.20384
116403,1.92717
116404,2.08311
116405,2.8941
116406,3.44661
116407,3.46473
116408,3.11959
116409,2.18938
116410,3.30747
116411,2.22794
116412,2.9172
116413,2.53839
116414,3.34126
116415,2.66237
116416,3.29462
116417,2.93677
116418,3.38024
116419,3.43798
116420,3.14715
116421,2.41002
116422,3.36691
116423,2.6661
116424,3.22087
116425,3.10731
116426,3.17615
116427,3.05075
116428,3.4045
116429,4.0826
116430,3.29674
116431,2.90763
116432,3.21043
116433,4.2529
116434,1.89306
116435,2.7243
116436,3.30968
116437,3.69583
116438,3.60993
116439,4.12317
116440,3.14278
116441,4.70767
116442,2.89683
116443,4.07255
116444,4.12966
116445,5.0
116446,3.23315
116447,2.38395
116448,3.8446
116449,2.65413
116450,2.80825
116451,2.0508
116452,2.23124
116453,3.61774
116454,3.02247
116455,2.58188
116456,3.48445
116457,2.91441
116458,3.96326
116459,2.30961
116460,3.39244
116461,3.34207
116462,2.88491
116463,3.35519
116464,4.96711
116465,3.94778
116466,2.53419
116467,2.57697
116468,2.21642
116469,4.21648
116470,2.99868
116471,2.11739
116472,2.34926
116473,3.46401
116474,3.03562
116475,2.30945
116476,2.43562
116477,3.4304
116478,3.73522
116479,4.38571
116480,3.5913
116481,2.63125
116482,1.85408
116483,4.76383
116484,2.64106
116485,4.32589
116486,2.81535
116487,4.21312
116488,3.74174
116489,2.87013
116490,4.38458
116491,3.94894
116492,2.25172
116493,2.98111
116494,2.25604
116495,4.81928
116496,2.98255
116497,3.39902
116498,1.87241
116499,2.50928
116500,4.10681
116501,3.72317
116502,4.19228
116503,1.91676
116504,4.53706
116505,3.36091
116506,4.38193
116507,2.43918
116508,3.32662
116509,3.98989
116510,2.54561
116511,3.07695
116512,3.91462
116513,4.0374
116514,4.74684
116515,4.46852
116516,4.54997
116517,4.00963
116518,4.08364
116519,2.70262
116520,3.16739
116521,3.65311
116522,4.10147
116523,3.90135
116524,5.0
116525,5.0
116526,4.23378
116527,3.86948
116528,4.05998
116529,4.7797
116530,3.54364
116531,3.10454
116532,4.03013
116533,3.74254
116534,4.24344
116535,4.21329
116536,2.20003
116537,2.93328
116538,3.48043
116539,2.25101
116540,3.51648
116541,2.76986
116542,3.96763
116543,3.49908
116544,3.40295
116545,3.07019
116546,4.91446
116547,3.20333
116548,3.40742
116549,2.92401
116550,3.0931
116551,3.4555
116552,1.5078
116553,3.63538
116554,3.99712
116555,4.12378
116556,2.72925
116557,2.99538
116558,4.50648
116559,4.63325
116560,2.74928
116561,3.30226
116562,2.91361
116563,2.54989
116564,4.89101
116565,3.61379
116566,4.49797
116567,4.5901
116568,3.30845
116569,3.56167
116570,3.04069
116571,3.52015
116572,2.05416
116573,3.56445
116574,2.89633
116575,3.72242
116576,3.37972
116577,3.31991
116578,3.06124
116579,3.3828
116580,3.86396
116581,3.34541
116582,2.38926
116583,4.11506
116584,3.19872
116585,3.86433
116586,2.28133
116587,3.07899
116588,3.30734
116589,3.58013
116590,4.35149
116591,4.14814
116592,4.24746
116593,4.85151
116594,3.35747
116595,3.32383
116596,2.07453
116597,4.08022
116598,4.05691
116599,2.85615
116600,3.70676
116601,3.95061
116602,3.85162
116603,3.01428
116604,3.78717
116605,4.08023
116606,3.16887
116607,3.18562
116608,3.68277
116609,3.96677
116610,3.32536
116611,3.18604
116612,4.44135
116613,3.93894
116614,4.18518
116615,3.98901
116616,4.47678
116617,4.91237
116618,3.38627
116619,3.83121
116620,4.2735
116621,3.82032
116622,3.13774
116623,3.96725
116624,3.48358
116625,3.35485
116626,3.41962
116627,4.20541
116628,2.92075
116629,3.81436
116630,3.34943
116631,3.74056
116632,4.08973
116633,3.35662
116634,3.80917
116635,4.78953
116636,2.6647
116637,3.95555
116638,4.19224
116639,3.67905
116640,4.44717
116641,4.38604
116642,3.60882
116643,4.16901
116644,3.59784
116645,1.97126
116646,2.79606
116647,2.6841
116648,2.76299
116649,3.19354
116650,3.37374
116651,2.33052
116652,3.5944
116653,2.11306
116654,1.66774
116655,2.20285
116656,2.44715
116657,3.4273
116658,3.02687
116659,3.01341
116660,2.63888
116661,2.94751
116662,3.31967
116663,1.76302
116664,2.50067
116665,2.77225
116666,2.865
116667,2.48685
116668,3.14971
116669,3.44837
116670,2.75624
116671,2.77433
116672,3.51731
116673,3.1136
116674,2.39973
116675,3.04045
116676,2.90292
116677,2.79302
116678,3.14407
116679,3.04353
116680,2.59701
116681,3.07471
116682,3.39039
116683,2.57019
116684,2.88907
116685,2.11471
116686,1.98384
116687,3.13874
116688,2.554
116689,3.66596
116690,4.13498
116691,3.40534
116692,2.99821
116693,3.45913
116694,2.82125
116695,3.4545
116696,3.05185
116697,2.58663
116698,3.54682
116699,3.25621
116700,3.08294
116701,2.92115
116702,4.90837
116703,4.46737
116704,3.85272
116705,3.82094
116706,3.14007
116707,2.82217
116708,4.27959
116709,4.53909
116710,4.20413
116711,4.77491
116712,4.62332
116713,4.98975
116714,4.02907
116715,4.00246
116716,4.7618
116717,5.0
116718,3.71071
116719,4.30122
116720,3.76218
116721,4.73835
116722,4.32266
116723,4.64135
116724,4.63941
116725,4.87123
116726,4.98372
116727,4.17698
116728,3.90553
116729,4.98148
116730,3.57662
116731,2.63564
116732,4.5762
116733,4.1511
116734,5.0
116735,4.14491
116736,4.3862
116737,4.66673
116738,3.43163
116739,3.46888
116740,4.06925
116741,3.74435
116742,4.22428
116743,3.18069
116744,3.49349
116745,3.30495
116746,3.317
116747,4.07161
116748,3.83603
116749,3.87682
116750,4.00273
116751,3.81952
116752,4.12503
116753,3.07924
116754,3.83087
116755,3.18038
116756,4.51817
116757,3.36807
116758,3.47972
116759,3.73565
116760,2.84551
116761,3.67234
116762,3.98068
116763,2.93602
116764,2.65012
116765,3.78198
116766,3.63858
116767,3.58859
116768,3.344
116769,4.56444
116770,4.52943
116771,4.47483
116772,4.07147
116773,4.01058
116774,4.20351
116775,4.40804
116776,4.66234
116777,3.43416
116778,3.64996
116779,3.52987
116780,3.09048
116781,3.57771
116782,3.82688
116783,3.90089
116784,4.51362
116785,4.10667
116786,3.10732
116787,3.7863
116788,4.25187
116789,3.5996
116790,3.93781
116791,4.26763
116792,4.41865
116793,3.11296
116794,3.0088
116795,3.45646
116796,4.48868
116797,3.13552
116798,4.57448
116799,4.69656
116800,3.41347
116801,3.98445
116802,5.0
116803,3.55163
116804,3.56054
116805,4.23382
116806,3.27405
116807,4.27035
116808,3.95583
116809,4.39851
116810,2.70857
116811,3.52882
116812,4.0537
116813,4.09202
116814,2.71235
116815,3.56602
116816,2.4235
116817,3.8871
116818,3.38064
116819,4.32669
116820,4.02469
116821,3.07794
116822,2.80105
116823,3.45331
116824,3.91326
116825,3.99362
116826,4.53537
116827,4.48167
116828,3.22526
116829,3.83897
116830,3.27503
116831,3.97765
116832,3.18837
116833,3.61659
116834,3.2194
116835,4.44824
116836,4.25251
116837,4.30073
116838,3.20835
116839,1.77837
116840,3.18886
116841,2.92755
116842,2.78386
116843,3.17884
116844,3.92595
116845,2.30403
116846,3.50258
116847,2.1438
116848,2.71691
116849,4.12334
116850,3.99448
116851,4.55374
116852,2.07252
116853,2.84527
116854,1.99049
116855,1.0
116856,1.58981
116857,2.59553
116858,3.70002
116859,3.86073
116860,3.35269
116861,3.42083
116862,3.05563
116863,2.39429
116864,3.10773
116865,2.95157
116866,4.38557
116867,2.84894
116868,3.66159
116869,1.9588
116870,1.30108
116871,5.0
116872,2.68954
116873,3.71346
116874,3.03402
116875,2.40997
116876,3.10087
116877,1.52905
116878,4.27076
116879,1.99753
116880,3.89718
116881,3.59123
116882,3.1716
116883,2.56319
116884,3.31449
116885,2.79702
116886,3.05857
116887,3.65676
116888,1.16088
116889,1.21886
116890,3.269
116891,1.06176
116892,4.5796
116893,2.256
116894,4.31689
116895,3.91
116896,2.25459
116897,1.53483
116898,3.90973
116899,3.27735
116900,3.50442
116901,3.7793
116902,4.82689
116903,2.87842
116904,5.0
116905,5.0
116906,3.8461
116907,4.75196
116908,4.92452
116909,4.63734
116910,4.36465
116911,4.05315
116912,3.20989
116913,5.0
116914,5.0
116915,4.67829
116916,4.28976
116917,3.55449
116918,3.78113
116919,3.94189
116920,4.29804
116921,3.83184
116922,2.73833
116923,4.03759
116924,4.75389
116925,4.31315
116926,4.32505
116927,4.10282
116928,4.00551
116929,4.20932
116930,4.0865
116931,4.72044
116932,3.91781
116933,4.62198
116934,3.89257
116935,5.0
116936,5.0
116937,3.03963
116938,4.05693
116939,3.8682
116940,4.12445
116941,4.60293
116942,3.37528
116943,2.87347
116944,2.32907
116945,3.61667
116946,3.77732
116947,3.0319
116948,3.13804
116949,3.27022
116950,4.37287
116951,3.7313
116952,3.83008
116953,4.10423
116954,4.47892
116955,3.46703
116956,4.19478
116957,4.09541
116958,4.18997
116959,3.22349
116960,3.96838
116961,3.76134
116962,2.83
116963,3.25604
116964,3.41261
116965,4.29853
116966,4.48417
116967,4.77329
116968,3.83752
116969,3.0617
116970,4.61615
116971,4.60422
116972,4.31301
116973,3.75906
116974,3.4136
116975,2.81924
116976,3.66598
116977,3.80707
116978,4.19963
116979,4.14408
116980,4.05095
116981,3.88928
116982,4.13453
116983,4.03407
116984,3.50333
116985,4.02662
116986,4.61002
116987,3.77801
116988,3.43692
116989,4.46806
116990,4.16069
116991,4.12034
116992,4.57728
116993,4.29416
116994,2.98622
116995,3.96567
116996,4.50436
116997,4.94223
116998,3.63203
116999,3.70434
117000,4.149
117001,4.34472
117002,4.36974
117003,4.13978
117004,2.63859
117005,3.33751
117006,4.25801
117007,3.52293
117008,3.62869
117009,3.73524
117010,3.65399
117011,3.17556
117012,4.05892
117013,2.74766
117014,3.35272
117015,4.15759
117016,4.32597
117017,2.54132
117018,4.55469
117019,3.61944
117020,4.36196
117021,4.96031
117022,2.957
117023,2.4836
117024,4.41129
117025,4.35142
117026,4.06894
117027,3.54531
117028,4.83689
117029,3.73856
117030,3.71591
117031,4.58322
117032,4.9116
117033,4.51982
117034,4.26761
117035,5.0
117036,4.4232
117037,2.16611
117038,3.20721
117039,3.62499
117040,2.16431
117041,3.09855
117042,2.53786
117043,3.13974
117044,3.30002
117045,2.81307
117046,3.38974
117047,4.25803
117048,3.42043
117049,3.69544
117050,3.46842
117051,3.29349
117052,3.95005
117053,2.66624
117054,2.52342
117055,4.24696
117056,1.0
117057,3.24102
117058,2.89768
117059,4.37189
117060,4.10547
117061,3.98901
117062,3.22734
117063,3.39014
117064,3.96321
117065,3.94364
117066,3.31155
117067,2.86032
117068,2.72026
117069,3.95693
117070,3.79638
117071,4.4967
117072,4.24648
117073,4.93185
117074,3.73042
117075,3.95101
117076,3.92871
117077,2.94016
117078,4.15703
117079,3.81873
117080,4.16073
117081,3.59574
117082,4.19803
117083,3.86816
117084,3.70833
117085,3.961
117086,3.29882
117087,3.62738
117088,3.14932
117089,4.33414
117090,4.39699
117091,4.85126
117092,4.69774
117093,3.48146
117094,2.9497
117095,4.48696
117096,4.14632
117097,4.12997
117098,2.75259
117099,4.07156
117100,1.41068
117101,4.21692
117102,2.43605
117103,2.81566
117104,2.7688
117105,2.07008
117106,4.62164
117107,3.40252
117108,4.00353
117109,3.98784
117110,3.65639
117111,5.0
117112,1.75839
117113,5.0
117114,3.16276
117115,3.41485
117116,4.68661
117117,2.24846
117118,4.928
117119,4.01113
117120,3.06572
117121,4.58835
117122,3.87397
117123,3.29825
117124,3.71479
117125,4.35841
117126,4.22894
117127,2.26393
117128,3.48063
117129,3.8201
117130,3.77855
117131,4.23473
117132,2.45389
117133,4.09743
117134,2.15345
117135,3.96467
117136,4.6704
117137,3.70276
117138,4.1459
117139,3.62558
117140,3.37431
117141,3.406
117142,4.25657
117143,3.33201
117144,4.14957
117145,4.54969
117146,3.77071
117147,3.91392
117148,3.21388
117149,3.5729
117150,3.13147
117151,3.41833
117152,4.0981
117153,2.93577
117154,3.64735
117155,1.8232
117156,2.71305
117157,4.04119
117158,3.0522
117159,2.52235
117160,3.34133
117161,3.01146
117162,2.93771
117163,3.22031
117164,2.35752
117165,3.36413
117166,2.23727
117167,3.2908
117168,4.2337
117169,4.09734
117170,3.05235
117171,3.65831
117172,2.38654
117173,2.84451
117174,4.23233
117175,4.26069
117176,3.23375
117177,3.56048
117178,2.12089
117179,4.6586
117180,3.66981
117181,3.04211
117182,3.50196
117183,3.369
117184,2.08128
117185,2.70869
117186,2.75704
117187,2.14921
117188,3.32014
117189,2.72892
117190,3.65009
117191,3.87028
117192,3.35081
117193,3.32949
117194,3.55275
117195,3.73279
117196,2.03675
117197,2.84486
117198,2.59439
117199,3.97362
117200,2.28733
117201,4.25744
117202,3.89639
117203,3.35541
117204,3.12863
117205,2.1824
117206,1.4485
117207,1.7327
117208,2.35566
117209,3.77635
117210,1.96711
117211,3.16689
117212,3.16916
117213,4.03532
117214,3.0606
117215,4.20369
117216,1.91215
117217,3.42326
117218,3.02081
117219,3.87921
117220,4.01475
117221,4.27756
117222,3.72331
117223,3.95631
117224,3.69397
117225,4.7323
117226,3.78812
117227,3.91809
117228,2.96287
117229,4.42349
117230,3.35455
117231,2.98423
117232,2.6394
117233,3.74157
117234,3.49942
117235,3.58847
117236,3.63399
117237,3.7254
117238,2.45235
117239,2.60954
117240,4.02204
117241,2.85555
117242,2.61341
117243,3.02884
117244,3.67785
117245,3.08143
117246,3.1587
117247,4.59737
117248,3.64474
117249,4.49298
117250,4.33614
117251,4.1678
117252,4.29556
117253,4.41166
117254,4.02542
117255,3.73327
117256,2.95145
117257,4.01145
117258,4.15024
117259,3.06282
117260,4.0528
117261,4.17888
117262,1.62983
117263,2.72494
117264,3.02307
117265,5.0
117266,4.89414
117267,2.7889
117268,4.80515
117269,4.86582
117270,3.03177
117271,3.82594
117272,3.60264
117273,2.65671
117274,3.60658
117275,3.43962
117276,3.74379
117277,3.75419
117278,4.24688
117279,3.75206
117280,2.90608
117281,3.63659
117282,2.89876
117283,3.55964
117284,3.72137
117285,3.55605
117286,4.29491
117287,4.39451
117288,3.95278
117289,3.89541
117290,3.87856
117291,4.45911
117292,4.19738
117293,3.82927
117294,4.12897
117295,4.32389
117296,4.47308
117297,4.3687
117298,2.4895
117299,2.1508
117300,1.7569
117301,3.31545
117302,1.12004
117303,2.54996
117304,2.18149
117305,3.29777
117306,2.7064
117307,2.06244
117308,2.88588
117309,1.7472
117310,2.08675
117311,2.86788
117312,2.32692
117313,2.08838
117314,2.09167
117315,1.20828
117316,1.60723
117317,2.95049
117318,1.40712
117319,1.69384
117320,2.38682
117321,2.39121
117322,2.37478
117323,3.43019
117324,3.16217
117325,3.15847
117326,2.89418
117327,3.69715
117328,2.23121
117329,2.46833
117330,3.91911
117331,3.38959
117332,4.68121
117333,3.89499
117334,2.14409
117335,2.20253
117336,3.80146
117337,3.45655
117338,2.85227
117339,4.014
117340,4.40911
117341,4.28341
117342,4.68904
117343,4.68385
117344,4.91384
117345,1.3487
117346,4.87803
117347,2.54595
117348,3.58174
117349,1.95894
117350,1.6641
117351,4.68119
117352,1.51504
117353,1.32113
117354,2.19429
117355,2.50852
117356,2.41476
117357,3.29541
117358,3.01108
117359,4.80187
117360,5.0
117361,4.67763
117362,4.12445
117363,1.56493
117364,1.14184
117365,2.53204
117366,2.50615
117367,3.64306
117368,2.27606
117369,2.44223
117370,3.52403
117371,3.01143
117372,2.95554
117373,3.35856
117374,1.23616
117375,2.5005
117376,1.86556
117377,1.43811
117378,2.18542
117379,3.03746
117380,1.72389
117381,3.42205
117382,1.0
117383,1.72806
117384,1.1938
117385,3.63408
117386,1.11525
117387,2.94494
117388,3.06717
117389,1.19572
117390,3.5291
117391,3.14291
117392,1.0
117393,2.78303
117394,1.37227
117395,1.50097
117396,1.93356
117397,2.71608
117398,1.36504
117399,1.98224
117400,1.77754
117401,3.72993
117402,2.77901
117403,2.7036
117404,1.0
117405,2.86163
117406,1.34475
117407,1.0
117408,3.08758
117409,1.68931
117410,1.29816
117411,1.1177
117412,2.11427
117413,3.57412
117414,4.24132
117415,3.98408
117416,3.5523
117417,3.88241
117418,4.23762
117419,3.98622
117420,2.3105
117421,2.28185
117422,2.73863
117423,2.28876
117424,2.82033
117425,3.79636
117426,2.2481
117427,3.79868
117428,2.67398
117429,3.39417
117430,3.37458
117431,4.34261
117432,3.63698
117433,3.38136
117434,3.40407
117435,3.00509
117436,2.67431
117437,3.92586
117438,3.74448
117439,2.70145
117440,3.56265
117441,3.52412
117442,3.86219
117443,3.97777
117444,2.92748
117445,2.5289
117446,3.92861
117447,2.71327
117448,3.77705
117449,4.10832
117450,2.32175
117451,3.28675
117452,3.41908
117453,3.24727
117454,3.8115
117455,2.77054
117456,3.00576
117457,2.39212
117458,1.86337
117459,3.38695
117460,3.62256
117461,3.81269
117462,3.28229
117463,3.62377
117464,3.75044
117465,1.87072
117466,2.14507
117467,2.72685
117468,3.96152
117469,2.7132
117470,3.59476
117471,3.16882
117472,3.87245
117473,3.16108
117474,4.15834
117475,3.80506
117476,3.62615
117477,5.0
117478,3.75304
117479,4.32629
117480,4.42009
117481,4.09109
117482,3.53904
117483,3.42871
117484,2.97664
117485,4.53461
117486,4.81281
117487,3.04903
117488,3.72867
117489,3.79353
117490,3.73526
117491,3.07742
117492,4.31314
117493,4.54468
117494,4.18144
117495,4.58272
117496,3.16789
117497,3.34742
117498,5.0
117499,3.95684
117500,2.79618
117501,3.34877
117502,4.07848
117503,4.41558
117504,3.10339
117505,3.38808
117506,3.14125
117507,3.85639
117508,4.6435
117509,3.51387
117510,3.84938
117511,4.75938
117512,4.4463
117513,3.60285
117514,2.05524
117515,3.87458
117516,4.54559
117517,3.69748
117518,1.8793
117519,1.86199
117520,2.60628
117521,2.76315
117522,4.05591
117523,2.91608
117524,4.0944
117525,1.04718
117526,3.55856
117527,1.55205
117528,1.28903
117529,3.46581
117530,2.47896
117531,2.88212
117532,4.34184
117533,4.19884
117534,2.58108
117535,3.97693
117536,4.82949
117537,5.0
117538,4.88884
117539,5.0
117540,4.22682
117541,4.09582
117542,4.99317
117543,3.16285
117544,1.55678
117545,3.03764
117546,4.02054
117547,5.0
117548,4.43474
117549,2.47679
117550,4.02012
117551,4.07192
117552,2.48922
117553,2.42534
117554,1.51612
117555,3.23086
117556,2.70115
117557,4.20092
117558,4.06192
117559,3.33185
117560,2.88567
117561,4.43834
117562,3.82196
117563,2.83533
117564,2.69334
117565,2.94765
117566,3.18627
117567,3.56246
117568,3.03521
117569,4.17128
117570,3.42548
117571,2.07353
117572,3.14909
117573,2.51846
117574,3.98362
117575,3.82247
117576,4.15139
117577,1.67369
117578,2.2432
117579,3.37901
117580,4.18468
117581,2.61698
117582,2.32023
117583,3.97385
117584,2.60111
117585,3.21852
117586,4.07752
117587,3.91064
117588,3.99429
117589,1.56009
117590,2.58828
117591,3.31064
117592,4.03757
117593,3.94156
117594,4.09203
117595,4.04807
117596,4.40687
117597,3.07356
117598,4.1937
117599,3.67842
117600,3.6
117601,1.22119
117602,1.13107
117603,3.68665
117604,3.03694
117605,2.85671
117606,4.75566
117607,4.06542
117608,2.33801
117609,2.43517
117610,2.83607
117611,4.30145
117612,3.69305
117613,4.37798
117614,3.86933
117615,4.04329
117616,4.16796
117617,3.33928
117618,3.84163
117619,4.29768
117620,3.52219
117621,3.6829
117622,4.19658
117623,4.37334
117624,3.53423
117625,3.57924
117626,3.305
117627,3.89049
117628,3.55269
117629,3.71799
117630,3.00553
117631,3.85645
117632,3.0103
117633,3.37773
117634,4.18992
117635,3.90297
117636,4.09001
117637,5.0
117638,3.6341
117639,3.61968
117640,4.22407
117641,4.34753
117642,3.54046
117643,3.15444
117644,3.82696
117645,2.6479
117646,3.40332
117647,3.47502
117648,1.50492
117649,3.36861
117650,3.94843
117651,4.20501
117652,3.13975
117653,4.50141
117654,4.08095
117655,4.15956
117656,2.17807
117657,2.6508
117658,1.66325
117659,3.07817
117660,3.02579
117661,3.66364
117662,2.42691
117663,3.46807
117664,3.34377
117665,2.89107
117666,3.90393
117667,4.71399
117668,4.20312
117669,4.29301
117670,3.9201
117671,3.89907
117672,3.12897
117673,3.49999
117674,4.6541
117675,3.84677
117676,3.9169
117677,4.47588
117678,2.78117
117679,4.49244
117680,4.21818
117681,4.54822
117682,2.71824
117683,2.88917
117684,3.9358
117685,3.9229
117686,4.29349
117687,3.82608
117688,4.65281
117689,4.08044
117690,4.53291
117691,3.06276
117692,4.38086
117693,2.71174
117694,2.73998
117695,4.40399
117696,3.48416
117697,2.35168
117698,2.95133
117699,4.39214
117700,3.72055
117701,2.72085
117702,3.12314
117703,3.87979
117704,3.5733
117705,3.05393
117706,3.17875
117707,3.33995
117708,4.01384
117709,3.25512
117710,4.74103
117711,2.59223
117712,3.19677
117713,4.10517
117714,3.85549
117715,3.76236
117716,3.49341
117717,4.88612
117718,2.32389
117719,4.09349
117720,4.48716
117721,4.59214
117722,4.91326
117723,4.34277
117724,3.28637
117725,3.45628
117726,3.77144
117727,4.14704
117728,4.26442
117729,4.18462
117730,2.2135
117731,3.86815
117732,3.42561
117733,2.3028
117734,3.03336
117735,4.10099
117736,4.05754
117737,3.45192
117738,3.86779
117739,3.62265
117740,3.84227
117741,3.49967
117742,3.38456
117743,4.07555
117744,3.41456
117745,3.05388
117746,3.66557
117747,4.14634
117748,3.64054
117749,4.02808
117750,2.40033
117751,4.49172
117752,2.12366
117753,4.86135
117754,3.91784
117755,4.62918
117756,2.67026
117757,3.82453
117758,3.91469
117759,3.36822
117760,4.28655
117761,4.55514
117762,4.63464
117763,3.38939
117764,4.58618
117765,3.97908
117766,3.93419
117767,3.82154
117768,4.3804
117769,3.01129
117770,3.97834
117771,4.20434
117772,4.84778
117773,3.92555
117774,3.98261
117775,3.60863
117776,3.63477
117777,4.0481
117778,3.33459
117779,3.44425
117780,4.15772
117781,4.25748
117782,2.93395
117783,3.58829
117784,2.89987
117785,4.43574
117786,3.93101
117787,3.81898
117788,2.78277
117789,3.90029
117790,3.55335
117791,2.80496
117792,1.99457
117793,4.47413
117794,3.52623
117795,4.5167
117796,4.36723
117797,4.24255
117798,3.84502
117799,2.98188
117800,3.65848
117801,3.68665
117802,4.14971
117803,4.52655
117804,4.10797
117805,3.91278
117806,3.86304
117807,4.31852
117808,4.42545
117809,4.1446
117810,3.62008
117811,4.21307
117812,4.63472
117813,3.01612
117814,4.60445
117815,3.77427
117816,3.37026
117817,3.98533
117818,4.05685
117819,2.71539
117820,3.667
117821,2.28984
117822,4.62484
117823,4.86183
117824,3.79611
117825,3.84642
117826,3.11583
117827,3.90817
117828,4.03414
117829,3.98014
117830,5.0
117831,4.17116
117832,3.72133
117833,4.67494
117834,4.84995
117835,3.85215
117836,4.5739
117837,4.42207
117838,4.28151
117839,4.2567
117840,3.61823
117841,3.27187
117842,3.56861
117843,3.10855
117844,2.0438
117845,4.079
117846,3.72829
117847,4.25696
117848,3.5104
117849,3.14609
117850,2.98236
117851,2.80084
117852,3.20121
117853,3.79269
117854,3.86385
117855,4.07434
117856,4.0444
117857,3.0818
117858,4.30251
117859,3.57493
117860,2.77907
117861,3.53557
117862,3.48896
117863,3.74132
117864,3.58405
117865,4.0709
117866,4.36437
117867,4.29456
117868,4.36106
117869,4.4494
117870,3.4166
117871,3.78829
117872,3.62766
117873,3.56368
117874,4.05872
117875,4.27568
117876,3.41421
117877,4.27876
117878,3.99253
117879,3.82097
117880,3.98795
117881,4.57639
117882,3.67001
117883,3.96396
117884,4.41052
117885,4.13653
117886,4.47444
117887,3.5545
117888,3.63208
117889,3.79263
117890,4.30502
117891,3.85555
117892,3.99236
117893,3.27112
117894,4.55837
117895,3.69628
117896,3.31557
117897,4.40225
117898,3.42876
117899,3.78096
117900,3.787
117901,4.53673
117902,3.8444
117903,2.34031
117904,3.71873
117905,3.46908
117906,2.67766
117907,4.26695
117908,3.03393
117909,3.60913
117910,3.34178
117911,3.10287
117912,2.38832
117913,4.36113
117914,2.33061
117915,4.04096
117916,3.09567
117917,2.87135
117918,3.39264
117919,3.2148
117920,3.88911
117921,3.56044
117922,4.94226
117923,4.14379
117924,3.62197
117925,2.48046
117926,3.73193
117927,4.84337
117928,2.99063
117929,4.34878
117930,4.15127
117931,4.48598
117932,4.2781
117933,4.45147
117934,3.22437
117935,4.27509
117936,2.58043
117937,4.34752
117938,3.99207
117939,3.70339
117940,3.53805
117941,4.31269
117942,1.98839
117943,2.23562
117944,3.61467
117945,4.11516
117946,3.4827
117947,3.47759
117948,4.71496
117949,4.04558
117950,4.54944
117951,4.88589
117952,2.34613
117953,4.86172
117954,4.0532
117955,3.61469
117956,3.9531
117957,3.59554
117958,4.21559
117959,3.67181
117960,2.40219
117961,3.05961
117962,3.15549
117963,3.49951
117964,3.24612
117965,3.52088
117966,2.88551
117967,3.21863
117968,3.45448
117969,3.99646
117970,3.48094
117971,3.36292
117972,3.26436
117973,3.00434
117974,3.27147
117975,3.41551
117976,3.19263
117977,3.2799
117978,2.79636
117979,3.12273
117980,3.49904
117981,3.27297
117982,4.25984
117983,3.28069
117984,2.8857
117985,2.39691
117986,3.14004
117987,3.49474
117988,3.97093
117989,2.68329
117990,2.75069
117991,3.54274
117992,3.39151
117993,3.09562
117994,3.24122
117995,3.10493
117996,3.63343
117997,2.92164
117998,3.51753
117999,3.11042
118000,3.09044
118001,3.03775
118002,3.17912
118003,4.10879
118004,2.6716
118005,3.47784
118006,4.33959
118007,3.53669
118008,3.03907
118009,3.37662
118010,2.94979
118011,3.08788
118012,3.90466
118013,4.06575
118014,3.69936
118015,3.74937
118016,3.32016
118017,3.3216
118018,2.68551
118019,1.42865
118020,3.24652
118021,2.90263
118022,2.72056
118023,3.22672
118024,4.32334
118025,2.19301
118026,3.41537
118027,2.23025
118028,4.02958
118029,3.81485
118030,3.88718
118031,3.72098
118032,2.75734
118033,1.08856
118034,4.3511
118035,2.66269
118036,3.59845
118037,1.56326
118038,3.80967
118039,3.46779
118040,2.92914
118041,3.0355
118042,3.12439
118043,2.98113
118044,4.03536
118045,3.02169
118046,2.68248
118047,3.94916
118048,2.58261
118049,2.70868
118050,3.4576
118051,3.11116
118052,3.74128
118053,3.7273
118054,3.18321
118055,4.22942
118056,4.32501
118057,4.00898
118058,3.45998
118059,1.90844
118060,3.76441
118061,3.27271
118062,3.31558
118063,2.00172
118064,4.07678
118065,3.21757
118066,3.40613
118067,3.79714
118068,1.73178
118069,3.83224
118070,1.25536
118071,2.31441
118072,2.14282
118073,3.93945
118074,2.73377
118075,4.29243
118076,4.09563
118077,3.76368
118078,4.32143
118079,3.52764
118080,3.94729
118081,4.35039
118082,4.12041
118083,4.11857
118084,4.01308
118085,3.65851
118086,4.91085
118087,4.22013
118088,4.2774
118089,4.455
118090,3.54886
118091,4.79847
118092,4.33071
118093,3.92766
118094,3.71102
118095,4.01686
118096,4.32212
118097,3.06009
118098,3.93949
118099,4.54017
118100,4.01694
118101,3.82079
118102,4.88254
118103,3.03662
118104,4.19847
118105,3.96885
118106,3.25385
118107,3.71272
118108,3.33976
118109,4.08123
118110,3.60939
118111,3.73571
118112,4.06802
118113,4.47993
118114,4.1705
118115,3.93902
118116,4.80625
118117,4.94058
118118,4.54403
118119,5.0
118120,4.82715
118121,4.80977
118122,4.46185
118123,4.57086
118124,5.0
118125,5.0
118126,3.08618
118127,4.75695
118128,3.02951
118129,4.55163
118130,3.42036
118131,4.69977
118132,4.69876
118133,5.0
118134,4.63202
118135,4.89524
118136,5.0
118137,4.40631
118138,3.85718
118139,4.63193
118140,4.94876
118141,4.14912
118142,4.28781
118143,4.10657
118144,3.48103
118145,2.97446
118146,2.29453
118147,1.80193
118148,2.42858
118149,2.27802
118150,3.97658
118151,3.93664
118152,1.63217
118153,3.4188
118154,4.37842
118155,4.62978
118156,3.44863
118157,4.86081
118158,3.88666
118159,3.91331
118160,4.74669
118161,5.0
118162,5.0
118163,2.72444
118164,4.72044
118165,3.31721
118166,4.95635
118167,4.97281
118168,4.78264
118169,4.76649
118170,4.54904
118171,5.0
118172,4.95821
118173,4.79107
118174,4.707
118175,3.0996
118176,4.04138
118177,3.28466
118178,4.01461
118179,2.48024
118180,3.67593
118181,2.67073
118182,4.12185
118183,2.23445
118184,2.4407
118185,2.90033
118186,3.50312
118187,4.18476
118188,3.21831
118189,3.82667
118190,3.67969
118191,3.25752
118192,3.65962
118193,3.13184
118194,3.2348
118195,3.08589
118196,3.65776
118197,4.43116
118198,4.64623
118199,4.46261
118200,4.08194
118201,3.94923
118202,4.41148
118203,3.82353
118204,3.06473
118205,3.27836
118206,4.02424
118207,3.71115
118208,3.30803
118209,3.76258
118210,3.4907
118211,4.6201
118212,2.87392
118213,3.19167
118214,2.63543
118215,3.2543
118216,3.60952
118217,3.77118
118218,4.22667
118219,3.75281
118220,3.89259
118221,2.99712
118222,2.59138
118223,2.6726
118224,3.577
118225,4.10608
118226,3.94161
118227,3.83664
118228,3.03178
118229,3.45284
118230,3.2545
118231,4.08309
118232,3.07605
118233,4.49072
118234,3.56691
118235,2.54866
118236,3.97262
118237,3.78986
118238,3.0306
118239,3.35172
118240,3.65889
118241,3.81002
118242,4.33991
118243,3.62729
118244,4.38817
118245,3.48421
118246,3.8288
118247,3.48045
118248,4.15497
118249,4.54388
118250,4.18526
118251,3.84126
118252,2.82385
118253,4.17519
118254,3.75163
118255,3.32898
118256,2.77496
118257,4.89361
118258,5.0
118259,2.75292
118260,1.7726
118261,4.93996
118262,2.40934
118263,3.91163
118264,3.94905
118265,3.4973
118266,4.41303
118267,3.77597
118268,4.08712
118269,3.56133
118270,4.04067
118271,4.18224
118272,3.55097
118273,3.07691
118274,4.59353
118275,4.07526
118276,4.60254
118277,4.02189
118278,3.25986
118279,3.44278
118280,3.8845
118281,4.98313
118282,3.94876
118283,4.01546
118284,4.15915
118285,4.39376
118286,4.30554
118287,3.16705
118288,3.82046
118289,4.13528
118290,4.10211
118291,3.92109
118292,3.45515
118293,4.24809
118294,3.78121
118295,1.0
118296,3.41758
118297,3.58863
118298,3.15762
118299,3.73768
118300,3.52702
118301,3.41814
118302,3.95565
118303,3.80295
118304,3.63204
118305,3.96133
118306,4.01768
118307,3.99421
118308,4.04709
118309,3.68458
118310,4.62924
118311,3.93453
118312,3.21096
118313,4.18439
118314,3.6396
118315,4.34251
118316,3.72117
118317,3.5652
118318,2.3992
118319,2.36798
118320,4.20702
118321,2.06511
118322,2.44683
118323,1.15892
118324,4.75869
118325,4.15405
118326,3.90657
118327,3.9991
118328,1.267
118329,4.77337
118330,1.92192
118331,3.60197
118332,3.99678
118333,2.87692
118334,1.0
118335,3.72818
118336,2.54321
118337,1.54435
118338,3.47856
118339,3.32421
118340,2.71278
118341,1.0
118342,3.73133
118343,2.19764
118344,2.65302
118345,3.53674
118346,3.24021
118347,1.75798
118348,2.46297
118349,3.87191
118350,4.2274
118351,3.22275
118352,3.66692
118353,3.52437
118354,3.69175
118355,4.08639
118356,4.72865
118357,3.50357
118358,4.33072
118359,4.39676
118360,1.10029
118361,3.45377
118362,3.47744
118363,4.78707
118364,2.81097
118365,3.82905
118366,4.57346
118367,4.12366
118368,2.72116
118369,1.69373
118370,2.65095
118371,3.47978
118372,3.89093
118373,4.61724
118374,2.63002
118375,2.83531
118376,4.17309
118377,4.437
118378,2.46446
118379,2.18345
118380,2.65754
118381,2.40562
118382,3.65449
118383,2.86286
118384,3.87533
118385,2.85406
118386,4.05498
118387,4.57689
118388,3.04838
118389,4.6285
118390,2.17935
118391,4.3845
118392,4.43097
118393,3.90834
118394,3.97212
118395,3.98859
118396,4.61562
118397,3.96115
118398,4.5312
118399,3.3713
118400,1.47002
118401,4.34127
118402,1.0
118403,4.52532
118404,2.41704
118405,3.91188
118406,1.33662
118407,2.84495
118408,2.43588
118409,4.02361
118410,3.59308
118411,2.14991
118412,3.69023
118413,2.49344
118414,3.0402
118415,5.0
118416,2.60612
118417,3.70206
118418,3.37649
118419,3.09065
118420,2.48191
118421,2.98858
118422,3.87476
118423,3.78737
118424,2.7647
118425,2.50537
118426,1.77155
118427,4.18539
118428,3.74295
118429,2.42367
118430,1.99486
118431,3.1626
118432,3.76662
118433,2.99471
118434,3.64116
118435,2.27426
118436,2.96997
118437,2.20043
118438,2.14134
118439,2.72783
118440,2.90043
118441,1.48178
118442,4.28917
118443,4.26534
118444,3.03335
118445,4.21983
118446,2.94805
118447,4.19229
118448,4.24692
118449,3.42841
118450,1.59089
118451,2.50616
118452,3.15084
118453,4.00721
118454,2.88139
118455,2.49666
118456,3.18823
118457,3.43812
118458,3.55222
118459,5.0
118460,3.10747
118461,4.2723
118462,2.77925
118463,4.45263
118464,1.35654
118465,5.0
118466,4.31652
118467,3.19326
118468,4.22212
118469,1.51109
118470,5.0
118471,3.61218
118472,3.63773
118473,3.54014
118474,3.98937
118475,4.68523
118476,4.66771
118477,3.74648
118478,3.15112
118479,3.96955
118480,4.17405
118481,4.42881
118482,2.55166
118483,2.80473
118484,3.58941
118485,4.2837
118486,3.80017
118487,3.57735
118488,1.49053
118489,4.44943
118490,2.64879
118491,2.74195
118492,3.36758
118493,2.22816
118494,1.82763
118495,2.03283
118496,2.68755
118497,2.30039
118498,2.29285
118499,3.16362
118500,2.46045
118501,2.54708
118502,2.55489
118503,2.38352
118504,2.77025
118505,2.29484
118506,2.63443
118507,2.68969
118508,1.63482
118509,2.21818
118510,2.15521
118511,2.38736
118512,2.95118
118513,2.02841
118514,2.54202
118515,3.16026
118516,2.44625
118517,2.31195
118518,2.60628
118519,2.08423
118520,1.97607
118521,3.19625
118522,1.95173
118523,2.27338
118524,2.64628
118525,1.93872
118526,1.41702
118527,3.25868
118528,3.52063
118529,2.391
118530,2.27253
118531,3.62695
118532,2.7834
118533,1.1003
118534,3.77489
118535,2.31369
118536,3.02259
118537,2.51778
118538,3.14866
118539,2.07147
118540,2.6639
118541,3.65663
118542,1.4235
118543,3.51796
118544,2.20944
118545,3.00435
118546,3.57517
118547,3.25544
118548,2.5271
118549,1.61754
118550,2.73516
118551,1.61978
118552,3.51025
118553,2.53544
118554,1.88008
118555,2.54051
118556,3.24961
118557,2.78872
118558,2.53414
118559,2.29655
118560,3.35483
118561,2.47559
118562,2.41345
118563,3.10233
118564,2.76915
118565,2.59468
118566,3.03665
118567,3.61733
118568,1.87325
118569,1.0
118570,1.95556
118571,2.63504
118572,3.15493
118573,2.05035
118574,3.20186
118575,2.47206
118576,2.27355
118577,2.20258
118578,2.61766
118579,2.03297
118580,1.78889
118581,1.0
118582,3.78281
118583,3.37023
118584,1.30968
118585,2.86458
118586,3.46423
118587,2.79924
118588,3.48367
118589,2.44736
118590,2.92711
118591,3.12496
118592,3.13771
118593,2.36555
118594,2.92609
118595,2.28948
118596,2.44955
118597,1.26329
118598,2.73648
118599,3.24142
118600,2.76682
118601,1.62328
118602,2.52949
118603,3.16066
118604,2.96163
118605,1.40456
118606,1.48234
118607,3.7597
118608,2.86527
118609,2.22109
118610,3.92802
118611,2.36732
118612,1.43795
118613,3.3106
118614,2.78051
118615,2.95948
118616,3.05786
118617,3.56745
118618,1.68039
118619,2.81731
118620,3.29246
118621,4.15481
118622,3.51362
118623,3.41738
118624,3.85815
118625,4.41416
118626,3.85385
118627,3.05478
118628,3.91732
118629,3.36099
118630,3.47245
118631,4.53933
118632,4.37363
118633,4.22688
118634,3.57331
118635,3.03435
118636,3.29247
118637,3.74312
118638,3.36391
118639,2.30185
118640,4.4228
118641,3.11914
118642,2.98578
118643,2.95255
118644,3.93551
118645,4.3906
118646,3.93483
118647,4.90312
118648,3.6872
118649,4.68309
118650,4.57003
118651,3.19215
118652,3.48351
118653,1.92368
118654,2.12285
118655,2.61487
118656,2.53491
118657,1.41531
118658,2.69925
118659,2.14313
118660,3.44163
118661,1.8761
118662,1.17016
118663,3.77525
118664,2.50772
118665,1.13445
118666,3.48072
118667,4.58931
118668,3.05547
118669,2.63621
118670,2.89303
118671,2.91807
118672,2.17422
118673,3.15935
118674,2.24139
118675,3.61879
118676,3.54748
118677,3.96691
118678,1.8929
118679,3.18207
118680,2.28219
118681,2.61505
118682,2.96809
118683,3.55514
118684,3.05528
118685,3.18771
118686,2.66316
118687,2.84276
118688,1.9665
118689,1.64665
118690,3.33684
118691,2.82728
118692,3.33391
118693,4.22801
118694,3.9416
118695,3.81309
118696,5.0
118697,2.48201
118698,3.88399
118699,3.2768
118700,2.52853
118701,4.20149
118702,2.97569
118703,2.63576
118704,3.47776
118705,3.2532
118706,3.87177
118707,4.46806
118708,3.60473
118709,4.42765
118710,1.53196
118711,3.31551
118712,1.20099
118713,1.13111
118714,3.35091
118715,3.03498
118716,2.73043
118717,3.72837
118718,3.01982
118719,1.77953
118720,1.77387
118721,4.05085
118722,2.96786
118723,1.81197
118724,3.62084
118725,2.13896
118726,2.48069
118727,3.84426
118728,3.17282
118729,2.67555
118730,2.51755
118731,2.50091
118732,3.3644
118733,4.79768
118734,4.84611
118735,4.46751
118736,2.11768
118737,3.81997
118738,2.29243
118739,2.26479
118740,3.63478
118741,4.88546
118742,3.59864
118743,2.66773
118744,3.69682
118745,3.89472
118746,2.87258
118747,2.98307
118748,2.88486
118749,3.377
118750,3.55621
118751,3.37329
118752,3.27965
118753,3.52284
118754,3.63192
118755,3.43798
118756,3.5121
118757,3.64116
118758,4.03
118759,3.55449
118760,3.15397
118761,3.83877
118762,3.78668
118763,3.7872
118764,3.56373
118765,3.6494
118766,3.11826
118767,3.74586
118768,4.03817
118769,2.24833
118770,4.00673
118771,3.34646
118772,3.67408
118773,3.1518
118774,3.5986
118775,3.35346
118776,2.24932
118777,3.24833
118778,3.3718
118779,3.81242
118780,3.08291
118781,3.63216
118782,2.89954
118783,4.0064
118784,3.56475
118785,3.69859
118786,2.96651
118787,3.00812
118788,2.96159
118789,3.638
118790,3.12291
118791,3.25455
118792,3.01769
118793,3.95149
118794,3.6328
118795,2.69864
118796,2.79808
118797,3.63355
118798,4.27182
118799,3.0571
118800,3.28846
118801,2.83439
118802,3.74357
118803,3.75025
118804,3.02054
118805,3.6077
118806,3.33077
118807,4.10195
118808,3.47897
118809,4.24936
118810,4.17321
118811,4.33851
118812,3.48594
118813,3.00543
118814,3.4657
118815,2.88435
118816,4.22619
118817,2.24005
118818,2.74218
118819,2.6718
118820,4.06627
118821,3.84541
118822,3.66453
118823,3.5301
118824,3.95776
118825,4.80544
118826,3.53338
118827,3.92932
118828,3.10566
118829,3.70686
118830,3.88232
118831,4.06933
118832,3.9687
118833,4.16604
118834,3.10784
118835,2.63817
118836,2.55129
118837,3.4088
118838,3.74359
118839,3.84534
118840,3.64438
118841,3.90728
118842,3.87276
118843,4.08913
118844,3.41094
118845,3.9656
118846,3.19529
118847,2.26351
118848,3.82891
118849,3.19906
118850,3.56816
118851,3.63499
118852,3.89072
118853,3.3985
118854,3.37378
118855,3.6216
118856,3.1302
118857,2.38703
118858,2.4003
118859,2.335
118860,3.56386
118861,3.88535
118862,3.31614
118863,3.54672
118864,2.49113
118865,2.35476
118866,2.19978
118867,3.26108
118868,4.19478
118869,3.80705
118870,3.65651
118871,4.40422
118872,4.54764
118873,4.21111
118874,4.32051
118875,4.85806
118876,3.88964
118877,4.29582
118878,4.82528
118879,3.66865
118880,4.20322
118881,3.62523
118882,4.16328
118883,4.06366
118884,3.87125
118885,4.19579
118886,4.2553
118887,4.67152
118888,3.58893
118889,3.74442
118890,3.69896
118891,4.58878
118892,3.81127
118893,4.91734
118894,3.14927
118895,4.56122
118896,3.31247
118897,4.3138
118898,4.43015
118899,3.51547
118900,3.97575
118901,4.12048
118902,4.27746
118903,3.86591
118904,3.20072
118905,3.76559
118906,3.88779
118907,2.72547
118908,3.7605
118909,4.46564
118910,3.83286
118911,2.99434
118912,3.58468
118913,2.74252
118914,4.17311
118915,3.25294
118916,2.90858
118917,4.01075
118918,3.18296
118919,3.64921
118920,4.28267
118921,3.48932
118922,2.62706
118923,3.73525
118924,3.56563
118925,3.41018
118926,3.96354
118927,4.5749
118928,2.61873
118929,3.77702
118930,2.83627
118931,3.25902
118932,2.31968
118933,4.5104
118934,1.16934
118935,3.63548
118936,4.82246
118937,4.68429
118938,3.54455
118939,4.03311
118940,3.54887
118941,3.84512
118942,3.00875
118943,3.02234
118944,3.7169
118945,3.35343
118946,3.10822
118947,3.70169
118948,2.93046
118949,3.85812
118950,3.01816
118951,3.30083
118952,3.22771
118953,2.58291
118954,2.88233
118955,3.70732
118956,2.05739
118957,3.82006
118958,2.99498
118959,2.95796
118960,3.45116
118961,2.56319
118962,3.56609
118963,3.52164
118964,3.21778
118965,2.49773
118966,4.19928
118967,3.77541
118968,4.07003
118969,2.76615
118970,2.62791
118971,2.37154
118972,4.30023
118973,3.79102
118974,3.26743
118975,3.24412
118976,1.87108
118977,2.70547
118978,3.53074
118979,1.93562
118980,4.54276
118981,3.64054
118982,3.83634
118983,3.66687
118984,5.0
118985,3.90831
118986,5.0
118987,4.73454
118988,5.0
118989,5.0
118990,3.54825
118991,3.9066
118992,3.40815
118993,4.62768
118994,3.85589
118995,4.74364
118996,4.57753
118997,4.83598
118998,4.83372
118999,4.16295
119000,4.17464
119001,4.12102
119002,3.53884
119003,4.40848
119004,3.82758
119005,3.61426
119006,4.02611
119007,2.42822
119008,2.42058
119009,3.76837
119010,3.77271
119011,4.26159
119012,3.50162
119013,4.41194
119014,4.66045
119015,4.24361
119016,3.13821
119017,3.20692
119018,3.50297
119019,2.56158
119020,3.94609
119021,3.99882
119022,3.43953
119023,3.70652
119024,3.97583
119025,3.48645
119026,4.00141
119027,3.60395
119028,3.38897
119029,3.02473
119030,2.91522
119031,3.4732
119032,4.71805
119033,3.38887
119034,3.46721
119035,3.66422
119036,5.0
119037,4.59252
119038,4.61299
119039,2.2978
119040,3.15016
119041,2.95671
119042,4.04911
119043,3.67237
119044,3.27757
119045,3.02396
119046,3.62642
119047,3.12757
119048,3.07258
119049,3.21089
119050,2.79267
119051,2.81647
119052,3.39098
119053,3.0641
119054,3.32576
119055,2.95265
119056,3.43888
119057,3.11941
119058,3.53828
119059,1.98003
119060,3.2051
119061,2.25275
119062,2.74722
119063,2.54037
119064,2.90901
119065,2.67315
119066,3.24685
119067,1.86516
119068,3.22761
119069,3.50943
119070,2.71277
119071,3.00013
119072,2.30337
119073,2.04198
119074,3.16879
119075,2.75792
119076,2.62269
119077,3.92305
119078,2.77171
119079,2.74477
119080,2.37415
119081,2.10563
119082,2.80251
119083,2.76146
119084,2.57889
119085,2.78601
119086,2.33227
119087,2.68312
119088,2.13916
119089,2.41352
119090,3.44269
119091,2.02648
119092,3.38963
119093,3.04619
119094,2.48248
119095,2.87112
119096,3.21213
119097,3.06868
119098,2.50229
119099,2.65469
119100,3.06266
119101,2.45118
119102,3.22865
119103,2.64089
119104,3.80268
119105,2.96404
119106,3.67268
119107,2.64911
119108,2.96906
119109,2.46925
119110,2.42425
119111,2.84598
119112,2.95473
119113,2.75314
119114,3.38473
119115,2.92979
119116,3.83262
119117,2.30248
119118,3.37183
119119,2.97289
119120,2.94166
119121,3.02457
119122,2.47194
119123,2.35343
119124,2.25336
119125,2.90993
119126,2.08423
119127,3.95987
119128,3.56597
119129,3.30145
119130,2.74131
119131,3.17799
119132,2.39122
119133,3.3345
119134,1.88907
119135,3.20785
119136,2.16286
119137,3.32576
119138,2.05049
119139,2.94763
119140,3.11345
119141,3.44587
119142,2.87146
119143,2.97858
119144,3.25804
119145,2.02596
119146,3.12433
119147,3.03634
119148,3.10029
119149,2.45071
119150,3.31041
119151,3.13226
119152,2.72671
119153,2.91405
119154,2.33349
119155,2.72151
119156,3.27779
119157,3.00735
119158,2.76229
119159,2.33716
119160,3.30907
119161,2.85349
119162,1.73659
119163,2.13194
119164,3.14049
119165,2.93092
119166,3.03551
119167,2.96227
119168,3.42715
119169,2.98789
119170,3.72757
119171,2.83724
119172,3.48237
119173,2.63034
119174,3.35129
119175,3.1684
119176,3.07622
119177,2.86257
119178,3.00388
119179,2.67835
119180,3.09872
119181,3.58568
119182,2.25947
119183,3.40945
119184,3.15005
119185,2.50147
119186,3.21537
119187,3.27175
119188,2.4361
119189,3.37807
119190,2.52327
119191,4.58565
119192,1.32648
119193,4.11928
119194,4.59464
119195,4.56027
119196,2.39862
119197,3.56774
119198,3.81376
119199,2.78796
119200,3.90133
119201,3.51201
119202,4.47651
119203,1.0454
119204,4.37576
119205,4.15898
119206,3.63678
119207,3.98432
119208,2.49826
119209,3.41803
119210,3.73688
119211,3.74993
119212,2.3431
119213,1.88982
119214,3.5139
119215,3.00832
119216,3.30283
119217,2.6062
119218,1.866
119219,3.82679
119220,3.81779
119221,3.90206
119222,4.48806
119223,3.56507
119224,3.50873
119225,4.56868
119226,4.07821
119227,2.13524
119228,3.14054
119229,4.73758
119230,4.72016
119231,4.19034
119232,4.22246
119233,5.0
119234,2.12868
119235,4.26807
119236,3.848
119237,3.59083
119238,4.89099
119239,3.50081
119240,2.4421
119241,2.14818
119242,3.34852
119243,4.90868
119244,3.59865
119245,3.29128
119246,3.44084
119247,3.31755
119248,2.82353
119249,2.13589
119250,4.08013
119251,2.28043
119252,2.53404
119253,2.3466
119254,2.93871
119255,3.00595
119256,3.98803
119257,2.09338
119258,4.28418
119259,2.74698
119260,1.79044
119261,2.85201
119262,3.25276
119263,2.72026
119264,2.52888
119265,3.61623
119266,3.27466
119267,3.03464
119268,3.30078
119269,3.73014
119270,2.43196
119271,3.68711
119272,3.21468
119273,2.56977
119274,3.09009
119275,4.07576
119276,4.93916
119277,3.38788
119278,3.46759
119279,4.50983
119280,5.0
119281,3.65846
119282,3.22068
119283,4.39442
119284,4.17303
119285,4.39459
119286,1.0
119287,4.1582
119288,4.025
119289,5.0
119290,4.24854
119291,4.15541
119292,3.61273
119293,3.97203
119294,3.93193
119295,3.86139
119296,4.32346
119297,4.32645
119298,4.01717
119299,4.40941
119300,4.28208
119301,4.25486
119302,5.0
119303,3.51099
119304,2.98093
119305,3.8471
119306,3.50378
119307,3.6635
119308,4.24893
119309,3.77825
119310,2.63679
119311,3.28109
119312,3.92438
119313,3.21795
119314,4.32067
119315,4.78686
119316,4.28361
119317,4.72642
119318,4.2563
119319,2.6079
119320,4.80956
119321,4.34795
119322,3.78064
119323,4.04703
119324,4.92926
119325,3.91398
119326,4.32194
119327,4.4254
119328,3.66684
119329,3.40545
119330,2.61688
119331,2.50972
119332,2.14259
119333,3.07602
119334,3.49653
119335,2.59549
119336,2.74398
119337,1.92979
119338,2.86583
119339,3.7061
119340,3.16988
119341,2.15161
119342,2.65658
119343,2.67197
119344,3.83846
119345,1.48408
119346,2.88607
119347,3.36033
119348,3.66069
119349,2.07318
119350,3.15081
119351,3.72553
119352,2.73098
119353,3.9814
119354,3.62628
119355,2.57286
119356,2.97379
119357,2.9724
119358,4.36274
119359,3.75426
119360,3.98587
119361,3.46394
119362,3.54195
119363,2.89328
119364,2.92132
119365,3.71241
119366,2.26671
119367,3.09586
119368,4.51287
119369,2.85095
119370,2.97673
119371,3.16034
119372,2.24563
119373,2.95694
119374,2.08664
119375,4.09204
119376,4.03245
119377,3.28307
119378,1.9601
119379,3.94072
119380,3.26666
119381,2.83346
119382,3.66021
119383,3.59458
119384,3.30966
119385,3.90685
119386,3.61296
119387,3.49969
119388,1.95021
119389,3.55783
119390,4.00716
119391,2.96523
119392,2.75599
119393,3.34545
119394,4.19887
119395,3.71931
119396,3.50723
119397,1.54347
119398,3.68714
119399,3.56348
119400,2.93371
119401,2.91447
119402,3.65339
119403,3.54275
119404,4.12455
119405,2.66621
119406,3.4898
119407,2.7781
119408,4.17634
119409,3.43773
119410,4.23288
119411,3.4068
119412,2.37501
119413,3.48774
119414,3.26347
119415,2.89048
119416,4.68551
119417,3.87101
119418,4.37131
119419,3.69968
119420,4.23199
119421,3.88388
119422,4.43577
119423,2.65
119424,3.59313
119425,3.58028
119426,3.69653
119427,3.61955
119428,3.71301
119429,3.38766
119430,3.82173
119431,4.02869
119432,3.36215
119433,4.79001
119434,3.88427
119435,3.47554
119436,3.74643
119437,3.50223
119438,3.52252
119439,4.43912
119440,4.00441
119441,4.22004
119442,4.04731
119443,3.69713
119444,3.366
119445,4.35978
119446,3.53298
119447,4.29449
119448,4.69399
119449,3.01852
119450,1.87188
119451,3.55647
119452,4.24052
119453,3.35526
119454,3.78263
119455,3.56176
119456,3.93884
119457,3.77656
119458,3.15162
119459,3.08711
119460,3.8847
119461,3.87948
119462,4.41857
119463,2.63045
119464,4.28564
119465,3.37848
119466,4.47223
119467,3.76384
119468,4.19441
119469,3.94833
119470,3.15457
119471,2.58479
119472,2.65604
119473,3.62772
119474,3.30185
119475,3.98486
119476,3.02057
119477,3.64744
119478,3.65251
119479,4.42838
119480,4.07907
119481,3.73632
119482,3.68025
119483,3.25888
119484,4.2022
119485,4.14937
119486,3.13563
119487,3.96285
119488,4.31998
119489,3.36509
119490,4.30495
119491,3.31543
119492,3.7969
119493,1.22823
119494,2.92371
119495,2.07385
119496,3.57832
119497,2.45361
119498,4.82637
119499,3.38402
119500,4.0713
119501,2.58563
119502,4.48561
119503,3.0734
119504,3.69849
119505,3.77386
119506,4.08636
119507,3.50915
119508,3.89451
119509,3.49598
119510,2.90619
119511,4.06562
119512,2.63111
119513,4.09217
119514,4.39665
119515,3.34055
119516,2.03281
119517,3.79366
119518,2.97664
119519,4.24997
119520,2.17435
119521,1.81646
119522,2.72991
119523,3.59327
119524,3.6599
119525,3.97192
119526,1.22638
119527,4.50595
119528,3.5826
119529,1.25665
119530,3.3297
119531,3.97674
119532,2.60897
119533,3.80202
119534,4.30713
119535,4.59644
119536,3.3908
119537,4.0221
119538,1.95167
119539,4.77837
119540,3.60564
119541,4.43642
119542,4.68735
119543,4.58845
119544,4.65511
119545,4.16295
119546,4.02538
119547,4.0616
119548,2.66411
119549,3.34308
119550,3.84596
119551,4.12895
119552,2.78716
119553,3.40674
119554,3.26098
119555,3.46934
119556,3.02602
119557,2.5102
119558,4.23496
119559,4.73363
119560,2.6177
119561,3.52996
119562,3.80742
119563,3.65037
119564,3.95141
119565,3.60333
119566,3.55562
119567,3.5022
119568,3.02115
119569,4.5992
119570,4.39843
119571,3.33599
119572,2.93449
119573,2.6836
119574,3.29193
119575,3.44796
119576,3.39599
119577,2.27716
119578,4.21886
119579,3.91421
119580,2.98405
119581,4.53161
119582,3.65544
119583,3.43385
119584,2.92671
119585,3.63932
119586,3.83453
119587,3.90077
119588,2.95395
119589,3.79033
119590,2.95334
119591,3.91162
119592,4.11981
119593,3.79424
119594,4.3848
119595,3.75426
119596,2.65897
119597,2.53534
119598,3.03387
119599,3.70697
119600,3.64555
119601,3.25717
119602,4.09291
119603,3.63258
119604,4.449
119605,4.05491
119606,3.81886
119607,4.11975
119608,4.64189
119609,3.73138
119610,3.6255
119611,4.12775
119612,4.88651
119613,3.04478
119614,3.05547
119615,2.32755
119616,2.75843
119617,5.0
119618,2.89394
119619,3.25641
119620,2.21132
119621,3.6846
119622,3.54703
119623,3.372
119624,4.24573
119625,4.47662
119626,3.911
119627,3.25031
119628,3.56214
119629,4.39644
119630,2.41682
119631,3.95136
119632,4.92292
119633,4.8487
119634,2.93005
119635,2.44844
119636,4.53298
119637,3.84036
119638,2.73989
119639,3.59593
119640,1.62847
119641,2.311
119642,2.54921
119643,3.14207
119644,3.90534
119645,2.95391
119646,3.15609
119647,1.48666
119648,2.31423
119649,2.82303
119650,1.6945
119651,1.68752
119652,2.87012
119653,1.92922
119654,2.38326
119655,1.57983
119656,2.89078
119657,2.10521
119658,1.9019
119659,4.05463
119660,2.11486
119661,2.33937
119662,2.39108
119663,2.59534
119664,2.01218
119665,2.54041
119666,2.43833
119667,1.46352
119668,2.70942
119669,1.84021
119670,1.82998
119671,2.27314
119672,1.8981
119673,2.03903
119674,1.86972
119675,1.79373
119676,1.61504
119677,1.92303
119678,2.095
119679,2.22636
119680,1.4197
119681,1.84095
119682,3.2091
119683,1.29615
119684,2.32213
119685,1.65419
119686,2.37719
119687,3.97797
119688,2.21231
119689,1.74106
119690,1.7702
119691,2.10356
119692,2.09633
119693,2.8306
119694,2.81522
119695,1.89205
119696,3.60707
119697,1.86367
119698,2.10082
119699,2.2352
119700,2.99219
119701,3.13613
119702,1.24541
119703,1.98763
119704,2.70027
119705,3.33313
119706,4.70684
119707,3.99953
119708,3.60167
119709,4.51862
119710,4.6182
119711,3.19322
119712,3.93985
119713,3.69598
119714,2.10522
119715,3.80945
119716,3.48542
119717,3.44506
119718,3.20394
119719,3.21933
119720,3.09078
119721,2.47137
119722,3.61453
119723,3.17278
119724,3.05608
119725,2.86182
119726,3.87343
119727,3.19311
119728,3.33064
119729,2.5972
119730,2.91455
119731,4.09906
119732,3.84349
119733,4.53825
119734,2.20804
119735,3.70866
119736,4.32381
119737,3.97059
119738,4.76682
119739,4.39862
119740,3.2555
119741,4.85821
119742,3.52585
119743,5.0
119744,4.13084
119745,3.93263
119746,3.7525
119747,3.1248
119748,3.2116
119749,4.74754
119750,2.99641
119751,4.03455
119752,4.7551
119753,3.79798
119754,4.22114
119755,3.22644
119756,5.0
119757,4.22444
119758,4.73219
119759,3.42093
119760,2.48418
119761,4.47485
119762,3.93627
119763,4.62079
119764,3.85818
119765,4.8505
119766,4.32489
119767,4.06885
119768,3.64489
119769,4.5188
119770,4.49851
119771,5.0
119772,2.31848
119773,4.13608
119774,4.88846
119775,4.63128
119776,3.85932
119777,4.11875
119778,3.6412
119779,3.35892
119780,4.07194
119781,4.21065
119782,2.58241
119783,3.89972
119784,4.66816
119785,4.40413
119786,3.68949
119787,2.27407
119788,2.53921
119789,2.14397
119790,3.03047
119791,4.29511
119792,3.81601
119793,4.21294
119794,3.76742
119795,4.65
119796,3.94408
119797,4.33495
119798,3.5091
119799,4.17742
119800,4.91188
119801,4.67562
119802,3.40906
119803,4.23626
119804,4.53662
119805,4.62294
119806,4.11451
119807,2.15237
119808,1.42021
119809,3.0662
119810,4.75299
119811,3.71301
119812,3.95703
119813,2.89754
119814,1.32777
119815,3.38017
119816,3.23817
119817,1.98674
119818,3.7555
119819,4.6326
119820,4.26927
119821,4.72418
119822,5.0
119823,4.58093
119824,3.00449
119825,4.33442
119826,4.50529
119827,4.63708
119828,4.63552
119829,2.65264
119830,3.51619
119831,1.73573
119832,3.2914
119833,4.06026
119834,3.07694
119835,2.83208
119836,3.257
119837,1.89619
119838,3.1093
119839,3.65565
119840,3.8605
119841,2.73325
119842,2.62059
119843,2.67666
119844,3.30094
119845,2.99208
119846,3.46064
119847,3.48429
119848,3.53975
119849,3.64184
119850,4.04759
119851,3.79287
119852,3.71353
119853,3.98592
119854,3.43651
119855,3.64801
119856,3.02049
119857,2.86052
119858,3.22428
119859,3.17111
119860,3.45185
119861,3.28251
119862,3.93195
119863,2.19771
119864,4.42533
119865,2.64677
119866,3.99574
119867,2.60692
119868,3.14492
119869,4.33519
119870,3.20968
119871,2.75598
119872,2.80442
119873,2.99957
119874,4.23242
119875,3.02273
119876,3.51547
119877,2.6842
119878,3.86315
119879,3.57379
119880,3.66485
119881,3.36111
119882,4.40979
119883,3.46981
119884,3.88243
119885,3.80147
119886,3.83828
119887,3.56212
119888,2.57711
119889,4.04696
119890,3.65226
119891,3.75765
119892,2.96516
119893,2.4829
119894,4.31356
119895,4.06735
119896,4.7088
119897,3.44097
119898,3.97933
119899,4.57216
119900,5.0
119901,4.0691
119902,3.75932
119903,3.92426
119904,4.39086
119905,4.4001
119906,3.73841
119907,2.98167
119908,3.64469
119909,3.59813
119910,4.11385
119911,3.31551
119912,4.03083
119913,4.03113
119914,5.0
119915,4.41396
119916,2.41946
119917,3.58422
119918,2.11392
119919,4.14958
119920,2.94673
119921,3.36233
119922,2.97403
119923,4.30513
119924,3.2245
119925,4.36055
119926,3.97807
119927,3.84724
119928,3.40478
119929,2.32327
119930,3.5578
119931,3.17651
119932,4.15706
119933,1.70977
119934,4.28348
119935,3.63238
119936,4.16888
119937,4.44126
119938,5.0
119939,5.0
119940,2.54887
119941,4.58588
119942,3.82186
119943,4.32571
119944,4.30617
119945,4.75104
119946,5.0
119947,2.22447
119948,4.89139
119949,3.77396
119950,3.73718
119951,3.86182
119952,4.7635
119953,3.67969
119954,4.4258
119955,3.34563
119956,2.32119
119957,4.8881
119958,4.47045
119959,4.01385
119960,2.68896
119961,4.03554
119962,3.80407
119963,3.40972
119964,3.22473
119965,4.25908
119966,3.93577
119967,3.76278
119968,2.81456
119969,3.87513
119970,4.07895
119971,4.55425
119972,3.91596
119973,5.0
119974,4.54099
119975,3.64556
119976,3.31455
119977,4.4871
119978,4.65442
119979,3.48292
119980,2.99189
119981,3.60093
119982,4.5157
119983,4.27511
119984,3.81518
119985,3.55726
119986,4.08802
119987,3.96007
119988,4.50537
119989,4.63258
119990,4.93184
119991,4.18993
119992,4.5815
119993,4.41587
119994,4.77763
119995,3.329
119996,4.22416
119997,4.0802
119998,3.51307
119999,2.41619
120000,4.15502
120001,4.20251
120002,3.14691
120003,4.16391
120004,3.767
120005,3.70719
120006,4.02766
120007,3.26274
120008,3.55319
120009,4.0118
120010,3.51852
120011,3.31177
120012,4.25758
120013,3.33458
120014,3.58804
120015,3.89264
120016,3.77005
120017,4.62088
120018,3.25005
120019,4.45682
120020,3.75315
120021,3.48674
120022,3.81795
120023,3.69762
120024,3.74647
120025,3.52689
120026,4.35614
120027,3.3619
120028,3.38301
120029,4.11578
120030,4.01129
120031,2.95746
120032,1.75716
120033,4.24747
120034,2.83425
120035,3.88495
120036,3.17249
120037,2.58043
120038,4.29972
120039,4.22457
120040,4.16725
120041,3.25827
120042,4.21571
120043,3.53717
120044,4.13012
120045,4.11737
120046,4.55874
120047,3.98476
120048,2.43951
120049,2.95204
120050,2.65181
120051,2.91806
120052,3.93082
120053,4.18918
120054,4.45974
120055,3.5329
120056,4.13587
120057,4.08919
120058,3.70014
120059,3.46242
120060,4.30145
120061,3.29538
120062,4.88178
120063,3.63687
120064,3.17318
120065,4.71107
120066,4.2674
120067,4.45027
120068,3.93483
120069,4.18284
120070,4.3108
120071,2.7785
120072,3.40708
120073,4.37216
120074,2.71335
120075,3.8798
120076,3.54835
120077,3.68934
120078,4.47833
120079,4.44371
120080,4.8997
120081,4.54284
120082,3.50126
120083,4.55432
120084,4.54705
120085,4.2073
120086,4.85107
120087,4.56143
120088,5.0
120089,4.7051
120090,4.20709
120091,4.75032
120092,3.88793
120093,4.4955
120094,3.65513
120095,3.35336
120096,2.4852
120097,3.89422
120098,3.76934
120099,3.63866
120100,3.5565
120101,4.64304
120102,4.43039
120103,2.573
120104,4.28209
120105,4.53332
120106,3.81434
120107,3.43418
120108,3.18531
120109,3.91038
120110,3.0575
120111,3.09546
120112,4.88441
120113,4.05257
120114,3.67361
120115,2.94115
120116,3.64312
120117,3.22936
120118,3.14025
120119,4.18998
120120,3.89949
120121,4.167
120122,4.01237
120123,3.38285
120124,4.34062
120125,3.79331
120126,2.82446
120127,2.14653
120128,2.83429
120129,4.75288
120130,4.48388
120131,4.88713
120132,4.79698
120133,3.46503
120134,5.0
120135,4.74002
120136,4.23078
120137,5.0
120138,3.10484
120139,2.84952
120140,4.10976
120141,4.26817
120142,4.5967
120143,4.53562
120144,5.0
120145,4.53281
120146,4.70993
120147,5.0
120148,3.85877
120149,3.26744
120150,3.83772
120151,3.35192
120152,3.55995
120153,3.94542
120154,3.47572
120155,4.22532
120156,4.12308
120157,4.37059
120158,1.0
120159,4.5922
120160,3.91259
120161,3.47291
120162,3.8339
120163,3.71351
120164,3.7371
120165,2.81858
120166,3.71612
120167,3.96258
120168,2.9848
120169,4.02693
120170,3.39881
120171,3.62707
120172,3.58078
120173,3.45296
120174,4.04583
120175,3.15054
120176,4.50904
120177,3.00217
120178,4.57652
120179,3.30503
120180,3.593
120181,3.53693
120182,4.17485
120183,3.56671
120184,3.12512
120185,4.1357
120186,2.9854
120187,3.3612
120188,3.38208
120189,4.11851
120190,2.25786
120191,3.73466
120192,3.59799
120193,3.18016
120194,3.65633
120195,2.90104
120196,4.00848
120197,3.87727
120198,3.87844
120199,3.86559
120200,3.63642
120201,4.41118
120202,2.96714
120203,3.69359
120204,3.59342
120205,3.2713
120206,3.69984
120207,3.90717
120208,3.79305
120209,3.77995
120210,2.91215
120211,4.17818
120212,3.36947
120213,4.32835
120214,4.5993
120215,2.86008
120216,3.86106
120217,3.11771
120218,4.24278
120219,3.82946
120220,3.6194
120221,4.17826
120222,4.24774
120223,3.608
120224,2.93758
120225,3.48703
120226,3.09433
120227,4.14526
120228,3.72788
120229,3.46498
120230,3.36316
120231,2.95476
120232,3.32904
120233,4.11478
120234,3.36809
120235,2.72034
120236,3.54227
120237,2.82225
120238,3.86469
120239,4.2154
120240,3.86534
120241,3.0566
120242,3.75238
120243,2.89489
120244,4.18719
120245,4.04407
120246,3.60195
120247,4.8225
120248,3.44136
120249,3.7604
120250,2.63107
120251,3.43021
120252,2.6524
120253,3.28575
120254,4.36228
120255,3.71803
120256,2.04023
120257,1.0
120258,2.02699
120259,3.92225
120260,3.54186
120261,4.90445
120262,3.87059
120263,3.60684
120264,3.11438
120265,3.36865
120266,2.39
120267,2.53206
120268,2.42367
120269,4.72831
120270,4.74919
120271,5.0
120272,4.37962
120273,3.11289
120274,4.02175
120275,3.29974
120276,3.40364
120277,3.84654
120278,4.56788
120279,3.06003
120280,3.30543
120281,2.87922
120282,3.70686
120283,4.2015
120284,3.22591
120285,1.65507
120286,2.53258
120287,3.37655
120288,3.47113
120289,4.1871
120290,1.79263
120291,2.00886
120292,3.21172
120293,3.24254
120294,3.01312
120295,4.18703
120296,3.25316
120297,4.52527
120298,5.0
120299,5.0
120300,4.93719
120301,2.76514
120302,4.06173
120303,2.98184
120304,4.97286
120305,3.1599
120306,3.67664
120307,3.62537
120308,4.46164
120309,3.58006
120310,4.07291
120311,4.24263
120312,3.31427
120313,4.16644
120314,3.8971
120315,2.68521
120316,2.80514
120317,3.02431
120318,2.7248
120319,2.56496
120320,3.02732
120321,3.98885
120322,3.31049
120323,4.30737
120324,2.90334
120325,4.00989
120326,3.9735
120327,3.99376
120328,3.44549
120329,3.65465
120330,3.79417
120331,4.27506
120332,3.97935
120333,2.89938
120334,3.69644
120335,3.86605
120336,3.01825
120337,4.0632
120338,3.75876
120339,4.21393
120340,2.9863
120341,3.78935
120342,3.78207
120343,3.51598
120344,3.53007
120345,2.43164
120346,3.42821
120347,3.01418
120348,4.08595
120349,3.53212
120350,4.39422
120351,3.71999
120352,3.9026
120353,4.4402
120354,3.22584
120355,3.64217
120356,3.88178
120357,3.91327
120358,4.58339
120359,4.43784
120360,3.28751
120361,3.89437
120362,5.0
120363,3.81636
120364,2.95241
120365,3.4764
120366,4.05188
120367,4.53637
120368,3.00482
120369,3.54064
120370,3.17596
120371,4.79947
120372,3.31273
120373,4.26072
120374,3.07005
120375,2.54858
120376,4.4652
120377,3.79035
120378,3.55012
120379,4.5172
120380,3.68841
120381,4.56054
120382,3.11945
120383,3.33406
120384,4.13956
120385,4.24289
120386,3.41963
120387,4.87811
120388,4.76782
120389,3.86242
120390,3.8308
120391,4.35234
120392,4.25529
120393,4.70203
120394,3.61197
120395,4.29686
120396,4.43807
120397,4.11587
120398,4.07792
120399,3.14151
120400,3.77336
120401,4.07111
120402,4.17524
120403,4.06392
120404,4.86404
120405,3.8778
120406,3.97903
120407,4.81646
120408,4.88526
120409,4.43656
120410,3.85303
120411,4.45354
120412,4.90786
120413,4.63342
120414,2.09718
120415,4.98675
120416,3.87836
120417,3.50242
120418,2.07
120419,4.42319
120420,3.69388
120421,4.71238
120422,3.89826
120423,3.71671
120424,4.39164
120425,3.63025
120426,3.53656
120427,3.45666
120428,2.84036
120429,3.18299
120430,4.0968
120431,4.54567
120432,3.27643
120433,3.98503
120434,4.74747
120435,4.00165
120436,3.93111
120437,4.22653
120438,4.54747
120439,4.48683
120440,1.87323
120441,3.06259
120442,3.05951
120443,2.22661
120444,3.32424
120445,2.85765
120446,5.0
120447,3.44201
120448,5.0
120449,4.62329
120450,3.92211
120451,3.61689
120452,3.29283
120453,3.29074
120454,3.17142
120455,3.05983
120456,3.02376
120457,3.7857
120458,4.09498
120459,4.39465
120460,3.97001
120461,3.69931
120462,4.49742
120463,3.76599
120464,4.00242
120465,3.56434
120466,3.51236
120467,3.26012
120468,4.16227
120469,3.40609
120470,3.88911
120471,4.26988
120472,3.97371
120473,3.45126
120474,3.9554
120475,3.1561
120476,3.81848
120477,4.3434
120478,3.19482
120479,4.09525
120480,3.66761
120481,3.94322
120482,4.15972
120483,4.00131
120484,4.26436
120485,3.59291
120486,3.67729
120487,2.81413
120488,3.98752
120489,4.01098
120490,3.75584
120491,3.41754
120492,3.69642
120493,4.26452
120494,3.25071
120495,4.10238
120496,3.74902
120497,3.28141
120498,3.04395
120499,4.65122
120500,3.06085
120501,4.27838
120502,3.31396
120503,3.98743
120504,4.25989
120505,4.20275
120506,4.20313
120507,3.24717
120508,3.38551
120509,4.37499
120510,3.36523
120511,4.66944
120512,5.0
120513,3.0948
120514,3.07672
120515,5.0
120516,3.68181
120517,4.81125
120518,2.72284
120519,3.73609
120520,3.27368
120521,3.79553
120522,3.39373
120523,3.73316
120524,3.94344
120525,3.29018
120526,4.27997
120527,2.12645
120528,3.54232
120529,3.20136
120530,3.83362
120531,4.10699
120532,3.84462
120533,3.5484
120534,3.25132
120535,4.54744
120536,2.06054
120537,2.91138
120538,3.00239
120539,2.35493
120540,3.4728
120541,4.05606
120542,1.60442
120543,3.63881
120544,3.86614
120545,3.91077
120546,3.41283
120547,4.08791
120548,2.99457
120549,2.42505
120550,3.99223
120551,2.34508
120552,3.04259
120553,2.03555
120554,3.69608
120555,3.4438
120556,2.50473
120557,2.10492
120558,3.93836
120559,3.44291
120560,3.5633
120561,3.60132
120562,2.34729
120563,3.39885
120564,3.16719
120565,3.52631
120566,3.98422
120567,4.0945
120568,4.35758
120569,1.99643
120570,2.86244
120571,3.05079
120572,2.93736
120573,3.45015
120574,2.51463
120575,3.51046
120576,3.36067
120577,3.12187
120578,3.80361
120579,4.42457
120580,3.94754
120581,3.62407
120582,4.52099
120583,4.3281
120584,1.89967
120585,3.53345
120586,2.77402
120587,4.26923
120588,3.33709
120589,4.09619
120590,4.46558
120591,2.64835
120592,3.41255
120593,2.82928
120594,2.53063
120595,3.55648
120596,3.90616
120597,3.83774
120598,3.28976
120599,3.69577
120600,3.87706
120601,3.34205
120602,3.80004
120603,3.50862
120604,3.27583
120605,3.32048
120606,3.38438
120607,2.09136
120608,3.76976
120609,4.18017
120610,3.6742
120611,3.81664
120612,4.0868
120613,4.16061
120614,4.30814
120615,3.99503
120616,4.06628
120617,3.79814
120618,3.96768
120619,3.6881
120620,2.89764
120621,3.6389
120622,3.77431
120623,3.50336
120624,3.93088
120625,3.20119
120626,3.9543
120627,3.82364
120628,3.47633
120629,3.52538
120630,3.70367
120631,3.73175
120632,3.69491
120633,3.88459
120634,3.16612
120635,4.38072
120636,3.73028
120637,4.29557
120638,3.88395
120639,4.17884
120640,4.34357
120641,1.87811
120642,4.84371
120643,2.39774
120644,5.0
120645,4.49321
120646,3.89173
120647,3.6164
120648,2.53188
120649,3.98302
120650,1.98053
120651,4.31223
120652,3.08372
120653,1.64072
120654,3.48533
120655,2.90359
120656,3.58687
120657,3.78665
120658,4.43307
120659,1.62413
120660,4.28199
120661,3.2076
120662,1.36437
120663,3.25054
120664,3.02445
120665,1.5308
120666,3.30987
120667,3.01289
120668,2.30221
120669,2.47845
120670,2.15938
120671,2.28534
120672,3.08723
120673,3.00052
120674,2.64154
120675,3.40253
120676,3.83802
120677,3.84391
120678,1.49793
120679,4.17284
120680,4.15233
120681,3.95219
120682,3.99295
120683,4.6567
120684,4.08289
120685,2.71335
120686,3.48615
120687,2.55617
120688,3.64562
120689,4.82049
120690,4.4437
120691,4.17473
120692,4.02235
120693,3.92665
120694,3.47381
120695,2.95568
120696,3.63389
120697,3.6069
120698,2.74916
120699,3.65201
120700,1.05914
120701,3.15437
120702,3.50533
120703,2.41112
120704,3.5626
120705,3.81474
120706,3.06515
120707,1.43253
120708,3.73389
120709,4.54446
120710,1.47018
120711,3.5247
120712,3.931
120713,3.32675
120714,3.78979
120715,3.9477
120716,3.70197
120717,3.2176
120718,4.14657
120719,2.7318
120720,3.28481
120721,3.3251
120722,3.0797
120723,4.03262
120724,3.64571
120725,3.8683
120726,4.25461
120727,3.94432
120728,4.71981
120729,2.14377
120730,3.99582
120731,2.8237
120732,3.04572
120733,3.03625
120734,3.23773
120735,4.72294
120736,4.46387
120737,3.96293
120738,3.79204
120739,2.88207
120740,1.08208
120741,4.11524
120742,2.99978
120743,4.80455
120744,3.83494
120745,2.99814
120746,3.38893
120747,4.08956
120748,3.23159
120749,4.71035
120750,3.65378
120751,3.95098
120752,2.76982
120753,2.65855
120754,3.23976
120755,3.30215
120756,4.26345
120757,3.2762
120758,3.38142
120759,4.46781
120760,2.98994
120761,2.8776
120762,3.20783
120763,4.02626
120764,3.85375
120765,5.0
120766,3.36917
120767,4.62014
120768,5.0
120769,4.41306
120770,5.0
120771,3.83147
120772,1.42363
120773,3.6007
120774,4.49087
120775,4.1532
120776,3.74973
120777,4.55104
120778,5.0
120779,5.0
120780,3.37639
120781,4.20614
120782,4.42733
120783,5.0
120784,5.0
120785,3.91617
120786,4.35969
120787,4.24245
120788,3.73434
120789,4.09867
120790,3.45967
120791,5.0
120792,4.9796
120793,2.84132
120794,3.95218
120795,4.91927
120796,4.94119
120797,4.63389
120798,2.62803
120799,4.07783
120800,3.57654
120801,4.8576
120802,2.47748
120803,5.0
120804,4.61852
120805,4.93227
120806,4.08604
120807,4.44434
120808,2.54916
120809,4.63373
120810,4.43636
120811,3.56955
120812,2.54481
120813,2.85446
120814,3.67939
120815,4.59999
120816,1.0
120817,3.16711
120818,4.37388
120819,4.69768
120820,2.8705
120821,4.2364
120822,4.33539
120823,4.53487
120824,3.74079
120825,3.88874
120826,2.58175
120827,4.89262
120828,4.51659
120829,4.53225
120830,4.48907
120831,4.35666
120832,3.20167
120833,3.21229
120834,3.19376
120835,3.98945
120836,2.84073
120837,3.76939
120838,3.96385
120839,5.0
120840,3.95767
120841,4.06218
120842,4.75833
120843,4.37152
120844,3.64588
120845,4.55326
120846,3.50353
120847,2.80585
120848,3.96499
120849,4.25103
120850,3.6539
120851,4.01436
120852,4.25509
120853,3.46303
120854,3.89599
120855,3.72605
120856,4.48819
120857,4.43998
120858,4.14268
120859,2.94377
120860,3.84627
120861,3.5001
120862,3.33899
120863,3.39917
120864,4.6519
120865,4.44374
120866,4.94823
120867,4.36642
120868,4.02217
120869,3.79038
120870,3.81159
120871,3.36623
120872,4.25969
120873,4.38333
120874,3.79271
120875,4.49246
120876,3.30854
120877,3.69135
120878,4.30339
120879,3.95318
120880,3.67356
120881,4.25565
120882,3.95117
120883,4.34855
120884,4.45562
120885,4.16343
120886,4.47727
120887,3.69337
120888,4.66339
120889,3.85021
120890,3.82519
120891,4.11267
120892,3.25584
120893,4.06368
120894,3.2719
120895,3.91235
120896,3.48076
120897,3.79268
120898,4.02351
120899,3.94775
120900,4.83505
120901,4.09695
120902,3.86922
120903,3.4912
120904,3.32455
120905,3.65823
120906,3.93157
120907,3.26497
120908,3.88016
120909,3.56101
120910,3.33975
120911,4.3978
120912,4.38987
120913,3.91327
120914,3.49842
120915,3.5127
120916,3.70511
120917,4.20247
120918,4.33751
120919,4.06387
120920,3.2916
120921,4.34275
120922,4.18373
120923,4.30189
120924,3.83091
120925,4.17721
120926,3.82693
120927,3.51013
120928,4.09976
120929,4.05329
120930,1.77599
120931,4.93756
120932,3.89441
120933,4.45675
120934,4.74058
120935,4.13277
120936,2.95239
120937,4.67583
120938,4.4335
120939,4.34779
120940,3.31508
120941,3.82217
120942,4.20612
120943,2.58759
120944,3.63335
120945,3.24812
120946,3.75137
120947,3.48335
120948,4.68958
120949,3.66229
120950,2.35331
120951,2.92008
120952,3.37986
120953,3.67095
120954,2.78281
120955,2.87364
120956,3.47044
120957,3.12122
120958,3.18615
120959,3.56448
120960,2.28591
120961,2.40455
120962,2.64785
120963,2.14631
120964,3.25284
120965,2.85417
120966,3.08879
120967,3.24687
120968,3.21357
120969,2.62938
120970,3.1129
120971,2.91868
120972,2.51336
120973,3.34331
120974,2.95424
120975,2.32725
120976,3.71462
120977,3.48547
120978,2.86106
120979,3.11594
120980,2.52615
120981,3.6249
120982,1.94811
120983,3.2826
120984,2.68272
120985,2.8722
120986,4.10775
120987,3.58614
120988,2.57855
120989,4.82166
120990,3.78332
120991,2.99659
120992,3.3224
120993,3.60136
120994,3.36623
120995,3.90037
120996,3.71089
120997,3.67301
120998,2.5858
120999,2.8266
121000,1.9013
121001,4.10391
121002,3.1888
121003,2.95083
121004,3.60716
121005,2.51339
121006,2.89819
121007,3.78946
121008,4.17064
121009,3.79999
121010,2.91386
121011,4.59482
121012,3.55714
121013,3.58919
121014,4.02527
121015,4.46064
121016,4.15665
121017,4.10165
121018,4.14777
121019,3.44038
121020,3.95738
121021,4.24038
121022,2.79276
121023,2.97729
121024,4.15071
121025,2.36922
121026,1.77151
121027,1.97719
121028,3.13348
121029,2.50222
121030,4.52865
121031,2.21799
121032,3.95316
121033,4.26788
121034,2.34869
121035,3.59834
121036,3.18371
121037,3.46099
121038,3.67882
121039,2.55992
121040,4.03948
121041,4.31855
121042,3.36843
121043,2.38655
121044,4.36782
121045,3.80302
121046,1.55424
121047,3.01758
121048,2.59487
121049,3.44482
121050,3.60754
121051,4.26735
121052,1.88341
121053,3.34632
121054,1.45274
121055,2.8019
121056,4.79629
121057,1.5507
121058,4.38153
121059,3.83301
121060,4.02224
121061,3.90124
121062,3.16202
121063,3.52246
121064,3.44317
121065,5.0
121066,4.19103
121067,4.07039
121068,4.92864
121069,3.84283
121070,3.34166
121071,4.35264
121072,4.73383
121073,4.87558
121074,4.04178
121075,4.33265
121076,4.77069
121077,3.07014
121078,2.75323
121079,3.50348
121080,4.5242
121081,3.23183
121082,3.32164
121083,2.59771
121084,4.3421
121085,4.02856
121086,4.83928
121087,3.93967
121088,3.50281
121089,2.46825
121090,4.52728
121091,3.53924
121092,4.30366
121093,3.79448
121094,3.11011
121095,3.61839
121096,3.94905
121097,4.18527
121098,4.54162
121099,2.16223
121100,4.75976
121101,3.46911
121102,3.06924
121103,3.46814
121104,2.43246
121105,3.82031
121106,2.83244
121107,4.41933
121108,4.64282
121109,3.74934
121110,2.97386
121111,3.61763
121112,4.46521
121113,4.66252
121114,4.15194
121115,2.94382
121116,2.99235
121117,3.63503
121118,4.31659
121119,2.95559
121120,3.87295
121121,4.31664
121122,4.03082
121123,3.72217
121124,3.92836
121125,3.20833
121126,2.62198
121127,4.15969
121128,4.03235
121129,4.43116
121130,4.08402
121131,3.60759
121132,3.01938
121133,3.74101
121134,3.07692
121135,2.96838
121136,3.62959
121137,3.69471
121138,4.06528
121139,3.82408
121140,3.92217
121141,3.85558
121142,4.24293
121143,4.12831
121144,4.26503
121145,2.89431
121146,4.81215
121147,3.65981
121148,3.06537
121149,4.02988
121150,4.16458
121151,3.92117
121152,2.65986
121153,4.7197
121154,3.67714
121155,3.99336
121156,3.58723
121157,2.27507
121158,4.36954
121159,3.16649
121160,4.29393
121161,4.17668
121162,3.61877
121163,4.4023
121164,4.34912
121165,4.02248
121166,4.23907
121167,2.36103
121168,2.1954
121169,4.90413
121170,3.5481
121171,4.77464
121172,5.0
121173,2.23034
121174,4.79457
121175,3.49961
121176,4.24198
121177,5.0
121178,2.29466
121179,2.89008
121180,4.15827
121181,3.98884
121182,2.60598
121183,2.45498
121184,4.0657
121185,4.77714
121186,4.27267
121187,2.14589
121188,2.95634
121189,3.27627
121190,4.85156
121191,2.97321
121192,4.62537
121193,4.45808
121194,3.91474
121195,4.16942
121196,3.30494
121197,3.80214
121198,3.88362
121199,4.1692
121200,3.80919
121201,3.75611
121202,3.38359
121203,4.10896
121204,4.11275
121205,4.2994
121206,3.65464
121207,4.24883
121208,4.9935
121209,3.59826
121210,4.73084
121211,3.81719
121212,3.68677
121213,5.0
121214,3.79363
121215,4.09452
121216,3.85045
121217,4.50594
121218,4.06794
121219,3.81424
121220,3.5898
121221,4.50492
121222,3.78546
121223,3.60722
121224,4.05925
121225,3.36819
121226,3.03561
121227,4.04837
121228,4.29913
121229,3.5607
121230,3.69354
121231,3.68476
121232,3.65396
121233,4.02831
121234,2.69066
121235,3.8083
121236,4.33773
121237,3.29749
121238,3.60544
121239,3.82077
121240,4.0408
121241,3.85712
121242,4.12005
121243,4.25896
121244,4.08369
121245,4.12013
121246,1.49292
121247,3.51888
121248,2.74984
121249,3.89629
121250,2.32769
121251,4.01704
121252,4.15943
121253,3.6264
121254,2.47532
121255,2.97519
121256,3.81037
121257,3.19815
121258,3.87742
121259,3.7071
121260,4.07551
121261,4.00382
121262,3.44896
121263,3.88711
121264,4.10886
121265,4.61536
121266,3.68365
121267,3.58859
121268,3.98562
121269,3.91372
121270,3.67849
121271,3.32521
121272,3.82973
121273,3.84764
121274,4.01524
121275,3.69597
121276,4.10575
121277,4.12731
121278,4.27678
121279,4.32759
121280,3.98439
121281,4.51869
121282,3.47452
121283,3.32975
121284,2.35544
121285,3.13283
121286,3.82958
121287,3.64866
121288,3.84716
121289,4.69603
121290,4.27508
121291,4.62651
121292,4.03299
121293,3.21488
121294,4.4325
121295,2.75828
121296,1.84751
121297,2.45213
121298,3.44713
121299,3.98286
121300,3.45726
121301,3.41796
121302,2.81931
121303,1.98909
121304,3.66391
121305,2.49662
121306,3.16832
121307,4.64061
121308,3.97332
121309,3.38145
121310,4.04005
121311,3.76335
121312,3.86112
121313,3.58559
121314,4.07144
121315,2.97175
121316,3.10235
121317,4.61388
121318,3.33487
121319,4.13826
121320,3.24523
121321,2.48143
121322,3.58499
121323,3.84313
121324,3.18021
121325,4.23411
121326,2.34516
121327,4.36639
121328,2.95728
121329,5.0
121330,4.17542
121331,3.45553
121332,2.1247
121333,2.28743
121334,3.48712
121335,3.94063
121336,1.97518
121337,2.44577
121338,4.09285
121339,2.15262
121340,4.3003
121341,3.85407
121342,2.71782
121343,3.98211
121344,4.28637
121345,4.131
121346,4.60815
121347,4.72516
121348,4.0939
121349,3.72831
121350,3.20313
121351,3.62804
121352,3.22565
121353,3.48682
121354,4.10739
121355,4.01373
121356,2.75901
121357,3.61089
121358,3.88474
121359,4.84393
121360,3.20235
121361,4.29893
121362,4.15728
121363,4.39023
121364,3.79789
121365,3.20072
121366,3.99813
121367,4.60104
121368,4.81582
121369,4.33578
121370,3.67666
121371,3.31715
121372,3.67817
121373,3.9574
121374,3.76153
121375,3.16582
121376,3.89169
121377,4.35307
121378,4.00493
121379,3.66537
121380,3.36515
121381,3.11101
121382,3.9139
121383,3.98316
121384,4.06662
121385,3.85604
121386,4.32156
121387,3.03484
121388,4.38771
121389,3.14756
121390,4.35796
121391,3.38794
121392,3.49642
121393,3.87486
121394,3.89641
121395,4.36178
121396,3.61999
121397,4.13888
121398,4.45133
121399,3.11263
121400,4.09947
121401,4.77312
121402,4.06084
121403,4.51388
121404,2.93792
121405,4.15859
121406,4.62453
121407,4.65903
121408,3.05761
121409,4.43301
121410,4.39503
121411,5.0
121412,4.22966
121413,4.48779
121414,4.55233
121415,3.71038
121416,3.09527
121417,4.62403
121418,4.44071
121419,3.75787
121420,3.47461
121421,4.79364
121422,4.89751
121423,3.96594
121424,3.85258
121425,4.70796
121426,2.61256
121427,3.89756
121428,2.58935
121429,3.05892
121430,4.07199
121431,4.45914
121432,4.52452
121433,2.07638
121434,1.48961
121435,2.21406
121436,3.30499
121437,3.29487
121438,2.2869
121439,2.2944
121440,5.0
121441,3.03526
121442,3.90875
121443,3.88415
121444,3.39653
121445,3.89585
121446,4.13857
121447,3.26035
121448,3.46317
121449,3.74869
121450,3.2051
121451,3.57073
121452,3.25425
121453,3.88252
121454,3.2407
121455,1.75186
121456,3.78977
121457,4.47674
121458,4.39021
121459,4.35457
121460,4.44838
121461,2.82931
121462,4.00463
121463,3.2415
121464,4.45826
121465,4.34203
121466,3.23088
121467,4.77408
121468,4.25585
121469,4.06578
121470,3.97027
121471,4.0451
121472,3.3901
121473,4.53664
121474,4.75369
121475,4.40946
121476,3.68784
121477,4.27722
121478,4.06084
121479,4.36182
121480,1.37756
121481,4.41936
121482,4.51016
121483,3.58779
121484,4.05952
121485,4.24894
121486,2.07393
121487,3.13529
121488,3.07363
121489,3.4055
121490,3.71618
121491,3.87066
121492,4.11157
121493,2.99382
121494,1.45342
121495,2.83849
121496,1.60639
121497,4.0472
121498,1.90336
121499,2.69843
121500,2.7093
121501,3.4132
121502,1.91559
121503,2.66071
121504,2.92815
121505,3.34712
121506,2.16472
121507,3.61576
121508,3.84382
121509,4.34894
121510,2.76731
121511,2.78128
121512,3.68029
121513,3.86516
121514,1.68165
121515,1.0
121516,3.91996
121517,2.94818
121518,2.81445
121519,4.31537
121520,4.1732
121521,3.50292
121522,3.58583
121523,3.48496
121524,1.77764
121525,3.05426
121526,4.10002
121527,3.63993
121528,3.69713
121529,2.12497
121530,3.13928
121531,3.8256
121532,3.1784
121533,3.15439
121534,3.81038
121535,4.90331
121536,3.23176
121537,3.35268
121538,4.21392
121539,2.39527
121540,3.3055
121541,1.39146
121542,3.96213
121543,3.30106
121544,3.35305
121545,4.23058
121546,3.31192
121547,5.0
121548,3.94631
121549,4.3929
121550,3.811
121551,4.23759
121552,5.0
121553,5.0
121554,4.72529
121555,4.77055
121556,2.94669
121557,4.69647
121558,4.35206
121559,4.49465
121560,4.50853
121561,4.46888
121562,3.98347
121563,4.48925
121564,4.23033
121565,4.29131
121566,4.43998
121567,2.84017
121568,4.6424
121569,4.23985
121570,3.82481
121571,4.95798
121572,4.12016
121573,4.13653
121574,3.54257
121575,4.52333
121576,4.51368
121577,4.12542
121578,4.85289
121579,4.73962
121580,4.26215
121581,4.58866
121582,4.29448
121583,3.22527
121584,3.42741
121585,4.63191
121586,3.88291
121587,4.32587
121588,4.07579
121589,2.81509
121590,4.24248
121591,3.63632
121592,4.34552
121593,4.07454
121594,3.4137
121595,4.08818
121596,3.82113
121597,4.75019
121598,4.48076
121599,3.31231
121600,4.0829
121601,2.18122
121602,3.82386
121603,3.33545
121604,4.61991
121605,4.27776
121606,5.0
121607,3.48251
121608,5.0
121609,4.28121
121610,3.52554
121611,3.92192
121612,4.01511
121613,2.63844
121614,4.08496
121615,3.37294
121616,3.87593
121617,4.28439
121618,4.09931
121619,4.02467
121620,3.75298
121621,3.35549
121622,4.95814
121623,3.26407
121624,2.50161
121625,4.87853
121626,3.54166
121627,3.22633
121628,3.23419
121629,4.27225
121630,2.9135
121631,3.97257
121632,3.42854
121633,4.07335
121634,4.28191
121635,3.53076
121636,4.13805
121637,3.39714
121638,3.35772
121639,3.22748
121640,1.73126
121641,2.62731
121642,2.50039
121643,3.09394
121644,3.42276
121645,3.64582
121646,3.9452
121647,1.96377
121648,2.23007
121649,3.32983
121650,3.73294
121651,2.28753
121652,4.23701
121653,3.90402
121654,2.66476
121655,1.95113
121656,1.82635
121657,4.00676
121658,3.73494
121659,2.37765
121660,2.50172
121661,3.50271
121662,3.98256
121663,2.38826
121664,3.29505
121665,2.76799
121666,1.8055
121667,4.59066
121668,3.23542
121669,2.99292
121670,3.1978
121671,3.55815
121672,3.58719
121673,2.28944
121674,4.31103
121675,1.40816
121676,3.01819
121677,4.29612
121678,4.0786
121679,4.44676
121680,4.10983
121681,2.77202
121682,4.75726
121683,4.03185
121684,4.92766
121685,3.92253
121686,4.32639
121687,4.09542
121688,3.09375
121689,3.95265
121690,3.60324
121691,4.37428
121692,2.8663
121693,4.04112
121694,4.0164
121695,4.55622
121696,3.86567
121697,4.75395
121698,4.17759
121699,4.55942
121700,3.16458
121701,3.92695
121702,3.43013
121703,3.40736
121704,3.80852
121705,3.5357
121706,2.99551
121707,3.22428
121708,4.14254
121709,4.16469
121710,2.67615
121711,3.97368
121712,3.54722
121713,3.33004
121714,4.19531
121715,3.42973
121716,3.49892
121717,2.23651
121718,4.43409
121719,4.15109
121720,3.57377
121721,2.56371
121722,3.79487
121723,3.90391
121724,3.76603
121725,3.05124
121726,3.75736
121727,4.63471
121728,3.81895
121729,3.75744
121730,4.19776
121731,3.01224
121732,3.82385
121733,4.1066
121734,3.81051
121735,2.59862
121736,2.48507
121737,3.50444
121738,3.29072
121739,3.66567
121740,2.14356
121741,3.59439
121742,4.36533
121743,4.13296
121744,3.96174
121745,2.9131
121746,2.56612
121747,4.2744
121748,3.68238
121749,3.31319
121750,3.77046
121751,3.3344
121752,3.35038
121753,3.87065
121754,3.60501
121755,3.13952
121756,3.7271
121757,4.17631
121758,3.88593
121759,4.24611
121760,3.95799
121761,4.34928
121762,3.84645
121763,3.04743
121764,3.50876
121765,4.36896
121766,2.93922
121767,4.33368
121768,4.41944
121769,3.46398
121770,1.3053
121771,2.49033
121772,3.29667
121773,2.54809
121774,2.3547
121775,3.66555
121776,4.24488
121777,3.89477
121778,2.92836
121779,4.73983
121780,5.0
121781,2.7353
121782,4.33106
121783,5.0
121784,3.33115
121785,4.65979
121786,2.7807
121787,2.1536
121788,3.42947
121789,2.0708
121790,3.50483
121791,3.1052
121792,3.26002
121793,3.2094
121794,2.81717
121795,3.36622
121796,3.5341
121797,3.26324
121798,3.72462
121799,1.79038
121800,4.22508
121801,3.28588
121802,3.58425
121803,4.14213
121804,3.66099
121805,4.17206
121806,4.39092
121807,4.1619
121808,4.34317
121809,4.5568
121810,4.10495
121811,4.7441
121812,4.51899
121813,4.60103
121814,3.88338
121815,3.95863
121816,3.86142
121817,3.41028
121818,3.2848
121819,4.24757
121820,4.16504
121821,3.78174
121822,3.62141
121823,3.87155
121824,4.35071
121825,4.15307
121826,4.22041
121827,3.86878
121828,3.68359
121829,4.12227
121830,3.92783
121831,4.31323
121832,4.03238
121833,3.25159
121834,4.45906
121835,4.30726
121836,4.51847
121837,4.29245
121838,4.19265
121839,4.19281
121840,4.59018
121841,4.42491
121842,3.63383
121843,3.6598
121844,3.99841
121845,3.58294
121846,3.42923
121847,4.38451
121848,3.73061
121849,4.09187
121850,3.73379
121851,4.23648
121852,3.71188
121853,4.15645
121854,3.59166
121855,3.97717
121856,3.73309
121857,5.0
121858,4.30415
121859,3.96241
121860,3.05679
121861,4.44793
121862,3.43234
121863,4.17178
121864,3.22719
121865,4.20308
121866,4.42276
121867,4.12096
121868,4.23162
121869,4.71504
121870,4.5303
121871,3.3275
121872,4.69736
121873,4.60182
121874,3.46233
121875,4.29596
121876,3.97578
121877,4.11182
121878,3.40288
121879,3.65405
121880,3.43293
121881,4.34423
121882,4.37334
121883,3.38836
121884,4.23603
121885,3.64817
121886,4.2534
121887,4.3096
121888,3.7616
121889,3.99093
121890,4.27858
121891,4.00029
121892,4.38858
121893,4.59555
121894,3.99062
121895,3.86624
121896,3.1077
121897,4.60608
121898,4.43191
121899,3.46378
121900,3.00863
121901,3.41911
121902,4.59254
121903,2.6545
121904,3.55564
121905,4.2561
121906,3.88417
121907,4.00479
121908,1.9116
121909,2.49602
121910,4.0338
121911,3.27893
121912,5.0
121913,4.15545
121914,1.94806
121915,3.31607
121916,4.2936
121917,4.36282
121918,1.54349
121919,1.89788
121920,2.44855
121921,3.45521
121922,2.56185
121923,3.24803
121924,3.10532
121925,4.43292
121926,2.59588
121927,3.37863
121928,3.52764
121929,3.72132
121930,3.92252
121931,3.52246
121932,1.90226
121933,3.3487
121934,2.98289
121935,3.01593
121936,3.63804
121937,4.14459
121938,2.8433
121939,3.5493
121940,4.01989
121941,4.13764
121942,3.52526
121943,3.69166
121944,2.52844
121945,3.10426
121946,3.34737
121947,3.58516
121948,4.8269
121949,3.92055
121950,4.57708
121951,3.11317
121952,3.97374
121953,3.6366
121954,3.26807
121955,2.97379
121956,3.955
121957,3.57206
121958,3.27696
121959,4.41592
121960,4.45735
121961,4.22317
121962,4.28218
121963,2.74555
121964,4.78647
121965,3.98128
121966,4.30719
121967,4.18759
121968,3.5945
121969,4.31594
121970,4.50052
121971,3.97365
121972,3.53552
121973,3.47312
121974,3.11184
121975,4.09339
121976,4.04806
121977,3.15995
121978,3.89506
121979,4.2557
121980,3.74261
121981,2.17004
121982,3.74082
121983,5.0
121984,4.50449
121985,3.55006
121986,4.17762
121987,4.71802
121988,2.34842
121989,4.88832
121990,1.0
121991,4.15907
121992,4.35707
121993,3.99364
121994,4.10363
121995,3.35244
121996,2.33099
121997,2.78226
121998,2.93306
121999,3.94665
122000,4.00508
122001,3.50166
122002,4.33484
122003,4.38891
122004,5.0
122005,3.77374
122006,3.3501
122007,4.07272
122008,5.0
122009,4.84242
122010,2.64941
122011,3.2451
122012,5.0
122013,3.77869
122014,4.0958
122015,3.77599
122016,4.63526
122017,2.72133
122018,4.71447
122019,3.4521
122020,3.14158
122021,3.97132
122022,1.88285
122023,3.60052
122024,3.05365
122025,4.49734
122026,3.38916
122027,1.89996
122028,2.23983
122029,2.40312
122030,4.853
122031,5.0
122032,4.98963
122033,4.99481
122034,3.72205
122035,3.76242
122036,4.57627
122037,3.57151
122038,4.95777
122039,4.19642
122040,5.0
122041,2.22073
122042,4.56412
122043,4.74287
122044,4.38658
122045,2.84911
122046,3.42266
122047,2.31583
122048,4.68618
122049,3.96309
122050,2.18496
122051,2.45173
122052,1.68704
122053,2.68857
122054,2.78141
122055,3.99922
122056,3.30681
122057,3.71153
122058,3.77393
122059,3.33173
122060,2.4597
122061,3.82364
122062,4.26648
122063,3.52566
122064,3.63415
122065,4.68735
122066,3.0879
122067,3.91965
122068,3.34775
122069,3.67533
122070,4.16359
122071,2.37729
122072,3.32221
122073,1.0
122074,3.01588
122075,3.93499
122076,2.49357
122077,3.55764
122078,3.74755
122079,3.66928
122080,3.45296
122081,3.70372
122082,4.48948
122083,4.6372
122084,4.67388
122085,4.63759
122086,2.61568
122087,3.79996
122088,2.25505
122089,3.14108
122090,3.25835
122091,3.50636
122092,5.0
122093,2.83214
122094,3.36629
122095,4.31135
122096,4.58069
122097,3.26743
122098,3.84646
122099,1.0
122100,2.41643
122101,3.13725
122102,2.42947
122103,1.57502
122104,2.67084
122105,3.7612
122106,1.61811
122107,2.70446
122108,3.38995
122109,1.24682
122110,1.39573
122111,1.0392
122112,4.20644
122113,2.2916
122114,3.39622
122115,2.78281
122116,2.98764
122117,2.33514
122118,2.88509
122119,2.64281
122120,2.03133
122121,2.29758
122122,2.92342
122123,3.05392
122124,1.68136
122125,2.8817
122126,2.42616
122127,3.0578
122128,2.19985
122129,1.07332
122130,2.24547
122131,1.0
122132,1.61403
122133,1.87445
122134,3.19471
122135,3.13213
122136,2.23339
122137,1.48456
122138,2.33497
122139,2.21417
122140,2.58276
122141,1.91479
122142,1.06673
122143,2.88306
122144,2.79583
122145,1.79617
122146,2.99008
122147,2.62558
122148,1.0
122149,1.0
122150,3.21791
122151,1.29456
122152,3.74835
122153,3.13004
122154,1.99174
122155,2.24073
122156,1.71864
122157,2.37748
122158,1.44404
122159,2.26021
122160,1.0
122161,3.46092
122162,2.52451
122163,4.51284
122164,2.3711
122165,1.0
122166,2.94514
122167,2.92916
122168,1.3967
122169,2.57738
122170,1.0
122171,3.19513
122172,1.0
122173,1.93278
122174,2.28316
122175,3.93059
122176,3.71471
122177,1.02899
122178,2.75098
122179,2.44252
122180,2.19692
122181,1.67982
122182,1.53047
122183,1.38602
122184,3.36116
122185,1.58272
122186,1.0
122187,1.0
122188,1.34535
122189,3.47144
122190,4.30537
122191,3.23725
122192,1.0
122193,2.06638
122194,2.77558
122195,2.50343
122196,1.0
122197,2.3613
122198,3.4832
122199,1.0
122200,2.79091
122201,1.0
122202,1.4909
122203,2.55049
122204,1.55637
122205,2.06068
122206,1.14001
122207,1.17397
122208,3.1491
122209,1.93739
122210,2.25396
122211,3.39498
122212,2.48456
122213,3.85893
122214,3.68795
122215,1.87574
122216,4.15538
122217,4.45668
122218,5.0
122219,5.0
122220,4.76149
122221,4.70266
122222,4.35458
122223,3.19873
122224,4.02644
122225,5.0
122226,4.66433
122227,4.79218
122228,4.28074
122229,4.44824
122230,4.31205
122231,5.0
122232,3.76294
122233,4.90296
122234,4.29831
122235,4.80858
122236,4.42822
122237,4.30383
122238,4.4509
122239,4.71717
122240,4.22351
122241,3.67188
122242,3.3146
122243,4.81076
122244,4.83801
122245,4.30715
122246,3.94588
122247,4.1687
122248,4.27951
122249,3.4646
122250,3.98011
122251,4.22671
122252,3.16757
122253,4.43174
122254,3.74235
122255,3.68018
122256,3.67014
122257,4.12514
122258,3.0666
122259,4.34856
122260,2.65604
122261,3.69538
122262,3.41109
122263,2.57999
122264,4.30795
122265,4.3576
122266,3.9434
122267,3.99332
122268,5.0
122269,3.53687
122270,3.67951
122271,3.09139
122272,2.7597
122273,3.88574
122274,3.3918
122275,4.34112
122276,4.04539
122277,4.04386
122278,2.2211
122279,2.56292
122280,3.05653
122281,3.76266
122282,4.13787
122283,4.43989
122284,3.73094
122285,4.1737
122286,4.17636
122287,1.22838
122288,4.56662
122289,3.64524
122290,3.22349
122291,4.09998
122292,4.84417
122293,3.65907
122294,3.73296
122295,2.69986
122296,4.31916
122297,3.93776
122298,3.02238
122299,4.09974
122300,3.83589
122301,3.35613
122302,4.16632
122303,3.58579
122304,5.0
122305,4.17701
122306,4.38573
122307,4.76265
122308,3.81411
122309,4.05301
122310,3.512
122311,3.66939
122312,4.46203
122313,3.57394
122314,4.30457
122315,3.60388
122316,2.98696
122317,3.66345
122318,3.63605
122319,4.14105
122320,4.54648
122321,3.41987
122322,3.20822
122323,2.63476
122324,4.31617
122325,3.38057
122326,3.68916
122327,3.48761
122328,3.15253
122329,2.80746
122330,3.94357
122331,3.7628
122332,3.38509
122333,4.03062
122334,4.17476
122335,3.56985
122336,1.49495
122337,2.3617
122338,2.10344
122339,4.04642
122340,3.20608
122341,2.25563
122342,4.31827
122343,3.40147
122344,3.69306
122345,3.30696
122346,3.61855
122347,3.62169
122348,3.59963
122349,3.63619
122350,3.45675
122351,3.71981
122352,3.58571
122353,3.08468
122354,3.41105
122355,2.65899
122356,3.57107
122357,2.63345
122358,3.21068
122359,3.49134
122360,3.74977
122361,2.95671
122362,3.7784
122363,3.11997
122364,3.46792
122365,2.88937
122366,3.0874
122367,2.42595
122368,2.9324
122369,3.50538
122370,2.9072
122371,4.44227
122372,4.04986
122373,2.8999
122374,3.73103
122375,3.64061
122376,4.19235
122377,2.85881
122378,3.30831
122379,2.32309
122380,3.29631
122381,3.582
122382,3.41127
122383,2.88547
122384,2.9467
122385,3.62526
122386,2.96501
122387,2.9301
122388,4.00384
122389,2.84352
122390,3.50581
122391,4.24452
122392,3.73533
122393,3.70312
122394,3.18896
122395,3.84511
122396,3.63131
122397,3.46076
122398,2.76332
122399,3.45767
122400,4.04826
122401,3.11901
122402,3.59567
122403,3.44257
122404,3.27101
122405,3.01011
122406,3.53362
122407,4.69888
122408,3.7644
122409,3.57243
122410,2.48674
122411,3.1881
122412,3.77665
122413,4.63117
122414,3.95792
122415,3.88261
122416,4.43525
122417,2.06776
122418,2.18845
122419,4.97032
122420,1.9371
122421,3.29002
122422,1.35999
122423,1.0
122424,1.20542
122425,3.28064
122426,2.20209
122427,3.62771
122428,2.67377
122429,4.53892
122430,2.48724
122431,2.23357
122432,3.4242
122433,2.72079
122434,3.13055
122435,1.54526
122436,1.69533
122437,2.32579
122438,5.0
122439,2.71912
122440,2.00587
122441,3.12461
122442,4.14729
122443,1.96027
122444,1.77847
122445,1.16921
122446,5.0
122447,1.0
122448,2.00476
122449,1.40266
122450,2.20242
122451,1.0
122452,4.03955
122453,1.46794
122454,4.27395
122455,2.67959
122456,2.0795
122457,3.32201
122458,4.73892
122459,2.98628
122460,2.10033
122461,1.21621
122462,1.12166
122463,1.74846
122464,1.05691
122465,1.52742
122466,2.73214
122467,2.31995
122468,2.90915
122469,1.93848
122470,3.66377
122471,1.29442
122472,1.0
122473,2.31772
122474,1.13954
122475,2.17182
122476,2.25912
122477,3.25801
122478,1.12937
122479,1.97887
122480,3.65014
122481,3.4153
122482,3.43625
122483,3.44407
122484,3.81382
122485,3.04038
122486,2.92462
122487,3.56744
122488,2.67483
122489,3.10069
122490,2.40211
122491,3.29272
122492,2.86488
122493,3.28792
122494,3.62022
122495,3.05352
122496,4.29337
122497,3.02747
122498,2.9225
122499,1.79425
122500,2.82929
122501,4.09938
122502,4.01461
122503,3.09392
122504,3.49295
122505,2.84563
122506,3.39083
122507,2.12829
122508,4.32263
122509,2.32314
122510,3.02424
122511,4.30372
122512,2.72342
122513,4.18023
122514,4.49077
122515,4.20435
122516,2.08899
122517,4.01816
122518,2.50694
122519,3.99184
122520,3.43902
122521,2.86041
122522,4.07611
122523,3.13961
122524,4.85501
122525,3.886
122526,4.41865
122527,4.77904
122528,4.46042
122529,3.10446
122530,4.18669
122531,3.39384
122532,4.3089
122533,3.93333
122534,5.0
122535,4.55485
122536,4.28032
122537,3.28336
122538,3.65101
122539,4.48518
122540,3.75922
122541,3.667
122542,3.14242
122543,3.06671
122544,3.34855
122545,3.51292
122546,3.76744
122547,2.9047
122548,3.8246
122549,3.6586
122550,3.27215
122551,3.00944
122552,2.59818
122553,3.68698
122554,3.53156
122555,2.8354
122556,2.49935
122557,3.86132
122558,3.37337
122559,2.80718
122560,5.0
122561,3.32324
122562,4.07727
122563,3.87348
122564,5.0
122565,3.84412
122566,4.36685
122567,4.35774
122568,3.08572
122569,3.98755
122570,2.49788
122571,3.79864
122572,3.68038
122573,2.54291
122574,3.37685
122575,2.66648
122576,3.73056
122577,2.96646
122578,3.38422
122579,3.92198
122580,2.84964
122581,2.92768
122582,2.6211
122583,1.89577
122584,3.65297
122585,3.18512
122586,3.12699
122587,3.33363
122588,4.55571
122589,3.63298
122590,3.67004
122591,3.6478
122592,3.89069
122593,3.61043
122594,4.07646
122595,4.0108
122596,3.85206
122597,2.84448
122598,3.42321
122599,3.78762
122600,3.10848
122601,3.60538
122602,3.85614
122603,3.40898
122604,3.82585
122605,4.26419
122606,4.23753
122607,3.37221
122608,4.1666
122609,4.53512
122610,4.11434
122611,3.10615
122612,4.55161
122613,4.39935
122614,3.26141
122615,4.39836
122616,3.5378
122617,4.5606
122618,4.01257
122619,3.165
122620,2.81757
122621,2.7328
122622,3.07348
122623,3.3552
122624,2.82041
122625,4.01054
122626,3.3756
122627,3.49154
122628,3.56387
122629,4.25614
122630,3.28157
122631,4.98083
122632,3.72581
122633,4.24855
122634,3.44825
122635,4.13422
122636,2.44069
122637,2.00549
122638,3.66379
122639,3.9207
122640,3.99786
122641,4.2264
122642,2.65424
122643,4.00655
122644,4.18055
122645,3.95644
122646,3.81605
122647,3.86205
122648,4.42323
122649,4.21686
122650,4.29196
122651,4.1886
122652,3.17954
122653,3.43682
122654,1.72269
122655,2.08912
122656,2.99192
122657,2.14526
122658,3.45492
122659,3.93392
122660,2.49401
122661,4.60645
122662,3.07614
122663,1.73287
122664,4.56779
122665,3.94518
122666,4.23989
122667,3.9679
122668,4.69678
122669,2.97833
122670,3.34275
122671,3.83741
122672,4.80184
122673,2.23326
122674,3.6246
122675,2.04066
122676,2.66052
122677,3.92733
122678,3.95446
122679,4.71402
122680,3.60741
122681,2.66924
122682,2.93715
122683,3.05168
122684,3.73793
122685,3.81477
122686,3.99083
122687,3.70541
122688,4.13762
122689,4.49709
122690,3.33412
122691,3.22833
122692,4.37772
122693,4.15165
122694,3.31553
122695,4.33041
122696,3.77103
122697,3.83116
122698,3.74237
122699,3.18313
122700,3.79813
122701,4.58972
122702,4.17118
122703,4.02349
122704,4.42684
122705,4.51651
122706,4.1871
122707,2.73766
122708,3.32374
122709,4.39635
122710,3.60836
122711,3.1577
122712,1.89355
122713,3.71615
122714,2.65646
122715,1.78881
122716,1.91378
122717,3.07401
122718,3.52557
122719,2.53674
122720,3.13077
122721,3.01459
122722,3.68891
122723,2.59661
122724,1.9894
122725,3.21525
122726,2.98383
122727,2.34706
122728,2.90745
122729,1.88734
122730,2.24709
122731,3.31071
122732,2.90308
122733,2.84115
122734,3.45264
122735,2.45317
122736,4.43308
122737,3.58794
122738,2.14248
122739,4.01838
122740,3.55584
122741,2.80231
122742,1.89744
122743,2.71401
122744,1.9581
122745,3.28482
122746,3.5373
122747,1.8539
122748,2.95232
122749,2.69115
122750,2.47314
122751,2.89715
122752,3.10701
122753,3.24855
122754,3.37106
122755,3.11518
122756,3.02619
122757,2.93646
122758,2.37643
122759,2.1159
122760,2.79174
122761,3.00632
122762,1.98393
122763,4.95586
122764,5.0
122765,4.55742
122766,4.20757
122767,4.21908
122768,4.61922
122769,3.5855
122770,3.1107
122771,4.03966
122772,4.33297
122773,4.00273
122774,2.38748
122775,2.93844
122776,1.26891
122777,2.81606
122778,2.63152
122779,3.42554
122780,2.45776
122781,3.5436
122782,3.36178
122783,4.12637
122784,3.49891
122785,3.87023
122786,3.3988
122787,2.94959
122788,3.23306
122789,2.2217
122790,3.71562
122791,3.74955
122792,3.81118
122793,3.7907
122794,2.61831
122795,2.12237
122796,2.62247
122797,4.1893
122798,4.19651
122799,4.49293
122800,4.88514
122801,3.4551
122802,2.6857
122803,3.12149
122804,4.08532
122805,4.81937
122806,3.82728
122807,4.78324
122808,1.81394
122809,3.90801
122810,2.705
122811,3.51243
122812,4.18131
122813,3.69936
122814,3.65222
122815,3.60825
122816,3.76016
122817,4.06842
122818,3.12336
122819,3.20588
122820,2.31508
122821,3.74711
122822,2.48794
122823,4.11802
122824,2.6206
122825,4.18608
122826,2.65874
122827,3.05789
122828,3.73456
122829,2.09148
122830,2.44909
122831,4.15207
122832,2.63662
122833,3.17057
122834,2.52571
122835,2.60235
122836,4.14462
122837,4.30585
122838,3.54531
122839,3.51805
122840,4.07558
122841,3.48861
122842,3.08914
122843,2.51649
122844,1.60361
122845,1.64112
122846,2.7165
122847,3.56642
122848,4.20113
122849,3.50171
122850,3.32587
122851,3.82089
122852,3.42131
122853,3.44614
122854,3.96541
122855,3.68879
122856,1.75091
122857,3.32382
122858,3.64212
122859,2.82035
122860,1.0
122861,3.61648
122862,1.04204
122863,3.96467
122864,3.23775
122865,1.0
122866,2.7911
122867,4.50767
122868,3.56696
122869,3.76251
122870,1.35232
122871,3.63215
122872,3.85557
122873,2.87508
122874,4.24579
122875,3.25664
122876,2.93969
122877,3.62035
122878,2.94017
122879,4.13745
122880,3.06089
122881,3.56666
122882,3.51946
122883,2.66868
122884,2.98607
122885,3.75584
122886,3.90392
122887,3.77247
122888,3.51612
122889,4.14347
122890,3.36836
122891,4.48053
122892,4.08269
122893,2.35289
122894,3.61592
122895,4.70275
122896,1.80581
122897,4.14232
122898,4.85921
122899,4.6158
122900,4.25198
122901,4.359
122902,2.6521
122903,4.0677
122904,2.8783
122905,3.33128
122906,4.05148
122907,3.14628
122908,3.15017
122909,4.42039
122910,3.69065
122911,4.43891
122912,2.80615
122913,4.2354
122914,4.03883
122915,3.67035
122916,4.04534
122917,3.81393
122918,2.78227
122919,3.89965
122920,3.51673
122921,4.29834
122922,4.46524
122923,2.80708
122924,4.06
122925,4.26834
122926,4.37737
122927,4.41658
122928,4.18669
122929,3.75158
122930,3.68486
122931,4.50981
122932,4.21748
122933,4.22886
122934,3.19054
122935,5.0
122936,5.0
122937,3.70813
122938,3.28897
122939,4.0742
122940,3.72933
122941,2.25812
122942,1.92415
122943,2.07912
122944,2.58384
122945,1.64525
122946,4.67535
122947,2.47784
122948,3.42414
122949,4.01572
122950,3.49095
122951,2.65411
122952,4.59445
122953,4.03773
122954,3.6133
122955,3.43367
122956,3.56363
122957,2.86065
122958,3.63263
122959,3.30426
122960,3.05998
122961,4.22154
122962,2.94729
122963,3.60107
122964,3.4261
122965,4.96603
122966,4.57955
122967,3.85882
122968,4.69901
122969,4.28661
122970,4.36283
122971,3.49237
122972,3.74466
122973,4.29962
122974,4.64153
122975,1.99589
122976,3.80009
122977,3.01325
122978,3.00165
122979,3.0474
122980,2.50674
122981,3.94295
122982,3.6464
122983,3.94254
122984,3.20576
122985,3.96764
122986,4.16787
122987,2.44815
122988,3.24642
122989,4.17807
122990,3.92057
122991,3.68751
122992,1.69803
122993,4.29392
122994,4.80564
122995,2.93529
122996,2.88385
122997,3.66453
122998,3.3605
122999,3.41684
123000,4.50767
123001,4.26276
123002,3.71317
123003,3.76827
123004,3.2226
123005,2.9146
123006,3.75394
123007,3.72513
123008,3.81967
123009,3.67059
123010,3.29744
123011,3.22126
123012,3.62435
123013,3.69266
123014,3.38168
123015,3.97257
123016,3.37926
123017,3.68383
123018,3.28601
123019,3.38481
123020,2.77918
123021,3.24018
123022,3.66647
123023,3.72245
123024,4.407
123025,3.92691
123026,3.06436
123027,2.37158
123028,2.34746
123029,3.24163
123030,2.58041
123031,3.3186
123032,3.7923
123033,4.07168
123034,4.3415
123035,4.03226
123036,3.13873
123037,3.07123
123038,2.95676
123039,3.11239
123040,3.22526
123041,4.36791
123042,3.63814
123043,3.66692
123044,3.39011
123045,4.72155
123046,3.21963
123047,4.57477
123048,4.01706
123049,4.41034
123050,4.29019
123051,3.15462
123052,3.81703
123053,4.54197
123054,3.92071
123055,4.04466
123056,3.74353
123057,4.51904
123058,3.17684
123059,2.35671
123060,3.134
123061,3.95019
123062,3.00523
123063,4.65201
123064,4.53141
123065,3.60103
123066,3.06531
123067,4.08919
123068,3.01626
123069,4.60716
123070,2.93588
123071,5.0
123072,3.5017
123073,3.89974
123074,3.08977
123075,3.69942
123076,3.82919
123077,3.4823
123078,3.10328
123079,3.85146
123080,3.35242
123081,3.69724
123082,3.50946
123083,3.42821
123084,3.49668
123085,3.93468
123086,3.41956
123087,4.14854
123088,3.43451
123089,4.17117
123090,5.0
123091,3.07956
123092,4.81375
123093,3.30483
123094,3.39056
123095,3.67861
123096,2.26207
123097,3.82128
123098,5.0
123099,2.37819
123100,4.15747
123101,4.05828
123102,3.64668
123103,3.34236
123104,3.91917
123105,4.70727
123106,3.63185
123107,3.53965
123108,3.95327
123109,3.762
123110,2.44339
123111,4.18293
123112,3.5898
123113,4.15924
123114,2.9139
123115,3.99134
123116,3.84445
123117,3.78926
123118,3.43189
123119,3.04781
123120,4.10609
123121,4.12662
123122,4.22243
123123,4.0268
123124,3.74315
123125,3.75219
123126,3.49902
123127,3.20571
123128,4.13542
123129,3.41958
123130,2.52472
123131,3.49623
123132,4.39195
123133,3.70904
123134,3.781
123135,3.97496
123136,3.1456
123137,3.95139
123138,3.45995
123139,3.92296
123140,3.99811
123141,3.91322
123142,3.54649
123143,4.06779
123144,3.40398
123145,4.06992
123146,4.21093
123147,2.82665
123148,3.51521
123149,3.81921
123150,4.62147
123151,4.33837
123152,4.75277
123153,3.97447
123154,3.06813
123155,4.04881
123156,4.3136
123157,4.04289
123158,4.72665
123159,4.71422
123160,4.86764
123161,1.65801
123162,4.0518
123163,2.72443
123164,4.89901
123165,5.0
123166,3.23452
123167,5.0
123168,4.03028
123169,3.6709
123170,3.90807
123171,4.24496
123172,2.7507
123173,3.37241
123174,3.48239
123175,3.22536
123176,2.7062
123177,1.97358
123178,3.31619
123179,2.25083
123180,2.62489
123181,2.35452
123182,2.8324
123183,3.23593
123184,3.51064
123185,3.08003
123186,2.36607
123187,2.34229
123188,2.1365
123189,3.73756
123190,2.6185
123191,2.42191
123192,3.86839
123193,3.09509
123194,3.16021
123195,2.54174
123196,3.33086
123197,2.86436
123198,2.35708
123199,2.19334
123200,2.44147
123201,2.54901
123202,3.38711
123203,3.92344
123204,2.34355
123205,4.4772
123206,3.52202
123207,3.05585
123208,3.85598
123209,3.67809
123210,4.64579
123211,4.02287
123212,4.14606
123213,3.71309
123214,4.38859
123215,2.5998
123216,4.6264
123217,4.09745
123218,3.753
123219,3.91636
123220,4.26476
123221,3.89883
123222,3.67853
123223,3.79228
123224,3.68318
123225,4.33387
123226,4.55752
123227,3.90337
123228,3.2242
123229,4.38459
123230,3.84506
123231,1.89226
123232,3.08837
123233,2.31566
123234,3.19606
123235,2.66682
123236,4.03726
123237,1.98127
123238,3.21991
123239,3.64813
123240,2.48709
123241,3.15697
123242,4.30771
123243,4.67479
123244,4.67563
123245,3.63899
123246,4.55133
123247,3.83325
123248,5.0
123249,4.71133
123250,4.60027
123251,4.4206
123252,4.53154
123253,3.075
123254,4.15936
123255,3.95065
123256,3.40473
123257,4.4689
123258,3.8757
123259,5.0
123260,4.79398
123261,4.38773
123262,5.0
123263,3.14274
123264,1.71065
123265,3.31747
123266,4.12585
123267,3.0115
123268,4.72232
123269,3.46131
123270,4.19646
123271,4.24629
123272,3.00497
123273,3.62429
123274,4.9223
123275,3.07969
123276,3.61317
123277,4.36293
123278,4.3061
123279,1.93422
123280,4.08283
123281,3.84232
123282,3.04478
123283,1.92926
123284,4.20927
123285,4.14958
123286,4.03005
123287,2.36322
123288,3.70311
123289,4.14832
123290,4.08806
123291,1.96345
123292,3.451
123293,3.74408
123294,3.34731
123295,4.02631
123296,4.12559
123297,3.90176
123298,2.96904
123299,3.63845
123300,3.66935
123301,4.51894
123302,3.29825
123303,3.89884
123304,4.54325
123305,3.70793
123306,3.36829
123307,4.23372
123308,4.29504
123309,3.41964
123310,3.90972
123311,3.89835
123312,3.97543
123313,3.54866
123314,4.01555
123315,3.80421
123316,4.30545
123317,3.16859
123318,2.1018
123319,3.06598
123320,2.10423
123321,2.2316
123322,2.76564
123323,3.38362
123324,2.89122
123325,4.03139
123326,2.49813
123327,2.77038
123328,2.401
123329,3.38391
123330,3.44504
123331,2.71427
123332,2.706
123333,4.12139
123334,3.01751
123335,3.31029
123336,2.36076
123337,2.1534
123338,3.03096
123339,2.7651
123340,2.79346
123341,4.42406
123342,2.67522
123343,3.36643
123344,3.16204
123345,2.08251
123346,2.56698
123347,2.17878
123348,3.02157
123349,1.74807
123350,4.51576
123351,4.64208
123352,3.91442
123353,4.48285
123354,3.78934
123355,2.7867
123356,3.9192
123357,3.45432
123358,2.27543
123359,3.48534
123360,2.43352
123361,4.00943
123362,3.17578
123363,3.94193
123364,3.98759
123365,4.40453
123366,3.07813
123367,3.68551
123368,2.76957
123369,4.17676
123370,4.02358
123371,3.04999
123372,3.16224
123373,4.18936
123374,4.44176
123375,4.921
123376,3.85452
123377,4.49282
123378,4.06143
123379,3.24579
123380,4.24083
123381,3.31874
123382,3.03238
123383,2.66255
123384,3.87331
123385,3.01707
123386,1.75505
123387,3.76342
123388,3.52507
123389,4.83668
123390,4.02568
123391,3.85789
123392,3.6144
123393,3.8054
123394,3.29665
123395,4.19729
123396,2.7061
123397,3.98799
123398,2.51851
123399,3.83571
123400,3.6606
123401,3.81523
123402,3.26229
123403,3.75658
123404,3.04046
123405,4.00263
123406,4.04778
123407,3.34771
123408,4.09094
123409,2.46129
123410,2.47645
123411,3.43514
123412,2.08983
123413,2.97412
123414,3.75074
123415,2.62303
123416,1.58471
123417,2.29616
123418,3.59856
123419,1.74597
123420,3.97291
123421,2.99849
123422,2.30733
123423,3.1716
123424,3.37746
123425,2.71815
123426,2.97527
123427,3.23222
123428,2.83603
123429,3.06031
123430,2.26976
123431,2.91721
123432,4.21992
123433,2.92352
123434,1.78179
123435,2.35918
123436,2.26107
123437,3.90443
123438,3.91945
123439,2.83628
123440,3.15154
123441,2.78288
123442,2.31477
123443,2.77465
123444,2.25822
123445,1.85126
123446,2.77997
123447,3.43509
123448,2.79456
123449,2.21008
123450,2.94024
123451,2.70076
123452,3.49529
123453,3.55691
123454,2.55581
123455,3.61213
123456,1.59027
123457,3.18502
123458,3.17998
123459,2.95206
123460,2.33665
123461,2.70863
123462,3.83198
123463,2.58287
123464,3.41756
123465,3.75626
123466,1.58508
123467,3.17293
123468,3.8906
123469,3.26031
123470,5.0
123471,4.60575
123472,4.66028
123473,2.39854
123474,3.239
123475,4.03562
123476,3.48831
123477,4.49012
123478,3.63845
123479,2.38675
123480,3.47744
123481,2.82809
123482,4.04011
123483,2.59925
123484,3.67302
123485,4.22012
123486,4.92953
123487,3.60689
123488,3.98226
123489,3.32081
123490,4.92848
123491,2.56146
123492,4.83357
123493,3.22013
123494,2.97753
123495,2.25237
123496,4.38141
123497,3.4982
123498,4.69915
123499,3.02949
123500,3.96859
123501,4.22798
123502,3.77592
123503,3.20892
123504,2.04043
123505,4.01228
123506,2.73833
123507,3.25624
123508,2.72176
123509,2.62374
123510,2.80289
123511,5.0
123512,2.66621
123513,2.9773
123514,3.42652
123515,4.32789
123516,4.29564
123517,2.77021
123518,3.66506
123519,4.39177
123520,4.31376
123521,4.81377
123522,2.42722
123523,2.11489
123524,4.40838
123525,3.40188
123526,2.91904
123527,3.44175
123528,3.65384
123529,4.7311
123530,2.54308
123531,4.09476
123532,3.8157
123533,2.81322
123534,3.48254
123535,3.72444
123536,4.57652
123537,3.07267
123538,3.34385
123539,4.34379
123540,3.38672
123541,3.1171
123542,3.44304
123543,3.42238
123544,4.75259
123545,3.78812
123546,4.10094
123547,3.60101
123548,2.78481
123549,2.52163
123550,2.8134
123551,4.03787
123552,2.12472
123553,3.53239
123554,3.18691
123555,3.49369
123556,2.73464
123557,4.83578
123558,2.95177
123559,3.73975
123560,4.30295
123561,3.96084
123562,3.86392
123563,3.55915
123564,2.51029
123565,2.0944
123566,4.02098
123567,3.15073
123568,3.96944
123569,2.76917
123570,2.08517
123571,3.09911
123572,2.44792
123573,3.47272
123574,4.50742
123575,3.4562
123576,4.61337
123577,2.56345
123578,4.11379
123579,3.57349
123580,3.84841
123581,3.27213
123582,3.6494
123583,3.28682
123584,3.89068
123585,3.33565
123586,3.7642
123587,4.01411
123588,3.6078
123589,3.29353
123590,3.94194
123591,3.09493
123592,3.13744
123593,3.39642
123594,3.74326
123595,4.35004
123596,3.96324
123597,4.02013
123598,3.06087
123599,3.69849
123600,3.67809
123601,4.91875
123602,3.32827
123603,3.57047
123604,4.38041
123605,4.58952
123606,3.03511
123607,4.02237
123608,2.24054
123609,5.0
123610,2.9544
123611,3.31807
123612,2.87089
123613,3.81666
123614,4.87176
123615,5.0
123616,3.35887
123617,3.3817
123618,4.36849
123619,3.93263
123620,3.10813
123621,3.96543
123622,4.28992
123623,2.39735
123624,4.47978
123625,3.15725
123626,4.30833
123627,4.46671
123628,4.39337
123629,4.83262
123630,4.12286
123631,2.77356
123632,4.74021
123633,3.40086
123634,2.65043
123635,3.87853
123636,4.24313
123637,3.61621
123638,3.32373
123639,2.71392
123640,1.25933
123641,3.31463
123642,3.79771
123643,3.55893
123644,2.82802
123645,3.59535
123646,3.51311
123647,2.5505
123648,3.70811
123649,1.17392
123650,2.5624
123651,3.11558
123652,2.46832
123653,1.75683
123654,2.70909
123655,1.0
123656,2.81015
123657,2.87515
123658,2.47063
123659,2.84042
123660,2.48418
123661,2.10481
123662,2.81954
123663,2.68332
123664,3.39778
123665,1.87055
123666,2.72567
123667,2.4306
123668,2.73133
123669,3.77257
123670,2.83672
123671,1.38132
123672,2.4845
123673,2.17274
123674,1.11634
123675,2.79639
123676,2.84096
123677,4.06661
123678,3.66274
123679,4.45044
123680,3.31851
123681,3.97541
123682,3.69897
123683,3.65764
123684,3.88269
123685,3.60889
123686,4.93199
123687,4.68439
123688,4.48386
123689,4.58414
123690,4.761
123691,4.41244
123692,4.39332
123693,3.59524
123694,3.58833
123695,4.76507
123696,4.31761
123697,4.64292
123698,4.14808
123699,4.98239
123700,4.86963
123701,2.59584
123702,1.72908
123703,1.24748
123704,3.15655
123705,2.77465
123706,4.14339
123707,3.41742
123708,3.4361
123709,4.42293
123710,2.7431
123711,3.01937
123712,3.11312
123713,2.05861
123714,2.43974
123715,2.33599
123716,3.89787
123717,2.34145
123718,3.6484
123719,3.36998
123720,5.0
123721,3.26503
123722,3.15407
123723,4.13899
123724,3.01556
123725,3.47143
123726,5.0
123727,3.43962
123728,4.30904
123729,4.65518
123730,2.30499
123731,3.06802
123732,2.91506
123733,2.32342
123734,2.77619
123735,3.22831
123736,2.53325
123737,4.16204
123738,3.83747
123739,4.93998
123740,3.51711
123741,1.3213
123742,2.27168
123743,4.32572
123744,3.1571
123745,2.13169
123746,3.94886
123747,4.84146
123748,4.15827
123749,4.22679
123750,5.0
123751,4.01136
123752,4.1207
123753,3.83641
123754,4.01824
123755,3.2759
123756,1.53747
123757,3.44093
123758,2.15341
123759,4.76702
123760,4.79938
123761,4.39878
123762,4.78182
123763,4.98973
123764,4.9007
123765,4.96397
123766,4.61941
123767,4.9343
123768,4.40371
123769,2.91374
123770,3.24545
123771,3.69276
123772,4.08136
123773,3.78641
123774,4.25186
123775,4.10672
123776,3.53601
123777,2.76004
123778,4.09064
123779,3.42562
123780,4.44309
123781,2.11433
123782,3.24755
123783,3.95352
123784,3.19196
123785,2.94893
123786,4.45746
123787,2.94963
123788,2.72282
123789,3.07475
123790,3.18988
123791,1.28529
123792,2.72951
123793,3.54281
123794,1.83753
123795,3.49243
123796,1.17835
123797,2.96418
123798,3.30166
123799,2.62264
123800,2.30015
123801,4.35267
123802,4.01799
123803,2.95358
123804,2.50097
123805,3.19959
123806,2.25641
123807,3.90995
123808,2.64907
123809,3.86945
123810,3.63519
123811,4.26629
123812,2.41656
123813,2.82203
123814,4.48326
123815,3.57072
123816,4.42715
123817,4.04482
123818,2.99166
123819,3.94915
123820,3.47287
123821,2.04214
123822,2.64036
123823,4.07556
123824,4.34538
123825,4.48063
123826,2.43317
123827,1.55029
123828,4.45728
123829,4.01083
123830,2.76251
123831,1.93465
123832,3.70482
123833,2.65505
123834,3.61629
123835,3.40935
123836,4.17893
123837,3.77779
123838,3.70301
123839,2.25282
123840,4.32299
123841,4.3714
123842,3.1332
123843,3.65114
123844,3.40664
123845,3.16229
123846,4.39682
123847,3.59834
123848,3.80432
123849,1.99179
123850,4.5524
123851,3.96035
123852,1.76691
123853,2.29909
123854,1.95243
123855,2.88978
123856,2.93876
123857,4.17891
123858,3.38463
123859,2.70718
123860,3.6864
123861,3.01106
123862,1.5676
123863,3.34117
123864,4.28906
123865,4.08892
123866,4.17679
123867,4.08766
123868,4.54876
123869,3.65149
123870,3.92891
123871,5.0
123872,4.65361
123873,3.53801
123874,4.01678
123875,4.00798
123876,4.17427
123877,3.51339
123878,3.1617
123879,2.62468
123880,3.63391
123881,3.98717
123882,3.7809
123883,3.93685
123884,3.22703
123885,4.76825
123886,2.99672
123887,4.13548
123888,3.60094
123889,4.25125
123890,2.18638
123891,3.16393
123892,4.38883
123893,4.72112
123894,2.19807
123895,4.1176
123896,4.48467
123897,3.3935
123898,3.59952
123899,4.58439
123900,4.02541
123901,3.87796
123902,4.51814
123903,3.62419
123904,3.9443
123905,4.18979
123906,3.52625
123907,4.2039
123908,2.54731
123909,3.47531
123910,3.74929
123911,3.61067
123912,3.29122
123913,3.89923
123914,4.12598
123915,3.71892
123916,4.11347
123917,3.41256
123918,3.69871
123919,4.60706
123920,4.17226
123921,4.6234
123922,3.83034
123923,2.24426
123924,3.67227
123925,4.29232
123926,3.68839
123927,3.44886
123928,3.9442
123929,3.23424
123930,3.71648
123931,3.10624
123932,4.27788
123933,4.39344
123934,3.64394
123935,4.07859
123936,4.41509
123937,4.60737
123938,4.07701
123939,3.68849
123940,3.57863
123941,4.61
123942,2.95724
123943,3.50823
123944,4.45906
123945,3.87455
123946,3.58387
123947,4.29567
123948,4.02329
123949,3.50618
123950,4.00307
123951,4.1009
123952,3.57946
123953,4.52947
123954,3.11954
123955,4.10067
123956,3.08399
123957,4.21528
123958,4.67483
123959,3.54193
123960,4.9883
123961,3.74872
123962,4.01606
123963,4.36774
123964,4.66325
123965,3.30543
123966,3.42457
123967,3.54451
123968,2.602
123969,4.28046
123970,4.3335
123971,2.10226
123972,3.61839
123973,3.57984
123974,1.83038
123975,3.30745
123976,3.96868
123977,2.36243
123978,3.27659
123979,3.1808
123980,2.66149
123981,2.60178
123982,3.73234
123983,3.18718
123984,1.06946
123985,4.03216
123986,1.29524
123987,2.34421
123988,2.0763
123989,2.26001
123990,2.83876
123991,3.08682
123992,2.99622
123993,3.39194
123994,2.72846
123995,1.78913
123996,3.56336
123997,3.58306
123998,1.9543
123999,2.1076
124000,2.45076
124001,2.51437
124002,1.70849
124003,3.17429
124004,2.71744
124005,3.98554
124006,2.09233
124007,3.28657
124008,1.59522
124009,3.33486
124010,2.07557
124011,2.15798
124012,3.21736
124013,3.50322
124014,1.90062
124015,3.38267
124016,3.87527
124017,1.59866
124018,2.92209
124019,2.84214
124020,3.87352
124021,2.9503
124022,2.27836
124023,4.02482
124024,3.30908
124025,2.2987
124026,2.19068
124027,3.87168
124028,2.82985
124029,1.87774
124030,2.76219
124031,3.80649
124032,2.5594
124033,1.75507
124034,2.68969
124035,4.39799
124036,4.04778
124037,3.62791
124038,3.32722
124039,4.49299
124040,3.12072
124041,1.47782
124042,2.14659
124043,3.91836
124044,3.24717
124045,1.13179
124046,2.81706
124047,1.89257
124048,2.95004
124049,2.87935
124050,3.87435
124051,3.4432
124052,3.59626
124053,2.69662
124054,3.33549
124055,1.77985
124056,1.81003
124057,4.06556
124058,2.8082
124059,2.76638
124060,3.24903
124061,4.07236
124062,3.0077
124063,1.83778
124064,1.1899
124065,2.40282
124066,2.20547
124067,3.45128
124068,2.65418
124069,2.72906
124070,1.45667
124071,2.35515
124072,3.70369
124073,3.79179
124074,1.33691
124075,3.59876
124076,1.80128
124077,4.37364
124078,3.73366
124079,3.41782
124080,1.0
124081,2.41736
124082,3.87039
124083,4.20134
124084,1.89724
124085,1.28265
124086,1.57623
124087,2.33725
124088,2.67841
124089,3.48269
124090,1.84928
124091,2.99012
124092,3.10517
124093,3.86094
124094,2.76587
124095,3.55847
124096,2.69566
124097,2.90651
124098,2.94836
124099,2.81823
124100,3.18762
124101,3.61552
124102,3.58599
124103,2.49484
124104,2.87426
124105,2.51712
124106,3.95295
124107,3.59299
124108,3.40044
124109,3.84127
124110,4.079
124111,4.85634
124112,3.28856
124113,4.22862
124114,4.52594
124115,4.71807
124116,3.23545
124117,3.18084
124118,3.43213
124119,4.13325
124120,3.78231
124121,2.78182
124122,4.29131
124123,3.82378
124124,4.05976
124125,3.78449
124126,4.43598
124127,2.92241
124128,2.59693
124129,3.08237
124130,2.45401
124131,4.73377
124132,3.89754
124133,4.56529
124134,3.45641
124135,4.28365
124136,3.80624
124137,3.61735
124138,3.18933
124139,3.81674
124140,4.57882
124141,3.35485
124142,3.45635
124143,4.48967
124144,2.64506
124145,3.65601
124146,4.28288
124147,2.5122
124148,4.04137
124149,1.93945
124150,4.20763
124151,5.0
124152,4.85882
124153,4.31909
124154,3.26804
124155,4.26927
124156,4.20732
124157,3.08966
124158,2.57552
124159,2.78862
124160,4.23036
124161,4.8438
124162,3.79656
124163,4.18485
124164,4.59197
124165,3.69528
124166,4.52118
124167,3.753
124168,3.98633
124169,4.02605
124170,4.49315
124171,4.31929
124172,4.48683
124173,4.46493
124174,4.28079
124175,3.76057
124176,4.71051
124177,4.48704
124178,4.15703
124179,4.63074
124180,4.71121
124181,4.68949
124182,4.34324
124183,2.62468
124184,2.45095
124185,1.29896
124186,4.00318
124187,4.29258
124188,3.66124
124189,3.8754
124190,3.82116
124191,2.82153
124192,3.11059
124193,4.89718
124194,3.10304
124195,3.51497
124196,3.91407
124197,4.1933
124198,3.78597
124199,4.15682
124200,4.01428
124201,4.27582
124202,4.01408
124203,1.86666
124204,4.007
124205,4.07312
124206,4.62354
124207,4.19797
124208,2.87
124209,4.04527
124210,4.1464
124211,4.15846
124212,3.45648
124213,4.5665
124214,4.10723
124215,4.23207
124216,4.03514
124217,3.85828
124218,5.0
124219,4.13055
124220,2.91475
124221,3.2032
124222,4.50963
124223,3.05435
124224,3.87474
124225,3.10645
124226,4.25365
124227,4.50069
124228,4.15947
124229,3.41945
124230,4.38402
124231,5.0
124232,3.70304
124233,2.37354
124234,3.824
124235,4.72851
124236,4.4523
124237,4.26852
124238,4.41724
124239,2.40823
124240,4.52176
124241,2.5847
124242,2.36677
124243,2.52297
124244,5.0
124245,3.22824
124246,2.05775
124247,4.01359
124248,1.9595
124249,2.73327
124250,3.57828
124251,4.21415
124252,3.75732
124253,2.97504
124254,3.88618
124255,3.93223
124256,3.21014
124257,3.43595
124258,3.27163
124259,3.77376
124260,3.59402
124261,3.79804
124262,3.34745
124263,3.04616
124264,3.63895
124265,4.47616
124266,3.27634
124267,3.71763
124268,4.0095
124269,2.79032
124270,4.55964
124271,3.65468
124272,3.41027
124273,3.65652
124274,4.48785
124275,4.60283
124276,3.89455
124277,4.05687
124278,4.5379
124279,4.21552
124280,4.79283
124281,4.12646
124282,4.33538
124283,3.46196
124284,3.80747
124285,3.98508
124286,4.19403
124287,3.07366
124288,2.71325
124289,3.47956
124290,4.03905
124291,2.69018
124292,4.33893
124293,3.17707
124294,3.7752
124295,3.28164
124296,3.74402
124297,3.9388
124298,4.54111
124299,3.6064
124300,3.02717
124301,4.43833
124302,3.44574
124303,3.5606
124304,3.37759
124305,2.72517
124306,2.9106
124307,4.04305
124308,3.18942
124309,3.78633
124310,3.44799
124311,4.27518
124312,2.59756
124313,4.47766
124314,4.03738
124315,4.14739
124316,3.81822
124317,2.71915
124318,4.37768
124319,3.00373
124320,4.22538
124321,2.74342
124322,3.91825
124323,3.43161
124324,3.65205
124325,1.97056
124326,3.52645
124327,4.51158
124328,1.8904
124329,4.55566
124330,4.80229
124331,4.27799
124332,4.61234
124333,2.89822
124334,3.67401
124335,4.12533
124336,2.89734
124337,4.48932
124338,3.2168
124339,4.32477
124340,2.38877
124341,5.0
124342,3.16424
124343,4.8503
124344,3.67163
124345,2.57132
124346,2.38893
124347,2.81523
124348,1.95398
124349,3.38812
124350,3.3899
124351,4.00204
124352,3.92848
124353,3.11823
124354,3.7397
124355,4.97868
124356,3.66638
124357,4.98504
124358,2.80269
124359,3.71976
124360,3.45932
124361,3.47361
124362,3.76076
124363,4.10047
124364,3.1205
124365,2.22977
124366,3.58332
124367,3.25263
124368,4.23468
124369,3.75486
124370,3.76253
124371,3.89606
124372,4.65011
124373,3.90069
124374,3.72539
124375,2.07606
124376,2.86681
124377,3.22725
124378,4.32289
124379,4.67417
124380,4.14004
124381,4.80693
124382,3.28046
124383,4.23305
124384,2.56653
124385,2.21742
124386,1.92946
124387,1.00475
124388,2.73363
124389,2.33373
124390,2.48949
124391,1.0
124392,2.52816
124393,3.05663
124394,2.41633
124395,3.4727
124396,1.45221
124397,1.95466
124398,1.94296
124399,1.0
124400,3.89228
124401,2.15521
124402,2.27678
124403,3.62958
124404,1.75033
124405,1.55373
124406,2.82964
124407,3.1026
124408,1.0
124409,3.09331
124410,2.812
124411,1.90588
124412,2.94577
124413,2.24523
124414,2.00965
124415,3.67717
124416,1.7001
124417,1.0
124418,3.69959
124419,3.8281
124420,4.26355
124421,2.13175
124422,3.31085
124423,3.62221
124424,1.0
124425,4.46218
124426,1.0
124427,3.41211
124428,1.56994
124429,2.29762
124430,1.9791
124431,1.6746
124432,3.33579
124433,1.0
124434,3.08725
124435,1.8561
124436,1.53673
124437,2.8642
124438,2.12974
124439,2.46003
124440,2.01374
124441,2.3684
124442,3.63203
124443,3.02677
124444,1.06216
124445,5.0
124446,3.36798
124447,2.42546
124448,2.58605
124449,2.46993
124450,2.55226
124451,2.35676
124452,2.99118
124453,5.0
124454,4.69404
124455,3.67932
124456,3.2184
124457,4.37506
124458,3.78187
124459,3.43204
124460,3.53432
124461,3.82097
124462,3.52881
124463,3.15192
124464,3.7176
124465,4.30176
124466,3.14201
124467,3.41971
124468,3.24149
124469,3.36937
124470,4.21749
124471,2.20555
124472,3.82733
124473,2.65081
124474,4.2051
124475,3.608
124476,3.09002
124477,3.46165
124478,4.29481
124479,2.87582
124480,3.61712
124481,4.09889
124482,3.47143
124483,2.05043
124484,3.21958
124485,2.54735
124486,3.22831
124487,2.61207
124488,3.85725
124489,3.15123
124490,1.5869
124491,4.80597
124492,2.55704
124493,4.46931
124494,1.3476
124495,2.08187
124496,3.14022
124497,3.50133
124498,3.8748
124499,2.42312
124500,3.85811
124501,4.48706
124502,3.47644
124503,3.93504
124504,4.5885
124505,3.36774
124506,3.73187
124507,2.69761
124508,3.86079
124509,3.00263
124510,3.18536
124511,4.21089
124512,4.10795
124513,4.08265
124514,3.61365
124515,3.18602
124516,5.0
124517,4.91877
124518,4.39041
124519,4.87083
124520,4.65389
124521,4.98963
124522,2.50153
124523,4.65353
124524,4.30407
124525,3.76072
124526,4.20523
124527,3.58697
124528,4.03566
124529,3.71923
124530,3.92595
124531,4.86295
124532,3.59301
124533,3.32142
124534,4.83774
124535,2.55403
124536,2.78213
124537,4.27941
124538,3.85663
124539,4.70496
124540,1.58312
124541,2.01098
124542,2.83794
124543,2.94052
124544,4.40861
124545,5.0
124546,4.09734
124547,5.0
124548,3.38999
124549,3.95104
124550,4.63276
124551,3.92964
124552,4.07047
124553,4.52477
124554,1.58654
124555,3.55368
124556,3.76547
124557,4.13564
124558,3.8404
124559,1.85319
124560,3.38413
124561,3.04332
124562,3.43411
124563,2.1061
124564,3.65097
124565,2.90622
124566,2.76208
124567,2.51497
124568,2.01344
124569,2.01982
124570,3.61012
124571,3.67148
124572,1.92168
124573,5.0
124574,1.59852
124575,3.61451
124576,1.8957
124577,3.85457
124578,1.65725
124579,2.44186
124580,4.02981
124581,3.3254
124582,1.82789
124583,4.5291
124584,3.97554
124585,2.1013
124586,4.22239
124587,3.89954
124588,4.30023
124589,3.60138
124590,3.10562
124591,4.28191
124592,3.01494
124593,2.60148
124594,3.87966
124595,3.92959
124596,3.74414
124597,3.71533
124598,4.58221
124599,3.87281
124600,3.55234
124601,4.27142
124602,2.31417
124603,3.43693
124604,3.40521
124605,3.60135
124606,3.54511
124607,3.0959
124608,4.05816
124609,3.83744
124610,3.69735
124611,3.89934
124612,3.45287
124613,4.42022
124614,4.55841
124615,1.65002
124616,4.02997
124617,4.11347
124618,3.74799
124619,4.11661
124620,3.77092
124621,4.05476
124622,3.97194
124623,2.56381
124624,3.59878
124625,4.13603
124626,3.74177
124627,3.35758
124628,3.51407
124629,3.40703
124630,4.61368
124631,3.76309
124632,1.0
124633,2.71455
124634,3.10298
124635,3.58836
124636,3.05741
124637,3.28531
124638,3.47883
124639,1.39766
124640,3.77875
124641,2.85078
124642,2.30022
124643,2.90682
124644,3.05075
124645,2.17519
124646,3.27113
124647,1.0
124648,1.0
124649,3.24141
124650,1.0
124651,2.8216
124652,1.81359
124653,3.96606
124654,2.25507
124655,1.0
124656,3.28755
124657,3.04233
124658,1.80772
124659,1.0
124660,2.85466
124661,1.11616
124662,2.54013
124663,1.0
124664,1.54349
124665,1.73068
124666,1.0
124667,2.69204
124668,2.93308
124669,1.99757
124670,2.66482
124671,3.43973
124672,1.18912
124673,3.31678
124674,1.0
124675,1.14716
124676,3.45615
124677,2.06868
124678,1.0
124679,2.40156
124680,4.55823
124681,4.33905
124682,4.37701
124683,4.05918
124684,3.94186
124685,4.56909
124686,3.87291
124687,2.68747
124688,4.18043
124689,4.14467
124690,3.82053
124691,4.13959
124692,3.92725
124693,3.51648
124694,3.99598
124695,2.37762
124696,4.24737
124697,4.83216
124698,4.64723
124699,3.07683
124700,4.54032
124701,3.16565
124702,3.94623
124703,2.4602
124704,3.80574
124705,3.91473
124706,4.27287
124707,1.0
124708,3.85552
124709,3.48789
124710,2.18404
124711,3.92221
124712,2.21603
124713,3.25083
124714,3.53618
124715,1.27205
124716,4.09635
124717,2.31607
124718,4.00315
124719,3.49031
124720,3.65153
124721,4.00351
124722,3.72718
124723,3.87045
124724,1.0
124725,1.02092
124726,5.0
124727,5.0
124728,3.97431
124729,2.98498
124730,3.91218
124731,3.61237
124732,4.2283
124733,4.43677
124734,3.69716
124735,4.282
124736,5.0
124737,3.88171
124738,2.99994
124739,2.40919
124740,2.85351
124741,3.5391
124742,3.22238
124743,2.60509
124744,4.20448
124745,4.36969
124746,2.60672
124747,2.00489
124748,2.2678
124749,1.4647
124750,2.60724
124751,2.291
124752,2.72007
124753,2.76338
124754,3.91616
124755,3.11732
124756,2.33644
124757,1.45818
124758,2.08024
124759,1.04453
124760,2.03563
124761,1.00004
124762,2.00659
124763,1.64388
124764,2.7663
124765,2.99924
124766,4.27033
124767,3.81519
124768,1.92399
124769,4.36646
124770,2.91254
124771,1.73294
124772,3.17706
124773,1.83753
124774,3.55011
124775,2.44603
124776,3.2288
124777,3.31085
124778,2.16314
124779,1.50322
124780,3.8334
124781,3.20921
124782,1.56238
124783,3.24124
124784,2.00562
124785,3.02938
124786,2.17748
124787,3.15222
124788,1.73585
124789,1.87588
124790,2.28951
124791,3.57402
124792,3.36437
124793,3.02709
124794,1.50923
124795,3.70379
124796,3.16405
124797,2.27461
124798,2.11822
124799,2.57319
124800,3.09535
124801,3.071
124802,3.50734
124803,2.31607
124804,3.62037
124805,3.13544
124806,2.25123
124807,2.57253
124808,2.91506
124809,3.60866
124810,1.99752
124811,3.57979
124812,3.88945
124813,3.30745
124814,2.80492
124815,2.51522
124816,1.90509
124817,2.3947
124818,3.47932
124819,4.47874
124820,3.78298
124821,3.83351
124822,3.27604
124823,4.57199
124824,3.3748
124825,4.66815
124826,3.97909
124827,3.97853
124828,5.0
124829,3.97537
124830,3.41329
124831,2.64136
124832,3.5397
124833,4.43176
124834,4.47817
124835,3.36123
124836,3.64922
124837,3.31642
124838,3.37245
124839,3.62823
124840,5.0
124841,4.24462
124842,2.72194
124843,3.15184
124844,3.95795
124845,4.16895
124846,3.43165
124847,3.40592
124848,3.18731
124849,3.39926
124850,4.38212
124851,4.49877
124852,3.60428
124853,3.92024
124854,4.02887
124855,4.80046
124856,4.28878
124857,3.24017
124858,4.12295
124859,3.7366
124860,4.37729
124861,3.42057
124862,3.46462
124863,4.45223
124864,3.78996
124865,4.10463
124866,3.76912
124867,2.46586
124868,4.21456
124869,4.3668
124870,3.4503
124871,4.36676
124872,4.4494
124873,3.97564
124874,3.87907
124875,4.29218
124876,3.45372
124877,3.52734
124878,2.96213
124879,3.60465
124880,2.98017
124881,3.74209
124882,4.23783
124883,3.94314
124884,2.978
124885,3.91643
124886,2.92945
124887,3.28466
124888,2.99976
124889,3.70377
124890,3.9686
124891,3.52332
124892,3.97045
124893,3.77212
124894,3.93336
124895,3.71512
124896,3.55477
124897,3.94941
124898,3.78493
124899,3.83061
124900,3.98931
124901,2.92637
124902,3.52195
124903,4.1522
124904,3.91614
124905,3.27318
124906,2.91744
124907,3.39589
124908,3.74874
124909,4.08707
124910,3.26427
124911,3.88047
124912,4.46422
124913,3.52997
124914,2.80539
124915,4.50595
124916,3.22686
124917,3.85155
124918,4.32381
124919,3.68711
124920,4.02165
124921,3.9925
124922,4.11753
124923,4.16864
124924,4.15215
124925,3.61177
124926,4.10863
124927,3.95246
124928,3.27979
124929,3.73512
124930,4.283
124931,3.07835
124932,2.99462
124933,3.33928
124934,4.42686
124935,3.90423
124936,3.61996
124937,2.91744
124938,3.79106
124939,3.31703
124940,3.33409
124941,3.57401
124942,3.63072
124943,2.77699
124944,3.69803
124945,2.99444
124946,2.69811
124947,2.91625
124948,3.60008
124949,2.72934
124950,4.24561
124951,2.44752
124952,3.18748
124953,2.68622
124954,2.75483
124955,1.9501
124956,3.32496
124957,3.25682
124958,3.0484
124959,2.88073
124960,2.4452
124961,4.0397
124962,3.69064
124963,2.76482
124964,3.27449
124965,3.71098
124966,3.3899
124967,2.2633
124968,3.26554
124969,3.34703
124970,3.79515
124971,3.63471
124972,3.65489
124973,3.33561
124974,3.35888
124975,3.27608
124976,4.02976
124977,3.0852
124978,4.00549
124979,3.33763
124980,4.06641
124981,4.05096
124982,3.86522
124983,3.36986
124984,3.72632
124985,3.88273
124986,3.12692
124987,3.24298
124988,3.39819
124989,3.56015
124990,3.78846
124991,4.02555
124992,2.62963
124993,4.49233
124994,4.05898
124995,4.03252
124996,4.31865
124997,4.35284
124998,3.87562
124999,2.92797
125000,3.30397
125001,3.63898
125002,4.17718
125003,3.1597
125004,3.69979
125005,3.47403
125006,3.6902
125007,4.29436
125008,3.98706
125009,3.55776
125010,3.24984
125011,2.82283
125012,3.62125
125013,3.80495
125014,3.33074
125015,2.47064
125016,4.04444
125017,4.1312
125018,4.20063
125019,2.62514
125020,4.22174
125021,3.65069
125022,3.87007
125023,4.0577
125024,2.93916
125025,3.7896
125026,3.84408
125027,2.47467
125028,3.39948
125029,2.92228
125030,4.07515
125031,3.70616
125032,3.59083
125033,3.27024
125034,4.56644
125035,5.0
125036,5.0
125037,4.31852
125038,4.53476
125039,2.96554
125040,3.55697
125041,4.628
125042,4.20209
125043,4.96626
125044,3.29854
125045,1.74611
125046,4.10244
125047,2.80521
125048,3.19266
125049,3.98938
125050,2.72349
125051,2.46266
125052,2.83394
125053,2.17672
125054,2.86386
125055,3.72662
125056,3.10183
125057,3.08252
125058,1.86301
125059,4.22442
125060,3.37196
125061,3.50498
125062,3.19114
125063,2.16725
125064,2.83477
125065,3.32959
125066,2.61962
125067,2.54599
125068,2.95888
125069,2.46488
125070,2.72164
125071,2.42556
125072,1.99003
125073,2.60612
125074,2.09833
125075,3.57551
125076,3.41328
125077,4.15507
125078,4.25437
125079,5.0
125080,3.65687
125081,3.50794
125082,3.13527
125083,3.89892
125084,4.0066
125085,3.73926
125086,3.2558
125087,3.4591
125088,4.79856
125089,4.55129
125090,2.54546
125091,3.43225
125092,2.99527
125093,3.90605
125094,3.72072
125095,4.33369
125096,4.00785
125097,4.23341
125098,4.30377
125099,2.2894
125100,4.14857
125101,4.3414
125102,3.57713
125103,3.11533
125104,4.21921
125105,3.95268
125106,3.78141
125107,2.13531
125108,4.21752
125109,4.25678
125110,3.47168
125111,2.78083
125112,2.70469
125113,3.32722
125114,2.07551
125115,4.02313
125116,2.45727
125117,3.84442
125118,4.38753
125119,4.74231
125120,4.28184
125121,3.93642
125122,3.69477
125123,1.67874
125124,2.85905
125125,4.55904
125126,3.31171
125127,2.80954
125128,2.17831
125129,3.93001
125130,1.85117
125131,3.39888
125132,3.059
125133,3.66955
125134,3.30842
125135,3.18234
125136,3.04423
125137,4.12062
125138,3.03283
125139,3.04801
125140,2.97559
125141,4.70174
125142,3.60204
125143,4.36662
125144,2.38521
125145,2.92377
125146,3.8414
125147,3.50634
125148,3.04856
125149,4.6196
125150,3.60865
125151,3.74883
125152,3.40467
125153,4.12917
125154,4.47143
125155,2.48002
125156,4.26632
125157,3.25234
125158,3.84235
125159,3.15324
125160,4.56134
125161,4.2103
125162,1.93682
125163,4.43758
125164,3.84673
125165,4.93811
125166,2.99153
125167,3.00046
125168,4.42906
125169,3.40137
125170,2.22146
125171,4.91941
125172,2.48797
125173,2.63751
125174,3.19303
125175,3.92693
125176,3.95262
125177,3.95345
125178,4.09058
125179,3.37427
125180,2.84086
125181,3.48306
125182,3.03756
125183,3.71083
125184,3.99814
125185,3.51507
125186,4.30229
125187,3.84779
125188,3.90029
125189,2.84927
125190,3.20434
125191,2.32582
125192,4.79611
125193,4.09085
125194,3.78541
125195,3.26413
125196,3.60404
125197,3.96276
125198,3.29424
125199,3.33914
125200,4.21985
125201,3.77949
125202,3.64484
125203,3.41469
125204,2.72017
125205,4.19482
125206,3.51298
125207,2.69772
125208,3.84809
125209,4.34412
125210,3.4496
125211,3.87804
125212,3.39851
125213,3.4831
125214,5.0
125215,3.43799
125216,3.03852
125217,4.11003
125218,4.11715
125219,3.6517
125220,5.0
125221,4.63598
125222,3.85559
125223,3.95811
125224,3.93863
125225,3.77448
125226,4.50724
125227,3.1016
125228,3.87382
125229,3.43853
125230,4.02913
125231,4.05598
125232,4.08504
125233,4.43232
125234,4.31208
125235,3.72095
125236,3.22428
125237,3.64926
125238,2.93686
125239,2.64628
125240,2.95947
125241,2.88633
125242,2.55426
125243,3.10023
125244,2.59279
125245,3.24935
125246,3.22879
125247,3.23013
125248,5.0
125249,2.47384
125250,3.82972
125251,4.43922
125252,3.72934
125253,3.28946
125254,3.1029
125255,3.97693
125256,4.29711
125257,3.72811
125258,4.02443
125259,4.26135
125260,4.51293
125261,4.06106
125262,4.07556
125263,4.24188
125264,4.12355
125265,3.34828
125266,3.87351
125267,5.0
125268,3.44681
125269,3.62597
125270,4.00986
125271,3.89276
125272,3.55793
125273,3.89686
125274,4.20472
125275,4.34404
125276,3.7955
125277,3.73446
125278,4.49666
125279,3.7237
125280,3.53857
125281,3.92776
125282,3.51417
125283,2.72975
125284,3.69418
125285,4.19298
125286,3.77174
125287,4.22046
125288,3.88392
125289,3.94421
125290,3.38997
125291,4.54406
125292,4.45135
125293,4.39145
125294,4.10841
125295,3.33752
125296,3.1395
125297,4.19581
125298,2.71217
125299,3.6409
125300,4.74907
125301,3.06842
125302,3.30152
125303,4.09641
125304,3.24978
125305,4.33138
125306,4.04342
125307,3.71515
125308,4.82666
125309,4.31965
125310,5.0
125311,4.65182
125312,4.70972
125313,4.71762
125314,4.25217
125315,3.94178
125316,4.34247
125317,3.34131
125318,3.87129
125319,3.64328
125320,2.74624
125321,4.75309
125322,4.50639
125323,3.36451
125324,4.74663
125325,4.41522
125326,3.77623
125327,5.0
125328,3.99762
125329,4.38581
125330,3.94362
125331,3.31303
125332,4.75773
125333,2.56345
125334,4.47582
125335,4.69851
125336,3.94162
125337,4.40035
125338,4.11982
125339,4.24899
125340,3.95993
125341,4.47125
125342,3.72616
125343,1.77318
125344,3.19667
125345,3.56828
125346,4.35585
125347,3.88325
125348,4.01529
125349,3.69797
125350,3.85952
125351,4.16345
125352,3.56689
125353,3.28712
125354,3.84702
125355,3.35295
125356,4.16174
125357,4.94944
125358,3.25933
125359,4.84896
125360,4.40573
125361,3.19208
125362,3.67008
125363,2.07246
125364,3.40641
125365,3.79085
125366,3.3792
125367,3.38047
125368,3.71584
125369,3.8725
125370,4.77864
125371,3.64651
125372,3.71406
125373,3.25668
125374,3.67694
125375,3.61251
125376,3.50196
125377,3.12104
125378,3.51299
125379,3.82991
125380,2.78601
125381,3.78162
125382,4.91335
125383,2.08131
125384,3.7634
125385,2.61405
125386,3.81584
125387,4.58538
125388,3.60898
125389,3.28061
125390,3.28696
125391,3.5884
125392,3.12076
125393,3.28916
125394,3.74554
125395,3.30521
125396,3.16517
125397,3.1323
125398,3.38397
125399,2.89048
125400,3.54782
125401,3.45189
125402,3.34785
125403,3.5731
125404,3.41489
125405,4.40605
125406,4.22978
125407,2.54778
125408,3.32774
125409,4.84094
125410,3.78963
125411,3.43706
125412,4.06561
125413,2.07032
125414,2.16809
125415,3.14409
125416,5.0
125417,3.46603
125418,4.42341
125419,3.56373
125420,4.4856
125421,4.77008
125422,3.37444
125423,3.50586
125424,3.43928
125425,3.41151
125426,2.7494
125427,3.0368
125428,3.2829
125429,3.00338
125430,3.02626
125431,3.44065
125432,2.26138
125433,3.13626
125434,3.30296
125435,2.57708
125436,3.37631
125437,2.70886
125438,2.96603
125439,3.42451
125440,3.5819
125441,3.31428
125442,3.81022
125443,3.66791
125444,3.03385
125445,4.117
125446,3.28773
125447,2.72774
125448,4.18103
125449,2.88365
125450,2.75516
125451,4.41238
125452,2.2724
125453,4.03589
125454,5.0
125455,4.33109
125456,2.97081
125457,3.55602
125458,2.56673
125459,2.63296
125460,3.65584
125461,2.84535
125462,4.3978
125463,3.63844
125464,4.06723
125465,4.16991
125466,4.09508
125467,3.43375
125468,3.5344
125469,4.18948
125470,2.72388
125471,3.99565
125472,3.83888
125473,2.85934
125474,4.57936
125475,3.48956
125476,4.22753
125477,4.15181
125478,4.42568
125479,4.11582
125480,4.6091
125481,3.93933
125482,3.62109
125483,4.6938
125484,4.17462
125485,4.24538
125486,4.08386
125487,4.17853
125488,4.05206
125489,4.24957
125490,4.23093
125491,3.26677
125492,3.92768
125493,3.96083
125494,3.97336
125495,3.23585
125496,4.33317
125497,1.60318
125498,2.16222
125499,3.56742
125500,4.41364
125501,2.94409
125502,4.37887
125503,4.19199
125504,4.33212
125505,3.94837
125506,5.0
125507,4.3411
125508,4.51577
125509,2.97081
125510,3.88212
125511,3.74311
125512,4.31371
125513,3.95678
125514,4.35358
125515,4.37734
125516,4.25333
125517,3.43417
125518,4.03784
125519,4.41507
125520,4.86868
125521,2.62039
125522,4.78646
125523,4.65897
125524,4.59819
125525,2.89063
125526,1.68472
125527,4.45955
125528,3.26881
125529,4.72804
125530,4.83459
125531,5.0
125532,4.07339
125533,1.07014
125534,4.76257
125535,3.68293
125536,2.80901
125537,4.49111
125538,3.9308
125539,3.51236
125540,2.46134
125541,5.0
125542,3.50222
125543,3.47548
125544,3.34714
125545,3.90021
125546,3.85396
125547,2.05145
125548,3.66304
125549,3.92416
125550,4.86641
125551,3.65657
125552,3.31542
125553,2.98121
125554,4.56165
125555,3.64013
125556,4.15265
125557,4.2231
125558,2.79937
125559,1.962
125560,3.41059
125561,2.99923
125562,1.42992
125563,3.47073
125564,2.91198
125565,3.42259
125566,2.59177
125567,3.16787
125568,3.99171
125569,3.1135
125570,2.21608
125571,3.61056
125572,3.81722
125573,3.86891
125574,3.92782
125575,2.62931
125576,2.59144
125577,3.56741
125578,3.58572
125579,2.85992
125580,3.64161
125581,2.64748
125582,1.67312
125583,2.66677
125584,3.70972
125585,3.24615
125586,4.49572
125587,4.35607
125588,3.9885
125589,1.62699
125590,2.48021
125591,3.06149
125592,2.96868
125593,3.64993
125594,4.00933
125595,4.49053
125596,3.30145
125597,4.02184
125598,4.37978
125599,3.71377
125600,3.39571
125601,3.97887
125602,3.36284
125603,3.08363
125604,2.62436
125605,3.49189
125606,2.15331
125607,3.05988
125608,2.85452
125609,2.80607
125610,5.0
125611,1.98122
125612,4.50871
125613,3.45593
125614,4.48446
125615,3.61314
125616,2.79426
125617,2.45237
125618,4.01144
125619,1.76278
125620,3.25047
125621,3.96079
125622,3.92653
125623,3.82489
125624,3.32223
125625,4.29504
125626,4.50573
125627,4.18708
125628,3.63764
125629,4.70185
125630,4.29156
125631,4.16829
125632,3.39485
125633,4.15415
125634,4.18581
125635,3.82279
125636,3.37714
125637,4.59847
125638,4.30423
125639,4.04624
125640,3.40408
125641,2.51552
125642,4.04205
125643,3.84317
125644,4.51612
125645,5.0
125646,3.40861
125647,3.58947
125648,2.18766
125649,4.94125
125650,4.93863
125651,3.11222
125652,4.27637
125653,1.87472
125654,3.40403
125655,4.04167
125656,2.50275
125657,2.39804
125658,4.34803
125659,2.43656
125660,4.03771
125661,3.82473
125662,2.42626
125663,3.6393
125664,3.0012
125665,4.12397
125666,2.89893
125667,2.87925
125668,3.54115
125669,4.20828
125670,4.77879
125671,3.15867
125672,4.91645
125673,3.16182
125674,4.276
125675,3.3894
125676,4.00718
125677,3.31118
125678,3.69086
125679,4.03442
125680,4.15761
125681,4.40195
125682,4.54762
125683,5.0
125684,3.9233
125685,4.22419
125686,4.27897
125687,4.78077
125688,4.83573
125689,4.6843
125690,4.97993
125691,4.88475
125692,3.44425
125693,3.74798
125694,2.37744
125695,1.57517
125696,4.63613
125697,2.7777
125698,3.17596
125699,3.79563
125700,3.73789
125701,3.84552
125702,3.78514
125703,4.10201
125704,4.58938
125705,4.0239
125706,4.09667
125707,3.8141
125708,3.65889
125709,2.75429
125710,4.32246
125711,3.24615
125712,4.2526
125713,4.17138
125714,2.34361
125715,3.88619
125716,2.71597
125717,2.63187
125718,2.34052
125719,3.67951
125720,1.5275
125721,3.7613
125722,3.68295
125723,4.39084
125724,3.25592
125725,5.0
125726,4.28552
125727,3.82877
125728,3.63082
125729,3.87477
125730,4.18886
125731,4.36256
125732,3.5992
125733,3.98222
125734,3.1856
125735,3.50312
125736,3.86864
125737,4.58765
125738,4.46103
125739,3.89196
125740,3.50463
125741,3.22769
125742,4.50888
125743,4.02542
125744,4.27514
125745,4.29043
125746,4.43463
125747,3.45227
125748,4.58374
125749,4.77949
125750,4.84341
125751,1.69222
125752,3.56699
125753,3.9734
125754,3.82692
125755,3.82482
125756,4.0578
125757,3.93121
125758,4.15508
125759,4.01586
125760,4.08753
125761,4.16008
125762,2.82521
125763,3.5841
125764,2.65163
125765,3.50581
125766,3.34508
125767,3.56105
125768,4.05837
125769,3.43543
125770,2.97058
125771,3.67878
125772,2.61073
125773,3.98753
125774,3.93453
125775,2.23949
125776,4.5791
125777,1.78242
125778,3.65139
125779,2.97813
125780,4.00261
125781,4.49953
125782,3.08469
125783,2.12803
125784,2.35631
125785,4.11347
125786,3.60075
125787,3.52241
125788,3.17297
125789,3.69796
125790,3.55625
125791,3.96897
125792,3.24805
125793,3.6606
125794,3.36735
125795,2.23365
125796,3.88802
125797,2.98588
125798,3.09237
125799,3.47087
125800,3.65652
125801,3.86217
125802,3.99827
125803,4.28174
125804,3.11194
125805,2.48176
125806,4.39726
125807,3.84834
125808,3.99651
125809,3.72909
125810,3.48506
125811,3.66367
125812,3.91949
125813,2.39086
125814,2.3695
125815,4.26432
125816,3.81043
125817,2.27475
125818,2.95732
125819,1.93224
125820,3.95904
125821,4.57236
125822,3.24093
125823,3.54002
125824,3.80031
125825,4.20187
125826,4.03283
125827,2.99534
125828,3.09877
125829,3.44798
125830,3.73859
125831,3.54548
125832,2.14909
125833,3.47858
125834,3.24871
125835,4.0756
125836,2.33159
125837,3.80269
125838,3.60638
125839,4.59035
125840,3.0818
125841,3.76044
125842,2.81292
125843,3.13926
125844,2.96758
125845,3.77107
125846,4.23619
125847,2.85991
125848,2.70732
125849,3.37365
125850,3.09803
125851,3.59773
125852,3.34055
125853,3.56745
125854,2.89189
125855,3.17127
125856,2.20476
125857,3.26509
125858,2.93011
125859,2.75064
125860,3.42496
125861,2.9902
125862,2.9004
125863,3.82499
125864,3.99373
125865,3.96049
125866,4.07279
125867,3.75092
125868,2.85855
125869,3.45268
125870,2.98308
125871,3.6382
125872,3.53306
125873,3.54657
125874,3.39681
125875,4.50674
125876,3.80297
125877,3.47246
125878,2.74928
125879,2.79772
125880,3.60814
125881,3.63364
125882,3.28335
125883,4.54017
125884,3.1395
125885,3.55843
125886,3.57147
125887,3.29941
125888,2.53282
125889,3.63247
125890,3.59751
125891,3.71039
125892,2.75641
125893,3.65953
125894,3.54492
125895,3.94235
125896,2.97413
125897,2.93636
125898,4.31402
125899,2.42518
125900,3.17698
125901,4.67066
125902,3.53061
125903,4.64098
125904,4.56285
125905,4.86153
125906,5.0
125907,4.90857
125908,5.0
125909,4.59931
125910,4.02542
125911,4.01366
125912,4.83023
125913,4.88899
125914,4.35487
125915,3.93536
125916,4.42858
125917,3.45579
125918,4.34786
125919,4.71018
125920,4.17097
125921,3.53455
125922,4.69227
125923,4.23647
125924,4.77365
125925,4.59381
125926,4.4612
125927,4.6304
125928,4.16433
125929,4.86922
125930,3.98566
125931,4.58125
125932,4.15777
125933,5.0
125934,4.7859
125935,4.57201
125936,4.59125
125937,4.43383
125938,4.34631
125939,4.45815
125940,4.55565
125941,4.73591
125942,4.76514
125943,4.05564
125944,2.61794
125945,3.31173
125946,4.19147
125947,2.3726
125948,3.06924
125949,4.05246
125950,4.29001
125951,3.26792
125952,3.32074
125953,3.17692
125954,2.63061
125955,3.32089
125956,3.0128
125957,3.75537
125958,2.88667
125959,3.42174
125960,4.07964
125961,3.54298
125962,2.09989
125963,2.20522
125964,3.63175
125965,2.99732
125966,4.11873
125967,2.90689
125968,4.25578
125969,3.11497
125970,2.33027
125971,2.66946
125972,3.65694
125973,2.41621
125974,3.4278
125975,3.59254
125976,2.91453
125977,3.25434
125978,3.81408
125979,3.08699
125980,3.53032
125981,3.46689
125982,3.66356
125983,3.32239
125984,3.57041
125985,3.74818
125986,2.98716
125987,4.22382
125988,2.81121
125989,3.21006
125990,3.53578
125991,3.79505
125992,2.80434
125993,3.50346
125994,4.2166
125995,4.17082
125996,3.4514
125997,3.86672
125998,5.0
125999,3.88838
126000,2.84496
126001,4.767
126002,3.43935
126003,4.8488
126004,3.31199
126005,3.58993
126006,2.38768
126007,3.26242
126008,3.49334
126009,4.33871
126010,2.85701
126011,3.40786
126012,3.79475
126013,4.36491
126014,4.65014
126015,3.93601
126016,4.34689
126017,4.59818
126018,4.57798
126019,3.57941
126020,3.64997
126021,4.85473
126022,4.9794
126023,4.4578
126024,4.94135
126025,4.2416
126026,5.0
126027,4.97188
126028,3.06486
126029,3.69064
126030,4.46279
126031,4.17222
126032,4.00591
126033,4.05567
126034,4.6707
126035,3.43567
126036,5.0
126037,4.33533
126038,4.26763
126039,3.71346
126040,4.19069
126041,4.22312
126042,4.4388
126043,5.0
126044,4.4932
126045,5.0
126046,5.0
126047,4.66182
126048,4.27943
126049,3.81188
126050,4.00406
126051,4.10585
126052,4.02627
126053,3.86999
126054,3.41876
126055,3.70281
126056,3.87182
126057,3.9492
126058,3.82791
126059,3.81816
126060,4.17588
126061,4.04591
126062,3.48599
126063,4.00891
126064,3.57678
126065,3.856
126066,3.27547
126067,3.31804
126068,3.62956
126069,3.50504
126070,4.06928
126071,3.60602
126072,3.4611
126073,2.92475
126074,3.43076
126075,3.14537
126076,3.87268
126077,3.9996
126078,3.63511
126079,3.13401
126080,4.04028
126081,3.56515
126082,3.0699
126083,3.14515
126084,3.01042
126085,3.03655
126086,3.57587
126087,3.297
126088,3.57768
126089,2.68882
126090,2.38363
126091,4.01624
126092,3.34098
126093,3.19672
126094,3.08209
126095,1.98648
126096,3.43355
126097,2.8407
126098,3.66366
126099,3.56425
126100,3.81743
126101,3.26377
126102,4.79129
126103,3.97593
126104,3.96927
126105,3.38633
126106,3.60097
126107,2.87768
126108,4.02666
126109,3.26743
126110,3.39786
126111,3.3923
126112,3.66563
126113,3.08699
126114,4.20452
126115,4.27345
126116,4.81518
126117,3.98029
126118,2.99676
126119,4.15546
126120,4.60172
126121,4.30311
126122,4.34902
126123,4.23072
126124,2.15829
126125,4.46065
126126,3.97759
126127,4.3873
126128,2.85382
126129,4.63452
126130,4.14844
126131,4.00073
126132,4.16152
126133,3.39242
126134,3.1724
126135,2.54113
126136,3.4987
126137,3.41158
126138,4.78941
126139,3.57139
126140,3.15735
126141,2.25332
126142,1.98032
126143,4.30689
126144,4.59375
126145,3.18037
126146,4.64494
126147,4.79819
126148,3.99408
126149,3.07773
126150,4.92219
126151,4.23029
126152,4.61057
126153,2.67086
126154,4.71853
126155,3.44808
126156,3.32
126157,2.99021
126158,4.95938
126159,4.08154
126160,3.88545
126161,4.41514
126162,3.15565
126163,3.92999
126164,2.04437
126165,3.42514
126166,4.31463
126167,3.05569
126168,4.1529
126169,4.33568
126170,3.89426
126171,3.30738
126172,4.06392
126173,3.99105
126174,2.88983
126175,3.50398
126176,2.49606
126177,2.92008
126178,3.02323
126179,3.36907
126180,4.14651
126181,3.23294
126182,3.37293
126183,2.63794
126184,3.7613
126185,3.19531
126186,3.66658
126187,3.25795
126188,2.83586
126189,3.21256
126190,3.2754
126191,3.00122
126192,2.73166
126193,2.46653
126194,3.01875
126195,2.97316
126196,3.12423
126197,3.62505
126198,2.17232
126199,3.06708
126200,3.45937
126201,4.01923
126202,2.46174
126203,3.34461
126204,3.98232
126205,3.49388
126206,3.06176
126207,2.78959
126208,3.77605
126209,2.43697
126210,3.03397
126211,2.86422
126212,2.07807
126213,3.29112
126214,2.33048
126215,3.41915
126216,4.1709
126217,3.01342
126218,2.71946
126219,3.78736
126220,3.31221
126221,3.45437
126222,4.19185
126223,2.33904
126224,2.86139
126225,3.63705
126226,3.96172
126227,2.66998
126228,2.86522
126229,4.13801
126230,4.016
126231,2.28046
126232,3.81016
126233,3.12901
126234,4.58661
126235,3.06297
126236,3.02504
126237,1.62538
126238,3.65901
126239,3.45727
126240,3.21263
126241,2.69053
126242,3.55372
126243,2.99365
126244,3.94493
126245,3.2654
126246,3.89075
126247,3.74098
126248,3.79642
126249,3.38962
126250,3.48724
126251,2.62892
126252,4.08674
126253,1.85414
126254,3.47229
126255,4.13444
126256,3.55559
126257,3.97645
126258,3.64444
126259,1.71337
126260,2.62655
126261,3.14885
126262,3.96753
126263,4.45135
126264,3.25782
126265,4.0646
126266,4.39015
126267,4.75928
126268,3.79924
126269,4.07899
126270,1.87157
126271,4.50091
126272,5.0
126273,4.22102
126274,4.76693
126275,4.57624
126276,4.39699
126277,4.11682
126278,3.05731
126279,4.44474
126280,3.28721
126281,4.6606
126282,4.27457
126283,4.47926
126284,4.00026
126285,5.0
126286,3.94112
126287,3.97911
126288,4.5881
126289,4.73768
126290,4.09804
126291,3.9491
126292,4.33291
126293,4.13982
126294,3.47615
126295,4.58429
126296,3.82674
126297,4.95727
126298,4.49644
126299,3.67258
126300,3.62701
126301,4.34901
126302,3.24238
126303,3.64099
126304,3.85845
126305,4.06815
126306,4.69259
126307,3.31264
126308,3.56631
126309,3.43018
126310,3.51785
126311,3.65397
126312,3.71449
126313,3.88808
126314,3.60468
126315,2.80553
126316,3.9103
126317,3.16323
126318,3.82688
126319,2.90327
126320,3.47373
126321,3.62679
126322,3.61143
126323,3.33475
126324,3.66658
126325,3.46943
126326,3.34069
126327,3.15362
126328,3.36718
126329,3.35824
126330,3.50232
126331,3.01854
126332,3.23169
126333,3.62748
126334,3.68201
126335,3.65837
126336,2.63727
126337,2.87095
126338,3.63231
126339,3.84709
126340,3.37987
126341,3.3226
126342,3.1592
126343,3.36211
126344,3.26518
126345,3.30998
126346,3.25927
126347,2.18832
126348,3.00508
126349,2.49398
126350,3.43845
126351,3.22814
126352,3.48275
126353,3.02155
126354,2.6566
126355,4.28312
126356,3.4373
126357,2.81619
126358,3.8513
126359,3.47666
126360,3.00508
126361,2.93678
126362,2.79017
126363,3.33916
126364,2.99229
126365,2.95775
126366,2.18275
126367,3.02726
126368,1.69703
126369,3.77321
126370,3.60318
126371,3.04301
126372,3.12008
126373,3.24062
126374,2.26222
126375,3.26708
126376,3.35339
126377,3.11931
126378,3.33679
126379,3.28321
126380,3.48387
126381,2.99883
126382,3.74289
126383,3.11725
126384,3.55557
126385,3.79277
126386,4.08659
126387,3.3962
126388,3.37881
126389,3.17282
126390,4.33721
126391,2.5162
126392,3.54249
126393,3.09291
126394,2.06772
126395,3.28845
126396,3.46773
126397,3.09378
126398,3.23991
126399,3.15748
126400,3.53757
126401,3.04909
126402,2.76573
126403,2.86914
126404,3.2246
126405,3.88289
126406,3.05824
126407,3.59013
126408,3.8313
126409,2.96955
126410,3.93225
126411,3.9255
126412,3.54987
126413,3.78377
126414,4.20815
126415,3.99037
126416,4.17863
126417,3.25147
126418,2.94126
126419,3.54376
126420,3.02622
126421,4.58066
126422,5.0
126423,3.83734
126424,2.68069
126425,2.77143
126426,3.29651
126427,3.3188
126428,3.53439
126429,2.56336
126430,3.41803
126431,3.2875
126432,3.31839
126433,3.05264
126434,2.9884
126435,2.92899
126436,3.4431
126437,3.26199
126438,3.26966
126439,3.27066
126440,3.08844
126441,2.9999
126442,3.0335
126443,2.99742
126444,3.48188
126445,2.98044
126446,3.19024
126447,3.1086
126448,2.97994
126449,2.94889
126450,3.23651
126451,3.25183
126452,3.47457
126453,2.2092
126454,2.35365
126455,1.29338
126456,1.0
126457,1.8411
126458,1.84974
126459,3.50253
126460,3.16667
126461,1.85228
126462,2.61341
126463,2.50767
126464,1.0
126465,1.30727
126466,2.35037
126467,3.9847
126468,3.41329
126469,4.24337
126470,4.10687
126471,3.83572
126472,2.9151
126473,3.04589
126474,3.83899
126475,2.41773
126476,1.64141
126477,3.2766
126478,3.23968
126479,4.11975
126480,3.28479
126481,4.0911
126482,3.9405
126483,3.48025
126484,4.07346
126485,3.06219
126486,3.06167
126487,3.98451
126488,2.99373
126489,3.28625
126490,1.70104
126491,3.50864
126492,4.40997
126493,4.21368
126494,3.95053
126495,4.16122
126496,4.12625
126497,3.55154
126498,3.57264
126499,3.19055
126500,3.69282
126501,3.94409
126502,4.64443
126503,4.07434
126504,2.27233
126505,4.11166
126506,5.0
126507,2.82849
126508,3.8342
126509,3.63378
126510,3.32218
126511,4.88465
126512,4.57902
126513,3.13532
126514,3.45541
126515,4.04978
126516,2.36361
126517,3.89161
126518,2.37036
126519,2.83453
126520,3.88873
126521,3.6179
126522,3.03428
126523,4.34094
126524,4.0098
126525,4.03115
126526,4.56592
126527,3.35124
126528,3.02887
126529,2.86974
126530,4.08704
126531,4.77325
126532,4.32464
126533,4.37624
126534,3.23304
126535,3.89467
126536,3.73179
126537,2.21205
126538,2.72129
126539,2.75768
126540,3.22112
126541,4.33009
126542,3.23859
126543,2.01076
126544,2.28051
126545,4.48588
126546,3.63186
126547,3.90127
126548,3.90646
126549,2.86846
126550,2.84579
126551,2.81769
126552,2.4845
126553,4.34416
126554,3.01984
126555,4.69925
126556,3.54086
126557,5.0
126558,3.26401
126559,2.63613
126560,2.9958
126561,3.90689
126562,4.28738
126563,3.14808
126564,4.04615
126565,2.36544
126566,4.96116
126567,1.62262
126568,4.4983
126569,3.82744
126570,4.50348
126571,3.11414
126572,3.41039
126573,2.3524
126574,4.34148
126575,3.41071
126576,1.67225
126577,3.65451
126578,4.42188
126579,3.98637
126580,2.27709
126581,4.0551
126582,2.8916
126583,2.91216
126584,1.79384
126585,4.0009
126586,3.26737
126587,4.5326
126588,3.81981
126589,2.84814
126590,3.43056
126591,3.6137
126592,2.58979
126593,1.89318
126594,3.18494
126595,2.17134
126596,4.4161
126597,3.23724
126598,3.87294
126599,1.54137
126600,3.47926
126601,2.2338
126602,3.09296
126603,2.2668
126604,2.64561
126605,3.28108
126606,4.47786
126607,2.56455
126608,2.29697
126609,3.68389
126610,4.0839
126611,3.274
126612,4.03798
126613,2.82772
126614,1.98412
126615,4.59869
126616,3.05101
126617,2.59323
126618,2.42147
126619,4.09728
126620,3.81571
126621,4.0956
126622,2.29415
126623,3.82285
126624,4.47984
126625,2.16358
126626,4.43084
126627,4.3054
126628,3.29024
126629,2.44134
126630,4.13098
126631,2.93034
126632,2.59254
126633,3.25625
126634,4.53128
126635,4.24723
126636,4.78909
126637,4.31051
126638,3.21513
126639,4.55651
126640,4.19433
126641,2.6257
126642,4.50031
126643,3.68272
126644,3.22364
126645,3.34356
126646,3.24782
126647,4.35911
126648,3.81196
126649,2.6832
126650,3.43807
126651,2.96332
126652,1.95271
126653,2.76354
126654,3.0122
126655,2.44753
126656,2.22201
126657,2.9469
126658,3.30711
126659,3.3929
126660,3.42024
126661,1.96204
126662,3.39341
126663,3.81989
126664,2.48873
126665,3.04818
126666,3.9172
126667,3.63691
126668,2.92736
126669,2.4655
126670,4.12111
126671,3.4044
126672,3.30757
126673,2.55337
126674,1.74904
126675,4.36214
126676,4.40763
126677,3.54188
126678,2.93866
126679,2.71149
126680,1.38887
126681,2.98915
126682,2.02494
126683,4.25652
126684,1.92683
126685,4.58393
126686,2.20786
126687,3.38117
126688,2.057
126689,1.8033
126690,2.61746
126691,5.0
126692,2.48221
126693,2.8999
126694,4.48748
126695,2.60182
126696,3.28226
126697,4.42641
126698,3.42734
126699,3.7577
126700,4.85008
126701,4.03437
126702,3.96788
126703,4.7004
126704,3.95747
126705,4.87557
126706,3.55664
126707,4.53119
126708,3.56918
126709,4.25678
126710,4.15805
126711,2.99391
126712,2.56973
126713,4.11682
126714,3.67343
126715,2.93204
126716,3.61851
126717,3.97303
126718,3.11064
126719,2.46644
126720,4.76853
126721,3.38931
126722,3.92304
126723,4.64533
126724,3.23052
126725,4.97021
126726,4.40722
126727,3.67095
126728,4.77885
126729,4.62683
126730,3.80619
126731,3.06967
126732,2.79632
126733,2.9097
126734,3.08681
126735,1.89322
126736,1.24509
126737,2.97634
126738,2.78898
126739,3.90742
126740,1.55753
126741,2.0353
126742,2.31995
126743,2.35932
126744,1.0
126745,2.36377
126746,1.83633
126747,2.36182
126748,2.27361
126749,3.18405
126750,2.56055
126751,1.79164
126752,2.42658
126753,2.21006
126754,1.46703
126755,2.24637
126756,2.39306
126757,2.7091
126758,3.80419
126759,5.0
126760,3.41697
126761,2.34463
126762,2.89265
126763,3.54434
126764,2.97513
126765,3.53932
126766,3.90463
126767,3.09766
126768,2.99456
126769,3.46681
126770,2.58555
126771,3.64203
126772,3.38739
126773,2.7758
126774,3.63774
126775,4.33774
126776,2.86108
126777,2.35044
126778,2.45222
126779,3.18747
126780,2.48995
126781,3.36754
126782,3.10644
126783,3.98252
126784,1.36953
126785,2.07733
126786,3.56886
126787,3.24721
126788,2.03638
126789,3.74018
126790,2.94338
126791,4.03221
126792,3.48127
126793,3.94626
126794,4.16547
126795,3.03421
126796,3.48757
126797,3.0553
126798,3.96132
126799,4.86393
126800,3.2007
126801,4.16523
126802,4.2263
126803,4.34065
126804,2.98366
126805,3.75274
126806,4.00122
126807,3.65105
126808,3.7185
126809,3.24439
126810,3.02501
126811,4.7737
126812,3.93041
126813,3.10076
126814,4.32911
126815,4.94515
126816,3.2939
126817,3.78662
126818,4.3157
126819,5.0
126820,3.60402
126821,3.97153
126822,4.9969
126823,3.82299
126824,3.17889
126825,3.67824
126826,3.20891
126827,2.83696
126828,1.64479
126829,3.89195
126830,4.56367
126831,2.98357
126832,4.39636
126833,4.76165
126834,4.02091
126835,4.38233
126836,3.51193
126837,3.07331
126838,4.12723
126839,3.396
126840,5.0
126841,3.85968
126842,4.01548
126843,4.18564
126844,3.05652
126845,3.78589
126846,3.61636
126847,2.85732
126848,5.0
126849,5.0
126850,2.81388
126851,2.53261
126852,1.21396
126853,2.5939
126854,1.0
126855,2.99375
126856,3.35934
126857,2.66467
126858,3.83062
126859,1.0
126860,1.79087
126861,1.46349
126862,3.58881
126863,4.50824
126864,4.69008
126865,5.0
126866,3.39537
126867,4.0495
126868,3.07838
126869,4.15782
126870,3.66452
126871,4.68583
126872,3.75679
126873,4.36224
126874,4.17186
126875,2.67317
126876,3.89894
126877,4.24208
126878,3.39885
126879,3.09349
126880,3.42447
126881,3.30561
126882,3.80197
126883,4.47844
126884,4.02398
126885,2.76514
126886,4.00923
126887,3.67557
126888,3.28079
126889,4.17855
126890,3.69687
126891,2.91642
126892,2.67958
126893,3.27367
126894,3.35284
126895,2.94752
126896,3.82991
126897,3.75934
126898,3.18287
126899,1.0
126900,3.43793
126901,1.22744
126902,1.0
126903,2.40868
126904,3.66896
126905,2.20316
126906,3.11481
126907,2.35618
126908,2.98468
126909,1.95413
126910,1.0
126911,2.30264
126912,3.50235
126913,4.65375
126914,2.31845
126915,2.06457
126916,3.1939
126917,3.2317
126918,2.68209
126919,1.77665
126920,1.81928
126921,2.76482
126922,3.65595
126923,2.53345
126924,3.11291
126925,1.22805
126926,2.45643
126927,3.03119
126928,2.61675
126929,2.82667
126930,2.91275
126931,2.87779
126932,2.36912
126933,1.0
126934,2.8358
126935,1.58558
126936,3.18166
126937,1.75479
126938,2.88838
126939,2.83086
126940,2.38541
126941,3.4368
126942,3.1796
126943,2.21498
126944,2.75737
126945,2.33614
126946,3.17696
126947,3.3336
126948,2.9461
126949,1.53864
126950,3.57744
126951,2.59742
126952,4.37237
126953,2.12845
126954,3.13121
126955,4.40043
126956,4.66256
126957,4.18353
126958,3.20288
126959,3.94406
126960,4.05873
126961,2.8376
126962,3.47119
126963,2.22936
126964,3.76954
126965,2.04547
126966,2.33447
126967,3.4094
126968,4.18304
126969,3.72062
126970,2.8361
126971,2.88892
126972,3.8958
126973,3.5621
126974,4.45941
126975,2.14459
126976,4.5195
126977,2.36142
126978,4.45629
126979,4.52986
126980,4.37188
126981,4.83509
126982,4.8355
126983,2.7642
126984,4.25216
126985,2.24039
126986,2.68284
126987,3.62912
126988,3.46606
126989,2.69685
126990,5.0
126991,2.57569
126992,2.62478
126993,4.68699
126994,3.83096
126995,4.42699
126996,3.91808
126997,3.07748
126998,4.36522
126999,2.94979
127000,4.59286
127001,2.54959
127002,3.98581
127003,3.34059
127004,4.75095
127005,2.99228
127006,2.36427
127007,3.70267
127008,2.86909
127009,3.0035
127010,4.51335
127011,2.91228
127012,5.0
127013,2.49493
127014,4.40353
127015,3.66104
127016,3.57423
127017,4.30458
127018,2.9032
127019,4.46535
127020,3.43176
127021,3.38806
127022,3.12498
127023,5.0
127024,4.16663
127025,4.58984
127026,2.70137
127027,3.26035
127028,4.55017
127029,3.41138
127030,4.27611
127031,5.0
127032,2.25268
127033,2.49629
127034,4.13505
127035,3.97875
127036,4.71941
127037,3.35074
127038,3.64658
127039,4.13359
127040,3.39752
127041,3.0284
127042,4.78191
127043,3.00762
127044,3.74536
127045,3.58225
127046,4.91489
127047,4.9165
127048,4.81915
127049,4.97946
127050,5.0
127051,5.0
127052,4.49086
127053,5.0
127054,5.0
127055,4.54064
127056,4.09037
127057,4.6855
127058,4.2942
127059,3.35369
127060,2.37164
127061,2.54658
127062,1.50215
127063,2.50511
127064,1.0
127065,1.0
127066,2.85183
127067,2.03854
127068,2.36887
127069,3.03806
127070,3.10067
127071,1.0
127072,2.02732
127073,2.53294
127074,3.15623
127075,3.78422
127076,4.55711
127077,3.19799
127078,4.85932
127079,4.44715
127080,3.79761
127081,2.67684
127082,4.19039
127083,4.36803
127084,3.58644
127085,4.86428
127086,3.46397
127087,2.93047
127088,4.35567
127089,3.79251
127090,3.79627
127091,3.74436
127092,3.66717
127093,3.1746
127094,3.32391
127095,2.56559
127096,3.90408
127097,3.11892
127098,3.78502
127099,4.33346
127100,3.75324
127101,2.85812
127102,2.29286
127103,3.62001
127104,3.32251
127105,3.98356
127106,4.13068
127107,3.78548
127108,4.57517
127109,3.02283
127110,3.85902
127111,2.98059
127112,3.61918
127113,3.83039
127114,4.53788
127115,3.57082
127116,4.74376
127117,3.84792
127118,3.47788
127119,4.17034
127120,3.92227
127121,4.74879
127122,3.50756
127123,3.83532
127124,3.6137
127125,3.43507
127126,5.0
127127,3.42681
127128,3.68219
127129,3.72009
127130,3.51831
127131,2.8533
127132,3.72085
127133,4.26681
127134,3.62793
127135,2.85854
127136,4.27177
127137,4.55533
127138,3.72298
127139,4.19852
127140,3.85642
127141,3.99739
127142,3.67235
127143,2.1366
127144,2.80957
127145,2.13231
127146,2.41207
127147,1.62243
127148,1.88958
127149,1.4381
127150,2.29377
127151,3.04928
127152,2.41697
127153,2.66238
127154,1.33246
127155,2.05711
127156,1.10648
127157,2.63647
127158,2.31029
127159,4.82325
127160,3.95881
127161,1.87786
127162,1.05106
127163,3.2763
127164,1.8737
127165,2.27148
127166,3.94009
127167,1.06107
127168,2.57101
127169,1.67832
127170,3.88349
127171,1.32358
127172,2.07716
127173,2.08782
127174,2.96119
127175,4.86279
127176,2.28067
127177,1.93216
127178,2.07352
127179,3.18691
127180,5.0
127181,3.30414
127182,2.79863
127183,3.64954
127184,3.0684
127185,3.16635
127186,2.8409
127187,3.83704
127188,3.37482
127189,4.06819
127190,5.0
127191,4.89492
127192,4.24374
127193,3.73977
127194,4.82131
127195,4.58593
127196,4.90954
127197,4.42399
127198,4.51084
127199,3.73764
127200,4.53167
127201,4.83971
127202,3.96551
127203,3.84323
127204,4.05228
127205,3.51213
127206,4.25747
127207,3.23549
127208,4.66428
127209,3.06675
127210,3.51533
127211,4.91432
127212,3.57587
127213,2.57521
127214,3.39824
127215,3.96446
127216,4.70769
127217,4.60075
127218,3.83445
127219,5.0
127220,4.37341
127221,4.34343
127222,4.46791
127223,4.4539
127224,4.89453
127225,3.59356
127226,3.3431
127227,4.31325
127228,3.44776
127229,5.0
127230,3.9619
127231,4.28727
127232,4.12525
127233,3.44939
127234,2.84742
127235,3.78612
127236,4.61014
127237,3.87383
127238,2.96169
127239,3.6943
127240,4.50931
127241,5.0
127242,4.11669
127243,4.31453
127244,4.21281
127245,3.91738
127246,3.51472
127247,4.32814
127248,3.81593
127249,3.39755
127250,4.46397
127251,4.89795
127252,3.35158
127253,4.24929
127254,2.93364
127255,3.76385
127256,4.37429
127257,4.62753
127258,3.90626
127259,4.75197
127260,4.21801
127261,4.8447
127262,4.16475
127263,4.84127
127264,4.22762
127265,2.78246
127266,3.76588
127267,3.58991
127268,3.19546
127269,3.28476
127270,3.91879
127271,3.59259
127272,3.58944
127273,1.84277
127274,3.17963
127275,4.27132
127276,3.62354
127277,4.33838
127278,4.31464
127279,3.42878
127280,4.11893
127281,3.54341
127282,3.39439
127283,3.89521
127284,3.06426
127285,2.19729
127286,3.51363
127287,3.34905
127288,3.57186
127289,3.68937
127290,3.44439
127291,2.92669
127292,3.18265
127293,2.79019
127294,3.54056
127295,3.66742
127296,4.24025
127297,2.69167
127298,3.17831
127299,3.67816
127300,3.41539
127301,3.54189
127302,2.89091
127303,3.20468
127304,3.28152
127305,2.73005
127306,4.63226
127307,4.15357
127308,2.70612
127309,3.27634
127310,2.48647
127311,3.48469
127312,3.16262
127313,2.75452
127314,3.75975
127315,5.0
127316,3.06049
127317,3.56585
127318,2.13949
127319,2.6601
127320,3.98082
127321,4.09383
127322,2.6801
127323,2.82431
127324,2.83341
127325,3.00797
127326,4.02864
127327,2.71793
127328,2.29909
127329,3.21513
127330,1.74508
127331,3.47701
127332,3.93509
127333,3.32708
127334,4.10155
127335,3.25221
127336,3.09702
127337,2.82224
127338,2.60031
127339,2.83996
127340,3.25994
127341,3.75672
127342,4.28188
127343,3.46431
127344,3.11436
127345,3.69777
127346,4.17111
127347,2.95663
127348,3.62336
127349,1.80359
127350,3.5194
127351,3.08376
127352,1.56375
127353,2.74182
127354,3.49391
127355,3.17048
127356,3.58404
127357,2.74565
127358,2.62135
127359,4.59681
127360,3.99858
127361,2.70871
127362,4.33336
127363,2.26102
127364,3.90856
127365,4.08858
127366,3.95276
127367,3.85687
127368,2.59699
127369,2.75931
127370,4.33654
127371,3.88332
127372,3.5017
127373,3.15332
127374,2.72114
127375,3.70115
127376,3.98819
127377,3.38446
127378,1.62794
127379,5.0
127380,4.60283
127381,2.29127
127382,4.51105
127383,4.15095
127384,3.9591
127385,3.58245
127386,4.31314
127387,2.84042
127388,3.91914
127389,2.94212
127390,2.14918
127391,3.7997
127392,3.72389
127393,3.4104
127394,2.11597
127395,4.32973
127396,3.3854
127397,4.28595
127398,3.7385
127399,3.41226
127400,4.30043
127401,3.94534
127402,4.41118
127403,4.17466
127404,4.02724
127405,3.55314
127406,3.03819
127407,3.67102
127408,4.2127
127409,4.1103
127410,3.84544
127411,2.52228
127412,3.33057
127413,4.11771
127414,4.83091
127415,3.69891
127416,4.85654
127417,5.0
127418,4.79374
127419,3.69927
127420,3.20823
127421,3.75605
127422,3.75144
127423,3.84993
127424,4.00813
127425,3.1069
127426,4.21503
127427,3.16432
127428,4.78113
127429,4.63251
127430,3.0077
127431,5.0
127432,3.37473
127433,5.0
127434,3.67382
127435,3.79194
127436,3.36276
127437,2.87027
127438,2.43408
127439,4.20558
127440,3.58461
127441,3.72828
127442,4.35556
127443,3.69455
127444,3.34185
127445,3.65219
127446,3.83711
127447,3.72992
127448,3.29775
127449,3.34548
127450,3.76222
127451,3.37299
127452,3.66217
127453,3.30939
127454,3.52252
127455,3.37129
127456,4.10402
127457,3.24376
127458,3.85514
127459,3.55715
127460,4.00465
127461,3.42087
127462,3.63702
127463,3.79726
127464,3.3083
127465,3.23816
127466,3.90986
127467,2.98531
127468,3.53062
127469,3.07582
127470,3.05895
127471,3.3561
127472,3.61602
127473,3.03839
127474,3.87493
127475,2.94195
127476,3.7442
127477,3.53135
127478,3.46559
127479,3.90021
127480,3.48998
127481,3.10065
127482,3.3463
127483,3.33477
127484,2.99785
127485,2.51957
127486,2.27536
127487,1.38788
127488,4.4113
127489,3.88214
127490,4.09215
127491,4.06424
127492,3.04539
127493,4.63997
127494,4.06649
127495,2.88485
127496,2.44062
127497,3.91631
127498,2.66549
127499,3.69966
127500,3.2965
127501,3.33407
127502,5.0
127503,5.0
127504,4.25397
127505,4.7189
127506,4.10701
127507,3.30634
127508,3.30302
127509,4.44335
127510,5.0
127511,3.94072
127512,2.9909
127513,3.70597
127514,3.47922
127515,2.33208
127516,4.00595
127517,3.53302
127518,2.9477
127519,2.88276
127520,3.16544
127521,3.64901
127522,3.78995
127523,3.63865
127524,3.76624
127525,3.57543
127526,2.21933
127527,3.2688
127528,4.00133
127529,3.77318
127530,3.58153
127531,2.78292
127532,3.77826
127533,4.21904
127534,3.30623
127535,3.66013
127536,2.43345
127537,4.16737
127538,3.17608
127539,2.86128
127540,3.29341
127541,3.59909
127542,2.30615
127543,3.64588
127544,3.1365
127545,3.29854
127546,4.31279
127547,2.82649
127548,3.05118
127549,3.92307
127550,3.95682
127551,3.35846
127552,2.73318
127553,3.34548
127554,3.55457
127555,4.08899
127556,3.97823
127557,3.63597
127558,4.24342
127559,2.49184
127560,2.84214
127561,3.77965
127562,3.28189
127563,2.95515
127564,3.82834
127565,3.30638
127566,2.5929
127567,2.60032
127568,1.8339
127569,3.38593
127570,2.65911
127571,3.6649
127572,3.47588
127573,3.84748
127574,2.43532
127575,3.53355
127576,1.62571
127577,3.71328
127578,2.4874
127579,2.68882
127580,3.50644
127581,3.11923
127582,2.73341
127583,3.93923
127584,3.3844
127585,4.04709
127586,3.57312
127587,3.29409
127588,3.67179
127589,2.36496
127590,2.30516
127591,2.44672
127592,4.05394
127593,3.9694
127594,4.1641
127595,3.12184
127596,3.53381
127597,3.62014
127598,4.32469
127599,3.52096
127600,3.3045
127601,2.10388
127602,4.41327
127603,4.0882
127604,3.55801
127605,4.04069
127606,4.47047
127607,3.68741
127608,3.7761
127609,3.15282
127610,4.92728
127611,4.38678
127612,4.65954
127613,5.0
127614,4.63561
127615,4.06227
127616,3.26491
127617,3.65387
127618,3.95257
127619,3.44909
127620,4.04464
127621,4.27385
127622,4.26562
127623,4.0349
127624,4.04054
127625,3.54786
127626,3.80966
127627,4.30592
127628,3.91351
127629,3.67542
127630,3.91885
127631,4.30827
127632,4.13599
127633,3.87584
127634,2.93505
127635,4.07562
127636,3.08086
127637,4.08944
127638,4.43954
127639,4.36143
127640,4.3619
127641,4.12764
127642,3.26683
127643,3.80618
127644,4.23992
127645,4.0956
127646,3.2267
127647,3.4602
127648,4.17081
127649,3.62808
127650,4.60368
127651,3.65068
127652,3.07979
127653,4.45099
127654,4.25873
127655,2.99669
127656,4.18149
127657,2.42131
127658,3.48999
127659,3.81646
127660,3.89882
127661,3.29344
127662,4.35584
127663,4.15376
127664,3.75366
127665,3.87344
127666,3.9463
127667,3.97843
127668,4.11332
127669,4.13488
127670,4.41253
127671,3.23135
127672,4.22034
127673,3.90338
127674,2.87051
127675,4.11927
127676,4.4016
127677,4.5212
127678,4.27596
127679,3.65106
127680,4.49253
127681,3.57302
127682,3.51271
127683,4.18747
127684,4.06707
127685,4.88199
127686,5.0
127687,4.14402
127688,5.0
127689,4.46395
127690,3.49975
127691,3.20633
127692,2.81416
127693,4.04138
127694,4.35526
127695,4.38748
127696,4.64045
127697,4.01021
127698,3.86188
127699,3.5487
127700,3.38353
127701,1.99906
127702,4.37496
127703,2.37855
127704,3.56201
127705,2.78621
127706,3.16935
127707,2.91713
127708,2.59832
127709,1.51742
127710,2.53387
127711,2.50959
127712,2.49568
127713,3.26104
127714,3.03454
127715,4.33642
127716,4.11354
127717,1.94052
127718,4.36151
127719,3.79838
127720,4.19562
127721,2.2929
127722,4.19641
127723,2.93088
127724,4.06167
127725,3.12936
127726,2.24351
127727,2.84892
127728,2.89267
127729,2.59728
127730,3.93699
127731,3.22891
127732,3.93792
127733,1.34314
127734,4.25757
127735,3.96181
127736,4.25912
127737,2.687
127738,2.15573
127739,3.30062
127740,3.17244
127741,2.73865
127742,3.51875
127743,3.1928
127744,1.95842
127745,3.65357
127746,3.57933
127747,3.86354
127748,2.72777
127749,3.37964
127750,3.79679
127751,3.97368
127752,3.87914
127753,4.78861
127754,4.38132
127755,3.50792
127756,3.88144
127757,3.64646
127758,2.52916
127759,4.31336
127760,2.43989
127761,2.99601
127762,2.43227
127763,4.33147
127764,3.00293
127765,3.55123
127766,2.43855
127767,3.37466
127768,3.02145
127769,3.92114
127770,3.74435
127771,4.17859
127772,3.63073
127773,2.00278
127774,3.59161
127775,2.93163
127776,3.18643
127777,3.29747
127778,2.78279
127779,2.59211
127780,4.23947
127781,2.9136
127782,4.87195
127783,2.00642
127784,2.86468
127785,3.3507
127786,3.98938
127787,5.0
127788,3.01697
127789,3.3862
127790,3.46543
127791,4.30806
127792,3.4173
127793,3.27615
127794,3.8813
127795,2.52121
127796,3.63179
127797,3.19322
127798,4.42734
127799,3.30084
127800,3.81375
127801,2.45298
127802,3.33164
127803,3.56392
127804,2.87182
127805,4.29702
127806,2.3827
127807,4.76491
127808,2.92191
127809,3.69354
127810,3.22986
127811,3.32795
127812,3.11661
127813,2.88983
127814,2.9341
127815,3.88582
127816,4.06524
127817,3.2224
127818,3.78681
127819,2.8266
127820,3.4856
127821,4.25037
127822,2.23921
127823,3.57428
127824,2.94394
127825,3.06168
127826,2.93308
127827,1.78016
127828,4.00258
127829,3.83832
127830,3.89862
127831,4.6766
127832,3.04948
127833,3.79267
127834,3.45837
127835,4.71023
127836,2.65547
127837,3.40038
127838,3.03431
127839,3.82375
127840,5.0
127841,3.44058
127842,3.20821
127843,2.77073
127844,4.70015
127845,3.70779
127846,4.83779
127847,3.54792
127848,3.43021
127849,3.32494
127850,2.73478
127851,3.88898
127852,3.36306
127853,2.97705
127854,3.63575
127855,3.84449
127856,4.43769
127857,3.83528
127858,3.43643
127859,3.30723
127860,4.35814
127861,3.73413
127862,3.37813
127863,4.22932
127864,4.06657
127865,3.84828
127866,2.90373
127867,3.35479
127868,3.43043
127869,4.6453
127870,4.66339
127871,4.19745
127872,4.76681
127873,3.99598
127874,4.2998
127875,4.29161
127876,4.41605
127877,4.10237
127878,3.95151
127879,4.42121
127880,4.67152
127881,3.32824
127882,3.22407
127883,2.74355
127884,3.74388
127885,2.48414
127886,3.44896
127887,3.11605
127888,4.6012
127889,3.71708
127890,3.818
127891,3.75221
127892,3.28709
127893,3.97548
127894,4.00361
127895,2.6485
127896,3.55282
127897,3.96489
127898,2.84231
127899,4.95949
127900,3.24379
127901,3.87248
127902,3.07912
127903,3.39779
127904,3.23879
127905,3.89839
127906,2.29696
127907,3.35859
127908,2.04474
127909,4.36434
127910,3.44502
127911,4.67174
127912,4.33233
127913,3.71137
127914,3.82931
127915,2.64537
127916,2.9832
127917,3.57981
127918,3.98762
127919,2.6732
127920,3.19946
127921,3.11288
127922,2.47335
127923,2.65394
127924,3.21164
127925,3.77191
127926,4.73699
127927,5.0
127928,2.59741
127929,2.65885
127930,4.3151
127931,3.96996
127932,3.28319
127933,2.98536
127934,4.19125
127935,3.79422
127936,2.72478
127937,2.18555
127938,4.66162
127939,3.72854
127940,4.18586
127941,3.79508
127942,3.19492
127943,4.40772
127944,2.13662
127945,3.98773
127946,3.96404
127947,3.37748
127948,4.08598
127949,4.04299
127950,4.65698
127951,2.40181
127952,3.17163
127953,2.72292
127954,3.28255
127955,3.15137
127956,3.02909
127957,3.81655
127958,4.74183
127959,4.18551
127960,2.90857
127961,3.44598
127962,3.24306
127963,2.83844
127964,4.10033
127965,3.21259
127966,3.37971
127967,1.75689
127968,3.13181
127969,3.4272
127970,2.64701
127971,3.08355
127972,3.08015
127973,2.50408
127974,2.93805
127975,2.19024
127976,3.25379
127977,2.82099
127978,2.95978
127979,2.47699
127980,2.95974
127981,3.76631
127982,3.06622
127983,4.89955
127984,2.34579
127985,3.76331
127986,4.11952
127987,3.67998
127988,2.84447
127989,3.11988
127990,2.65622
127991,2.75339
127992,4.12962
127993,3.62687
127994,3.92528
127995,3.06309
127996,4.37734
127997,2.37355
127998,3.98873
127999,3.92758
128000,2.47039
128001,2.67838
128002,3.52115
128003,4.84273
128004,4.39228
128005,2.94961
128006,4.27219
128007,3.2668
128008,3.8388
128009,4.08829
128010,3.71085
128011,2.83525
128012,4.10122
128013,3.13619
128014,2.63743
128015,3.91343
128016,2.71024
128017,4.24983
128018,3.11197
128019,3.12433
128020,3.43997
128021,2.5659
128022,3.91149
128023,3.50003
128024,3.74516
128025,2.55126
128026,3.54917
128027,3.9186
128028,4.25828
128029,3.05348
128030,1.98617
128031,2.9444
128032,2.98732
128033,5.0
128034,3.34751
128035,3.89622
128036,2.4669
128037,3.84766
128038,3.89478
128039,2.34083
128040,3.11277
128041,1.93392
128042,4.51466
128043,3.3915
128044,3.53286
128045,4.37243
128046,3.15907
128047,3.25628
128048,3.70625
128049,3.60132
128050,4.0004
128051,3.74673
128052,3.78121
128053,4.51318
128054,4.73582
128055,4.89297
128056,4.89315
128057,3.10333
128058,3.87365
128059,2.187
128060,4.62312
128061,3.29563
128062,4.91551
128063,3.81591
128064,1.42134
128065,3.0429
128066,3.44119
128067,4.57377
128068,2.72246
128069,1.9131
128070,3.57284
128071,2.73896
128072,2.14579
128073,4.76398
128074,1.01979
128075,1.0
128076,3.15504
128077,5.0
128078,4.52106
128079,3.78287
128080,4.38979
128081,3.5343
128082,3.84601
128083,4.61684
128084,3.02143
128085,3.71922
128086,3.24525
128087,3.9364
128088,3.6892
128089,3.9421
128090,3.54433
128091,2.93334
128092,3.83053
128093,4.01276
128094,4.00734
128095,3.82563
128096,3.45288
128097,3.50152
128098,3.80304
128099,3.36368
128100,3.75636
128101,3.1341
128102,3.34673
128103,3.59173
128104,3.60601
128105,3.46234
128106,3.01458
128107,3.62679
128108,4.14455
128109,2.61025
128110,3.86131
128111,3.96764
128112,3.13295
128113,3.34619
128114,3.74878
128115,3.67209
128116,3.77972
128117,3.92507
128118,3.6956
128119,3.74034
128120,3.50294
128121,3.42727
128122,3.32221
128123,3.03641
128124,3.67878
128125,3.95028
128126,2.94649
128127,3.56598
128128,4.91346
128129,2.14593
128130,3.46377
128131,3.20531
128132,3.06729
128133,2.4285
128134,4.38814
128135,2.48853
128136,4.05556
128137,4.10221
128138,2.62271
128139,4.17399
128140,3.18164
128141,3.6256
128142,3.47505
128143,3.47749
128144,4.67835
128145,4.25624
128146,3.31588
128147,3.29722
128148,3.28035
128149,3.10056
128150,3.95721
128151,4.30249
128152,4.19414
128153,2.17564
128154,3.51652
128155,4.36806
128156,4.73186
128157,4.14351
128158,4.29569
128159,4.83794
128160,2.79668
128161,3.93516
128162,1.96558
128163,5.0
128164,3.45474
128165,3.03623
128166,3.02921
128167,3.71833
128168,3.32258
128169,3.21428
128170,4.64402
128171,3.33121
128172,3.94454
128173,2.61531
128174,2.73489
128175,4.34019
128176,1.72664
128177,3.74522
128178,2.98114
128179,3.63735
128180,2.95081
128181,2.10679
128182,3.68005
128183,3.94324
128184,3.12055
128185,4.01354
128186,3.96237
128187,3.44263
128188,4.16384
128189,2.31498
128190,3.02702
128191,3.25774
128192,3.77396
128193,4.05677
128194,3.50963
128195,2.75848
128196,4.0446
128197,4.3692
128198,3.82857
128199,3.25052
128200,3.73875
128201,2.14098
128202,2.4007
128203,4.3559
128204,3.86777
128205,3.83542
128206,2.8661
128207,3.92711
128208,4.10528
128209,2.94863
128210,4.52415
128211,4.08546
128212,3.54007
128213,1.25439
128214,4.42294
128215,4.97126
128216,4.62482
128217,4.2513
128218,4.50999
128219,3.8603
128220,4.41096
128221,4.32262
128222,4.38477
128223,4.34501
128224,5.0
128225,4.68734
128226,4.34769
128227,4.86044
128228,4.52087
128229,4.54548
128230,4.65897
128231,4.83788
128232,4.91703
128233,4.242
128234,4.81807
128235,5.0
128236,4.57066
128237,4.3209
128238,4.46429
128239,4.46109
128240,3.5833
128241,4.50662
128242,3.38445
128243,4.49599
128244,3.34723
128245,3.4936
128246,3.76643
128247,3.62472
128248,3.24606
128249,3.98819
128250,3.22537
128251,3.06468
128252,3.77033
128253,4.32201
128254,3.42657
128255,4.20088
128256,4.28253
128257,4.17996
128258,4.301
128259,4.2183
128260,3.69529
128261,3.47912
128262,3.79683
128263,3.97871
128264,4.62235
128265,3.21836
128266,3.21978
128267,3.5277
128268,3.24927
128269,3.73188
128270,4.20235
128271,4.68801
128272,3.62388
128273,3.87036
128274,4.27389
128275,4.28696
128276,3.35821
128277,3.4861
128278,4.14634
128279,3.44552
128280,3.89703
128281,3.71057
128282,3.25591
128283,3.73435
128284,3.44428
128285,2.92605
128286,2.20404
128287,3.50022
128288,3.03219
128289,3.85786
128290,2.90971
128291,4.16415
128292,3.45285
128293,3.12153
128294,3.45656
128295,3.32641
128296,3.21643
128297,3.04406
128298,4.38684
128299,2.43196
128300,3.9178
128301,4.08399
128302,4.28958
128303,4.11264
128304,3.81803
128305,4.53749
128306,4.0201
128307,3.38156
128308,4.121
128309,4.11569
128310,3.92342
128311,4.53828
128312,1.0
128313,3.2643
128314,4.94472
128315,4.21113
128316,1.3695
128317,3.71879
128318,3.60217
128319,1.42816
128320,3.3129
128321,3.1566
128322,3.96973
128323,3.87659
128324,4.83996
128325,4.07931
128326,4.52006
128327,4.32093
128328,4.36809
128329,3.67464
128330,3.893
128331,4.05012
128332,4.59508
128333,2.04863
128334,3.04745
128335,2.29014
128336,3.47344
128337,4.04497
128338,4.69061
128339,2.46936
128340,4.34105
128341,2.93883
128342,3.27732
128343,2.26433
128344,1.76242
128345,3.78261
128346,3.85532
128347,3.69813
128348,5.0
128349,5.0
128350,4.34015
128351,3.80467
128352,3.39436
128353,3.86809
128354,4.10294
128355,4.16293
128356,4.77658
128357,3.60488
128358,4.82238
128359,3.44176
128360,5.0
128361,4.35084
128362,4.5484
128363,4.73691
128364,4.74739
128365,3.90507
128366,3.99678
128367,4.13088
128368,4.11948
128369,3.76933
128370,3.77372
128371,3.8803
128372,4.83446
128373,3.58578
128374,3.4879
128375,4.37869
128376,3.97762
128377,4.36444
128378,3.94203
128379,3.93494
128380,4.80261
128381,3.58792
128382,4.89497
128383,3.94883
128384,4.35175
128385,4.66854
128386,4.14598
128387,4.36296
128388,4.60654
128389,4.03113
128390,3.48301
128391,4.50176
128392,3.67656
128393,4.79015
128394,3.21581
128395,3.91591
128396,3.67286
128397,3.30002
128398,3.25706
128399,4.32966
128400,4.026
128401,4.66606
128402,5.0
128403,4.76504
128404,4.82529
128405,4.96947
128406,3.20447
128407,3.14656
128408,2.58768
128409,3.9522
128410,4.67961
128411,4.14499
128412,4.11449
128413,4.70054
128414,4.0772
128415,4.85208
128416,2.9116
128417,4.0313
128418,3.83541
128419,2.45876
128420,4.62575
128421,4.28583
128422,4.51443
128423,4.38161
128424,2.96799
128425,4.92606
128426,4.33897
128427,4.93067
128428,2.75292
128429,4.59039
128430,3.57669
128431,4.45807
128432,3.15091
128433,4.73666
128434,3.80165
128435,3.24406
128436,4.07918
128437,3.84372
128438,3.46788
128439,4.70762
128440,4.48725
128441,3.53785
128442,3.89101
128443,3.62914
128444,4.65831
128445,4.23199
128446,3.89526
128447,3.67622
128448,4.1245
128449,3.18579
128450,4.5903
128451,3.30032
128452,4.7196
128453,4.63266
128454,4.20332
128455,4.27305
128456,4.20242
128457,3.4374
128458,3.66859
128459,3.62109
128460,2.09744
128461,2.87742
128462,4.19095
128463,4.44732
128464,4.22893
128465,3.10848
128466,3.41667
128467,4.1184
128468,3.59353
128469,3.86568
128470,4.35656
128471,3.09765
128472,4.28198
128473,4.16396
128474,2.59601
128475,4.03623
128476,4.78711
128477,3.70475
128478,4.8802
128479,4.48593
128480,3.98314
128481,3.05669
128482,4.78687
128483,3.79459
128484,4.6867
128485,4.27459
128486,4.14189
128487,4.52378
128488,4.69977
128489,4.87495
128490,4.39344
128491,4.49829
128492,4.21904
128493,4.48409
128494,3.8849
128495,4.59123
128496,4.26735
128497,4.87455
128498,3.96551
128499,3.56431
128500,3.74223
128501,4.60723
128502,4.47702
128503,4.03295
128504,4.57534
128505,3.76044
128506,2.9829
128507,3.81771
128508,4.1126
128509,3.92203
128510,4.82051
128511,4.43387
128512,3.79788
128513,3.46392
128514,4.15237
128515,4.81119
128516,4.0711
128517,4.65282
128518,4.03966
128519,4.66272
128520,4.02158
128521,3.97582
128522,4.28998
128523,4.66491
128524,3.20862
128525,4.99645
128526,3.29654
128527,4.41557
128528,2.48575
128529,3.68128
128530,4.1489
128531,4.73713
128532,4.08275
128533,4.3102
128534,3.72578
128535,3.2186
128536,3.80143
128537,3.31976
128538,3.17782
128539,3.72851
128540,3.83751
128541,3.59167
128542,3.78556
128543,3.0045
128544,3.15839
128545,3.29449
128546,4.53681
128547,3.60594
128548,4.08184
128549,4.0995
128550,4.00122
128551,2.45416
128552,4.23426
128553,3.28924
128554,3.16826
128555,2.82719
128556,3.22299
128557,4.27603
128558,3.66519
128559,1.81912
128560,3.82818
128561,3.88051
128562,2.35429
128563,4.02508
128564,3.60374
128565,3.01755
128566,3.29894
128567,3.41895
128568,4.02435
128569,3.67753
128570,3.32801
128571,3.76748
128572,1.67579
128573,1.73402
128574,3.55921
128575,3.28035
128576,3.44673
128577,3.83607
128578,3.6379
128579,3.11386
128580,3.40744
128581,1.69431
128582,3.02055
128583,3.26523
128584,4.74618
128585,4.60246
128586,4.26066
128587,4.65188
128588,3.5669
128589,3.59005
128590,4.49001
128591,3.98714
128592,4.46207
128593,3.33126
128594,4.54627
128595,4.18818
128596,3.96373
128597,4.7166
128598,4.7613
128599,3.77277
128600,4.18479
128601,4.33696
128602,2.42078
128603,4.01879
128604,3.88435
128605,3.24975
128606,4.67741
128607,4.25404
128608,4.20847
128609,4.4226
128610,4.66352
128611,3.23909
128612,2.93028
128613,3.27477
128614,4.43822
128615,3.50895
128616,3.82116
128617,3.77274
128618,3.25317
128619,4.17462
128620,3.10494
128621,3.39716
128622,4.13528
128623,4.03186
128624,4.33279
128625,4.23576
128626,4.38404
128627,3.51094
128628,3.62093
128629,3.24792
128630,4.38394
128631,4.59969
128632,4.3306
128633,3.63204
128634,4.44981
128635,4.09012
128636,2.56642
128637,4.65369
128638,3.54606
128639,5.0
128640,3.56282
128641,4.02672
128642,3.83678
128643,4.35549
128644,3.11453
128645,3.33733
128646,4.05503
128647,3.87792
128648,3.70116
128649,3.22608
128650,4.56432
128651,2.83104
128652,3.22238
128653,2.87805
128654,5.0
128655,2.3431
128656,4.01806
128657,3.63277
128658,4.00316
128659,2.98394
128660,3.69303
128661,2.7912
128662,3.73629
128663,5.0
128664,2.9903
128665,4.18707
128666,2.1511
128667,3.59615
128668,2.81722
128669,3.37609
128670,2.18032
128671,4.68613
128672,3.4699
128673,3.59865
128674,3.46131
128675,3.32082
128676,3.74564
128677,3.33789
128678,1.94648
128679,4.28439
128680,3.12074
128681,3.09558
128682,2.93958
128683,3.20707
128684,4.49252
128685,3.03772
128686,3.07756
128687,2.77994
128688,3.24846
128689,4.60442
128690,3.62116
128691,4.45527
128692,2.41742
128693,3.22021
128694,3.23668
128695,3.39571
128696,3.40113
128697,2.74018
128698,4.04653
128699,4.8471
128700,3.2405
128701,2.90597
128702,2.28113
128703,4.64239
128704,2.89463
128705,5.0
128706,4.13071
128707,2.92127
128708,3.85096
128709,2.60931
128710,3.86939
128711,3.57712
128712,2.35358
128713,3.19386
128714,3.80466
128715,4.10235
128716,2.78434
128717,3.34202
128718,3.42063
128719,3.58968
128720,4.2821
128721,4.0913
128722,4.55374
128723,3.42267
128724,3.42688
128725,4.28093
128726,3.88068
128727,3.39134
128728,3.91643
128729,3.30198
128730,2.9582
128731,2.32015
128732,3.6768
128733,4.27389
128734,4.06686
128735,4.06699
128736,3.74154
128737,2.54024
128738,4.18784
128739,3.55586
128740,4.14224
128741,4.01256
128742,4.01109
128743,3.16203
128744,3.55549
128745,3.81178
128746,3.92541
128747,3.58464
128748,3.3358
128749,3.66478
128750,3.34011
128751,4.01304
128752,4.70876
128753,4.18439
128754,3.17418
128755,4.05833
128756,3.78488
128757,2.9843
128758,3.55617
128759,1.60037
128760,3.78172
128761,2.72758
128762,3.32206
128763,4.36847
128764,2.27702
128765,3.1243
128766,4.0505
128767,3.09143
128768,2.8016
128769,3.75315
128770,3.34208
128771,3.94534
128772,4.12935
128773,3.91626
128774,2.70595
128775,4.75503
128776,4.50502
128777,3.88111
128778,3.88746
128779,4.5068
128780,2.68726
128781,3.3331
128782,3.57888
128783,4.27719
128784,4.71825
128785,3.8073
128786,3.81912
128787,4.25213
128788,1.81798
128789,4.04283
128790,4.8208
128791,3.82418
128792,4.01459
128793,4.68362
128794,3.43095
128795,3.31896
128796,4.16946
128797,3.0876
128798,3.64689
128799,2.13876
128800,3.70148
128801,1.41826
128802,3.51949
128803,2.64822
128804,4.88996
128805,4.0185
128806,4.20586
128807,3.90961
128808,4.71105
128809,4.15388
128810,4.57317
128811,2.84649
128812,4.83002
128813,3.85625
128814,4.92958
128815,4.81069
128816,4.43098
128817,4.26047
128818,4.64271
128819,4.29159
128820,1.80704
128821,1.89721
128822,3.7804
128823,4.79247
128824,5.0
128825,4.83715
128826,3.89088
128827,3.70155
128828,2.41207
128829,3.06143
128830,2.41447
128831,2.01646
128832,1.77776
128833,2.25385
128834,2.87878
128835,3.10457
128836,3.92167
128837,3.98066
128838,2.92645
128839,3.72232
128840,4.72226
128841,3.79446
128842,4.20457
128843,4.73678
128844,4.85949
128845,4.50658
128846,4.09336
128847,4.04885
128848,5.0
128849,4.85085
128850,3.46803
128851,3.71717
128852,4.10285
128853,3.55402
128854,3.74533
128855,3.66678
128856,4.37722
128857,4.84921
128858,4.67194
128859,4.88869
128860,2.2627
128861,2.6478
128862,2.23363
128863,4.0346
128864,4.54564
128865,2.74784
128866,4.22294
128867,3.27227
128868,2.60654
128869,2.58294
128870,4.28856
128871,3.49526
128872,2.54387
128873,4.99928
128874,4.6288
128875,4.43608
128876,3.4127
128877,3.92947
128878,4.26034
128879,4.49087
128880,4.82456
128881,2.94763
128882,3.53581
128883,3.61146
128884,4.82946
128885,2.4509
128886,4.63366
128887,4.0868
128888,4.60305
128889,3.45125
128890,4.04946
128891,2.7548
128892,4.4619
128893,3.5416
128894,1.90798
128895,2.53735
128896,1.804
128897,1.61522
128898,3.35247
128899,1.69992
128900,2.55521
128901,1.77463
128902,1.0
128903,2.97861
128904,2.62702
128905,2.86838
128906,2.8347
128907,1.49795
128908,3.05132
128909,1.45687
128910,2.09283
128911,1.17549
128912,3.90288
128913,1.5084
128914,2.84782
128915,1.0
128916,3.02782
128917,2.88487
128918,1.0
128919,2.02549
128920,2.52706
128921,1.77718
128922,2.49398
128923,1.40638
128924,3.30646
128925,1.0
128926,2.04248
128927,1.41413
128928,2.09825
128929,1.46959
128930,1.09617
128931,2.37995
128932,4.81266
128933,4.27484
128934,3.83438
128935,4.7706
128936,4.41574
128937,4.36198
128938,4.34357
128939,3.02949
128940,3.88357
128941,3.33456
128942,3.71279
128943,4.69348
128944,3.214
128945,2.76749
128946,4.00186
128947,4.56659
128948,5.0
128949,3.95914
128950,3.5764
128951,3.63394
128952,3.61955
128953,3.08354
128954,4.11417
128955,4.11403
128956,4.48951
128957,3.39153
128958,3.69811
128959,4.36767
128960,4.88174
128961,4.68504
128962,4.78838
128963,2.0702
128964,4.3309
128965,3.96822
128966,3.56423
128967,3.55403
128968,3.88079
128969,3.73162
128970,3.83488
128971,4.74294
128972,3.84913
128973,3.85936
128974,3.25373
128975,4.47157
128976,4.95508
128977,3.36322
128978,4.29396
128979,4.18749
128980,4.14172
128981,4.11994
128982,4.06249
128983,3.33764
128984,4.53803
128985,4.11969
128986,3.72403
128987,4.414
128988,3.61409
128989,1.75373
128990,3.65379
128991,3.39423
128992,2.71497
128993,3.44415
128994,4.96782
128995,2.51491
128996,3.28646
128997,2.71395
128998,4.29709
128999,3.97566
129000,3.27498
129001,3.75876
129002,4.43448
129003,3.4163
129004,4.59343
129005,3.41306
129006,3.36907
129007,4.26714
129008,4.19821
129009,4.06998
129010,4.32406
129011,2.70499
129012,4.04795
129013,4.50764
129014,4.72035
129015,4.24385
129016,2.964
129017,2.81115
129018,4.48158
129019,3.8902
129020,4.18928
129021,4.16885
129022,3.55154
129023,3.47098
129024,4.19154
129025,2.36153
129026,4.12075
129027,3.77452
129028,4.20351
129029,3.91703
129030,3.57407
129031,3.48959
129032,4.31054
129033,2.90229
129034,4.81185
129035,2.51367
129036,4.31728
129037,3.44703
129038,4.39114
129039,2.88766
129040,3.47277
129041,3.14392
129042,3.89613
129043,3.16287
129044,3.30589
129045,4.75019
129046,4.19193
129047,4.04284
129048,4.36548
129049,4.19937
129050,2.94504
129051,4.24717
129052,2.47366
129053,3.64698
129054,2.65392
129055,3.64052
129056,3.01452
129057,3.89835
129058,4.21008
129059,4.23998
129060,3.91093
129061,4.48138
129062,3.37476
129063,4.19298
129064,3.20433
129065,4.33517
129066,3.95712
129067,4.03329
129068,2.89729
129069,2.62091
129070,3.18016
129071,4.21134
129072,4.2313
129073,3.82263
129074,2.88406
129075,2.13132
129076,4.04672
129077,3.59754
129078,4.20327
129079,1.98717
129080,2.36876
129081,3.09373
129082,4.03875
129083,3.12044
129084,4.48028
129085,2.74354
129086,2.34346
129087,4.69135
129088,2.49182
129089,3.03076
129090,4.78423
129091,4.71108
129092,4.15272
129093,4.26452
129094,4.48178
129095,4.10157
129096,4.91116
129097,4.04153
129098,4.04399
129099,2.85345
129100,3.43349
129101,3.01473
129102,3.14024
129103,4.84975
129104,2.44246
129105,3.0696
129106,3.06581
129107,3.51299
129108,2.58168
129109,2.90691
129110,2.2448
129111,3.63247
129112,2.89334
129113,2.74849
129114,3.96925
129115,3.49629
129116,3.13613
129117,2.28574
129118,3.25009
129119,3.24391
129120,2.63239
129121,2.85041
129122,3.28087
129123,3.88032
129124,3.73394
129125,3.36653
129126,3.80397
129127,3.19894
129128,4.05298
129129,4.2468
129130,3.32911
129131,2.05737
129132,3.31704
129133,3.53377
129134,2.83455
129135,4.58864
129136,3.30471
129137,2.61182
129138,3.62314
129139,3.55687
129140,3.93515
129141,2.61348
129142,2.33972
129143,3.59217
129144,3.75512
129145,2.48532
129146,3.84957
129147,2.87023
129148,3.12448
129149,3.42467
129150,2.5113
129151,3.37193
129152,3.74438
129153,4.04093
129154,3.79202
129155,3.97261
129156,4.12688
129157,3.97454
129158,1.5393
129159,3.3537
129160,4.21952
129161,3.77724
129162,4.19181
129163,2.66958
129164,3.0334
129165,3.21151
129166,4.433
129167,4.1107
129168,2.08104
129169,3.8909
129170,3.97972
129171,3.5233
129172,4.15081
129173,3.41214
129174,3.95567
129175,3.75578
129176,4.2226
129177,3.26217
129178,3.4646
129179,2.72178
129180,4.40886
129181,2.71793
129182,3.38584
129183,3.23239
129184,1.69626
129185,4.02028
129186,4.32216
129187,3.77782
129188,2.56071
129189,4.6127
129190,4.28582
129191,3.52216
129192,2.88829
129193,2.53553
129194,3.72671
129195,3.97717
129196,4.69408
129197,3.2179
129198,3.50266
129199,2.51887
129200,3.06253
129201,2.81711
129202,4.51778
129203,4.52712
129204,4.66639
129205,3.70931
129206,4.53203
129207,3.72781
129208,4.24547
129209,3.05333
129210,2.45109
129211,4.47063
129212,4.8473
129213,4.16218
129214,3.688
129215,4.12543
129216,4.41562
129217,4.07476
129218,4.26553
129219,4.08295
129220,2.97712
129221,2.56133
129222,4.47427
129223,4.45176
129224,4.58568
129225,4.71252
129226,4.24388
129227,3.82184
129228,5.0
129229,4.81168
129230,4.37608
129231,5.0
129232,3.51425
129233,4.96549
129234,5.0
129235,3.65856
129236,5.0
129237,3.8894
129238,4.02064
129239,3.24165
129240,3.93011
129241,4.54252
129242,5.0
129243,5.0
129244,3.33286
129245,3.54777
129246,3.838
129247,3.36518
129248,3.78648
129249,4.89397
129250,3.21908
129251,4.50781
129252,4.00226
129253,4.60912
129254,4.8045
129255,4.59838
129256,4.25673
129257,4.61698
129258,5.0
129259,3.29516
129260,4.86422
129261,5.0
129262,2.95856
129263,4.53733
129264,3.5755
129265,5.0
129266,3.51501
129267,3.11406
129268,1.68151
129269,2.96063
129270,4.39026
129271,4.88239
129272,4.25868
129273,4.456
129274,3.12066
129275,4.03183
129276,2.04107
129277,4.95632
129278,5.0
129279,4.48496
129280,4.40415
129281,4.01947
129282,3.48691
129283,5.0
129284,1.9024
129285,4.57756
129286,3.20827
129287,4.28792
129288,4.0094
129289,4.91683
129290,3.03852
129291,3.3718
129292,1.74388
129293,3.9862
129294,2.66235
129295,4.77088
129296,4.15727
129297,4.04254
129298,3.80035
129299,4.67434
129300,2.25253
129301,3.38371
129302,4.65301
129303,3.76511
129304,3.46256
129305,4.0572
129306,3.81581
129307,3.75371
129308,4.69657
129309,4.69995
129310,4.61596
129311,4.66347
129312,3.19838
129313,4.01076
129314,3.72003
129315,2.75808
129316,3.08783
129317,4.13999
129318,3.2738
129319,3.79508
129320,3.79217
129321,3.76166
129322,3.69619
129323,3.71748
129324,3.38088
129325,4.57896
129326,4.91307
129327,4.54339
129328,4.52095
129329,4.67667
129330,3.46855
129331,4.60092
129332,3.66096
129333,5.0
129334,4.57895
129335,3.04879
129336,3.41634
129337,4.65843
129338,4.26961
129339,4.69332
129340,4.94054
129341,4.87879
129342,4.61047
129343,4.98812
129344,4.77449
129345,4.2846
129346,4.28535
129347,2.96175
129348,3.37246
129349,4.20947
129350,4.21946
129351,4.76844
129352,4.24933
129353,4.96279
129354,5.0
129355,4.84568
129356,4.69582
129357,2.21228
129358,2.51579
129359,2.85647
129360,2.04234
129361,1.58883
129362,2.32856
129363,2.15213
129364,1.75817
129365,1.35414
129366,2.33017
129367,3.04321
129368,4.18524
129369,3.25763
129370,2.96732
129371,3.83396
129372,3.80958
129373,3.08141
129374,4.09959
129375,2.96568
129376,3.73985
129377,3.9596
129378,3.38639
129379,3.6782
129380,2.96443
129381,3.07335
129382,3.98739
129383,3.13277
129384,3.50347
129385,3.32273
129386,3.47851
129387,3.43181
129388,3.7687
129389,3.69166
129390,3.99097
129391,2.32707
129392,3.9732
129393,3.80087
129394,3.95508
129395,3.77694
129396,4.07276
129397,3.9432
129398,2.7516
129399,3.09411
129400,3.15572
129401,2.74285
129402,4.17375
129403,3.35056
129404,3.70571
129405,3.64034
129406,3.65411
129407,2.99162
129408,3.92934
129409,3.25529
129410,2.46799
129411,3.36857
129412,2.98419
129413,3.35559
129414,3.78195
129415,3.3442
129416,3.67851
129417,3.46833
129418,3.68303
129419,3.8379
129420,3.38555
129421,3.80345
129422,4.04592
129423,3.08838
129424,3.79956
129425,3.71963
129426,3.92193
129427,3.34835
129428,4.08446
129429,1.83904
129430,3.30084
129431,2.78591
129432,2.76297
129433,2.90481
129434,1.96181
129435,3.01314
129436,2.56212
129437,1.59298
129438,3.17328
129439,3.14314
129440,3.04284
129441,2.18051
129442,3.76447
129443,3.58778
129444,3.4392
129445,3.00852
129446,2.26687
129447,1.50408
129448,4.36158
129449,2.06207
129450,4.06838
129451,2.51816
129452,3.02204
129453,4.03948
129454,3.78198
129455,2.75854
129456,3.35526
129457,3.29919
129458,1.56887
129459,4.27827
129460,2.59797
129461,3.35388
129462,3.71743
129463,3.13515
129464,2.80171
129465,4.06174
129466,3.16213
129467,2.9665
129468,2.35511
129469,3.09799
129470,2.11674
129471,3.44773
129472,1.64359
129473,2.42716
129474,1.71022
129475,3.76918
129476,3.35431
129477,3.55053
129478,3.06854
129479,3.15168
129480,4.00736
129481,3.68468
129482,1.97242
129483,3.46951
129484,3.18975
129485,2.46829
129486,3.29328
129487,3.88015
129488,3.27689
129489,2.15342
129490,3.43585
129491,3.60711
129492,4.91136
129493,4.13949
129494,4.64071
129495,2.85571
129496,4.15645
129497,4.20038
129498,3.58512
129499,3.40278
129500,3.57565
129501,3.08911
129502,3.81973
129503,3.30027
129504,3.66763
129505,3.88468
129506,4.01018
129507,4.19483
129508,3.69657
129509,2.71714
129510,4.14978
129511,3.22985
129512,3.82922
129513,3.51258
129514,2.50789
129515,4.85863
129516,3.81012
129517,4.33727
129518,3.64031
129519,3.67933
129520,3.23251
129521,2.95791
129522,3.5848
129523,3.09781
129524,3.71946
129525,3.9554
129526,4.20293
129527,3.76805
129528,3.95899
129529,2.85113
129530,3.92022
129531,4.20606
129532,4.85348
129533,2.55746
129534,4.17799
129535,4.10974
129536,4.50838
129537,4.43596
129538,4.5751
129539,4.43715
129540,4.45444
129541,3.74672
129542,4.3744
129543,4.30702
129544,4.0185
129545,3.7304
129546,3.91376
129547,4.28437
129548,3.9828
129549,4.94348
129550,3.46904
129551,4.06378
129552,3.72588
129553,5.0
129554,4.71572
129555,4.29351
129556,4.50602
129557,3.5297
129558,4.26609
129559,3.52829
129560,2.8658
129561,4.92818
129562,3.68518
129563,4.31178
129564,1.50269
129565,2.698
129566,2.28857
129567,2.5598
129568,4.31747
129569,3.92091
129570,4.46023
129571,4.30263
129572,3.99901
129573,4.42246
129574,2.67214
129575,4.66926
129576,2.46574
129577,2.94229
129578,4.21783
129579,1.80363
129580,3.93268
129581,3.71507
129582,2.00831
129583,2.01114
129584,3.20006
129585,3.4589
129586,3.16867
129587,4.17317
129588,2.4462
129589,2.99494
129590,4.47661
129591,4.54051
129592,3.39055
129593,2.48348
129594,4.4914
129595,4.32563
129596,3.04999
129597,3.75066
129598,4.88171
129599,2.34238
129600,4.29126
129601,4.86968
129602,4.39148
129603,4.55795
129604,2.82249
129605,2.56689
129606,4.07157
129607,1.0
129608,2.32977
129609,4.065
129610,4.21394
129611,4.4745
129612,1.7242
129613,3.3547
129614,2.22893
129615,3.90506
129616,3.0147
129617,1.66595
129618,2.77981
129619,1.91822
129620,5.0
129621,5.0
129622,3.28004
129623,2.00344
129624,4.71312
129625,4.11108
129626,5.0
129627,4.91178
129628,3.69001
129629,4.54885
129630,4.4507
129631,2.17455
129632,4.70614
129633,3.82671
129634,4.69835
129635,4.99204
129636,1.7528
129637,4.03767
129638,2.68987
129639,2.24857
129640,4.0512
129641,4.63528
129642,4.6176
129643,3.35693
129644,4.17065
129645,3.94753
129646,3.21754
129647,5.0
129648,4.79106
129649,3.36664
129650,4.93422
129651,4.38447
129652,3.21399
129653,4.88468
129654,4.55124
129655,3.99758
129656,3.98585
129657,3.85674
129658,3.78378
129659,4.72045
129660,4.57596
129661,4.95562
129662,3.01853
129663,2.56698
129664,3.23548
129665,2.82734
129666,4.67547
129667,4.16098
129668,2.97535
129669,4.48703
129670,4.60667
129671,4.20126
129672,5.0
129673,3.6831
129674,4.78952
129675,4.49653
129676,3.01573
129677,4.31636
129678,4.0313
129679,4.49578
129680,4.49048
129681,3.28801
129682,4.0577
129683,3.63795
129684,3.96809
129685,4.71159
129686,4.53496
129687,3.14801
129688,3.6511
129689,4.26169
129690,4.60535
129691,3.91783
129692,3.33735
129693,4.0475
129694,4.10523
129695,4.62669
129696,3.28057
129697,2.90511
129698,3.89179
129699,3.57127
129700,4.57359
129701,4.3254
129702,2.66784
129703,3.38957
129704,3.3463
129705,3.06936
129706,3.94035
129707,3.29809
129708,4.67913
129709,4.42365
129710,4.50844
129711,4.53058
129712,2.83647
129713,4.10576
129714,3.36824
129715,3.14544
129716,4.25468
129717,3.28498
129718,4.29717
129719,3.94251
129720,2.88551
129721,3.2207
129722,3.51886
129723,1.0
129724,1.83465
129725,1.17588
129726,1.91947
129727,1.63856
129728,1.67015
129729,2.0366
129730,2.40424
129731,1.0
129732,3.49016
129733,1.24871
129734,3.51698
129735,3.84916
129736,3.83557
129737,3.21895
129738,3.16903
129739,4.59303
129740,3.9472
129741,3.77771
129742,4.5025
129743,4.18222
129744,4.69921
129745,4.40763
129746,4.12705
129747,4.10786
129748,4.25496
129749,3.88274
129750,4.26625
129751,4.28736
129752,4.74478
129753,3.41136
129754,4.02855
129755,4.3158
129756,3.7015
129757,4.51496
129758,3.45482
129759,3.98294
129760,3.64285
129761,3.77095
129762,4.01421
129763,3.67758
129764,3.31554
129765,4.082
129766,4.16653
129767,3.21953
129768,3.03251
129769,3.88344
129770,4.14079
129771,4.77233
129772,3.74358
129773,3.78808
129774,4.43786
129775,3.91663
129776,3.79793
129777,3.33705
129778,4.63804
129779,3.05609
129780,4.21039
129781,4.28036
129782,2.9775
129783,4.08951
129784,4.42971
129785,3.82834
129786,5.0
129787,4.22022
129788,3.64675
129789,3.7304
129790,4.61665
129791,3.708
129792,3.73397
129793,3.75212
129794,3.43628
129795,4.69919
129796,2.89623
129797,4.39048
129798,3.50649
129799,4.02033
129800,4.36145
129801,4.04624
129802,4.06838
129803,4.09024
129804,3.84014
129805,3.13125
129806,4.39985
129807,4.84239
129808,3.70701
129809,2.66413
129810,3.90426
129811,3.79524
129812,2.99142
129813,3.92492
129814,5.0
129815,3.22301
129816,3.05516
129817,2.21049
129818,4.05655
129819,4.37519
129820,4.02226
129821,4.42386
129822,4.06998
129823,2.33571
129824,3.09326
129825,2.99582
129826,3.94135
129827,2.47595
129828,3.81813
129829,3.43765
129830,4.03837
129831,4.729
129832,3.8051
129833,2.82038
129834,3.43362
129835,3.86416
129836,3.47739
129837,3.08635
129838,2.6864
129839,4.12697
129840,3.51155
129841,2.3553
129842,4.90558
129843,4.44425
129844,3.29611
129845,2.97691
129846,4.01588
129847,4.00166
129848,3.63022
129849,2.50645
129850,4.08395
129851,3.09674
129852,4.17666
129853,3.29183
129854,3.96473
129855,3.63155
129856,3.92396
129857,3.39473
129858,3.32812
129859,3.4303
129860,4.1162
129861,4.61205
129862,3.82666
129863,1.99223
129864,1.63855
129865,4.71009
129866,3.46464
129867,2.83153
129868,2.36685
129869,2.68859
129870,3.94371
129871,3.14979
129872,2.71371
129873,3.35429
129874,2.93384
129875,2.08041
129876,2.74161
129877,1.78405
129878,3.3693
129879,4.21008
129880,4.15459
129881,2.04304
129882,2.92575
129883,3.10928
129884,2.61344
129885,3.6964
129886,3.91153
129887,4.2741
129888,3.89367
129889,3.88892
129890,4.78104
129891,4.30338
129892,3.82486
129893,3.98769
129894,2.09587
129895,3.27829
129896,2.78986
129897,3.99392
129898,3.47577
129899,3.28421
129900,4.37756
129901,3.37781
129902,3.13168
129903,3.03346
129904,3.79541
129905,3.53633
129906,3.78
129907,4.17954
129908,3.32925
129909,3.98743
129910,4.09931
129911,2.77019
129912,3.43124
129913,3.34793
129914,3.67785
129915,3.36433
129916,3.98044
129917,3.30103
129918,3.20762
129919,3.28711
129920,3.66487
129921,3.13801
129922,2.85391
129923,3.42139
129924,3.71892
129925,2.80421
129926,2.8055
129927,3.7541
129928,3.17316
129929,3.53958
129930,3.67474
129931,3.62614
129932,4.4644
129933,4.37498
129934,3.58909
129935,3.51258
129936,2.5226
129937,3.05103
129938,3.23275
129939,3.74357
129940,3.68435
129941,3.00267
129942,3.03374
129943,3.12706
129944,4.46835
129945,3.07204
129946,2.91953
129947,2.93813
129948,2.02697
129949,3.06688
129950,3.51282
129951,4.12341
129952,3.70934
129953,3.95757
129954,3.81193
129955,4.34871
129956,3.60397
129957,4.46865
129958,3.88539
129959,4.0717
129960,4.54888
129961,3.98767
129962,2.91061
129963,4.26516
129964,3.4426
129965,3.23776
129966,3.78307
129967,4.59685
129968,2.975
129969,4.15785
129970,3.33064
129971,3.41022
129972,3.77806
129973,3.73839
129974,4.21538
129975,3.81044
129976,2.89192
129977,4.04204
129978,3.58823
129979,2.35542
129980,2.65036
129981,2.41161
129982,3.2115
129983,2.94506
129984,3.89018
129985,5.0
129986,2.9248
129987,3.09655
129988,3.66247
129989,3.05063
129990,3.21909
129991,4.02425
129992,3.51302
129993,3.92939
129994,4.14207
129995,3.4667
129996,4.2061
129997,3.27983
129998,3.77184
129999,4.19376
130000,3.62411
130001,3.72645
130002,3.92424
130003,2.71613
130004,2.65368
130005,4.10976
130006,1.76164
130007,4.13439
130008,2.93821
130009,4.38448
130010,3.38395
130011,4.71663
130012,4.59589
130013,5.0
130014,3.92862
130015,4.04324
130016,2.18261
130017,3.11838
130018,1.84874
130019,4.69763
130020,2.64032
130021,4.40237
130022,4.40824
130023,3.83831
130024,4.1878
130025,2.89343
130026,3.98132
130027,3.10371
130028,3.45202
130029,3.05223
130030,3.7364
130031,2.66127
130032,3.02489
130033,2.94647
130034,3.04693
130035,3.268
130036,3.45579
130037,3.30521
130038,3.39715
130039,2.73146
130040,2.67443
130041,2.87216
130042,3.6032
130043,3.31482
130044,3.67023
130045,2.59895
130046,2.99114
130047,2.55741
130048,1.58286
130049,2.78235
130050,3.03519
130051,1.83218
130052,3.03042
130053,2.96774
130054,3.29767
130055,2.57167
130056,2.37656
130057,3.46614
130058,2.47073
130059,2.92464
130060,3.28821
130061,3.08083
130062,1.82777
130063,2.80454
130064,2.0374
130065,2.56595
130066,3.09044
130067,2.2578
130068,3.51987
130069,3.23313
130070,3.07506
130071,3.4703
130072,3.05636
130073,2.24842
130074,3.40177
130075,3.15054
130076,3.22092
130077,3.29719
130078,2.63856
130079,3.44226
130080,2.44318
130081,3.17596
130082,3.71877
130083,3.2891
130084,3.70474
130085,3.089
130086,2.64826
130087,3.4431
130088,3.40829
130089,3.31647
130090,4.54472
130091,4.36671
130092,3.27329
130093,4.21949
130094,2.48802
130095,3.2052
130096,3.03881
130097,2.84882
130098,3.40332
130099,4.77282
130100,3.54166
130101,3.33281
130102,4.29642
130103,3.55216
130104,3.80626
130105,2.90955
130106,3.02493
130107,2.0621
130108,2.18916
130109,2.45824
130110,3.96505
130111,2.88075
130112,2.57496
130113,3.99752
130114,2.13211
130115,2.91832
130116,4.03451
130117,4.65938
130118,3.55324
130119,3.81036
130120,3.71565
130121,4.15497
130122,2.49887
130123,3.04819
130124,4.43518
130125,3.66873
130126,4.56379
130127,3.80837
130128,4.4739
130129,4.6827
130130,4.51078
130131,3.79255
130132,2.58519
130133,4.36727
130134,3.95999
130135,3.42903
130136,3.8175
130137,2.64072
130138,3.91696
130139,3.56855
130140,3.05982
130141,1.79061
130142,4.5215
130143,4.2185
130144,4.39419
130145,4.68432
130146,4.95928
130147,3.30939
130148,3.94999
130149,3.63096
130150,4.27842
130151,3.9033
130152,2.723
130153,3.77343
130154,3.33662
130155,3.95387
130156,3.99161
130157,5.0
130158,2.54837
130159,4.5361
130160,3.73596
130161,3.79945
130162,2.87702
130163,4.9096
130164,4.67986
130165,4.29897
130166,4.17307
130167,4.66862
130168,3.58606
130169,4.27988
130170,3.68218
130171,3.04568
130172,3.85858
130173,3.06791
130174,3.83146
130175,2.54839
130176,3.38872
130177,4.2728
130178,4.01184
130179,4.2288
130180,3.68788
130181,3.8798
130182,5.0
130183,3.57421
130184,3.00206
130185,4.38146
130186,4.03209
130187,3.9331
130188,4.42952
130189,4.06537
130190,3.17969
130191,4.48097
130192,3.58275
130193,3.84927
130194,3.96182
130195,2.79209
130196,4.27674
130197,4.24731
130198,3.89856
130199,1.27908
130200,5.0
130201,3.00453
130202,3.5751
130203,3.42527
130204,2.23087
130205,3.8929
130206,2.55317
130207,1.0
130208,4.30436
130209,3.87457
130210,3.85954
130211,4.44205
130212,4.15111
130213,2.39475
130214,3.34313
130215,1.46483
130216,3.211
130217,2.1135
130218,1.86456
130219,2.98616
130220,3.74866
130221,2.50868
130222,1.88067
130223,2.66148
130224,1.84497
130225,1.00189
130226,1.63514
130227,1.61548
130228,1.49554
130229,4.83323
130230,2.34353
130231,2.55824
130232,1.93814
130233,1.74049
130234,3.50418
130235,2.69751
130236,1.39436
130237,2.20535
130238,2.59616
130239,2.02951
130240,2.11298
130241,2.81012
130242,1.64019
130243,1.43451
130244,2.54277
130245,3.75817
130246,1.74188
130247,4.08854
130248,1.0
130249,2.18698
130250,4.4942
130251,4.4426
130252,3.58325
130253,2.19377
130254,2.57502
130255,2.54068
130256,2.80613
130257,2.38406
130258,1.50791
130259,2.88107
130260,4.53936
130261,4.52452
130262,4.75955
130263,3.55665
130264,4.61375
130265,4.10076
130266,4.05284
130267,3.97311
130268,4.66372
130269,4.46426
130270,4.26964
130271,4.39882
130272,2.90573
130273,4.03399
130274,4.00082
130275,4.53647
130276,4.23216
130277,4.74714
130278,4.60022
130279,4.40568
130280,4.04419
130281,4.6924
130282,4.39499
130283,3.93608
130284,5.0
130285,4.81953
130286,4.57199
130287,4.07838
130288,3.96164
130289,4.77512
130290,4.48882
130291,4.52329
130292,4.69637
130293,4.60376
130294,4.61914
130295,4.33402
130296,3.42061
130297,4.8149
130298,4.1847
130299,2.42681
130300,3.97845
130301,2.05085
130302,3.62485
130303,4.23966
130304,4.60322
130305,3.4019
130306,3.53722
130307,2.9023
130308,3.77345
130309,3.32306
130310,3.5107
130311,4.03871
130312,3.64886
130313,3.74018
130314,4.55044
130315,3.04149
130316,4.45565
130317,3.94373
130318,3.41127
130319,4.50801
130320,4.15086
130321,2.9422
130322,2.53019
130323,2.05311
130324,4.27462
130325,4.98244
130326,2.85981
130327,2.86606
130328,3.52681
130329,3.83509
130330,4.27683
130331,2.55519
130332,2.4613
130333,2.94957
130334,3.58982
130335,2.7149
130336,4.60519
130337,2.14738
130338,3.92781
130339,3.45517
130340,3.00551
130341,4.64562
130342,4.31744
130343,4.77014
130344,3.76778
130345,3.52984
130346,2.98342
130347,3.20634
130348,4.60182
130349,3.77882
130350,3.24424
130351,4.5268
130352,3.87666
130353,3.75796
130354,5.0
130355,3.11267
130356,2.10906
130357,4.57254
130358,4.95367
130359,4.76186
130360,3.58403
130361,4.6828
130362,4.3845
130363,3.24998
130364,3.2935
130365,2.86975
130366,3.53008
130367,3.52597
130368,3.1267
130369,3.14391
130370,3.26869
130371,2.42407
130372,3.63416
130373,3.95658
130374,3.39544
130375,4.05857
130376,3.81572
130377,4.96466
130378,3.68307
130379,2.93681
130380,2.5459
130381,3.63151
130382,3.22965
130383,3.45345
130384,3.80855
130385,3.25093
130386,3.77134
130387,2.96823
130388,4.87964
130389,3.20492
130390,3.59855
130391,4.74744
130392,4.70719
130393,2.34807
130394,3.47294
130395,1.31505
130396,3.75484
130397,1.86791
130398,1.0
130399,4.26765
130400,4.30927
130401,2.49565
130402,4.37278
130403,4.80472
130404,4.73162
130405,4.1235
130406,2.99088
130407,4.7711
130408,4.09615
130409,4.80709
130410,4.37978
130411,4.76897
130412,2.27275
130413,2.47359
130414,3.61767
130415,3.67346
130416,3.93872
130417,3.79594
130418,4.55845
130419,4.49858
130420,4.45483
130421,3.72387
130422,4.21441
130423,3.98702
130424,4.13404
130425,3.79069
130426,3.90809
130427,4.8984
130428,4.0915
130429,3.67292
130430,4.35772
130431,4.53306
130432,3.21134
130433,3.33942
130434,4.7661
130435,4.8218
130436,4.11781
130437,4.52612
130438,4.6654
130439,4.5795
130440,4.87156
130441,4.42925
130442,3.56122
130443,3.38056
130444,3.15437
130445,3.21587
130446,3.19108
130447,2.94301
130448,4.35252
130449,3.69435
130450,2.74577
130451,3.81441
130452,2.65818
130453,3.85788
130454,4.41355
130455,2.50114
130456,3.40559
130457,2.91252
130458,2.97595
130459,3.03357
130460,4.29248
130461,5.0
130462,2.51201
130463,3.03094
130464,3.82281
130465,2.74588
130466,3.49909
130467,2.75142
130468,3.12679
130469,3.34808
130470,3.17268
130471,3.33503
130472,3.03751
130473,4.21571
130474,3.11898
130475,4.3293
130476,3.66793
130477,2.47966
130478,4.20157
130479,3.41557
130480,3.76992
130481,3.68512
130482,3.55331
130483,4.16041
130484,3.57073
130485,3.90492
130486,2.71649
130487,4.19935
130488,4.24222
130489,3.15812
130490,4.11157
130491,3.26749
130492,2.94027
130493,3.58332
130494,3.95426
130495,3.7209
130496,3.54109
130497,4.6676
130498,3.08235
130499,2.74332
130500,3.80098
130501,4.64011
130502,3.73875
130503,4.20909
130504,3.50224
130505,2.93218
130506,4.12888
130507,3.02308
130508,4.38643
130509,3.65459
130510,3.40314
130511,5.0
130512,4.95059
130513,3.46922
130514,4.2556
130515,4.25803
130516,2.44213
130517,4.72577
130518,2.72968
130519,4.07546
130520,3.14547
130521,2.89342
130522,3.58444
130523,3.48857
130524,4.33852
130525,3.67765
130526,3.9845
130527,3.57109
130528,2.95544
130529,4.01395
130530,4.16775
130531,3.97037
130532,3.70845
130533,3.246
130534,3.72872
130535,3.03157
130536,3.35912
130537,4.07752
130538,3.52806
130539,2.35089
130540,3.75613
130541,3.57835
130542,5.0
130543,4.4103
130544,3.5915
130545,4.15204
130546,3.36944
130547,3.48014
130548,4.56678
130549,1.8387
130550,2.91804
130551,5.0
130552,2.19255
130553,2.14358
130554,3.79037
130555,4.74544
130556,5.0
130557,4.42307
130558,3.53945
130559,3.41557
130560,4.01814
130561,3.03337
130562,3.59761
130563,2.3777
130564,4.66228
130565,1.41934
130566,4.74879
130567,3.86581
130568,3.60124
130569,1.37952
130570,3.70686
130571,1.38865
130572,3.01999
130573,1.76476
130574,2.93695
130575,4.95189
130576,3.68366
130577,3.21823
130578,2.96742
130579,3.22513
130580,4.97267
130581,4.75518
130582,3.80101
130583,3.45582
130584,2.64306
130585,3.47708
130586,4.2731
130587,4.01312
130588,3.21923
130589,4.22057
130590,3.03673
130591,3.68942
130592,4.30747
130593,4.18828
130594,4.61634
130595,2.58085
130596,4.00963
130597,2.31914
130598,1.80861
130599,3.23865
130600,4.42845
130601,4.19711
130602,3.94156
130603,3.92946
130604,3.73556
130605,3.07406
130606,4.00551
130607,3.27667
130608,2.5852
130609,4.06546
130610,3.70654
130611,3.40538
130612,4.16411
130613,3.12257
130614,3.35778
130615,3.95995
130616,4.15671
130617,4.37519
130618,2.60789
130619,4.59654
130620,5.0
130621,3.99232
130622,3.78255
130623,4.46282
130624,3.88415
130625,4.08944
130626,3.88703
130627,3.39833
130628,4.20667
130629,4.10453
130630,4.37883
130631,4.74158
130632,4.09353
130633,4.02577
130634,3.37574
130635,4.40242
130636,4.57298
130637,3.69086
130638,3.74528
130639,3.38332
130640,2.90185
130641,4.00306
130642,3.36784
130643,2.82133
130644,2.03146
130645,2.94859
130646,4.04076
130647,3.4795
130648,4.16868
130649,2.92897
130650,3.49103
130651,4.29169
130652,4.45641
130653,3.4883
130654,3.43109
130655,4.2119
130656,3.86655
130657,3.44334
130658,3.63339
130659,4.1039
130660,4.3882
130661,3.84261
130662,4.63533
130663,4.49092
130664,2.84403
130665,3.00796
130666,3.35037
130667,4.00353
130668,3.98493
130669,3.64522
130670,4.12366
130671,4.03026
130672,5.0
130673,4.6218
130674,5.0
130675,3.94743
130676,3.40551
130677,4.46107
130678,4.12099
130679,3.35524
130680,3.7645
130681,3.22371
130682,2.57331
130683,2.83333
130684,3.81346
130685,3.08161
130686,2.99524
130687,1.81714
130688,2.70876
130689,2.75433
130690,3.48666
130691,4.053
130692,3.39974
130693,1.67486
130694,2.96873
130695,4.42554
130696,4.42264
130697,4.71695
130698,2.71417
130699,2.8244
130700,2.2865
130701,3.46592
130702,2.34104
130703,3.82043
130704,4.97417
130705,2.01425
130706,3.24569
130707,2.71
130708,4.65087
130709,4.42107
130710,4.6021
130711,3.98255
130712,3.34245
130713,4.08701
130714,2.91225
130715,1.65445
130716,3.73986
130717,2.87204
130718,4.53805
130719,2.77229
130720,3.28787
130721,3.33988
130722,2.81696
130723,4.43771
130724,3.17361
130725,4.23536
130726,3.99904
130727,3.89846
130728,3.58843
130729,4.085
130730,4.89048
130731,4.18188
130732,3.73759
130733,3.04525
130734,5.0
130735,3.89939
130736,4.30656
130737,5.0
130738,3.55467
130739,3.70924
130740,4.90409
130741,3.90811
130742,3.65501
130743,4.27449
130744,3.95592
130745,4.8678
130746,4.58196
130747,4.31731
130748,5.0
130749,2.8373
130750,4.77887
130751,2.30191
130752,2.71277
130753,4.3307
130754,4.88293
130755,3.31613
130756,5.0
130757,4.66198
130758,5.0
130759,4.15514
130760,3.02219
130761,4.28711
130762,4.61345
130763,4.06047
130764,3.55947
130765,4.91025
130766,4.86614
130767,3.74701
130768,5.0
130769,4.20461
130770,4.33295
130771,4.55522
130772,2.33136
130773,3.0277
130774,5.0
130775,3.57969
130776,3.70047
130777,4.85951
130778,4.78983
130779,4.83672
130780,4.02441
130781,2.82852
130782,2.6149
130783,4.61334
130784,5.0
130785,4.79085
130786,5.0
130787,4.29879
130788,4.96943
130789,5.0
130790,4.67054
130791,4.30588
130792,4.68797
130793,4.55545
130794,4.15865
130795,2.97452
130796,4.13806
130797,3.7036
130798,3.84242
130799,4.5421
130800,3.522
130801,4.74261
130802,4.66328
130803,4.46376
130804,3.39717
130805,4.94942
130806,4.38422
130807,4.57592
130808,4.61676
130809,3.938
130810,4.4453
130811,4.82495
130812,3.91713
130813,4.63005
130814,4.12374
130815,3.36943
130816,4.52755
130817,3.37439
130818,4.32697
130819,3.04907
130820,4.61927
130821,4.1955
130822,4.90639
130823,3.83557
130824,3.35005
130825,4.11731
130826,4.48181
130827,4.92133
130828,4.36278
130829,4.73762
130830,4.13405
130831,4.72875
130832,4.17141
130833,3.76424
130834,2.71866
130835,4.51047
130836,4.30544
130837,3.36986
130838,4.08458
130839,3.21005
130840,4.44343
130841,4.0111
130842,3.64378
130843,4.04495
130844,2.91415
130845,4.97516
130846,4.52447
130847,4.64347
130848,3.71586
130849,3.74988
130850,3.92775
130851,3.9545
130852,3.9723
130853,4.94631
130854,3.31499
130855,3.67368
130856,3.951
130857,3.88349
130858,1.92653
130859,3.81473
130860,4.63674
130861,3.37682
130862,3.04082
130863,2.48777
130864,3.90743
130865,4.17781
130866,3.829
130867,3.28147
130868,3.53545
130869,4.05806
130870,3.40868
130871,3.02652
130872,3.41006
130873,3.50213
130874,4.57045
130875,3.34271
130876,2.97025
130877,3.99986
130878,3.48911
130879,2.66744
130880,2.67106
130881,4.04106
130882,4.17865
130883,3.40014
130884,3.05832
130885,3.84139
130886,3.32648
130887,3.46392
130888,3.48006
130889,3.32457
130890,4.20121
130891,3.92775
130892,2.92706
130893,3.57791
130894,2.8423
130895,3.85993
130896,3.33812
130897,3.02656
130898,3.33913
130899,4.04689
130900,3.22471
130901,3.85692
130902,3.9553
130903,2.95241
130904,2.60988
130905,2.88931
130906,1.87316
130907,2.37747
130908,3.92336
130909,2.90818
130910,4.14947
130911,3.3029
130912,4.18648
130913,3.94959
130914,2.90516
130915,3.13971
130916,2.95027
130917,4.64756
130918,4.64722
130919,3.91839
130920,3.9872
130921,4.52162
130922,4.25904
130923,3.94457
130924,3.17558
130925,4.56381
130926,3.48965
130927,2.66519
130928,2.81965
130929,4.87745
130930,4.74367
130931,4.21868
130932,3.64229
130933,5.0
130934,3.70456
130935,4.48171
130936,4.18526
130937,4.4722
130938,4.40918
130939,3.79022
130940,4.49671
130941,2.06649
130942,1.08864
130943,1.71571
130944,1.67062
130945,2.06197
130946,2.38317
130947,2.51747
130948,2.70635
130949,2.04783
130950,3.21524
130951,3.22448
130952,3.88135
130953,1.61199
130954,1.62623
130955,2.96563
130956,3.75214
130957,2.3552
130958,3.80464
130959,1.08971
130960,3.18431
130961,2.65945
130962,3.64006
130963,4.91305
130964,4.69027
130965,3.60222
130966,3.83569
130967,4.92004
130968,3.69129
130969,4.29778
130970,4.62787
130971,3.77631
130972,3.97654
130973,3.16396
130974,4.22155
130975,4.61142
130976,4.39443
130977,4.49741
130978,4.23584
130979,3.49192
130980,2.71423
130981,4.77557
130982,4.85935
130983,4.32543
130984,3.68295
130985,4.61083
130986,4.7152
130987,4.55018
130988,3.90514
130989,2.8185
130990,3.79702
130991,3.1677
130992,4.66817
130993,4.5421
130994,4.51341
130995,3.05595
130996,4.31519
130997,4.18902
130998,4.55647
130999,3.67572
131000,4.59889
131001,4.23585
131002,4.0234
131003,4.88156
131004,4.58533
131005,4.89993
131006,2.40456
131007,4.68949
131008,4.70215
131009,4.93995
131010,4.49038
131011,2.01351
131012,4.31986
131013,2.4397
131014,4.18945
131015,4.03354
131016,4.40059
131017,3.67809
131018,4.15924
131019,4.06056
131020,3.40824
131021,4.27656
131022,3.00039
131023,1.99374
131024,3.39413
131025,3.40117
131026,3.36721
131027,2.63362
131028,3.17437
131029,2.26341
131030,2.87527
131031,4.14991
131032,2.60124
131033,3.06645
131034,1.78677
131035,2.16543
131036,3.30668
131037,3.00728
131038,4.2462
131039,2.77592
131040,2.63269
131041,2.48704
131042,1.9299
131043,3.32847
131044,4.5115
131045,3.80308
131046,3.92806
131047,4.12937
131048,3.40819
131049,4.16156
131050,4.11869
131051,4.96261
131052,5.0
131053,5.0
131054,3.12342
131055,3.4204
131056,3.53229
131057,2.86625
131058,3.67322
131059,3.03098
131060,4.90964
131061,3.4349
131062,3.56482
131063,5.0
131064,4.78079
131065,3.8142
131066,3.3231
131067,4.03419
131068,2.83904
131069,3.24772
131070,3.70096
131071,2.85162
131072,3.12586
131073,3.02219
131074,2.75049
131075,2.57137
131076,2.98683
131077,3.11386
131078,3.25362
131079,3.05245
131080,2.59313
131081,2.88301
131082,2.65916
131083,1.96839
131084,2.79587
131085,4.51359
131086,3.44124
131087,2.09246
131088,1.81854
131089,2.61058
131090,3.3504
131091,3.13336
131092,1.41538
131093,3.05873
131094,2.44315
131095,2.51877
131096,3.54512
131097,2.97595
131098,1.59968
131099,2.81797
131100,2.09101
131101,1.35609
131102,1.69509
131103,1.8054
131104,3.32587
131105,2.97063
131106,3.23059
131107,2.30141
131108,1.52754
131109,1.66212
131110,2.92989
131111,4.03361
131112,1.51813
131113,3.37816
131114,1.52593
131115,3.36783
131116,3.67592
131117,3.77026
131118,3.41682
131119,4.0164
131120,3.74515
131121,2.59886
131122,3.73454
131123,2.98346
131124,4.85425
131125,4.48354
131126,4.20044
131127,4.2208
131128,4.97732
131129,3.85925
131130,4.68779
131131,5.0
131132,3.84359
131133,3.54727
131134,3.72955
131135,2.94581
131136,3.92513
131137,4.20152
131138,4.79087
131139,2.97809
131140,2.5837
131141,2.33881
131142,2.91553
131143,2.67989
131144,2.42221
131145,3.2238
131146,2.71641
131147,3.13065
131148,2.61283
131149,1.4775
131150,2.32829
131151,3.9013
131152,3.91105
131153,3.01149
131154,2.52141
131155,2.98216
131156,1.59053
131157,2.8947
131158,2.24994
131159,2.52342
131160,2.9955
131161,2.7678
131162,3.12482
131163,2.13354
131164,1.7754
131165,1.99214
131166,2.54229
131167,2.94586
131168,2.89273
131169,4.49769
131170,2.93258
131171,2.78071
131172,4.71867
131173,5.0
131174,4.90932
131175,4.25551
131176,3.54049
131177,4.88944
131178,2.66365
131179,4.89002
131180,4.55021
131181,4.18484
131182,4.83971
131183,4.99397
131184,5.0
131185,4.0266
131186,3.33882
131187,4.44589
131188,4.22928
131189,2.99209
131190,3.42182
131191,2.89416
131192,3.49356
131193,4.20077
131194,4.06327
131195,3.04887
131196,3.51026
131197,2.90686
131198,5.0
131199,3.70805
131200,2.2947
131201,4.5829
131202,3.17584
131203,3.84768
131204,4.13196
131205,4.17169
131206,3.8843
131207,3.62083
131208,3.50795
131209,2.31419
131210,3.67318
131211,3.14873
131212,2.86999
131213,3.29131
131214,3.02596
131215,2.9392
131216,3.06019
131217,3.862
131218,3.48679
131219,2.88364
131220,3.12403
131221,2.72068
131222,1.78094
131223,3.41904
131224,2.00381
131225,1.89101
131226,3.08099
131227,2.71296
131228,2.27824
131229,3.12388
131230,2.70606
131231,3.15806
131232,2.96028
131233,3.2927
131234,3.49746
131235,4.21766
131236,3.22717
131237,3.98398
131238,3.46457
131239,4.28558
131240,3.12971
131241,3.61452
131242,3.27537
131243,2.96822
131244,3.38928
131245,3.73142
131246,2.83544
131247,2.31468
131248,3.85382
131249,2.62292
131250,3.28753
131251,3.23351
131252,3.77809
131253,2.82665
131254,2.88265
131255,2.96001
131256,3.32717
131257,3.37762
131258,2.12144
131259,3.35935
131260,3.28073
131261,3.52519
131262,3.27242
131263,3.60551
131264,2.38993
131265,3.07821
131266,2.92143
131267,1.82208
131268,3.45324
131269,2.96347
131270,3.08327
131271,3.03073
131272,2.97902
131273,2.53382
131274,3.52154
131275,3.90964
131276,3.3652
131277,3.29946
131278,3.16433
131279,5.0
131280,3.998
131281,3.5395
131282,5.0
131283,4.83943
131284,5.0
131285,5.0
131286,5.0
131287,4.63431
131288,4.69944
131289,4.7519
131290,4.48476
131291,4.58162
131292,4.4138
131293,2.40499
131294,3.05447
131295,2.27606
131296,3.41633
131297,4.01942
131298,4.03647
131299,3.95733
131300,3.75414
131301,3.92785
131302,3.15678
131303,3.41309
131304,3.73522
131305,3.14039
131306,3.9183
131307,3.17465
131308,3.20592
131309,3.43458
131310,3.35318
131311,3.48546
131312,4.4274
131313,3.62339
131314,3.17829
131315,3.62574
131316,4.0046
131317,2.17854
131318,3.30639
131319,3.79805
131320,3.80539
131321,3.43414
131322,3.41184
131323,4.2143
131324,3.56853
131325,3.58293
131326,3.89096
131327,4.04314
131328,2.98295
131329,3.83312
131330,4.62898
131331,3.86013
131332,3.16981
131333,3.19186
131334,4.14089
131335,3.9524
131336,4.33504
131337,3.71796
131338,4.37812
131339,4.66366
131340,4.93359
131341,3.71619
131342,3.89518
131343,2.35762
131344,2.59052
131345,2.44997
131346,3.201
131347,3.28673
131348,3.60126
131349,4.45308
131350,4.41312
131351,3.9503
131352,2.24578
131353,3.0601
131354,4.08776
131355,4.51749
131356,2.89396
131357,3.1887
131358,2.88077
131359,3.50586
131360,4.75849
131361,4.10681
131362,2.56157
131363,2.51559
131364,3.628
131365,3.73642
131366,3.07897
131367,4.00688
131368,4.39376
131369,3.86522
131370,4.46114
131371,3.00621
131372,4.02872
131373,4.42375
131374,4.69266
131375,3.44458
131376,2.84073
131377,3.63852
131378,3.75522
131379,3.31794
131380,3.98398
131381,2.3648
131382,3.59743
131383,3.12153
131384,4.66808
131385,4.20447
131386,4.08394
131387,3.91942
131388,3.42193
131389,3.61852
131390,3.46573
131391,3.34939
131392,3.43772
131393,3.55864
131394,3.38227
131395,3.64982
131396,3.34766
131397,3.53075
131398,3.65853
131399,3.94726
131400,3.88209
131401,4.11097
131402,2.34056
131403,3.75532
131404,3.58576
131405,4.00618
131406,3.60758
131407,3.00708
131408,2.98361
131409,3.39857
131410,3.20711
131411,3.90896
131412,3.25692
131413,3.06057
131414,3.75407
131415,3.49823
131416,3.77532
131417,3.66842
131418,4.56603
131419,4.60634
131420,4.01843
131421,4.59432
131422,4.41045
131423,2.56832
131424,4.3685
131425,3.42058
131426,3.94176
131427,3.98432
131428,2.73842
131429,3.63964
131430,3.65047
131431,3.66617
131432,2.65448
131433,2.46131
131434,3.89576
131435,4.15237
131436,3.04344
131437,3.16652
131438,3.48427
131439,1.29701
131440,2.93932
131441,4.27133
131442,2.20148
131443,4.05852
131444,3.98195
131445,3.51187
131446,3.73061
131447,3.87132
131448,4.04555
131449,3.03989
131450,2.72697
131451,3.49496
131452,3.55753
131453,3.35834
131454,3.82065
131455,2.23705
131456,2.86021
131457,2.81113
131458,3.38895
131459,3.8352
131460,4.01613
131461,2.97306
131462,2.23827
131463,3.02963
131464,3.99679
131465,2.58281
131466,3.37279
131467,4.01898
131468,3.0133
131469,4.27795
131470,1.62485
131471,4.46486
131472,4.80853
131473,4.09694
131474,3.61676
131475,3.23816
131476,4.37427
131477,3.91605
131478,4.79782
131479,4.64709
131480,4.67905
131481,3.53005
131482,3.69522
131483,5.0
131484,3.78774
131485,3.92941
131486,3.70832
131487,4.01666
131488,3.84299
131489,4.09107
131490,3.40343
131491,3.79396
131492,3.96101
131493,5.0
131494,4.04802
131495,3.78968
131496,5.0
131497,3.6293
131498,4.51713
131499,4.72405
131500,4.55005
131501,4.18229
131502,4.56638
131503,4.02998
131504,2.55376
131505,4.17356
131506,3.87108
131507,3.82526
131508,3.5381
131509,3.6038
131510,4.21484
131511,3.99116
131512,3.54403
131513,4.60402
131514,3.43476
131515,2.88931
131516,3.70111
131517,3.16177
131518,3.3716
131519,3.57899
131520,3.81122
131521,3.76964
131522,3.62547
131523,2.41665
131524,3.03443
131525,2.74222
131526,2.77017
131527,1.99786
131528,2.86402
131529,2.21468
131530,2.27056
131531,3.10696
131532,3.27843
131533,4.19131
131534,2.97002
131535,4.15476
131536,3.72522
131537,1.97523
131538,4.11275
131539,3.00793
131540,3.09454
131541,2.7318
131542,2.34392
131543,3.7451
131544,3.61291
131545,3.09393
131546,2.99638
131547,3.17353
131548,3.21172
131549,3.71672
131550,3.4803
131551,4.26829
131552,3.57522
131553,4.31531
131554,3.07706
131555,3.62915
131556,3.86125
131557,3.55816
131558,2.90326
131559,3.00957
131560,3.40309
131561,2.75418
131562,3.27931
131563,3.34037
131564,3.66931
131565,4.10976
131566,3.27015
131567,3.21781
131568,3.81668
131569,3.30937
131570,2.56
131571,3.74315
131572,3.05116
131573,4.01584
131574,3.32138
131575,2.27974
131576,3.41141
131577,3.774
131578,2.32217
131579,2.57889
131580,3.4507
131581,3.45736
131582,2.85298
131583,3.75897
131584,3.5025
131585,4.5166
131586,3.61767
131587,3.17694
131588,3.64971
131589,4.6931
131590,3.6248
131591,3.46995
131592,4.55461
131593,3.92726
131594,3.15363
131595,4.27225
131596,4.46066
131597,4.67245
131598,5.0
131599,5.0
131600,4.10874
131601,4.9
131602,3.5592
131603,3.66362
131604,3.88929
131605,4.34624
131606,3.52979
131607,3.61229
131608,3.17299
131609,4.22423
131610,4.69153
131611,3.98538
131612,3.37062
131613,3.70807
131614,4.53824
131615,4.20678
131616,4.02993
131617,3.36336
131618,3.73407
131619,3.49081
131620,3.25872
131621,3.91264
131622,3.91648
131623,4.27078
131624,3.34384
131625,3.4249
131626,2.60025
131627,3.64099
131628,3.05304
131629,3.1969
131630,3.67808
131631,3.29707
131632,3.6201
131633,3.27463
131634,3.64884
131635,3.47884
131636,3.51148
131637,3.86226
131638,3.13167
131639,3.67911
131640,3.6086
131641,3.75667
131642,3.17354
131643,2.84754
131644,4.20681
131645,3.35784
131646,3.84433
131647,3.27926
131648,2.91155
131649,3.3594
131650,1.80647
131651,3.16116
131652,3.63258
131653,3.38483
131654,3.66767
131655,2.24524
131656,2.80208
131657,3.28314
131658,3.09048
131659,2.93738
131660,3.41524
131661,3.47359
131662,3.4933
131663,3.67225
131664,3.31562
131665,3.44849
131666,2.66568
131667,3.79934
131668,2.6884
131669,3.58945
131670,3.99794
131671,4.4265
131672,4.3394
131673,4.30445
131674,4.06378
131675,4.42775
131676,3.65051
131677,4.5065
131678,3.62628
131679,4.16332
131680,3.84
131681,4.04055
131682,3.98414
131683,4.24678
131684,3.85097
131685,4.27036
131686,4.21254
131687,3.45031
131688,3.94943
131689,1.95512
131690,2.95558
131691,3.96733
131692,4.46312
131693,3.43209
131694,3.27598
131695,4.28236
131696,3.713
131697,4.08308
131698,4.51247
131699,3.93089
131700,4.13865
131701,3.74008
131702,4.18735
131703,3.37596
131704,2.74292
131705,3.94791
131706,4.49332
131707,3.25972
131708,4.37894
131709,3.86561
131710,4.21417
131711,3.91625
131712,4.08219
131713,4.16283
131714,4.25512
131715,4.3308
131716,4.00197
131717,3.70315
131718,3.92896
131719,4.24636
131720,3.82602
131721,4.64775
131722,4.33267
131723,3.73837
131724,3.88683
131725,3.70249
131726,4.38145
131727,3.88026
131728,2.72518
131729,3.78564
131730,3.97126
131731,4.44318
131732,3.72985
131733,3.72102
131734,3.71346
131735,4.34942
131736,3.39372
131737,4.01924
131738,3.46192
131739,4.44846
131740,4.81312
131741,3.44626
131742,3.42933
131743,3.41002
131744,4.73831
131745,3.81601
131746,3.39065
131747,4.55959
131748,3.75749
131749,3.31614
131750,2.50636
131751,3.31114
131752,2.80063
131753,2.01124
131754,3.63663
131755,3.69186
131756,3.17465
131757,3.67822
131758,3.54585
131759,3.07289
131760,2.77427
131761,4.69805
131762,3.62949
131763,2.58618
131764,3.76321
131765,3.53217
131766,3.3462
131767,3.74824
131768,3.12479
131769,4.05441
131770,1.83702
131771,3.64269
131772,3.83914
131773,2.90383
131774,3.10038
131775,2.97047
131776,2.87546
131777,3.77042
131778,3.12549
131779,3.53594
131780,3.68255
131781,3.20902
131782,2.91555
131783,3.47542
131784,2.52043
131785,3.44215
131786,2.75459
131787,3.55946
131788,4.22268
131789,3.73098
131790,2.48737
131791,3.73822
131792,3.56844
131793,4.19543
131794,3.6138
131795,3.60777
131796,3.62809
131797,4.26727
131798,4.0455
131799,3.78142
131800,3.0462
131801,2.18292
131802,3.01781
131803,3.42829
131804,3.88866
131805,2.79571
131806,2.17702
131807,2.38622
131808,3.18548
131809,3.36698
131810,3.03566
131811,3.47815
131812,3.53458
131813,2.88489
131814,3.11458
131815,3.90087
131816,2.60063
131817,3.81504
131818,3.80328
131819,3.55777
131820,3.82048
131821,3.2292
131822,3.11082
131823,4.20124
131824,3.21218
131825,3.92681
131826,4.32823
131827,4.18184
131828,2.59056
131829,3.93888
131830,2.2924
131831,4.2849
131832,2.90402
131833,3.85128
131834,2.8878
131835,3.23442
131836,3.37419
131837,3.83967
131838,2.60808
131839,4.2163
131840,2.961
131841,3.45834
131842,3.38923
131843,2.44603
131844,3.66912
131845,3.87112
131846,3.67671
131847,3.63184
131848,4.11054
131849,4.3327
131850,3.64396
131851,2.24945
131852,2.79131
131853,3.07977
131854,3.71746
131855,3.39083
131856,3.36951
131857,3.3479
131858,3.98007
131859,3.88461
131860,3.15717
131861,3.92284
131862,3.75174
131863,3.65305
131864,2.70335
131865,3.7745
131866,3.7517
131867,3.17946
131868,3.35202
131869,3.66356
131870,4.16416
131871,4.2688
131872,4.28869
131873,3.94712
131874,3.91373
131875,2.88901
131876,2.2943
131877,3.73864
131878,3.63756
131879,4.36589
131880,4.09997
131881,5.0
131882,3.99489
131883,4.45082
131884,4.52015
131885,5.0
131886,3.91834
131887,4.67395
131888,5.0
131889,4.00266
131890,3.91492
131891,4.069
131892,4.37049
131893,4.04758
131894,3.3926
131895,4.8564
131896,3.55507
131897,3.94861
131898,4.21268
131899,3.59335
131900,4.21176
131901,4.19705
131902,3.27385
131903,3.95591
131904,4.18128
131905,4.50068
131906,4.22357
131907,4.58584
131908,3.94674
131909,4.85194
131910,1.67624
131911,4.54187
131912,3.38503
131913,3.4996
131914,3.66793
131915,3.88747
131916,2.90761
131917,3.94261
131918,3.89238
131919,3.78639
131920,4.10368
131921,3.73661
131922,4.37822
131923,4.16471
131924,4.29796
131925,3.85917
131926,4.29902
131927,4.32575
131928,3.91513
131929,4.01287
131930,3.66143
131931,3.17178
131932,3.56565
131933,3.48259
131934,4.27027
131935,3.72101
131936,3.73527
131937,3.6009
131938,4.37024
131939,4.25989
131940,4.02792
131941,3.26459
131942,3.71674
131943,2.98535
131944,3.84714
131945,3.90819
131946,3.21134
131947,3.86401
131948,2.74216
131949,3.59243
131950,3.44773
131951,3.7474
131952,2.78157
131953,3.63155
131954,3.82185
131955,3.07456
131956,4.19684
131957,3.93859
131958,4.03987
131959,3.77952
131960,3.49108
131961,4.06002
131962,4.10932
131963,3.2303
131964,2.96427
131965,3.71721
131966,4.00272
131967,4.38579
131968,4.3252
131969,3.70956
131970,3.31318
131971,3.43537
131972,3.78985
131973,3.3656
131974,4.22916
131975,3.35916
131976,2.9348
131977,4.09612
131978,3.87268
131979,3.49852
131980,3.14056
131981,3.69175
131982,3.87949
131983,3.06625
131984,2.33657
131985,3.85093
131986,4.53478
131987,4.35899
131988,4.19841
131989,4.04241
131990,3.99684
131991,1.62772
131992,4.58446
131993,4.84934
131994,3.18054
131995,3.29264
131996,4.29674
131997,3.90223
131998,3.47531
131999,3.72079
132000,4.38376
132001,4.64377
132002,4.18737
132003,3.29401
132004,3.77435
132005,3.50979
132006,3.9066
132007,3.05964
132008,3.22589
132009,3.83262
132010,3.44781
132011,2.94488
132012,3.8052
132013,3.41714
132014,3.20723
132015,3.80486
132016,3.76112
132017,3.82998
132018,3.67037
132019,4.37651
132020,3.92024
132021,3.73132
132022,4.02625
132023,3.79015
132024,3.69191
132025,4.20296
132026,4.42333
132027,3.76301
132028,4.00426
132029,3.55005
132030,3.77215
132031,3.1334
132032,3.80043
132033,3.43699
132034,3.34421
132035,2.36122
132036,3.72084
132037,2.97942
132038,3.5961
132039,3.66718
132040,3.63204
132041,4.33331
132042,4.25076
132043,3.37164
132044,4.14242
132045,3.77788
132046,2.98885
132047,4.09716
132048,3.56884
132049,3.94543
132050,3.26828
132051,2.97174
132052,3.51237
132053,3.94379
132054,3.82064
132055,3.50959
132056,3.51766
132057,3.78525
132058,4.03166
132059,3.69615
132060,3.08465
132061,4.07286
132062,3.99087
132063,4.41338
132064,4.43794
132065,4.26426
132066,2.76092
132067,4.16578
132068,3.86481
132069,3.80241
132070,3.15378
132071,3.70249
132072,2.33924
132073,4.47818
132074,4.95026
132075,4.50456
132076,3.82607
132077,4.06695
132078,2.9819
132079,4.01843
132080,3.86459
132081,4.24396
132082,4.58422
132083,4.09341
132084,3.83839
132085,2.27549
132086,5.0
132087,5.0
132088,4.51373
132089,3.98302
132090,3.221
132091,3.52503
132092,3.6879
132093,4.23825
132094,3.94388
132095,3.98377
132096,4.51302
132097,3.26554
132098,3.55733
132099,3.39612
132100,4.18878
132101,2.60658
132102,3.24238
132103,4.35282
132104,3.18511
132105,3.9625
132106,3.22998
132107,3.25481
132108,3.21447
132109,3.37477
132110,2.66392
132111,3.97586
132112,2.8979
132113,4.78273
132114,3.95637
132115,3.7065
132116,3.98778
132117,3.75994
132118,3.52055
132119,4.17493
132120,4.45181
132121,4.17515
132122,4.08087
132123,4.17603
132124,4.36451
132125,4.03585
132126,4.98877
132127,4.46294
132128,3.79351
132129,3.89365
132130,3.68144
132131,4.31648
132132,4.82561
132133,3.8436
132134,3.97722
132135,3.00275
132136,3.16517
132137,2.83254
132138,3.278
132139,2.48654
132140,4.52225
132141,2.98663
132142,3.54272
132143,2.46207
132144,1.83253
132145,1.93451
132146,3.20648
132147,2.19231
132148,4.08857
132149,3.8753
132150,3.10859
132151,3.27358
132152,3.20153
132153,2.76857
132154,1.49911
132155,1.99966
132156,4.96881
132157,3.40153
132158,1.98219
132159,3.53953
132160,3.42292
132161,3.48666
132162,3.63661
132163,3.07424
132164,2.3281
132165,2.66501
132166,3.35234
132167,3.73737
132168,3.35824
132169,4.31507
132170,4.44905
132171,4.1229
132172,4.42329
132173,4.13883
132174,3.77916
132175,3.97086
132176,4.08331
132177,3.96799
132178,4.04412
132179,2.21034
132180,3.17202
132181,4.34604
132182,3.93039
132183,3.5025
132184,2.37061
132185,3.22444
132186,4.65767
132187,3.11405
132188,3.53947
132189,3.74051
132190,3.59579
132191,2.68465
132192,1.0
132193,3.55593
132194,2.20586
132195,2.40312
132196,3.72674
132197,3.83972
132198,4.37105
132199,3.75683
132200,1.50856
132201,3.7408
132202,3.48424
132203,3.46874
132204,3.9129
132205,3.70236
132206,2.86464
132207,3.35197
132208,4.22062
132209,3.41056
132210,3.99133
132211,3.98643
132212,2.59205
132213,3.36914
132214,2.13858
132215,3.1043
132216,2.11794
132217,2.90353
132218,2.87817
132219,2.90517
132220,2.31073
132221,3.43488
132222,2.65386
132223,2.17757
132224,2.68081
132225,2.41722
132226,2.78208
132227,3.37736
132228,1.52735
132229,2.66701
132230,1.0
132231,3.19454
132232,2.01327
132233,2.55663
132234,2.51466
132235,2.81173
132236,2.33381
132237,1.05154
132238,2.5322
132239,2.52399
132240,2.10535
132241,1.51872
132242,2.16778
132243,1.18782
132244,3.01777
132245,1.78153
132246,1.8612
132247,1.96084
132248,2.45159
132249,2.95033
132250,1.99603
132251,2.68294
132252,2.05779
132253,3.35184
132254,1.85943
132255,1.77445
132256,1.94765
132257,2.21159
132258,2.69311
132259,4.02745
132260,2.09117
132261,2.53162
132262,2.3775
132263,1.31211
132264,1.38822
132265,2.63715
132266,1.0
132267,3.47785
132268,3.05981
132269,2.56855
132270,3.08019
132271,2.87914
132272,2.20717
132273,2.78095
132274,2.71162
132275,2.64581
132276,2.65695
132277,2.946
132278,2.55787
132279,2.4719
132280,2.48923
132281,2.0578
132282,2.42123
132283,2.4894
132284,2.38644
132285,3.08533
132286,1.2599
132287,3.66333
132288,3.19205
132289,2.38106
132290,3.08212
132291,2.86598
132292,1.82105
132293,2.63034
132294,1.11488
132295,2.97872
132296,2.18449
132297,2.82348
132298,3.32923
132299,2.65811
132300,3.20894
132301,2.71745
132302,2.60216
132303,2.82239
132304,2.60927
132305,3.08378
132306,1.7427
132307,3.77314
132308,1.55779
132309,3.86718
132310,4.12455
132311,3.88071
132312,3.70404
132313,3.85906
132314,3.18421
132315,2.61123
132316,2.03853
132317,2.04563
132318,4.00767
132319,3.71821
132320,2.83313
132321,4.11389
132322,3.23538
132323,3.08809
132324,3.97892
132325,2.72222
132326,4.45101
132327,3.7786
132328,4.03609
132329,3.16135
132330,3.94857
132331,3.53023
132332,3.74171
132333,3.85883
132334,3.96803
132335,3.17235
132336,3.47485
132337,3.85014
132338,3.35536
132339,4.03967
132340,4.14239
132341,3.61206
132342,4.11025
132343,3.62266
132344,4.13791
132345,3.57722
132346,3.69369
132347,4.04383
132348,3.63509
132349,3.48358
132350,4.16947
132351,4.04703
132352,4.02346
132353,3.23039
132354,4.60031
132355,2.99007
132356,4.06679
132357,3.79081
132358,3.43474
132359,2.95437
132360,2.79751
132361,5.0
132362,4.06963
132363,3.55973
132364,4.55994
132365,4.84583
132366,2.56247
132367,4.78803
132368,2.85577
132369,3.18514
132370,3.45907
132371,2.90799
132372,2.3228
132373,2.81555
132374,3.15782
132375,3.51222
132376,3.92929
132377,3.7144
132378,3.92153
132379,3.31532
132380,3.77789
132381,3.37312
132382,2.51694
132383,3.87038
132384,3.43799
132385,3.79148
132386,4.25252
132387,3.86201
132388,4.09128
132389,3.26815
132390,3.75009
132391,3.47855
132392,2.98354
132393,2.48729
132394,2.51063
132395,4.08021
132396,3.79774
132397,3.72947
132398,4.09366
132399,4.28319
132400,3.53922
132401,3.88579
132402,4.10122
132403,2.70046
132404,3.79093
132405,4.35017
132406,1.93437
132407,3.97713
132408,3.80466
132409,1.31964
132410,3.83665
132411,2.88419
132412,3.90124
132413,3.56574
132414,4.00827
132415,2.9982
132416,4.32818
132417,4.26435
132418,3.69411
132419,3.16194
132420,3.3072
132421,2.9832
132422,2.36496
132423,3.5884
132424,2.98237
132425,4.39235
132426,2.89371
132427,3.5594
132428,2.98666
132429,3.80131
132430,3.90692
132431,3.21948
132432,4.31768
132433,4.01349
132434,3.23482
132435,3.73972
132436,4.18446
132437,4.67271
132438,2.08078
132439,2.5245
132440,5.0
132441,1.7583
132442,1.83886
132443,2.69803
132444,3.87539
132445,4.08682
132446,3.9292
132447,3.62119
132448,3.76027
132449,3.89019
132450,3.05639
132451,3.22789
132452,3.7287
132453,3.85243
132454,3.7441
132455,2.58303
132456,3.82578
132457,2.89489
132458,1.62745
132459,3.60149
132460,3.3836
132461,4.29608
132462,4.1646
132463,3.46628
132464,3.36498
132465,2.9036
132466,3.31674
132467,3.41508
132468,3.9054
132469,3.86501
132470,3.9752
132471,2.54137
132472,2.50452
132473,4.08095
132474,3.43559
132475,2.83413
132476,3.76958
132477,3.2468
132478,3.44476
132479,3.52967
132480,3.50856
132481,3.71018
132482,3.76752
132483,2.43147
132484,2.47925
132485,3.69432
132486,3.45769
132487,4.29264
132488,3.27637
132489,2.15503
132490,1.98652
132491,3.08273
132492,1.81832
132493,3.14064
132494,2.67618
132495,1.56956
132496,5.0
132497,3.58354
132498,3.7811
132499,3.34683
132500,2.84055
132501,2.19056
132502,3.66316
132503,3.06168
132504,3.38538
132505,1.93067
132506,2.8846
132507,3.68976
132508,3.02317
132509,3.2836
132510,2.18417
132511,4.0777
132512,3.0066
132513,3.29878
132514,3.86819
132515,3.47023
132516,3.87367
132517,3.74558
132518,4.09836
132519,3.78942
132520,3.60521
132521,2.88332
132522,3.5814
132523,3.00801
132524,4.36297
132525,3.19253
132526,4.09747
132527,4.09666
132528,2.87088
132529,4.25307
132530,4.10484
132531,4.484
132532,3.992
132533,4.00783
132534,3.39266
132535,1.84721
132536,4.04133
132537,4.05188
132538,4.20216
132539,3.59869
132540,4.38786
132541,4.62754
132542,3.06795
132543,4.4134
132544,4.09839
132545,4.10913
132546,2.87285
132547,3.73637
132548,3.21455
132549,4.04841
132550,3.65001
132551,4.56895
132552,4.52885
132553,3.25168
132554,4.0942
132555,4.254
132556,3.66726
132557,4.12798
132558,2.97865
132559,4.33669
132560,4.43094
132561,4.18904
132562,3.47824
132563,4.37051
132564,3.54164
132565,4.09091
132566,4.62505
132567,4.10891
132568,3.25023
132569,4.41084
132570,4.71857
132571,4.68125
132572,4.35008
132573,4.11415
132574,4.60463
132575,4.00524
132576,4.57329
132577,3.49554
132578,4.24784
132579,4.08047
132580,3.70983
132581,4.31092
132582,3.66253
132583,4.48975
132584,4.37789
132585,4.18332
132586,3.81001
132587,5.0
132588,3.38678
132589,4.61597
132590,4.55681
132591,3.96196
132592,4.86315
132593,4.30538
132594,4.32915
132595,4.02163
132596,3.48628
132597,3.2843
132598,3.85422
132599,4.19054
132600,3.78938
132601,3.31047
132602,3.65241
132603,3.4299
132604,3.95368
132605,3.76516
132606,4.21742
132607,2.60854
132608,3.12246
132609,3.65568
132610,3.86721
132611,4.17124
132612,3.79969
132613,3.86874
132614,2.83096
132615,4.26053
132616,3.91718
132617,4.60859
132618,3.56852
132619,3.79496
132620,3.8051
132621,2.36783
132622,2.73279
132623,3.38268
132624,3.22498
132625,3.37669
132626,3.01245
132627,2.76956
132628,2.93107
132629,3.00882
132630,3.64219
132631,3.23221
132632,3.06738
132633,3.44773
132634,2.59552
132635,4.34162
132636,1.64925
132637,3.79823
132638,3.61129
132639,3.13229
132640,1.93699
132641,2.4637
132642,2.85393
132643,3.94071
132644,3.18986
132645,2.74773
132646,3.00267
132647,3.43005
132648,2.21978
132649,2.92702
132650,3.74744
132651,2.63938
132652,3.88403
132653,3.3461
132654,3.80642
132655,3.84855
132656,3.10942
132657,2.89956
132658,4.16247
132659,3.2957
132660,2.86316
132661,3.32302
132662,2.7328
132663,3.20632
132664,2.98087
132665,2.75946
132666,3.98548
132667,2.68096
132668,3.46175
132669,1.75053
132670,2.0673
132671,3.71214
132672,2.82073
132673,1.70843
132674,4.23681
132675,2.90358
132676,3.36423
132677,4.28376
132678,4.31959
132679,4.25039
132680,4.29674
132681,4.46647
132682,3.21758
132683,3.61918
132684,3.87533
132685,3.01915
132686,4.06964
132687,2.20934
132688,3.09453
132689,2.66709
132690,2.48297
132691,3.45944
132692,4.74683
132693,3.1214
132694,3.7657
132695,4.15802
132696,4.10262
132697,2.62141
132698,2.75813
132699,4.05215
132700,3.63796
132701,2.4355
132702,2.61964
132703,3.77458
132704,3.06804
132705,2.24204
132706,3.56942
132707,3.07151
132708,3.96139
132709,4.1981
132710,3.67701
132711,3.45643
132712,3.63676
132713,3.95718
132714,4.24526
132715,3.41448
132716,2.47671
132717,1.96943
132718,2.36122
132719,4.23712
132720,2.73832
132721,3.00675
132722,3.38878
132723,2.8327
132724,2.7729
132725,3.90561
132726,3.21958
132727,3.61715
132728,3.6767
132729,2.88135
132730,4.36309
132731,3.87697
132732,4.74421
132733,4.38322
132734,3.70353
132735,3.27397
132736,4.50609
132737,4.61372
132738,3.51215
132739,3.40766
132740,4.58875
132741,3.8605
132742,4.42898
132743,4.41593
132744,4.17671
132745,3.68461
132746,4.02234
132747,3.28583
132748,4.41887
132749,4.06506
132750,3.86963
132751,3.40835
132752,5.0
132753,4.50331
132754,4.16765
132755,3.98053
132756,4.24586
132757,4.62513
132758,4.83757
132759,2.67043
132760,3.15059
132761,3.11909
132762,4.31339
132763,3.40975
132764,4.34527
132765,3.55526
132766,3.40881
132767,2.63743
132768,3.85101
132769,2.22654
132770,4.85874
132771,4.22041
132772,2.39476
132773,3.41502
132774,4.54197
132775,2.55569
132776,4.40864
132777,3.93304
132778,1.96939
132779,1.90142
132780,1.0
132781,3.50048
132782,2.36808
132783,4.37286
132784,2.05582
132785,3.53482
132786,4.42822
132787,2.26916
132788,3.44791
132789,5.0
132790,2.33358
132791,4.18754
132792,2.90802
132793,2.37474
132794,3.15315
132795,3.17068
132796,1.93352
132797,2.86058
132798,4.09456
132799,1.3453
132800,5.0
132801,2.74234
132802,2.15598
132803,4.00805
132804,2.8134
132805,3.12143
132806,2.93007
132807,2.95711
132808,4.3121
132809,2.61861
132810,3.82796
132811,4.08833
132812,3.27273
132813,4.81914
132814,2.35541
132815,3.07753
132816,2.9906
132817,2.97525
132818,2.08162
132819,3.3401
132820,3.0271
132821,3.87278
132822,2.92349
132823,2.26316
132824,3.42016
132825,3.58719
132826,2.32979
132827,2.83667
132828,3.41727
132829,1.58288
132830,1.51504
132831,2.52941
132832,3.06275
132833,4.00948
132834,3.27695
132835,3.26029
132836,3.47853
132837,2.52142
132838,2.94091
132839,3.44033
132840,3.10016
132841,2.20253
132842,4.81501
132843,2.60454
132844,1.69321
132845,3.07887
132846,3.20294
132847,2.50644
132848,3.28457
132849,3.68188
132850,3.1075
132851,3.9887
132852,3.30969
132853,2.48009
132854,2.84169
132855,2.57594
132856,3.29802
132857,2.26495
132858,3.30291
132859,3.85364
132860,2.51191
132861,1.85196
132862,2.8003
132863,2.33935
132864,2.50198
132865,2.96791
132866,3.43245
132867,4.66169
132868,3.45666
132869,2.62691
132870,3.00538
132871,3.35284
132872,1.31103
132873,3.64375
132874,2.36215
132875,2.01284
132876,4.14886
132877,2.39608
132878,3.04467
132879,3.29905
132880,3.60466
132881,4.18116
132882,3.2466
132883,3.48526
132884,3.57103
132885,2.69345
132886,5.0
132887,4.00811
132888,3.22188
132889,2.60756
132890,2.02606
132891,2.45319
132892,3.6989
132893,3.61275
132894,1.89116
132895,3.04089
132896,2.80667
132897,2.39397
132898,1.90552
132899,2.17741
132900,2.24346
132901,3.21748
132902,3.5008
132903,3.51949
132904,3.01102
132905,1.86089
132906,5.0
132907,2.06728
132908,1.849
132909,2.93465
132910,3.19186
132911,3.91508
132912,2.26354
132913,2.26827
132914,3.47015
132915,3.16087
132916,3.09365
132917,2.89938
132918,3.15266
132919,2.76767
132920,3.55617
132921,1.20445
132922,1.0
132923,2.47225
132924,3.6835
132925,3.99869
132926,3.6748
132927,3.85306
132928,3.57147
132929,4.05399
132930,4.64038
132931,3.88213
132932,4.45009
132933,2.7736
132934,3.68963
132935,3.68902
132936,4.47925
132937,4.07366
132938,2.48049
132939,3.43499
132940,4.09873
132941,4.0803
132942,3.84788
132943,3.51106
132944,3.48394
132945,4.71591
132946,2.98243
132947,3.71494
132948,3.61609
132949,3.13386
132950,4.16955
132951,4.32103
132952,3.25818
132953,3.74113
132954,2.85524
132955,3.99244
132956,4.16249
132957,2.83823
132958,3.86312
132959,4.03957
132960,4.30512
132961,3.14966
132962,1.94717
132963,2.86204
132964,3.91524
132965,3.93804
132966,2.8454
132967,2.76267
132968,3.67331
132969,3.49807
132970,4.22423
132971,3.65302
132972,3.5434
132973,4.44532
132974,3.41469
132975,4.41202
132976,4.56692
132977,3.68928
132978,4.31318
132979,3.57148
132980,3.68527
132981,4.56712
132982,2.92171
132983,4.3914
132984,3.5478
132985,3.15013
132986,4.47009
132987,4.29197
132988,3.96542
132989,4.48035
132990,4.34394
132991,3.49876
132992,4.51138
132993,3.05331
132994,5.0
132995,3.76331
132996,4.17751
132997,4.91986
132998,4.77298
132999,3.31375
133000,2.6094
133001,3.12669
133002,2.924
133003,2.56472
133004,2.73529
133005,3.13604
133006,4.3428
133007,4.45179
133008,4.10936
133009,3.83707
133010,4.03199
133011,4.41045
133012,4.96696
133013,4.4441
133014,4.01471
133015,4.12059
133016,3.82912
133017,3.06777
133018,3.20605
133019,3.34999
133020,3.82799
133021,4.58291
133022,4.49095
133023,4.14458
133024,4.01796
133025,3.15308
133026,4.11642
133027,4.92711
133028,4.06929
133029,2.38773
133030,3.39299
133031,2.9543
133032,2.33188
133033,5.0
133034,2.03512
133035,3.78266
133036,1.7517
133037,3.001
133038,2.15204
133039,2.46972
133040,2.29384
133041,1.36874
133042,3.2838
133043,3.03924
133044,4.46979
133045,1.75219
133046,4.30978
133047,3.7985
133048,3.92648
133049,4.73893
133050,4.2365
133051,4.01427
133052,4.1655
133053,4.6937
133054,4.53133
133055,2.96661
133056,3.37066
133057,4.76754
133058,4.24216
133059,4.70661
133060,3.82423
133061,3.79894
133062,4.4029
133063,4.03054
133064,4.22864
133065,4.15421
133066,3.87531
133067,2.5895
133068,3.66413
133069,4.26141
133070,1.60177
133071,3.84829
133072,2.59483
133073,1.728
133074,3.73522
133075,3.90829
133076,1.33457
133077,3.11565
133078,3.84351
133079,3.07733
133080,3.64173
133081,2.14977
133082,2.68602
133083,3.70341
133084,4.33516
133085,3.63358
133086,4.01305
133087,3.3741
133088,3.11205
133089,3.49393
133090,2.65394
133091,2.98452
133092,3.75503
133093,2.45286
133094,3.32324
133095,3.17557
133096,4.36197
133097,3.60111
133098,2.89336
133099,3.82921
133100,3.23319
133101,3.86785
133102,4.07842
133103,2.99651
133104,3.56243
133105,5.0
133106,3.05452
133107,4.07224
133108,4.27532
133109,4.16196
133110,4.22486
133111,4.12248
133112,4.46631
133113,4.2113
133114,4.13056
133115,4.04883
133116,3.4375
133117,3.77241
133118,3.85543
133119,3.60557
133120,3.29383
133121,3.56638
133122,4.08576
133123,4.34967
133124,3.87377
133125,4.36644
133126,2.41741
133127,4.29498
133128,1.65246
133129,4.58333
133130,3.88133
133131,2.99594
133132,2.71353
133133,1.14686
133134,3.57496
133135,4.25034
133136,4.39717
133137,4.29541
133138,2.68357
133139,4.47827
133140,4.3281
133141,3.98307
133142,3.11653
133143,2.69837
133144,3.66205
133145,3.38638
133146,3.8865
133147,4.33826
133148,2.73024
133149,3.45952
133150,2.41172
133151,3.1071
133152,2.82989
133153,2.94273
133154,3.79514
133155,3.0836
133156,3.2699
133157,2.57198
133158,2.71903
133159,3.25923
133160,3.22313
133161,3.52938
133162,2.96126
133163,1.91879
133164,2.96586
133165,3.74506
133166,3.60192
133167,3.20189
133168,2.50191
133169,3.35176
133170,4.0745
133171,2.31034
133172,2.30712
133173,4.27641
133174,4.02658
133175,3.60624
133176,3.742
133177,2.16157
133178,3.77201
133179,2.81068
133180,2.55015
133181,3.00575
133182,3.40772
133183,4.09511
133184,2.85775
133185,3.29252
133186,2.76147
133187,3.16897
133188,2.76164
133189,2.60663
133190,2.64978
133191,2.88097
133192,3.98946
133193,4.50175
133194,2.99141
133195,3.24073
133196,1.77582
133197,4.07226
133198,4.08507
133199,2.94602
133200,4.0264
133201,2.77488
133202,4.00579
133203,3.47362
133204,2.53325
133205,2.2761
133206,2.11609
133207,2.27846
133208,3.1452
133209,2.69138
133210,3.30712
133211,2.49431
133212,4.38551
133213,2.40692
133214,4.18768
133215,2.2816
133216,3.80137
133217,2.43376
133218,2.597
133219,3.26001
133220,2.53424
133221,2.99484
133222,3.82338
133223,2.98537
133224,3.67645
133225,4.05397
133226,4.20965
133227,4.78475
133228,2.29631
133229,4.88224
133230,5.0
133231,4.39856
133232,4.99095
133233,3.657
133234,3.9025
133235,4.30112
133236,4.16726
133237,3.49192
133238,2.98135
133239,4.33514
133240,3.05839
133241,3.97252
133242,4.13593
133243,4.2326
133244,3.24732
133245,4.29437
133246,4.45777
133247,4.34024
133248,3.64876
133249,5.0
133250,4.17142
133251,3.74017
133252,3.61165
133253,4.02298
133254,3.47472
133255,3.28546
133256,3.01756
133257,3.82912
133258,3.78089
133259,3.10299
133260,3.16703
133261,3.52013
133262,3.4122
133263,2.90833
133264,3.01698
133265,2.85381
133266,2.22571
133267,3.38856
133268,3.06822
133269,2.69049
133270,3.16116
133271,3.05925
133272,2.08928
133273,2.04655
133274,1.17012
133275,3.04641
133276,3.44411
133277,2.31516
133278,2.67935
133279,2.5831
133280,2.60116
133281,2.98772
133282,2.28511
133283,4.39668
133284,2.25734
133285,2.76444
133286,1.58185
133287,2.97229
133288,2.16485
133289,2.88907
133290,1.55
133291,1.78403
133292,2.8924
133293,2.13631
133294,2.14695
133295,3.12859
133296,3.12597
133297,2.33941
133298,3.03071
133299,1.71782
133300,2.9917
133301,2.10555
133302,2.74797
133303,1.6184
133304,3.23106
133305,1.47872
133306,2.62723
133307,1.98469
133308,2.29543
133309,2.94723
133310,2.46715
133311,2.36172
133312,1.73956
133313,3.36501
133314,3.75213
133315,2.89338
133316,2.04458
133317,3.97245
133318,3.3489
133319,3.07854
133320,4.07937
133321,4.32129
133322,4.22327
133323,4.02253
133324,3.75652
133325,4.16712
133326,3.64635
133327,4.18432
133328,2.33719
133329,2.85011
133330,2.90781
133331,2.31587
133332,3.91275
133333,4.05646
133334,4.54675
133335,3.95139
133336,4.02824
133337,4.67755
133338,3.10612
133339,2.90756
133340,2.96295
133341,3.36391
133342,3.09301
133343,2.87797
133344,2.88562
133345,2.94023
133346,2.54561
133347,2.71774
133348,3.06227
133349,1.57247
133350,2.3206
133351,3.21047
133352,2.24139
133353,2.63779
133354,3.27061
133355,2.85085
133356,2.92662
133357,3.08174
133358,3.59631
133359,3.64781
133360,3.62454
133361,3.21398
133362,3.48337
133363,2.49277
133364,2.24996
133365,3.21314
133366,2.95063
133367,2.73003
133368,3.62462
133369,2.8503
133370,2.57513
133371,2.73444
133372,1.24279
133373,2.74546
133374,2.5149
133375,3.00491
133376,3.28821
133377,2.04515
133378,1.89454
133379,2.81269
133380,2.49237
133381,3.32147
133382,2.98493
133383,2.67807
133384,2.64874
133385,3.66857
133386,3.32542
133387,3.84638
133388,4.19152
133389,3.64199
133390,4.02988
133391,3.34463
133392,3.72067
133393,2.36167
133394,3.90305
133395,4.01556
133396,4.0487
133397,4.37295
133398,4.69324
133399,3.6616
133400,3.47743
133401,4.46835
133402,4.04451
133403,3.59182
133404,3.81349
133405,3.805
133406,5.0
133407,4.0989
133408,3.92726
133409,2.69463
133410,3.762
133411,3.87521
133412,2.99726
133413,3.67567
133414,3.18833
133415,3.00837
133416,3.74209
133417,3.56305
133418,4.76239
133419,4.67776
133420,4.27091
133421,3.4999
133422,4.18145
133423,2.90902
133424,3.99203
133425,3.87429
133426,4.2816
133427,2.75505
133428,4.19233
133429,2.54502
133430,3.82021
133431,2.9913
133432,3.51687
133433,3.84616
133434,4.37592
133435,4.38689
133436,4.91617
133437,4.87091
133438,3.57708
133439,3.64786
133440,3.41217
133441,3.80252
133442,3.82896
133443,2.03452
133444,4.94581
133445,4.80038
133446,4.75989
133447,4.66914
133448,3.76908
133449,4.94584
133450,4.64193
133451,4.28639
133452,4.77945
133453,4.12387
133454,3.6393
133455,3.62984
133456,3.30338
133457,3.10531
133458,3.14124
133459,4.22637
133460,3.88028
133461,3.05904
133462,4.45963
133463,4.64581
133464,3.37155
133465,2.16645
133466,3.95244
133467,3.75096
133468,2.82528
133469,3.72237
133470,4.05225
133471,2.30399
133472,4.20728
133473,4.15141
133474,3.98531
133475,3.75238
133476,4.06345
133477,3.98521
133478,4.44559
133479,4.26093
133480,3.9932
133481,2.96295
133482,3.34508
133483,4.29868
133484,3.35482
133485,3.21095
133486,3.48242
133487,4.08827
133488,3.76584
133489,4.04059
133490,2.76294
133491,3.56278
133492,4.21422
133493,4.24736
133494,3.62785
133495,4.51942
133496,2.98474
133497,4.05698
133498,2.17351
133499,3.40097
133500,3.86817
133501,4.42203
133502,3.29012
133503,3.29846
133504,4.08959
133505,4.49944
133506,4.32994
133507,4.4751
133508,4.3783
133509,3.9438
133510,4.7483
133511,4.55521
133512,2.851
133513,4.60998
133514,2.96859
133515,4.58345
133516,4.56276
133517,3.3734
133518,3.71168
133519,4.40659
133520,3.63712
133521,3.9284
133522,3.36939
133523,3.40631
133524,4.83742
133525,3.27319
133526,4.10616
133527,3.19567
133528,3.64613
133529,3.75552
133530,3.43035
133531,4.09483
133532,3.49593
133533,3.82652
133534,2.55679
133535,3.84632
133536,2.98226
133537,3.635
133538,3.7428
133539,3.09046
133540,3.51334
133541,1.92416
133542,3.6199
133543,4.02879
133544,4.28692
133545,4.71964
133546,2.3336
133547,4.79555
133548,3.85993
133549,2.82992
133550,3.12268
133551,2.63095
133552,2.29659
133553,3.59334
133554,4.28156
133555,4.11464
133556,4.23638
133557,4.56745
133558,4.09476
133559,4.50068
133560,3.77893
133561,3.35909
133562,3.11227
133563,3.62018
133564,3.98036
133565,4.67866
133566,1.86625
133567,3.78907
133568,4.34295
133569,1.64229
133570,3.49868
133571,2.78441
133572,4.15048
133573,3.60422
133574,3.09792
133575,3.45077
133576,3.68327
133577,4.23645
133578,3.64963
133579,1.87388
133580,3.46907
133581,2.30875
133582,2.54767
133583,3.95624
133584,4.17039
133585,3.90171
133586,1.75057
133587,3.84928
133588,3.87946
133589,2.59233
133590,4.55477
133591,3.93833
133592,2.46815
133593,3.4276
133594,3.54409
133595,3.88183
133596,3.99674
133597,4.21378
133598,3.2006
133599,2.04127
133600,4.00617
133601,2.54987
133602,4.71161
133603,3.10532
133604,2.04801
133605,4.87624
133606,1.39056
133607,2.24136
133608,3.59429
133609,3.69912
133610,2.94237
133611,2.84824
133612,2.57012
133613,4.85312
133614,3.81759
133615,3.7995
133616,4.5256
133617,3.94388
133618,3.31525
133619,4.63852
133620,3.77262
133621,3.02607
133622,2.88844
133623,1.95957
133624,3.97438
133625,4.10382
133626,2.96591
133627,4.26691
133628,3.83016
133629,3.27379
133630,3.94606
133631,2.16233
133632,4.54186
133633,3.15492
133634,2.91731
133635,2.83451
133636,2.15603
133637,3.63195
133638,3.83001
133639,3.95354
133640,2.4528
133641,2.97817
133642,3.62254
133643,3.46364
133644,3.51085
133645,3.47562
133646,2.43982
133647,4.02699
133648,1.4231
133649,4.56958
133650,2.97216
133651,4.0494
133652,3.37168
133653,4.85242
133654,4.47752
133655,3.42472
133656,3.63857
133657,1.95329
133658,4.05462
133659,3.49935
133660,2.74011
133661,3.79681
133662,2.45517
133663,4.31782
133664,3.65364
133665,4.82416
133666,4.3901
133667,4.06897
133668,4.7016
133669,4.3834
133670,2.74769
133671,2.13341
133672,2.82503
133673,4.55631
133674,4.47047
133675,4.06155
133676,4.42022
133677,3.54949
133678,4.22615
133679,3.81532
133680,1.62981
133681,3.90115
133682,3.16983
133683,1.91535
133684,4.17444
133685,1.93027
133686,1.99734
133687,4.14641
133688,3.40177
133689,4.2472
133690,4.14902
133691,2.3707
133692,4.71589
133693,3.84815
133694,3.36882
133695,2.59709
133696,2.53719
133697,2.2519
133698,4.50357
133699,1.94115
133700,3.8417
133701,4.28504
133702,4.77571
133703,3.93424
133704,3.44134
133705,3.33897
133706,5.0
133707,3.67472
133708,4.16183
133709,3.83031
133710,3.97589
133711,3.23934
133712,3.77285
133713,4.02675
133714,2.55522
133715,3.94797
133716,5.0
133717,3.81875
133718,3.84404
133719,4.8385
133720,4.86795
133721,3.88415
133722,3.77419
133723,4.52469
133724,5.0
133725,4.89335
133726,4.52912
133727,4.30157
133728,3.92433
133729,3.87548
133730,2.43172
133731,3.95032
133732,4.31866
133733,4.1985
133734,4.5446
133735,4.3656
133736,3.8897
133737,3.81954
133738,4.76375
133739,3.79914
133740,2.95797
133741,4.8351
133742,4.23657
133743,4.84591
133744,2.54759
133745,3.77019
133746,3.71995
133747,4.7437
133748,4.90314
133749,4.0536
133750,5.0
133751,4.701
133752,4.74071
133753,4.28395
133754,4.17433
133755,3.65821
133756,3.63799
133757,3.88373
133758,3.77615
133759,2.68239
133760,2.82
133761,2.00025
133762,2.5935
133763,3.2232
133764,2.88201
133765,4.4858
133766,3.77903
133767,3.98812
133768,2.77496
133769,3.78105
133770,3.75058
133771,2.81204
133772,3.91706
133773,2.53887
133774,3.74133
133775,4.12644
133776,3.86604
133777,3.12878
133778,3.52813
133779,3.6798
133780,2.7913
133781,3.74278
133782,3.48425
133783,4.01122
133784,4.05957
133785,3.36617
133786,3.0054
133787,3.35545
133788,3.32104
133789,3.81316
133790,2.69362
133791,3.93015
133792,2.96922
133793,3.54167
133794,3.20772
133795,3.71071
133796,3.49772
133797,4.00717
133798,4.25938
133799,5.0
133800,4.19997
133801,3.67232
133802,4.05191
133803,3.5111
133804,3.75411
133805,4.23485
133806,4.46183
133807,2.87216
133808,3.77786
133809,3.58883
133810,4.53518
133811,4.34982
133812,4.15191
133813,4.71384
133814,4.61094
133815,3.9329
133816,3.29524
133817,4.08411
133818,4.42104
133819,3.72676
133820,4.18374
133821,3.92405
133822,4.09047
133823,4.4502
133824,2.78295
133825,3.28065
133826,3.99716
133827,2.65832
133828,3.39371
133829,3.83488
133830,3.59676
133831,3.04558
133832,2.30058
133833,3.52606
133834,3.85644
133835,3.82698
133836,3.51132
133837,3.76178
133838,4.30547
133839,3.37107
133840,4.19045
133841,3.44477
133842,4.04213
133843,4.04627
133844,4.34751
133845,4.31137
133846,3.87895
133847,3.95609
133848,3.86268
133849,3.78539
133850,3.91825
133851,3.77647
133852,4.11177
133853,4.10362
133854,2.31938
133855,4.5519
133856,4.05252
133857,3.01758
133858,4.0802
133859,2.1354
133860,4.02707
133861,4.69207
133862,3.66173
133863,1.28484
133864,2.89618
133865,3.40426
133866,3.98264
133867,3.87351
133868,3.78014
133869,3.15
133870,4.22464
133871,4.04046
133872,3.15285
133873,4.55628
133874,3.11272
133875,3.02654
133876,1.82787
133877,2.43042
133878,2.6276
133879,3.42031
133880,2.96616
133881,2.04143
133882,2.84693
133883,3.4668
133884,3.64985
133885,2.42673
133886,4.04615
133887,4.19001
133888,4.83471
133889,5.0
133890,3.7452
133891,3.91889
133892,4.41196
133893,2.9719
133894,4.60931
133895,3.47693
133896,3.95078
133897,3.78379
133898,3.94531
133899,4.38708
133900,4.02274
133901,4.10387
133902,3.36484
133903,3.53805
133904,3.39419
133905,3.89691
133906,4.04922
133907,4.4365
133908,1.21208
133909,4.2013
133910,5.0
133911,4.43728
133912,3.18835
133913,4.3854
133914,4.72961
133915,3.515
133916,3.84233
133917,4.98335
133918,4.34857
133919,3.95255
133920,3.95557
133921,4.74161
133922,4.21655
133923,4.74982
133924,4.49395
133925,4.02265
133926,4.21961
133927,3.96277
133928,4.29371
133929,4.2069
133930,4.12924
133931,4.22581
133932,3.06732
133933,3.7976
133934,4.54598
133935,4.52744
133936,3.64657
133937,3.23172
133938,4.29171
133939,3.91538
133940,2.89977
133941,3.79354
133942,3.57133
133943,3.17463
133944,4.26409
133945,4.08117
133946,4.54303
133947,2.91534
133948,4.0082
133949,3.87609
133950,3.98631
133951,4.27935
133952,4.61338
133953,4.63305
133954,3.84345
133955,4.06328
133956,4.33657
133957,4.25004
133958,4.35924
133959,4.05689
133960,4.2241
133961,4.30086
133962,3.21598
133963,4.5013
133964,3.27097
133965,4.17098
133966,4.1747
133967,4.02572
133968,2.91254
133969,5.0
133970,3.91122
133971,2.22345
133972,3.7477
133973,1.94042
133974,3.74387
133975,4.14715
133976,4.82802
133977,1.88239
133978,4.46231
133979,4.82811
133980,4.86994
133981,4.95298
133982,4.78321
133983,3.60602
133984,4.9482
133985,4.54325
133986,3.33682
133987,4.86115
133988,4.7273
133989,3.95971
133990,3.43265
133991,4.46352
133992,4.00881
133993,3.8171
133994,4.53289
133995,5.0
133996,4.30277
133997,3.94898
133998,4.50343
133999,4.35857
134000,3.22847
134001,3.28871
134002,3.55917
134003,1.78298
134004,3.06016
134005,3.65515
134006,3.53034
134007,4.72116
134008,4.3062
134009,3.16122
134010,2.70446
134011,2.46277
134012,3.76326
134013,3.24757
134014,3.79079
134015,2.12211
134016,1.77237
134017,3.18625
134018,3.78593
134019,3.83812
134020,2.54162
134021,3.73022
134022,4.10538
134023,3.03185
134024,4.09684
134025,4.63604
134026,3.52913
134027,3.6601
134028,3.51159
134029,3.48807
134030,2.22268
134031,3.49467
134032,4.53009
134033,3.92311
134034,3.39513
134035,4.35374
134036,3.7003
134037,3.54267
134038,4.32356
134039,4.04216
134040,4.70287
134041,4.82539
134042,3.96814
134043,3.67042
134044,4.29808
134045,2.92783
134046,4.70642
134047,4.98473
134048,3.86643
134049,3.12052
134050,3.99941
134051,4.99138
134052,3.55334
134053,3.03426
134054,4.78649
134055,2.6716
134056,3.48127
134057,3.18696
134058,4.21222
134059,3.12791
134060,3.12076
134061,2.268
134062,2.01554
134063,1.74203
134064,4.1125
134065,3.06391
134066,3.51528
134067,1.26454
134068,1.92702
134069,2.53361
134070,1.0
134071,1.8432
134072,2.14123
134073,3.90101
134074,1.0
134075,1.73839
134076,3.62732
134077,2.78322
134078,3.28018
134079,2.41102
134080,2.28591
134081,2.1964
134082,3.99243
134083,2.28175
134084,3.14938
134085,2.90565
134086,2.00948
134087,1.0
134088,1.13744
134089,1.78345
134090,3.18351
134091,2.48388
134092,1.0
134093,1.93196
134094,2.36124
134095,1.0
134096,3.27429
134097,2.497
134098,4.46665
134099,1.85892
134100,2.83458
134101,2.80459
134102,2.51736
134103,2.63966
134104,3.2045
134105,1.57546
134106,1.38985
134107,1.01135
134108,2.08802
134109,3.21006
134110,2.50445
134111,1.51535
134112,2.50744
134113,4.12203
134114,1.78265
134115,1.31728
134116,2.97487
134117,2.46071
134118,1.75055
134119,3.34396
134120,2.67972
134121,2.19425
134122,4.39232
134123,1.1639
134124,3.24978
134125,2.19273
134126,1.0
134127,4.00261
134128,3.06724
134129,4.54637
134130,3.94076
134131,4.46538
134132,3.49537
134133,3.99469
134134,4.21117
134135,2.31843
134136,3.28644
134137,3.84538
134138,3.6339
134139,3.42922
134140,2.63897
134141,4.05475
134142,4.17887
134143,2.30404
134144,4.37924
134145,3.70006
134146,3.17476
134147,3.27676
134148,4.53117
134149,3.80682
134150,4.34619
134151,3.14724
134152,4.60719
134153,3.93957
134154,3.61944
134155,2.37472
134156,2.5848
134157,3.39874
134158,1.716
134159,3.44139
134160,1.80353
134161,1.69593
134162,2.06133
134163,1.72306
134164,3.03991
134165,3.06734
134166,2.18155
134167,2.58515
134168,1.26514
134169,3.31236
134170,1.55682
134171,1.72749
134172,3.4751
134173,3.32358
134174,3.26075
134175,2.96746
134176,3.62305
134177,3.02658
134178,2.34587
134179,2.27422
134180,2.95367
134181,2.79227
134182,1.78854
134183,3.42922
134184,3.02099
134185,3.26665
134186,3.3433
134187,2.18923
134188,3.36763
134189,2.52399
134190,3.59957
134191,1.91944
134192,2.32313
134193,3.24879
134194,2.83005
134195,2.03247
134196,2.87254
134197,2.51088
134198,3.05361
134199,3.81242
134200,2.59788
134201,3.35648
134202,2.21639
134203,1.84772
134204,3.01008
134205,2.61204
134206,1.27922
134207,2.36721
134208,2.63652
134209,2.04331
134210,3.7896
134211,3.68751
134212,2.63462
134213,3.05068
134214,4.08143
134215,4.35005
134216,1.34655
134217,4.54597
134218,4.23978
134219,3.48238
134220,2.56264
134221,4.97785
134222,4.23811
134223,4.65571
134224,4.03436
134225,4.15167
134226,4.62252
134227,3.07528
134228,3.15806
134229,2.80279
134230,2.35605
134231,3.87268
134232,2.23183
134233,4.26041
134234,2.90071
134235,3.16424
134236,2.65231
134237,2.98264
134238,3.53968
134239,3.74003
134240,2.22236
134241,2.56543
134242,1.49643
134243,2.13561
134244,3.44897
134245,3.62438
134246,2.90225
134247,2.56192
134248,1.68616
134249,2.89496
134250,1.91842
134251,2.94705
134252,4.68021
134253,2.02001
134254,2.61468
134255,3.55673
134256,4.38114
134257,2.48454
134258,3.30132
134259,2.44159
134260,3.5626
134261,3.60649
134262,3.39248
134263,4.20335
134264,1.59341
134265,2.98205
134266,3.86863
134267,4.29815
134268,3.76122
134269,4.83521
134270,3.1701
134271,3.36303
134272,3.74394
134273,2.70552
134274,2.90174
134275,2.08891
134276,2.37356
134277,4.43312
134278,2.23672
134279,3.31107
134280,4.22252
134281,4.91547
134282,3.59553
134283,4.06873
134284,2.86322
134285,2.88049
134286,2.72258
134287,3.26559
134288,3.80365
134289,2.96866
134290,3.84461
134291,3.40749
134292,2.48923
134293,3.8473
134294,2.42283
134295,2.77606
134296,2.54967
134297,3.24352
134298,3.70022
134299,2.87843
134300,1.57915
134301,4.39629
134302,3.05621
134303,4.33561
134304,3.24601
134305,3.05676
134306,4.12076
134307,3.34082
134308,5.0
134309,3.0828
134310,2.51876
134311,3.74608
134312,4.24169
134313,4.25539
134314,4.70023
134315,2.84935
134316,3.94129
134317,4.06194
134318,4.28572
134319,4.79982
134320,4.19369
134321,4.11035
134322,4.57024
134323,4.30608
134324,4.24369
134325,4.04451
134326,4.27569
134327,3.95313
134328,3.80706
134329,3.62048
134330,3.59757
134331,4.40015
134332,4.18401
134333,4.1236
134334,2.83068
134335,3.84006
134336,4.15382
134337,4.39165
134338,4.3514
134339,4.30549
134340,3.69627
134341,3.64238
134342,4.35316
134343,3.85301
134344,3.90316
134345,4.37951
134346,4.1146
134347,4.17708
134348,4.44088
134349,4.37676
134350,3.78429
134351,3.62907
134352,4.53441
134353,4.73723
134354,3.70631
134355,2.73066
134356,4.39014
134357,4.42762
134358,4.22859
134359,4.43777
134360,2.70667
134361,2.31337
134362,3.92158
134363,4.35302
134364,2.63292
134365,4.29685
134366,3.73488
134367,4.79206
134368,4.45937
134369,3.69679
134370,4.6858
134371,4.25762
134372,4.58913
134373,3.63486
134374,3.27726
134375,3.23739
134376,2.71754
134377,3.09786
134378,3.30783
134379,4.02266
134380,3.56362
134381,2.94836
134382,2.66662
134383,3.03609
134384,4.77871
134385,3.53003
134386,4.59356
134387,4.01961
134388,3.65471
134389,3.95056
134390,3.96929
134391,3.08535
134392,4.65089
134393,3.97639
134394,4.43552
134395,4.64934
134396,3.92937
134397,2.47723
134398,3.67629
134399,3.60671
134400,3.57525
134401,3.23641
134402,4.43492
134403,4.15829
134404,4.48849
134405,4.38108
134406,4.84573
134407,3.30551
134408,2.52513
134409,3.31052
134410,4.3308
134411,4.12558
134412,4.57127
134413,3.67696
134414,4.44642
134415,3.83024
134416,1.77879
134417,3.14148
134418,3.86346
134419,3.62177
134420,3.29879
134421,2.92411
134422,3.29657
134423,3.96212
134424,3.4461
134425,3.52869
134426,2.21244
134427,2.67154
134428,4.18913
134429,4.27014
134430,3.1912
134431,2.80512
134432,3.67016
134433,3.12356
134434,3.87662
134435,4.76015
134436,4.02419
134437,2.29986
134438,2.98022
134439,4.28799
134440,4.06364
134441,3.72608
134442,3.86606
134443,3.34997
134444,4.21276
134445,3.24335
134446,3.38737
134447,4.14735
134448,3.06102
134449,2.91276
134450,3.91805
134451,3.6798
134452,3.99584
134453,3.67835
134454,3.06792
134455,3.5141
134456,4.20844
134457,3.18861
134458,4.77636
134459,3.74072
134460,3.36036
134461,3.47229
134462,4.3715
134463,3.88054
134464,4.22341
134465,4.00942
134466,4.01917
134467,3.5674
134468,3.64569
134469,3.82145
134470,4.37696
134471,4.40629
134472,3.32404
134473,4.23441
134474,3.95924
134475,3.39788
134476,3.54949
134477,4.11102
134478,3.77639
134479,3.6407
134480,2.69066
134481,4.2138
134482,3.35601
134483,4.18551
134484,3.7164
134485,3.86395
134486,4.13841
134487,3.53347
134488,3.65929
134489,4.56363
134490,3.08989
134491,3.27252
134492,4.10952
134493,4.27275
134494,3.4188
134495,3.24647
134496,3.76611
134497,3.03384
134498,4.48664
134499,3.69699
134500,4.40227
134501,3.1529
134502,3.73874
134503,4.52029
134504,4.65731
134505,3.36243
134506,4.29818
134507,4.72885
134508,2.21553
134509,4.55012
134510,4.10857
134511,4.81942
134512,3.81702
134513,3.75646
134514,4.081
134515,2.95171
134516,3.66639
134517,4.20662
134518,3.34527
134519,2.56473
134520,3.40615
134521,3.4875
134522,4.37118
134523,3.16716
134524,3.35206
134525,3.76835
134526,2.70965
134527,2.89801
134528,2.86925
134529,3.09227
134530,3.63937
134531,4.47518
134532,4.26804
134533,2.25034
134534,4.26917
134535,3.46316
134536,3.14912
134537,4.33884
134538,4.46667
134539,2.83438
134540,3.15265
134541,4.44046
134542,3.22276
134543,2.83982
134544,2.07464
134545,3.52178
134546,3.44339
134547,4.37496
134548,3.43776
134549,3.18575
134550,4.12813
134551,3.6781
134552,3.31519
134553,4.69779
134554,4.31486
134555,2.35267
134556,4.27506
134557,2.33721
134558,3.11451
134559,3.40439
134560,2.85604
134561,3.97427
134562,3.98292
134563,3.82323
134564,3.46761
134565,3.6513
134566,3.59268
134567,2.59689
134568,4.2845
134569,3.96355
134570,3.01467
134571,3.45787
134572,4.3481
134573,2.90436
134574,3.18835
134575,3.22354
134576,2.57117
134577,2.56021
134578,4.21376
134579,3.70115
134580,4.47804
134581,3.86638
134582,3.40261
134583,4.02576
134584,3.65614
134585,5.0
134586,3.59926
134587,3.21316
134588,4.31487
134589,2.86464
134590,4.06786
134591,4.24872
134592,3.33019
134593,1.05517
134594,3.27449
134595,2.82696
134596,1.07001
134597,2.19131
134598,2.75691
134599,3.76106
134600,3.58022
134601,4.16083
134602,3.49125
134603,1.35122
134604,3.83618
134605,3.78239
134606,3.74384
134607,3.47228
134608,3.4557
134609,3.97601
134610,2.39687
134611,2.7495
134612,3.4633
134613,2.52582
134614,3.68522
134615,4.14253
134616,2.30992
134617,4.79347
134618,4.57272
134619,4.55396
134620,3.76026
134621,4.03679
134622,4.79562
134623,3.59369
134624,4.78578
134625,3.95916
134626,2.43307
134627,2.37116
134628,3.30285
134629,4.07601
134630,4.57592
134631,3.18516
134632,3.77633
134633,3.30819
134634,4.49197
134635,4.10445
134636,2.55872
134637,4.41266
134638,4.09375
134639,3.65608
134640,3.06191
134641,2.51635
134642,1.54461
134643,3.89204
134644,3.45967
134645,3.34324
134646,3.05037
134647,4.79031
134648,4.02279
134649,3.41414
134650,3.3927
134651,3.69889
134652,3.95612
134653,3.5332
134654,4.11888
134655,4.72664
134656,4.08814
134657,3.61856
134658,3.75037
134659,4.03878
134660,4.55492
134661,3.89049
134662,4.1076
134663,4.76892
134664,4.92542
134665,2.85446
134666,5.0
134667,4.72524
134668,4.55376
134669,4.55154
134670,4.16758
134671,3.398
134672,3.45097
134673,3.97302
134674,4.28411
134675,4.14836
134676,4.41712
134677,4.43781
134678,3.28246
134679,2.49318
134680,2.59332
134681,2.81521
134682,3.45116
134683,2.94852
134684,3.64188
134685,3.5118
134686,3.48531
134687,4.09873
134688,1.56413
134689,2.9505
134690,3.77962
134691,4.2774
134692,4.01338
134693,3.71733
134694,4.34797
134695,3.39341
134696,2.95799
134697,3.57062
134698,4.39768
134699,4.00381
134700,4.61544
134701,4.44571
134702,4.528
134703,2.2977
134704,3.3101
134705,4.07859
134706,2.62163
134707,2.199
134708,4.7059
134709,2.6975
134710,4.14115
134711,3.8716
134712,4.20094
134713,3.96091
134714,3.89295
134715,3.52219
134716,3.86217
134717,3.68498
134718,4.62653
134719,3.37538
134720,3.62052
134721,3.96837
134722,3.15297
134723,3.81315
134724,3.01493
134725,3.22327
134726,4.01365
134727,3.70545
134728,3.23709
134729,3.96913
134730,4.61679
134731,3.23914
134732,4.18132
134733,4.65316
134734,3.91599
134735,4.42207
134736,2.30032
134737,2.86858
134738,4.84657
134739,4.40602
134740,4.25635
134741,3.31867
134742,3.59008
134743,4.21426
134744,3.62821
134745,3.99144
134746,3.48415
134747,3.47155
134748,4.32742
134749,3.98102
134750,3.8669
134751,2.69695
134752,3.13077
134753,3.47553
134754,3.45455
134755,3.73124
134756,3.62914
134757,4.24534
134758,3.95693
134759,3.66166
134760,3.99447
134761,4.31998
134762,3.91581
134763,3.6916
134764,3.89656
134765,3.27281
134766,4.1852
134767,4.17971
134768,2.10124
134769,3.92521
134770,4.19942
134771,4.04983
134772,4.22219
134773,4.07027
134774,4.58605
134775,3.55258
134776,4.57218
134777,2.32632
134778,4.30872
134779,3.91811
134780,3.40733
134781,3.87141
134782,3.25764
134783,4.24442
134784,3.6576
134785,4.26527
134786,2.86239
134787,3.82138
134788,3.5229
134789,4.1794
134790,4.2058
134791,4.18433
134792,3.43653
134793,3.21942
134794,3.36745
134795,2.7065
134796,3.23003
134797,4.09797
134798,3.69394
134799,3.11367
134800,2.64333
134801,4.1967
134802,3.7015
134803,3.55389
134804,4.56068
134805,2.48551
134806,4.1708
134807,4.301
134808,3.63369
134809,4.22713
134810,2.91436
134811,4.3915
134812,4.0726
134813,4.23419
134814,2.89503
134815,3.55363
134816,2.74273
134817,3.83728
134818,3.66292
134819,4.13435
134820,3.44632
134821,3.2599
134822,4.00394
134823,3.85915
134824,3.87007
134825,4.20014
134826,3.28978
134827,4.03816
134828,3.00164
134829,4.52175
134830,4.37155
134831,3.65455
134832,4.47764
134833,3.65564
134834,2.77081
134835,3.89761
134836,3.79435
134837,3.34871
134838,3.29889
134839,3.76742
134840,3.66552
134841,3.18587
134842,3.95341
134843,3.41767
134844,3.24916
134845,4.00915
134846,4.02108
134847,2.03537
134848,4.21066
134849,3.60639
134850,4.08855
134851,4.52397
134852,4.05746
134853,2.9384
134854,3.58511
134855,3.08211
134856,3.11608
134857,4.09628
134858,2.7834
134859,2.8416
134860,3.69851
134861,3.74796
134862,2.60816
134863,3.66953
134864,3.3296
134865,3.0128
134866,3.84205
134867,3.32355
134868,3.65293
134869,3.08973
134870,2.12303
134871,4.05096
134872,3.14889
134873,2.30551
134874,3.10699
134875,2.19351
134876,3.88565
134877,2.46706
134878,3.04052
134879,2.16631
134880,3.78918
134881,2.29043
134882,3.01373
134883,3.01929
134884,2.58776
134885,2.08297
134886,3.55892
134887,1.55556
134888,4.05034
134889,1.8853
134890,4.24326
134891,4.37941
134892,3.33714
134893,3.91335
134894,2.84988
134895,4.44956
134896,3.44981
134897,3.84925
134898,4.38522
134899,3.76979
134900,3.67061
134901,3.63456
134902,4.1468
134903,5.0
134904,3.83271
134905,3.81605
134906,4.8213
134907,2.83833
134908,3.61345
134909,2.04294
134910,2.32178
134911,2.26205
134912,4.39541
134913,4.32197
134914,3.08236
134915,4.44691
134916,4.40887
134917,4.21102
134918,3.45533
134919,3.01619
134920,4.154
134921,3.62984
134922,3.89946
134923,2.91449
134924,2.29642
134925,4.66764
134926,2.43773
134927,3.48145
134928,3.7116
134929,4.6491
134930,4.78085
134931,4.32952
134932,3.62507
134933,4.8806
134934,4.60129
134935,4.3128
134936,4.34772
134937,4.21744
134938,4.43468
134939,3.56601
134940,3.71275
134941,3.38895
134942,3.73055
134943,4.00369
134944,4.25746
134945,3.63774
134946,3.42024
134947,3.48796
134948,4.57223
134949,3.9856
134950,4.09655
134951,4.29477
134952,3.91763
134953,4.12515
134954,2.65522
134955,3.76843
134956,3.56146
134957,3.96706
134958,3.91936
134959,4.28737
134960,3.42471
134961,3.99478
134962,4.08055
134963,3.97177
134964,4.44678
134965,4.31145
134966,4.00779
134967,3.73278
134968,3.01245
134969,3.79676
134970,2.47863
134971,3.02519
134972,4.09565
134973,3.91491
134974,4.43245
134975,3.23767
134976,1.66852
134977,1.7064
134978,4.17261
134979,2.93455
134980,3.95719
134981,3.83933
134982,4.00805
134983,3.0201
134984,2.49599
134985,4.3467
134986,3.84923
134987,2.94338
134988,2.17957
134989,2.55447
134990,3.34024
134991,3.43081
134992,2.37572
134993,3.91545
134994,4.14517
134995,3.6642
134996,3.54725
134997,2.73457
134998,3.96871
134999,3.51746
135000,3.35739
135001,4.02344
135002,2.05222
135003,3.52477
135004,5.0
135005,3.92601
135006,2.64793
135007,2.71197
135008,3.0771
135009,4.88361
135010,3.74391
135011,4.53459
135012,3.71359
135013,3.39413
135014,4.75653
135015,2.06425
135016,4.84954
135017,2.83965
135018,3.83872
135019,2.94717
135020,3.17118
135021,2.78016
135022,4.40347
135023,3.94154
135024,4.37265
135025,4.46786
135026,4.05229
135027,4.63805
135028,4.06404
135029,2.78336
135030,4.30549
135031,3.78858
135032,3.88116
135033,3.97253
135034,3.74172
135035,3.93038
135036,3.78609
135037,4.25553
135038,5.0
135039,5.0
135040,5.0
135041,4.36179
135042,4.53312
135043,4.16042
135044,4.5372
135045,4.56132
135046,4.25219
135047,3.79292
135048,4.46339
135049,3.19045
135050,4.51702
135051,4.00428
135052,4.52691
135053,3.81675
135054,3.28703
135055,3.81943
135056,3.39971
135057,3.04765
135058,3.31978
135059,4.09016
135060,3.33548
135061,4.27122
135062,4.15094
135063,4.58708
135064,4.72412
135065,4.55634
135066,5.0
135067,3.0275
135068,2.73281
135069,4.63505
135070,4.32575
135071,3.26688
135072,4.49759
135073,3.48102
135074,4.31517
135075,4.31482
135076,3.69935
135077,3.97961
135078,2.94561
135079,3.87627
135080,3.85733
135081,3.16064
135082,3.86219
135083,3.14065
135084,3.05263
135085,2.4527
135086,3.86732
135087,3.00748
135088,3.4172
135089,3.34675
135090,3.01393
135091,2.56454
135092,3.70449
135093,3.47809
135094,3.40366
135095,5.0
135096,3.43978
135097,3.48365
135098,4.51418
135099,4.66344
135100,2.58325
135101,3.27462
135102,4.33551
135103,2.34541
135104,4.6014
135105,3.51
135106,4.14648
135107,3.07884
135108,4.12624
135109,3.14644
135110,3.22634
135111,2.5115
135112,1.73636
135113,3.01824
135114,5.0
135115,2.55107
135116,2.77741
135117,2.89272
135118,3.11717
135119,3.45081
135120,2.72962
135121,3.68275
135122,2.55998
135123,2.85577
135124,3.05006
135125,3.02568
135126,2.85435
135127,3.11201
135128,3.33765
135129,4.03393
135130,4.15788
135131,3.05543
135132,3.92653
135133,2.87393
135134,3.44273
135135,4.7437
135136,4.22114
135137,4.39197
135138,4.63128
135139,4.39841
135140,3.63674
135141,3.77905
135142,3.85324
135143,4.31514
135144,3.4488
135145,3.4664
135146,2.70016
135147,3.0604
135148,3.20417
135149,3.52147
135150,3.08003
135151,3.25525
135152,3.23214
135153,3.23422
135154,3.16872
135155,3.31547
135156,1.5466
135157,3.36657
135158,2.94262
135159,3.25688
135160,2.9357
135161,2.48116
135162,2.60436
135163,3.44454
135164,3.34122
135165,2.65223
135166,3.42132
135167,1.67527
135168,2.56507
135169,3.29101
135170,2.5319
135171,2.70161
135172,2.27009
135173,2.47818
135174,2.66935
135175,2.99011
135176,3.26969
135177,2.12218
135178,2.62531
135179,2.23376
135180,3.35009
135181,2.27676
135182,2.86736
135183,3.37768
135184,2.77386
135185,3.09654
135186,2.83414
135187,2.88139
135188,2.4581
135189,3.6247
135190,2.91075
135191,2.82702
135192,2.68824
135193,3.72181
135194,2.88906
135195,2.39025
135196,2.9328
135197,2.87891
135198,2.0008
135199,2.42208
135200,2.57802
135201,2.97112
135202,3.26758
135203,2.67471
135204,2.68919
135205,2.6917
135206,3.46722
135207,3.55715
135208,3.41171
135209,3.20375
135210,2.61202
135211,2.97325
135212,2.31822
135213,2.91476
135214,3.33133
135215,2.91067
135216,2.9766
135217,4.66818
135218,2.5812
135219,2.81277
135220,2.78461
135221,2.58585
135222,3.43214
135223,2.61206
135224,3.62094
135225,2.92328
135226,2.47732
135227,2.08973
135228,2.91365
135229,1.81974
135230,2.16374
135231,3.54658
135232,2.86136
135233,2.47593
135234,2.01831
135235,3.84243
135236,4.7477
135237,2.59904
135238,2.4454
135239,3.66423
135240,3.37648
135241,2.92758
135242,2.65747
135243,3.21463
135244,2.27628
135245,3.60245
135246,3.15976
135247,2.36868
135248,2.68016
135249,3.08115
135250,3.24395
135251,2.75668
135252,2.75337
135253,2.90561
135254,3.16224
135255,3.20134
135256,3.18325
135257,2.89515
135258,2.19486
135259,2.60046
135260,2.41352
135261,2.75894
135262,2.83237
135263,3.82761
135264,2.41113
135265,3.45259
135266,1.70753
135267,2.73555
135268,5.0
135269,3.06585
135270,3.90302
135271,2.88686
135272,2.3966
135273,2.91209
135274,3.71538
135275,3.17048
135276,2.91827
135277,4.70513
135278,4.81454
135279,4.65166
135280,5.0
135281,2.9657
135282,3.78543
135283,3.78461
135284,3.66649
135285,4.93681
135286,2.86902
135287,2.3245
135288,5.0
135289,3.27879
135290,4.20768
135291,3.17387
135292,1.82297
135293,3.79612
135294,4.06939
135295,4.57438
135296,2.29618
135297,4.94153
135298,5.0
135299,4.54258
135300,4.70351
135301,4.85492
135302,4.89863
135303,4.30728
135304,3.80962
135305,4.10104
135306,4.09661
135307,4.03811
135308,3.32645
135309,2.84563
135310,3.88295
135311,4.07022
135312,3.47582
135313,3.19696
135314,3.4438
135315,2.95649
135316,3.31273
135317,3.89336
135318,3.54224
135319,3.53082
135320,3.4163
135321,3.44769
135322,3.20915
135323,4.03148
135324,4.17292
135325,3.08121
135326,2.92336
135327,4.73902
135328,4.01407
135329,4.47931
135330,4.58941
135331,4.02067
135332,3.12253
135333,4.32017
135334,2.13654
135335,4.52556
135336,4.27625
135337,3.84558
135338,3.24474
135339,4.37043
135340,3.46553
135341,4.69743
135342,3.58941
135343,4.58271
135344,4.57851
135345,3.33608
135346,4.48648
135347,4.16686
135348,5.0
135349,4.5947
135350,5.0
135351,3.98369
135352,5.0
135353,3.96505
135354,4.28954
135355,4.39462
135356,3.78463
135357,4.31652
135358,3.06654
135359,3.88634
135360,3.68023
135361,3.97692
135362,2.73305
135363,3.60159
135364,4.15752
135365,3.79845
135366,2.97867
135367,2.80803
135368,3.40597
135369,4.00502
135370,3.47959
135371,2.93961
135372,3.42426
135373,3.33661
135374,3.4149
135375,4.17066
135376,3.38504
135377,3.28379
135378,3.01269
135379,3.50358
135380,3.10907
135381,4.2736
135382,4.36046
135383,3.68281
135384,4.74699
135385,4.59979
135386,4.37593
135387,3.68876
135388,3.98531
135389,3.85944
135390,5.0
135391,3.53003
135392,3.58451
135393,3.04269
135394,3.73523
135395,4.34202
135396,2.98532
135397,4.35429
135398,3.67533
135399,3.95407
135400,4.53147
135401,4.21283
135402,2.22097
135403,3.97704
135404,4.23375
135405,4.81495
135406,3.8522
135407,4.93527
135408,3.8465
135409,3.50822
135410,4.18502
135411,3.2967
135412,2.62297
135413,3.67499
135414,3.13172
135415,3.3035
135416,4.76889
135417,4.46731
135418,3.89192
135419,3.26286
135420,2.69391
135421,4.22705
135422,1.4894
135423,3.69861
135424,2.21968
135425,3.89033
135426,5.0
135427,2.63901
135428,2.45172
135429,3.90705
135430,4.60922
135431,4.40918
135432,4.10887
135433,3.37166
135434,4.18197
135435,4.91225
135436,4.08651
135437,5.0
135438,3.39835
135439,4.39298
135440,3.57588
135441,1.0
135442,4.1874
135443,4.0643
135444,3.09006
135445,4.60741
135446,2.98417
135447,5.0
135448,3.93488
135449,5.0
135450,3.81276
135451,4.84204
135452,1.40602
135453,3.32796
135454,2.95041
135455,2.70849
135456,1.46539
135457,4.61112
135458,3.01374
135459,2.54458
135460,2.21385
135461,2.79884
135462,3.47064
135463,3.59751
135464,2.95584
135465,4.43908
135466,4.83257
135467,5.0
135468,3.28271
135469,3.25613
135470,2.2398
135471,3.11884
135472,2.7053
135473,2.01687
135474,3.08962
135475,1.84661
135476,4.81813
135477,4.0228
135478,2.38571
135479,4.43425
135480,3.29359
135481,2.15323
135482,3.21589
135483,4.30024
135484,4.36002
135485,4.36038
135486,3.74056
135487,4.28841
135488,2.05659
135489,1.87498
135490,1.91887
135491,3.41782
135492,3.26833
135493,3.35268
135494,2.63086
135495,2.7556
135496,4.07116
135497,2.61532
135498,4.32356
135499,2.75242
135500,2.79493
135501,1.48057
135502,3.98671
135503,3.00182
135504,2.63286
135505,3.8105
135506,1.83789
135507,4.10679
135508,5.0
135509,3.42009
135510,3.5978
135511,3.32259
135512,2.79841
135513,3.22691
135514,2.68965
135515,4.52822
135516,3.99336
135517,4.3717
135518,2.71937
135519,3.19783
135520,2.67838
135521,3.40134
135522,3.32726
135523,3.32891
135524,3.5115
135525,2.66683
135526,2.12362
135527,3.48249
135528,2.28437
135529,3.51576
135530,2.42344
135531,4.81743
135532,3.51581
135533,2.12156
135534,1.99627
135535,3.50946
135536,4.44338
135537,1.84373
135538,3.59489
135539,2.9447
135540,3.87373
135541,3.1387
135542,2.10535
135543,2.88564
135544,2.48222
135545,2.84962
135546,4.99201
135547,2.83911
135548,3.81542
135549,2.71772
135550,2.81375
135551,3.9869
135552,3.33939
135553,4.40769
135554,3.91831
135555,4.05771
135556,3.2812
135557,3.85836
135558,4.60056
135559,3.55856
135560,4.22905
135561,3.52524
135562,3.20018
135563,2.19722
135564,3.84142
135565,3.63816
135566,3.61242
135567,3.4363
135568,2.37347
135569,2.57565
135570,4.41769
135571,4.35746
135572,1.0
135573,3.60513
135574,2.27722
135575,3.11457
135576,2.71654
135577,2.5417
135578,4.0436
135579,4.01577
135580,5.0
135581,4.28759
135582,4.31781
135583,2.53121
135584,4.5571
135585,4.31298
135586,4.37093
135587,3.9772
135588,3.04153
135589,4.79037
135590,3.70162
135591,4.1356
135592,3.92343
135593,3.5859
135594,4.02027
135595,4.09407
135596,3.89708
135597,3.92842
135598,3.66897
135599,4.11741
135600,3.22839
135601,3.95914
135602,3.78647
135603,3.55899
135604,3.97288
135605,3.42915
135606,4.79146
135607,4.52759
135608,2.70553
135609,4.23465
135610,4.08372
135611,3.40954
135612,3.93965
135613,3.22842
135614,4.24235
135615,4.30814
135616,3.86462
135617,2.99912
135618,4.11465
135619,4.14073
135620,3.99612
135621,2.57875
135622,2.25438
135623,5.0
135624,3.82154
135625,2.91059
135626,2.8284
135627,3.8993
135628,3.67456
135629,3.52031
135630,3.31923
135631,4.04925
135632,3.30636
135633,3.79026
135634,4.16098
135635,3.36285
135636,3.97902
135637,3.47964
135638,5.0
135639,3.89153
135640,4.55948
135641,4.47825
135642,5.0
135643,2.20235
135644,5.0
135645,3.53419
135646,2.92524
135647,3.00454
135648,4.45634
135649,2.4436
135650,2.8495
135651,4.23892
135652,4.03483
135653,3.70246
135654,4.28939
135655,3.37526
135656,4.22505
135657,4.40699
135658,3.10445
135659,4.02149
135660,3.38486
135661,3.32624
135662,3.62848
135663,3.19947
135664,3.72527
135665,3.63793
135666,2.94308
135667,3.67686
135668,2.88147
135669,3.10344
135670,4.35985
135671,2.73513
135672,4.02438
135673,3.42886
135674,3.34574
135675,4.42513
135676,4.27416
135677,4.08303
135678,3.72042
135679,4.66251
135680,4.97513
135681,5.0
135682,5.0
135683,5.0
135684,4.41814
135685,3.32582
135686,4.20412
135687,2.65372
135688,3.24582
135689,3.95816
135690,2.41778
135691,2.8768
135692,3.9733
135693,4.13182
135694,4.10076
135695,4.20841
135696,3.30633
135697,3.38656
135698,2.27388
135699,2.44049
135700,4.29275
135701,2.3778
135702,4.2537
135703,3.18238
135704,4.50135
135705,4.84033
135706,3.25249
135707,4.52974
135708,4.0733
135709,3.56888
135710,3.08653
135711,4.26252
135712,2.40524
135713,3.46565
135714,3.71075
135715,3.68794
135716,4.00615
135717,4.17625
135718,4.80855
135719,4.58669
135720,4.15823
135721,4.19069
135722,5.0
135723,4.38764
135724,3.25643
135725,4.68509
135726,2.14137
135727,3.1613
135728,3.90469
135729,4.14624
135730,2.63987
135731,3.91724
135732,3.54102
135733,3.9116
135734,3.23103
135735,3.50441
135736,3.55779
135737,3.97476
135738,4.21777
135739,3.87453
135740,2.87072
135741,2.82075
135742,3.92428
135743,4.18114
135744,4.25124
135745,3.26254
135746,2.89101
135747,3.73308
135748,3.75386
135749,3.47231
135750,2.81386
135751,3.77511
135752,3.95893
135753,2.74066
135754,2.90618
135755,4.13666
135756,4.08545
135757,3.37143
135758,3.69403
135759,3.90722
135760,3.55082
135761,3.97424
135762,3.87817
135763,2.88737
135764,3.57775
135765,4.02306
135766,3.67874
135767,2.92954
135768,3.71407
135769,3.91001
135770,3.46207
135771,2.63981
135772,2.8856
135773,4.04904
135774,4.07021
135775,3.86159
135776,3.70106
135777,3.38898
135778,3.67949
135779,4.0672
135780,3.32193
135781,3.91734
135782,3.02849
135783,2.55777
135784,3.62606
135785,3.44278
135786,3.81469
135787,2.97306
135788,3.95917
135789,3.76739
135790,2.90308
135791,3.94061
135792,4.0241
135793,3.87869
135794,3.70566
135795,3.59762
135796,3.9837
135797,3.62914
135798,3.48072
135799,3.59895
135800,4.21304
135801,3.68184
135802,4.16251
135803,3.86702
135804,3.01424
135805,3.13922
135806,3.42403
135807,4.17873
135808,4.07839
135809,3.7783
135810,3.25477
135811,4.70143
135812,3.74334
135813,3.48426
135814,3.54766
135815,2.95237
135816,3.07527
135817,4.57243
135818,1.96714
135819,3.09015
135820,3.15952
135821,2.72516
135822,2.00645
135823,3.54385
135824,3.90046
135825,4.69859
135826,4.23463
135827,4.28625
135828,3.70874
135829,4.49522
135830,4.56919
135831,5.0
135832,4.19571
135833,4.70235
135834,4.55381
135835,4.33572
135836,5.0
135837,2.77305
135838,3.7457
135839,2.9102
135840,3.3511
135841,3.08636
135842,3.03313
135843,3.22201
135844,3.62325
135845,3.4495
135846,3.49743
135847,3.97331
135848,4.13274
135849,3.28229
135850,3.24674
135851,2.48876
135852,2.32963
135853,1.98161
135854,2.97486
135855,4.24673
135856,3.56472
135857,4.33244
135858,2.91802
135859,2.78852
135860,2.58837
135861,2.08276
135862,3.50331
135863,3.38938
135864,1.98038
135865,3.70598
135866,3.28704
135867,2.96666
135868,2.21932
135869,4.13212
135870,3.76834
135871,2.95835
135872,5.0
135873,4.13883
135874,3.23892
135875,2.2127
135876,1.42305
135877,3.24469
135878,3.87842
135879,2.11977
135880,3.79294
135881,3.87668
135882,1.96213
135883,1.95558
135884,2.79292
135885,2.77986
135886,4.69905
135887,4.35415
135888,2.77959
135889,1.97222
135890,4.04594
135891,3.23763
135892,3.11207
135893,3.9853
135894,3.04322
135895,2.33914
135896,4.16147
135897,4.21905
135898,4.08682
135899,3.43748
135900,3.7393
135901,3.92914
135902,3.39232
135903,3.80005
135904,3.59114
135905,4.19993
135906,3.41185
135907,3.3
135908,3.66632
135909,4.02706
135910,4.68758
135911,3.39598
135912,3.5294
135913,4.15692
135914,3.36937
135915,3.89798
135916,3.4572
135917,3.47778
135918,4.26034
135919,3.74448
135920,4.13383
135921,3.63961
135922,4.34169
135923,3.26022
135924,4.23224
135925,4.20946
135926,2.45804
135927,2.425
135928,3.7974
135929,2.63756
135930,3.7639
135931,2.96587
135932,3.25001
135933,4.03479
135934,1.44665
135935,3.65203
135936,4.0898
135937,2.14792
135938,3.9123
135939,2.69367
135940,3.08658
135941,2.36225
135942,3.13871
135943,3.03131
135944,1.00302
135945,3.21126
135946,2.41169
135947,2.14652
135948,2.94195
135949,3.4274
135950,2.60455
135951,1.0
135952,2.03128
135953,1.0
135954,2.32617
135955,2.40306
135956,1.37616
135957,3.40372
135958,1.0
135959,2.87538
135960,2.06849
135961,2.53154
135962,2.46624
135963,2.51633
135964,2.45082
135965,3.27139
135966,2.89033
135967,2.64776
135968,3.34937
135969,3.26412
135970,2.40414
135971,2.25033
135972,2.93301
135973,3.19196
135974,2.64102
135975,2.00462
135976,3.72925
135977,2.71213
135978,2.6467
135979,2.70355
135980,2.87345
135981,1.77263
135982,1.66679
135983,4.14053
135984,1.98776
135985,1.7133
135986,3.73926
135987,4.30447
135988,3.74734
135989,3.51702
135990,4.73191
135991,4.40714
135992,3.51563
135993,2.65625
135994,3.37064
135995,3.66258
135996,4.5043
135997,4.29066
135998,4.59972
135999,3.53081
136000,3.01061
136001,4.0207
136002,2.31925
136003,2.40695
136004,3.76992
136005,4.08125
136006,3.22707
136007,3.22526
136008,1.58073
136009,3.10302
136010,3.29827
136011,2.14724
136012,2.55554
136013,3.69087
136014,3.54706
136015,3.18792
136016,2.1791
136017,3.27554
136018,3.68033
136019,3.267
136020,4.02753
136021,2.79703
136022,4.10394
136023,1.91621
136024,3.00853
136025,2.36325
136026,3.82212
136027,2.74307
136028,3.08353
136029,4.67493
136030,3.39053
136031,2.85547
136032,3.08022
136033,2.83566
136034,3.33071
136035,3.76229
136036,3.37894
136037,3.64001
136038,3.95771
136039,2.75596
136040,3.70414
136041,3.13699
136042,3.62025
136043,2.09435
136044,3.17682
136045,3.33119
136046,3.42332
136047,3.27846
136048,3.4113
136049,2.0866
136050,2.89085
136051,1.86272
136052,4.55503
136053,3.72151
136054,4.17485
136055,4.33949
136056,1.35906
136057,2.7063
136058,1.97407
136059,2.31488
136060,3.53142
136061,2.68997
136062,2.32983
136063,2.08801
136064,3.64231
136065,2.05557
136066,2.42113
136067,1.13376
136068,1.27837
136069,3.53957
136070,1.0
136071,3.14075
136072,3.8213
136073,2.23647
136074,1.93294
136075,2.42714
136076,2.93754
136077,3.53542
136078,2.33392
136079,2.59185
136080,2.92033
136081,1.01731
136082,2.49567
136083,2.58895
136084,1.66954
136085,1.81105
136086,3.78055
136087,2.00779
136088,3.31862
136089,3.51296
136090,3.11862
136091,1.22752
136092,2.70428
136093,1.99266
136094,1.74315
136095,3.13911
136096,1.47797
136097,2.46893
136098,1.3887
136099,2.7932
136100,1.04952
136101,2.1878
136102,1.0
136103,2.0104
136104,1.42059
136105,1.8964
136106,2.40395
136107,1.0
136108,2.67297
136109,2.45149
136110,2.13273
136111,1.0
136112,1.46325
136113,2.43937
136114,3.23112
136115,3.61962
136116,1.84387
136117,2.53469
136118,3.66894
136119,1.9386
136120,3.01057
136121,1.91561
136122,2.41473
136123,1.50105
136124,3.33252
136125,2.81228
136126,1.23363
136127,2.22159
136128,3.26692
136129,1.11944
136130,2.82964
136131,1.0
136132,1.98826
136133,1.04045
136134,2.97644
136135,2.73696
136136,1.82406
136137,2.92735
136138,1.0
136139,2.26215
136140,1.93085
136141,3.09269
136142,3.57044
136143,3.87312
136144,2.64649
136145,2.13772
136146,2.61858
136147,4.281
136148,2.75252
136149,4.28608
136150,4.58509
136151,3.64135
136152,2.97056
136153,2.05089
136154,2.96036
136155,3.8322
136156,3.16681
136157,4.20027
136158,2.68337
136159,4.03558
136160,4.16394
136161,2.33453
136162,3.34691
136163,3.19035
136164,3.8215
136165,3.37669
136166,3.49962
136167,3.53398
136168,1.81849
136169,5.0
136170,2.31275
136171,4.08297
136172,3.66986
136173,3.71528
136174,5.0
136175,3.77022
136176,2.61031
136177,2.78913
136178,2.13738
136179,2.13131
136180,3.68726
136181,2.72711
136182,3.28371
136183,2.03503
136184,2.37783
136185,2.86628
136186,3.11368
136187,2.81237
136188,3.03912
136189,3.6027
136190,3.53225
136191,3.73503
136192,3.69857
136193,3.17291
136194,3.42999
136195,2.02569
136196,2.65254
136197,1.98972
136198,3.57605
136199,2.89594
136200,2.70031
136201,2.75412
136202,3.60601
136203,2.10867
136204,2.55483
136205,2.4048
136206,3.63357
136207,2.6443
136208,2.66356
136209,3.27343
136210,3.1711
136211,2.83395
136212,2.7751
136213,2.20633
136214,3.05673
136215,2.76268
136216,2.69913
136217,2.85661
136218,3.74221
136219,3.07879
136220,2.61026
136221,3.5602
136222,2.02437
136223,3.32787
136224,2.35939
136225,1.97332
136226,4.04841
136227,3.58346
136228,3.21665
136229,2.76954
136230,3.81807
136231,3.05268
136232,3.08958
136233,2.70012
136234,2.46947
136235,3.69392
136236,3.73135
136237,2.86864
136238,2.73118
136239,2.21572
136240,3.04096
136241,4.07226
136242,3.87699
136243,2.67948
136244,3.73257
136245,3.5715
136246,2.35143
136247,3.53039
136248,3.08476
136249,3.91822
136250,3.17303
136251,3.4125
136252,4.84546
136253,3.98342
136254,3.30181
136255,4.52472
136256,4.67815
136257,4.34503
136258,4.10165
136259,3.86826
136260,2.29163
136261,3.3287
136262,4.12026
136263,3.67445
136264,3.13468
136265,3.88867
136266,3.23048
136267,3.14954
136268,4.76028
136269,3.11445
136270,3.06482
136271,4.33294
136272,4.41165
136273,3.55108
136274,5.0
136275,4.36274
136276,1.95381
136277,3.80853
136278,5.0
136279,3.86439
136280,3.47816
136281,4.01437
136282,4.64455
136283,3.78705
136284,3.60412
136285,4.5318
136286,3.58165
136287,3.45895
136288,3.77967
136289,3.38564
136290,2.68188
136291,3.98088
136292,2.6819
136293,3.37137
136294,3.69302
136295,3.5345
136296,3.17543
136297,4.11939
136298,3.08008
136299,3.54268
136300,3.40722
136301,2.71206
136302,3.13464
136303,3.25234
136304,3.39124
136305,3.61818
136306,3.58498
136307,3.78826
136308,2.92782
136309,4.08481
136310,2.97138
136311,3.63708
136312,3.52043
136313,3.07274
136314,2.52272
136315,3.93614
136316,3.8193
136317,4.4076
136318,3.85501
136319,3.60628
136320,3.83099
136321,4.12716
136322,2.90712
136323,3.77312
136324,3.43721
136325,4.11224
136326,3.77949
136327,2.89154
136328,3.35354
136329,3.72962
136330,4.254
136331,3.50218
136332,3.48243
136333,4.11545
136334,3.55113
136335,3.65129
136336,4.47485
136337,2.91573
136338,3.71918
136339,3.59452
136340,2.82522
136341,3.14627
136342,3.35754
136343,3.89556
136344,2.76939
136345,3.94026
136346,3.3336
136347,3.27613
136348,4.37917
136349,3.15092
136350,3.24959
136351,3.70942
136352,2.94776
136353,3.46473
136354,3.13974
136355,3.9742
136356,3.51602
136357,3.67097
136358,3.40317
136359,4.30176
136360,4.17735
136361,3.55555
136362,2.92073
136363,4.01795
136364,2.43875
136365,3.61148
136366,3.28308
136367,2.83252
136368,3.60761
136369,3.7381
136370,4.44696
136371,3.1889
136372,2.97385
136373,2.80232
136374,4.26843
136375,3.56245
136376,3.89488
136377,2.50623
136378,4.14772
136379,4.45966
136380,5.0
136381,4.38243
136382,4.68296
136383,4.88464
136384,4.54508
136385,5.0
136386,3.2277
136387,4.22722
136388,4.27503
136389,4.65008
136390,4.14585
136391,2.8317
136392,4.14355
136393,4.05872
136394,3.1194
136395,2.75592
136396,3.56269
136397,3.88789
136398,3.56104
136399,4.45027
136400,3.27913
136401,3.06873
136402,3.33994
136403,3.76781
136404,3.42166
136405,4.23746
136406,3.96963
136407,3.97393
136408,2.12645
136409,3.90328
136410,3.40223
136411,3.77579
136412,4.30649
136413,3.98025
136414,3.52325
136415,2.8403
136416,2.98982
136417,3.11716
136418,4.04644
136419,3.90619
136420,2.4673
136421,3.53455
136422,3.75381
136423,3.07968
136424,3.99114
136425,2.6591
136426,3.67995
136427,3.33031
136428,4.01507
136429,2.5227
136430,3.99819
136431,4.01632
136432,3.3802
136433,3.54442
136434,2.90167
136435,3.28719
136436,3.85928
136437,4.14391
136438,3.93427
136439,3.93913
136440,2.88148
136441,3.80339
136442,4.16534
136443,2.52512
136444,4.45304
136445,3.13944
136446,3.19044
136447,3.5177
136448,3.64474
136449,3.58214
136450,2.72162
136451,4.38713
136452,3.30223
136453,3.96848
136454,2.31434
136455,2.95808
136456,3.88052
136457,4.0742
136458,2.58776
136459,3.96467
136460,3.59734
136461,4.76402
136462,3.51243
136463,3.95218
136464,4.59524
136465,3.25337
136466,4.20558
136467,4.79637
136468,4.48268
136469,4.30995
136470,4.76746
136471,5.0
136472,4.85742
136473,4.58599
136474,4.33331
136475,4.49632
136476,3.67282
136477,4.19333
136478,4.52946
136479,5.0
136480,4.0213
136481,4.22228
136482,3.84828
136483,4.24141
136484,4.32382
136485,4.2003
136486,3.54436
136487,3.74587
136488,4.01002
136489,4.63424
136490,4.1004
136491,3.77029
136492,3.10497
136493,4.17397
136494,3.78045
136495,4.78418
136496,3.73673
136497,3.61027
136498,4.60329
136499,3.88589
136500,4.78524
136501,5.0
136502,3.96453
136503,4.79449
136504,4.22509
136505,2.87061
136506,4.71395
136507,4.06093
136508,3.74811
136509,4.6401
136510,5.0
136511,4.54651
136512,4.73764
136513,3.82435
136514,4.48853
136515,2.50423
136516,4.38981
136517,4.85663
136518,3.8292
136519,4.22135
136520,4.50748
136521,4.02858
136522,3.08872
136523,2.43314
136524,4.62241
136525,4.46886
136526,4.83393
136527,4.48561
136528,4.76651
136529,4.18401
136530,4.58807
136531,4.76935
136532,3.77692
136533,4.19402
136534,4.72219
136535,4.10938
136536,4.02167
136537,3.14893
136538,3.6197
136539,2.41672
136540,3.78815
136541,3.15822
136542,4.66253
136543,2.09201
136544,4.50715
136545,3.82196
136546,3.85167
136547,4.47414
136548,4.15146
136549,3.35604
136550,4.04412
136551,3.9711
136552,3.8348
136553,4.20941
136554,2.20542
136555,4.07889
136556,2.65313
136557,1.74299
136558,2.7587
136559,2.75777
136560,3.82729
136561,3.77354
136562,3.52094
136563,2.71635
136564,2.90406
136565,2.72332
136566,3.32844
136567,2.96446
136568,2.23681
136569,3.56857
136570,4.39191
136571,3.73544
136572,4.59415
136573,4.64757
136574,4.72582
136575,3.73086
136576,3.28372
136577,2.48298
136578,3.38711
136579,2.8117
136580,3.19016
136581,2.82755
136582,4.26601
136583,3.75183
136584,3.60084
136585,2.51915
136586,3.5567
136587,3.15014
136588,2.97912
136589,3.00895
136590,2.54054
136591,2.45369
136592,2.04704
136593,2.30424
136594,3.37482
136595,3.00466
136596,3.23611
136597,4.04563
136598,1.98285
136599,2.67985
136600,2.46107
136601,2.64929
136602,2.98856
136603,1.98737
136604,3.28392
136605,3.76515
136606,3.11923
136607,4.28561
136608,2.72846
136609,3.35235
136610,3.67439
136611,2.71286
136612,2.72409
136613,2.20862
136614,3.56455
136615,4.66321
136616,3.97221
136617,4.1883
136618,3.30599
136619,2.89757
136620,4.02818
136621,3.669
136622,3.4261
136623,3.76444
136624,3.87005
136625,3.88198
136626,3.52115
136627,3.93978
136628,2.26605
136629,2.67461
136630,3.40079
136631,3.2373
136632,2.82057
136633,3.6384
136634,4.01172
136635,3.66012
136636,3.44962
136637,2.69879
136638,1.98544
136639,3.49181
136640,3.68804
136641,5.0
136642,3.08717
136643,3.34881
136644,3.35973
136645,3.55434
136646,3.08996
136647,1.88207
136648,2.99163
136649,3.26562
136650,3.74094
136651,1.90014
136652,3.91274
136653,3.4589
136654,1.72967
136655,2.01189
136656,2.71694
136657,3.43003
136658,3.10097
136659,2.86518
136660,1.94002
136661,2.59393
136662,3.70176
136663,1.74845
136664,2.81918
136665,3.51866
136666,4.53882
136667,4.31202
136668,3.81787
136669,3.69112
136670,4.43682
136671,4.04187
136672,4.27252
136673,3.62591
136674,4.02489
136675,3.47605
136676,4.06661
136677,3.70038
136678,3.62754
136679,3.51458
136680,3.95184
136681,4.39253
136682,4.86792
136683,4.25796
136684,3.6093
136685,4.26482
136686,4.15251
136687,4.22939
136688,3.38073
136689,4.05398
136690,3.44494
136691,2.75327
136692,3.42932
136693,2.94534
136694,3.57679
136695,4.86379
136696,4.32915
136697,3.02219
136698,3.76643
136699,3.26214
136700,3.8481
136701,3.06806
136702,3.09116
136703,3.907
136704,3.88912
136705,4.25055
136706,4.11918
136707,4.93279
136708,3.29529
136709,3.6294
136710,4.26846
136711,3.98553
136712,4.19183
136713,3.04807
136714,3.53765
136715,3.36511
136716,2.42592
136717,3.55293
136718,2.83892
136719,2.51927
136720,4.51324
136721,3.84204
136722,3.73449
136723,1.27301
136724,3.03705
136725,3.60734
136726,4.21362
136727,3.72112
136728,3.86068
136729,2.79113
136730,3.86227
136731,4.2009
136732,2.46745
136733,3.23821
136734,3.46854
136735,3.2712
136736,3.11138
136737,5.0
136738,4.99524
136739,4.43533
136740,4.21887
136741,2.13076
136742,2.28863
136743,1.34674
136744,2.9677
136745,2.95876
136746,2.59861
136747,4.41781
136748,2.48351
136749,2.84757
136750,3.72155
136751,4.08962
136752,3.78675
136753,3.45089
136754,2.74454
136755,3.3259
136756,3.72708
136757,3.27378
136758,3.64799
136759,3.18577
136760,4.43524
136761,4.71467
136762,4.64241
136763,4.18415
136764,2.72502
136765,4.09804
136766,3.47922
136767,4.46525
136768,3.1506
136769,4.84303
136770,3.66296
136771,2.8344
136772,5.0
136773,2.95814
136774,2.66628
136775,2.21662
136776,5.0
136777,4.65072
136778,4.95022
136779,4.30433
136780,4.40765
136781,4.88284
136782,3.53859
136783,3.31518
136784,3.51385
136785,3.04906
136786,2.99868
136787,2.43973
136788,3.14888
136789,4.4021
136790,3.65199
136791,4.20489
136792,4.31204
136793,3.74277
136794,3.18025
136795,3.27628
136796,2.93838
136797,4.03873
136798,3.27803
136799,1.98883
136800,4.05988
136801,4.42093
136802,3.95029
136803,4.04858
136804,4.21528
136805,3.68664
136806,4.26972
136807,4.19529
136808,4.38801
136809,3.84189
136810,3.76366
136811,4.20701
136812,4.2525
136813,2.74856
136814,4.91519
136815,4.17713
136816,3.74557
136817,3.4884
136818,3.52144
136819,4.71511
136820,4.00198
136821,3.83742
136822,4.84369
136823,3.54157
136824,4.21396
136825,4.44265
136826,3.82924
136827,4.86938
136828,4.16921
136829,2.65404
136830,4.29112
136831,2.84439
136832,2.99606
136833,3.65754
136834,2.68631
136835,3.00078
136836,4.58121
136837,2.70188
136838,2.7683
136839,3.755
136840,3.77835
136841,4.15324
136842,5.0
136843,3.6172
136844,3.452
136845,4.6322
136846,4.53223
136847,2.8914
136848,3.74379
136849,1.37488
136850,4.44142
136851,4.02949
136852,3.71773
136853,3.99422
136854,3.44466
136855,4.39959
136856,2.50416
136857,1.7403
136858,3.98838
136859,4.02149
136860,4.43227
136861,3.66755
136862,4.62642
136863,3.86008
136864,4.30933
136865,3.79125
136866,3.77312
136867,4.14523
136868,2.80527
136869,4.12023
136870,3.40668
136871,3.55679
136872,4.87673
136873,2.4057
136874,4.10815
136875,5.0
136876,4.80042
136877,4.01072
136878,4.07529
136879,4.41319
136880,4.1999
136881,3.57536
136882,5.0
136883,5.0
136884,5.0
136885,4.97767
136886,3.63471
136887,4.30969
136888,5.0
136889,4.58734
136890,3.91357
136891,3.08435
136892,4.10039
136893,1.65672
136894,2.17676
136895,2.19351
136896,4.67016
136897,4.4862
136898,3.64569
136899,2.60943
136900,3.75877
136901,2.96026
136902,3.3691
136903,4.30277
136904,3.25734
136905,2.19484
136906,2.76612
136907,4.08834
136908,3.67061
136909,2.64481
136910,3.35146
136911,3.39797
136912,2.81166
136913,1.88515
136914,3.44423
136915,2.72984
136916,3.26672
136917,4.10235
136918,2.04549
136919,2.27445
136920,3.11395
136921,1.91096
136922,4.80504
136923,4.68646
136924,2.42544
136925,4.41094
136926,3.66885
136927,3.50457
136928,3.81991
136929,4.133
136930,2.06699
136931,3.31007
136932,3.59733
136933,3.8563
136934,3.4388
136935,3.47526
136936,4.36281
136937,3.56466
136938,3.99238
136939,3.96573
136940,3.81851
136941,2.91309
136942,3.61852
136943,3.42649
136944,4.37172
136945,4.24927
136946,3.85244
136947,5.0
136948,5.0
136949,5.0
136950,5.0
136951,4.3327
136952,2.77836
136953,3.48314
136954,3.68364
136955,3.6491
136956,3.79899
136957,3.21164
136958,3.14024
136959,3.48817
136960,3.53384
136961,3.77507
136962,4.53888
136963,4.13406
136964,4.55874
136965,4.4657
136966,2.89469
136967,4.54426
136968,2.83253
136969,3.67552
136970,3.72324
136971,4.3288
136972,3.1354
136973,4.16338
136974,4.05717
136975,3.04878
136976,3.9611
136977,4.43644
136978,4.66418
136979,4.45424
136980,3.84473
136981,3.41529
136982,5.0
136983,5.0
136984,1.39204
136985,4.84771
136986,4.04347
136987,3.28088
136988,2.81771
136989,4.28188
136990,4.5249
136991,4.06943
136992,3.6894
136993,3.76184
136994,4.2139
136995,3.42546
136996,4.51156
136997,3.14492
136998,3.56721
136999,3.16937
137000,3.2859
137001,3.5512
137002,3.48398
137003,3.70099
137004,3.18142
137005,3.04452
137006,2.98071
137007,3.64876
137008,3.98056
137009,3.41417
137010,4.49457
137011,2.944
137012,4.10421
137013,4.65855
137014,3.9326
137015,3.50374
137016,3.65818
137017,3.77087
137018,2.23358
137019,3.77415
137020,3.97533
137021,3.82523
137022,3.92053
137023,3.99179
137024,3.71008
137025,2.99808
137026,3.3739
137027,4.3865
137028,4.60246
137029,3.66945
137030,2.62355
137031,3.31579
137032,2.73855
137033,4.14425
137034,2.74588
137035,3.40455
137036,3.86463
137037,3.08465
137038,4.05178
137039,4.51289
137040,4.19933
137041,4.14154
137042,4.71208
137043,2.54779
137044,4.78743
137045,4.29596
137046,4.33363
137047,3.63338
137048,4.59019
137049,4.13417
137050,3.90155
137051,4.00648
137052,3.90094
137053,4.58842
137054,4.98468
137055,4.89207
137056,4.1847
137057,4.14934
137058,4.27811
137059,3.67131
137060,3.51189
137061,4.11675
137062,4.75445
137063,4.09876
137064,3.79658
137065,3.5852
137066,3.44669
137067,3.61655
137068,3.60369
137069,4.39737
137070,4.59997
137071,3.03928
137072,4.36187
137073,3.64394
137074,5.0
137075,2.65648
137076,3.19205
137077,4.35244
137078,2.31504
137079,4.51703
137080,4.09239
137081,3.79791
137082,2.74351
137083,1.98991
137084,1.36118
137085,2.96193
137086,2.29215
137087,1.60388
137088,1.56556
137089,1.52168
137090,2.40231
137091,2.12299
137092,2.34676
137093,3.86919
137094,3.52138
137095,2.25637
137096,1.0
137097,3.1926
137098,2.68636
137099,4.27965
137100,2.59402
137101,2.70034
137102,1.0
137103,1.0
137104,4.0899
137105,4.10315
137106,4.18931
137107,4.773
137108,5.0
137109,4.49499
137110,3.98078
137111,4.22668
137112,3.25285
137113,4.03732
137114,4.73529
137115,3.06896
137116,3.50951
137117,3.34804
137118,3.3262
137119,5.0
137120,3.76625
137121,4.80063
137122,4.08947
137123,2.77794
137124,4.89969
137125,3.71867
137126,4.33529
137127,3.68782
137128,3.16238
137129,3.65946
137130,4.56113
137131,4.05525
137132,2.8514
137133,4.28984
137134,3.63268
137135,3.97909
137136,4.32711
137137,4.2787
137138,3.85762
137139,4.30707
137140,2.36267
137141,3.36553
137142,3.20103
137143,4.19458
137144,3.14226
137145,4.23008
137146,4.46968
137147,4.20287
137148,3.03283
137149,5.0
137150,5.0
137151,4.28913
137152,5.0
137153,5.0
137154,2.64851
137155,3.1402
137156,4.71146
137157,2.79109
137158,3.75228
137159,4.96101
137160,5.0
137161,4.89851
137162,3.73364
137163,4.95414
137164,4.12042
137165,4.03097
137166,4.38212
137167,4.49589
137168,2.49794
137169,3.7607
137170,2.33415
137171,2.94972
137172,3.05991
137173,2.30195
137174,2.20555
137175,3.21621
137176,3.69026
137177,3.08349
137178,2.89311
137179,3.30085
137180,3.55876
137181,2.80114
137182,2.59794
137183,2.03159
137184,4.23541
137185,3.20309
137186,2.67008
137187,2.90734
137188,3.33557
137189,2.66519
137190,3.41735
137191,2.53632
137192,3.07078
137193,3.488
137194,3.17731
137195,2.5686
137196,3.91336
137197,2.68319
137198,3.13789
137199,3.33623
137200,3.14126
137201,3.13164
137202,3.24466
137203,4.17275
137204,3.2474
137205,3.63142
137206,4.263
137207,2.6461
137208,2.58256
137209,4.10576
137210,3.88953
137211,3.02855
137212,3.48315
137213,3.62381
137214,4.2579
137215,3.92023
137216,3.94271
137217,3.98147
137218,4.16145
137219,3.02208
137220,3.90381
137221,3.87679
137222,4.10191
137223,4.62829
137224,4.10809
137225,3.95472
137226,3.71729
137227,4.6974
137228,3.83467
137229,4.34314
137230,3.3571
137231,3.40591
137232,3.82436
137233,3.99411
137234,3.56101
137235,3.92344
137236,4.0747
137237,4.16856
137238,3.46224
137239,3.451
137240,4.55494
137241,4.40832
137242,4.1828
137243,3.43512
137244,2.75058
137245,3.63179
137246,3.27997
137247,3.97568
137248,3.66916
137249,3.75744
137250,3.55764
137251,3.1087
137252,3.78539
137253,3.99507
137254,3.67687
137255,3.73896
137256,3.11794
137257,3.19754
137258,4.11446
137259,3.22895
137260,4.89871
137261,3.65302
137262,3.24645
137263,4.37485
137264,4.94543
137265,4.04771
137266,3.72722
137267,4.85707
137268,3.32171
137269,3.89292
137270,4.65314
137271,3.79072
137272,3.98578
137273,3.2939
137274,3.46525
137275,4.16651
137276,3.85939
137277,5.0
137278,4.77728
137279,5.0
137280,4.35765
137281,3.72243
137282,4.73334
137283,4.4513
137284,4.65789
137285,4.14916
137286,4.1965
137287,4.39504
137288,4.60092
137289,4.53429
137290,4.78531
137291,4.32881
137292,5.0
137293,4.24766
137294,4.80141
137295,3.51217
137296,3.90512
137297,3.54953
137298,3.84536
137299,3.13373
137300,3.29688
137301,3.20918
137302,2.24123
137303,3.91204
137304,3.69503
137305,3.92442
137306,4.52648
137307,4.14922
137308,3.21557
137309,3.57703
137310,3.7714
137311,2.97493
137312,3.76847
137313,3.10307
137314,4.37118
137315,4.88744
137316,4.22574
137317,4.13318
137318,3.95484
137319,4.209
137320,4.33857
137321,5.0
137322,4.44564
137323,4.38236
137324,4.96155
137325,4.51962
137326,4.18831
137327,4.30857
137328,4.67532
137329,3.7826
137330,4.86462
137331,4.15818
137332,4.44383
137333,4.2109
137334,3.52277
137335,2.05112
137336,3.80482
137337,2.86972
137338,4.3771
137339,3.81881
137340,3.611
137341,2.30054
137342,3.41044
137343,4.08025
137344,3.01103
137345,3.02291
137346,3.46176
137347,2.93975
137348,2.97348
137349,3.28298
137350,2.57845
137351,2.77015
137352,2.40121
137353,2.60849
137354,2.36402
137355,1.93598
137356,3.72478
137357,3.05923
137358,2.00466
137359,1.0
137360,3.86157
137361,2.50204
137362,3.13224
137363,3.64424
137364,3.6687
137365,3.51176
137366,3.00082
137367,2.54247
137368,2.88716
137369,3.67069
137370,2.0257
137371,2.85196
137372,4.51741
137373,3.51055
137374,2.56434
137375,1.67833
137376,1.26835
137377,2.38806
137378,2.7337
137379,3.93783
137380,3.56521
137381,2.13021
137382,2.97026
137383,2.74311
137384,2.68196
137385,3.85964
137386,2.81051
137387,3.28397
137388,4.03905
137389,4.05272
137390,2.73134
137391,4.25024
137392,3.34242
137393,2.04788
137394,4.64068
137395,1.0
137396,4.4732
137397,4.33315
137398,2.82208
137399,3.71268
137400,3.30984
137401,4.29065
137402,4.25691
137403,3.00716
137404,2.00047
137405,2.47571
137406,2.64108
137407,4.09706
137408,3.37498
137409,3.07132
137410,4.00788
137411,3.67679
137412,3.76212
137413,2.1996
137414,1.37735
137415,3.49448
137416,4.03668
137417,3.44021
137418,3.0181
137419,3.09781
137420,3.09371
137421,3.66538
137422,2.67674
137423,3.12306
137424,3.63383
137425,3.45018
137426,3.34138
137427,4.28006
137428,3.78031
137429,3.20308
137430,4.67942
137431,3.43978
137432,3.24663
137433,3.36479
137434,2.24102
137435,3.16037
137436,3.94781
137437,3.44389
137438,2.00131
137439,3.35091
137440,2.59794
137441,2.52642
137442,2.90715
137443,3.77489
137444,2.95514
137445,1.69365
137446,3.18513
137447,1.42987
137448,3.37854
137449,3.40082
137450,3.72934
137451,4.05196
137452,3.86753
137453,3.75905
137454,3.32134
137455,2.98029
137456,3.2548
137457,2.43713
137458,3.82731
137459,2.34756
137460,2.37457
137461,2.18233
137462,3.51583
137463,3.71276
137464,3.47012
137465,1.63526
137466,4.17295
137467,3.99509
137468,2.42685
137469,3.56938
137470,4.32884
137471,2.79318
137472,4.15185
137473,2.17736
137474,4.06347
137475,3.03245
137476,2.68243
137477,3.65401
137478,4.55534
137479,3.448
137480,3.2923
137481,3.66711
137482,4.36317
137483,3.99215
137484,3.09526
137485,2.89089
137486,3.58559
137487,3.71717
137488,4.66549
137489,4.85435
137490,4.0279
137491,4.84938
137492,4.56769
137493,4.80039
137494,4.78944
137495,4.72346
137496,4.14654
137497,4.74831
137498,3.70418
137499,4.21529
137500,3.78959
137501,4.46812
137502,4.7047
137503,3.63906
137504,4.30814
137505,3.8436
137506,4.27796
137507,3.84598
137508,4.11802
137509,4.47976
137510,4.0749
137511,4.02858
137512,4.75853
137513,4.78732
137514,3.80321
137515,4.27129
137516,4.02435
137517,3.87185
137518,1.90815
137519,4.31608
137520,2.4035
137521,3.02669
137522,3.54908
137523,4.51323
137524,1.92776
137525,3.70866
137526,3.3784
137527,3.11464
137528,2.09821
137529,3.75219
137530,3.07715
137531,3.23289
137532,1.81975
137533,3.66612
137534,4.14724
137535,3.42829
137536,2.47954
137537,2.94976
137538,3.62961
137539,3.08356
137540,2.73293
137541,4.49751
137542,4.94593
137543,4.03231
137544,4.05957
137545,3.38166
137546,3.57738
137547,3.21225
137548,4.24786
137549,3.48064
137550,4.08193
137551,4.17125
137552,4.49597
137553,3.3496
137554,4.60715
137555,3.23731
137556,3.9661
137557,5.0
137558,3.92867
137559,3.83414
137560,3.63453
137561,2.44811
137562,2.62662
137563,3.25133
137564,2.27426
137565,2.12519
137566,2.58366
137567,3.15711
137568,3.46209
137569,3.29007
137570,2.80768
137571,2.21343
137572,2.3502
137573,3.30078
137574,3.09412
137575,4.24117
137576,3.59698
137577,3.01175
137578,2.02071
137579,3.43663
137580,3.56166
137581,3.78882
137582,2.53644
137583,3.66727
137584,3.73461
137585,3.82891
137586,1.86008
137587,3.39686
137588,3.51909
137589,2.7575
137590,3.55241
137591,2.94266
137592,1.49107
137593,3.56619
137594,3.30467
137595,3.27194
137596,2.54844
137597,3.31693
137598,2.13939
137599,2.84066
137600,3.29833
137601,3.95636
137602,3.75842
137603,2.76107
137604,4.36039
137605,4.06851
137606,4.24285
137607,4.4144
137608,3.27509
137609,4.50929
137610,5.0
137611,3.78433
137612,4.033
137613,2.23829
137614,4.10381
137615,3.42984
137616,4.35828
137617,4.55497
137618,2.71027
137619,2.05656
137620,2.74146
137621,2.50844
137622,3.06269
137623,4.07326
137624,3.15515
137625,3.75374
137626,4.40022
137627,3.38829
137628,4.48225
137629,4.06488
137630,3.80084
137631,4.25193
137632,3.59151
137633,4.49248
137634,3.43446
137635,4.04676
137636,3.11751
137637,2.39884
137638,1.6781
137639,3.08403
137640,3.03297
137641,2.20058
137642,3.44313
137643,1.60086
137644,2.65828
137645,3.37683
137646,3.74062
137647,4.90867
137648,2.95672
137649,3.9674
137650,1.32166
137651,1.75028
137652,5.0
137653,3.90445
137654,3.69822
137655,1.75975
137656,4.58406
137657,4.98558
137658,1.85272
137659,2.25499
137660,2.913
137661,2.46309
137662,3.99022
137663,3.82575
137664,4.00414
137665,3.72384
137666,5.0
137667,3.4227
137668,4.29239
137669,2.13011
137670,3.10322
137671,3.22162
137672,3.38843
137673,3.8031
137674,4.65635
137675,4.45646
137676,3.98877
137677,4.00349
137678,4.28913
137679,3.70823
137680,3.6755
137681,3.89292
137682,3.77882
137683,3.84347
137684,4.0943
137685,3.94869
137686,3.76992
137687,3.50511
137688,4.3461
137689,2.88048
137690,2.96009
137691,3.96724
137692,2.71603
137693,2.14977
137694,2.36563
137695,3.37352
137696,4.18105
137697,3.1159
137698,1.8903
137699,4.49122
137700,3.36451
137701,2.6446
137702,2.7665
137703,2.25567
137704,2.22535
137705,2.47947
137706,3.36062
137707,2.84221
137708,2.37678
137709,4.15194
137710,4.48788
137711,4.24932
137712,3.85981
137713,3.04477
137714,3.35275
137715,3.96471
137716,4.04075
137717,3.48586
137718,3.11573
137719,3.92556
137720,3.95
137721,4.30089
137722,3.16091
137723,4.13898
137724,4.03901
137725,4.92142
137726,4.61819
137727,4.53125
137728,4.02787
137729,4.1236
137730,4.23933
137731,3.27481
137732,3.58236
137733,3.11779
137734,4.03661
137735,3.43038
137736,3.60275
137737,3.42222
137738,3.06779
137739,4.57198
137740,4.26434
137741,4.72421
137742,4.23032
137743,4.54106
137744,4.06536
137745,4.82987
137746,3.70435
137747,3.98803
137748,4.05941
137749,4.42224
137750,3.7124
137751,4.31458
137752,2.88125
137753,3.38785
137754,3.80634
137755,3.73141
137756,2.31092
137757,4.21618
137758,4.12506
137759,4.69412
137760,3.6728
137761,4.79078
137762,4.49804
137763,4.40729
137764,4.74376
137765,4.37404
137766,4.13158
137767,3.51531
137768,4.31466
137769,4.05976
137770,4.22871
137771,4.19276
137772,4.1789
137773,3.89833
137774,4.02456
137775,3.63083
137776,4.2996
137777,3.91275
137778,3.34585
137779,3.10426
137780,3.04499
137781,3.46028
137782,2.6119
137783,3.29503
137784,3.69214
137785,3.00908
137786,4.13193
137787,3.48305
137788,2.40619
137789,3.23463
137790,3.43035
137791,2.7525
137792,3.46453
137793,2.84357
137794,3.01719
137795,2.7602
137796,2.51449
137797,2.76913
137798,3.28181
137799,2.40354
137800,3.60092
137801,2.9862
137802,2.76897
137803,3.00933
137804,3.57726
137805,3.2257
137806,3.36003
137807,2.88038
137808,3.15856
137809,2.51242
137810,2.88572
137811,2.73472
137812,2.25412
137813,2.75563
137814,3.0516
137815,3.1721
137816,3.72489
137817,1.96556
137818,2.77856
137819,3.65306
137820,2.52936
137821,3.10764
137822,3.16047
137823,2.14173
137824,3.36325
137825,3.41899
137826,2.48638
137827,4.11308
137828,2.99691
137829,2.19187
137830,3.4941
137831,3.48127
137832,4.45403
137833,3.50411
137834,3.78173
137835,3.80207
137836,3.08613
137837,3.84624
137838,3.26875
137839,2.62644
137840,3.37413
137841,4.26743
137842,4.31994
137843,2.73179
137844,4.08334
137845,3.66507
137846,3.74142
137847,3.78183
137848,2.41898
137849,3.97435
137850,3.53099
137851,3.91069
137852,1.87763
137853,3.02859
137854,4.12832
137855,3.46859
137856,4.28037
137857,4.73149
137858,3.0005
137859,4.20901
137860,4.31653
137861,2.94182
137862,4.72699
137863,3.45003
137864,3.65723
137865,3.01098
137866,2.53702
137867,2.3256
137868,4.44302
137869,4.25744
137870,3.53037
137871,4.83112
137872,4.2342
137873,3.57549
137874,2.54908
137875,4.11752
137876,4.14952
137877,4.28041
137878,3.81376
137879,4.49425
137880,4.39532
137881,3.36184
137882,3.222
137883,4.40021
137884,4.54181
137885,3.77491
137886,3.21954
137887,4.06828
137888,4.30263
137889,4.14659
137890,3.33177
137891,4.10702
137892,3.98146
137893,4.2123
137894,4.18207
137895,3.58795
137896,3.6003
137897,4.04016
137898,3.79834
137899,4.44672
137900,4.17358
137901,4.34998
137902,4.07334
137903,4.2803
137904,4.03358
137905,4.16655
137906,4.20172
137907,3.87098
137908,4.0155
137909,4.38635
137910,2.4434
137911,3.06991
137912,3.19919
137913,3.28899
137914,3.50607
137915,3.72399
137916,2.49213
137917,2.78445
137918,3.36019
137919,3.75801
137920,2.85657
137921,3.17682
137922,3.52711
137923,3.21263
137924,4.74249
137925,4.21902
137926,3.24463
137927,5.0
137928,3.56485
137929,4.45928
137930,4.61649
137931,3.04858
137932,3.35477
137933,3.55739
137934,3.25636
137935,3.83495
137936,3.41202
137937,3.22123
137938,3.58397
137939,4.83474
137940,3.58097
137941,3.01686
137942,1.89956
137943,4.12942
137944,3.20448
137945,3.06169
137946,2.53865
137947,3.08939
137948,4.51806
137949,3.55808
137950,3.9181
137951,2.0207
137952,1.81223
137953,3.24253
137954,2.96607
137955,1.99653
137956,3.67529
137957,3.69268
137958,3.82209
137959,2.31093
137960,4.32875
137961,2.41284
137962,3.59762
137963,3.98545
137964,4.77754
137965,3.68498
137966,4.02051
137967,3.37463
137968,3.87708
137969,3.02256
137970,4.05412
137971,3.97998
137972,4.46429
137973,4.02051
137974,2.52625
137975,2.0797
137976,3.79078
137977,3.54681
137978,4.83121
137979,3.89226
137980,4.36305
137981,2.33261
137982,4.54481
137983,3.94572
137984,4.17366
137985,4.69419
137986,4.19859
137987,2.07872
137988,4.28718
137989,4.01261
137990,3.79694
137991,1.84225
137992,3.83331
137993,4.26715
137994,4.46457
137995,3.1529
137996,1.68538
137997,3.56689
137998,4.33451
137999,4.8279
138000,2.76254
138001,3.29919
138002,4.26403
138003,3.84286
138004,4.07101
138005,3.43614
138006,2.14717
138007,3.09138
138008,3.447
138009,2.92419
138010,3.71976
138011,3.39077
138012,2.42847
138013,4.18752
138014,3.25355
138015,3.6847
138016,3.56102
138017,3.68473
138018,3.86161
138019,2.57768
138020,4.16069
138021,3.92686
138022,2.92169
138023,4.1582
138024,2.04267
138025,5.0
138026,2.45531
138027,4.39034
138028,4.3202
138029,3.66061
138030,3.64183
138031,3.73158
138032,3.50601
138033,3.30726
138034,2.57692
138035,2.67934
138036,3.26587
138037,3.96412
138038,3.81213
138039,2.76302
138040,2.30694
138041,3.37969
138042,3.35317
138043,3.01262
138044,2.71549
138045,2.63755
138046,4.29316
138047,2.54158
138048,3.32967
138049,3.01536
138050,4.87503
138051,2.21103
138052,2.79082
138053,4.57621
138054,3.6381
138055,2.89284
138056,3.46243
138057,2.57614
138058,4.13299
138059,2.58312
138060,2.96636
138061,3.77307
138062,2.51382
138063,3.09471
138064,2.41084
138065,2.78068
138066,4.48962
138067,3.98814
138068,2.58626
138069,2.8444
138070,2.52366
138071,2.26935
138072,3.50767
138073,3.27416
138074,3.78897
138075,4.06224
138076,2.43877
138077,3.60435
138078,4.10104
138079,4.51321
138080,3.45595
138081,3.57995
138082,3.01978
138083,4.32076
138084,3.99456
138085,3.70967
138086,3.93378
138087,4.01603
138088,1.34919
138089,4.32581
138090,3.24763
138091,2.99919
138092,3.31774
138093,3.42052
138094,3.29479
138095,2.56691
138096,3.76339
138097,4.76985
138098,3.85923
138099,3.92994
138100,4.3323
138101,3.96763
138102,3.56708
138103,3.75216
138104,1.24858
138105,4.01881
138106,4.62943
138107,2.96629
138108,1.33118
138109,3.05607
138110,4.13257
138111,3.16929
138112,2.23808
138113,2.92894
138114,2.78928
138115,4.0385
138116,3.73923
138117,3.98206
138118,3.76413
138119,4.48201
138120,3.69114
138121,3.89012
138122,3.29445
138123,4.38912
138124,2.96569
138125,3.83229
138126,3.63602
138127,2.93217
138128,2.9359
138129,4.19419
138130,3.51603
138131,4.94985
138132,3.89353
138133,3.11318
138134,3.62708
138135,2.5588
138136,3.68174
138137,4.30419
138138,3.79598
138139,2.62699
138140,4.03709
138141,3.56128
138142,3.22938
138143,2.77435
138144,3.30861
138145,2.37715
138146,2.68699
138147,2.24172
138148,2.98577
138149,2.77659
138150,3.60488
138151,3.20803
138152,2.77076
138153,3.54127
138154,3.07159
138155,2.15542
138156,2.79895
138157,2.46444
138158,2.98278
138159,2.19197
138160,3.05973
138161,2.47505
138162,3.70838
138163,2.77206
138164,3.24333
138165,3.94732
138166,4.23761
138167,4.26835
138168,4.03216
138169,4.1894
138170,3.35388
138171,3.53101
138172,3.83411
138173,3.68548
138174,3.89492
138175,4.13042
138176,3.68258
138177,3.964
138178,2.91164
138179,2.59733
138180,3.70518
138181,4.19018
138182,2.91033
138183,3.49661
138184,3.43481
138185,3.45335
138186,4.27136
138187,4.16871
138188,3.69836
138189,3.22827
138190,3.46581
138191,3.73868
138192,3.77358
138193,3.22864
138194,3.26818
138195,3.51218
138196,3.10282
138197,3.65628
138198,3.70216
138199,4.11088
138200,3.90478
138201,4.05061
138202,3.95578
138203,3.09659
138204,3.67816
138205,2.39033
138206,3.93623
138207,3.89861
138208,4.05968
138209,4.48458
138210,5.0
138211,4.31425
138212,4.68967
138213,4.23718
138214,4.02614
138215,4.48119
138216,4.68662
138217,3.97364
138218,4.3002
138219,4.31846
138220,4.88438
138221,4.65268
138222,3.82356
138223,3.97535
138224,3.74476
138225,5.0
138226,4.36556
138227,4.42172
138228,4.4287
138229,2.10076
138230,3.12528
138231,4.42263
138232,3.88805
138233,4.59633
138234,3.74444
138235,4.02258
138236,5.0
138237,4.16653
138238,4.99191
138239,3.96338
138240,4.64094
138241,3.58216
138242,2.92077
138243,3.02426
138244,3.68895
138245,3.49019
138246,2.87934
138247,3.57842
138248,2.70019
138249,3.39076
138250,2.32477
138251,2.88412
138252,2.72784
138253,3.76494
138254,3.59907
138255,3.53709
138256,3.90847
138257,2.59561
138258,3.45069
138259,3.38638
138260,3.21472
138261,3.51636
138262,3.29404
138263,4.28446
138264,2.49696
138265,4.14982
138266,3.76501
138267,3.42456
138268,3.44099
138269,3.07134
138270,4.1425
138271,3.69982
138272,3.64956
138273,4.69568
138274,3.80124
138275,4.62501
138276,4.04848
138277,3.82352
138278,3.84042
138279,4.56578
138280,4.16106
138281,3.66952
138282,1.68369
138283,2.99728
138284,4.26439
138285,5.0
138286,3.94615
138287,4.438
138288,3.7731
138289,4.04559
138290,4.66826
138291,4.73025
138292,4.3778
138293,3.71272
138294,3.16015
138295,4.14538
138296,2.9546
138297,3.7087
138298,4.27954
138299,4.31398
138300,3.88058
138301,4.36187
138302,3.34768
138303,3.8497
138304,4.25444
138305,3.83239
138306,3.7899
138307,3.68438
138308,2.62445
138309,4.6863
138310,3.9392
138311,4.44321
138312,3.98381
138313,4.15703
138314,3.87073
138315,3.07289
138316,4.10338
138317,3.96271
138318,4.2861
138319,3.96616
138320,3.13974
138321,3.4876
138322,3.8598
138323,4.16301
138324,3.96352
138325,3.38943
138326,3.46521
138327,5.0
138328,3.33342
138329,4.56264
138330,4.12168
138331,4.72456
138332,3.64875
138333,3.2095
138334,3.39398
138335,4.01527
138336,3.6234
138337,3.63818
138338,3.66279
138339,3.97955
138340,4.06558
138341,2.30215
138342,4.04533
138343,4.05775
138344,4.41043
138345,4.35839
138346,3.62903
138347,5.0
138348,4.13085
138349,3.78661
138350,3.76994
138351,4.66078
138352,4.82293
138353,4.5623
138354,3.99058
138355,4.54112
138356,3.98082
138357,4.08582
138358,3.91658
138359,4.41482
138360,3.99162
138361,4.30797
138362,4.85584
138363,3.55407
138364,4.58907
138365,4.69862
138366,4.91043
138367,4.40341
138368,3.886
138369,4.53948
138370,4.45965
138371,4.51954
138372,3.68234
138373,4.29765
138374,4.7168
138375,3.64259
138376,4.11927
138377,4.92138
138378,3.89618
138379,3.54726
138380,3.88677
138381,3.66414
138382,3.94153
138383,4.18336
138384,3.90244
138385,4.09565
138386,3.33314
138387,4.08771
138388,3.33241
138389,4.4562
138390,3.55547
138391,3.55588
138392,3.98422
138393,3.38943
138394,3.47159
138395,4.37484
138396,3.62425
138397,3.06987
138398,3.69679
138399,3.04211
138400,2.81758
138401,3.80455
138402,4.43215
138403,3.1951
138404,4.8483
138405,3.51938
138406,4.1969
138407,4.28425
138408,3.75317
138409,4.91348
138410,5.0
138411,3.21278
138412,4.7111
138413,5.0
138414,5.0
138415,3.75343
138416,4.26492
138417,5.0
138418,5.0
138419,5.0
138420,5.0
138421,4.98437
138422,4.44918
138423,3.9426
138424,3.53801
138425,4.58303
138426,4.44206
138427,1.0
138428,5.0
138429,1.55256
138430,4.29092
138431,5.0
138432,3.06371
138433,4.40212
138434,2.27632
138435,4.64583
138436,1.0
138437,1.77983
138438,3.6378
138439,3.23226
138440,1.34931
138441,2.44571
138442,1.16671
138443,1.0
138444,2.56238
138445,4.59829
138446,3.77341
138447,4.64819
138448,1.9481
138449,1.0
138450,5.0
138451,2.05686
138452,4.31202
138453,3.80654
138454,3.61383
138455,1.0
138456,4.13409
138457,4.56274
138458,2.55375
138459,3.39024
138460,2.68416
138461,3.12759
138462,4.28656
138463,3.17279
138464,4.44822
138465,3.81827
138466,3.33653
138467,3.85672
138468,2.19883
138469,4.21268
138470,4.49759
138471,3.46544
138472,3.55145
138473,3.80345
138474,3.35983
138475,3.75079
138476,3.91743
138477,2.37461
138478,3.66704
138479,4.66626
138480,4.38422
138481,3.67657
138482,4.36627
138483,3.93935
138484,4.48861
138485,3.90684
138486,4.06716
138487,4.31497
138488,4.2617
138489,3.55084
138490,3.82769
138491,2.26493
138492,4.4475
138493,2.62828
138494,4.00774
138495,3.27434
138496,2.86594
138497,3.55786
138498,4.27158
138499,3.11958
138500,3.88421
138501,4.13738
138502,3.99686
138503,4.29434
138504,4.13836
138505,4.16014
138506,4.29923
138507,4.15358
138508,4.02352
138509,3.95221
138510,3.30411
138511,3.69817
138512,3.8267
138513,4.15367
138514,2.62538
138515,2.74384
138516,3.81984
138517,3.11168
138518,3.08542
138519,3.97448
138520,4.11555
138521,4.45897
138522,3.87392
138523,1.5607
138524,3.40934
138525,2.57848
138526,4.04914
138527,3.05523
138528,1.20308
138529,3.84036
138530,4.05018
138531,3.4408
138532,4.33087
138533,4.83832
138534,3.5226
138535,3.20543
138536,3.73761
138537,4.28466
138538,4.75239
138539,2.10265
138540,2.1805
138541,2.46193
138542,2.74356
138543,3.26364
138544,4.58444
138545,4.44863
138546,4.07468
138547,4.81467
138548,3.38193
138549,3.69913
138550,4.79369
138551,4.65523
138552,3.0744
138553,3.03791
138554,2.07739
138555,3.65941
138556,4.53942
138557,3.68385
138558,4.4899
138559,3.02068
138560,3.56788
138561,3.78748
138562,3.94368
138563,1.55531
138564,2.74733
138565,2.56329
138566,4.87376
138567,3.68933
138568,3.55916
138569,4.72252
138570,3.87725
138571,4.4966
138572,4.18662
138573,4.4901
138574,3.63983
138575,5.0
138576,4.58731
138577,4.23823
138578,4.15784
138579,4.12654
138580,4.07872
138581,4.55339
138582,3.43073
138583,4.33416
138584,3.66974
138585,3.48715
138586,4.35082
138587,4.39612
138588,3.59385
138589,3.14593
138590,4.36665
138591,3.59867
138592,4.01889
138593,4.21668
138594,3.42555
138595,2.73029
138596,3.38699
138597,3.74309
138598,4.54746
138599,3.42273
138600,4.51686
138601,3.47559
138602,4.05593
138603,3.24218
138604,3.57263
138605,3.12763
138606,3.89523
138607,3.26584
138608,4.29123
138609,3.70953
138610,3.76167
138611,2.52293
138612,2.7894
138613,4.55713
138614,3.84787
138615,4.30849
138616,2.25218
138617,4.07421
138618,3.5275
138619,2.67165
138620,2.69506
138621,2.83382
138622,3.2567
138623,3.68418
138624,3.04713
138625,2.60935
138626,3.39805
138627,3.98309
138628,4.15698
138629,4.53903
138630,3.33069
138631,4.13714
138632,4.29509
138633,3.33377
138634,3.87302
138635,3.86324
138636,3.48483
138637,3.68786
138638,3.51461
138639,4.06797
138640,3.17153
138641,2.86306
138642,3.73202
138643,2.6493
138644,3.29106
138645,4.33
138646,3.04046
138647,3.13848
138648,5.0
138649,4.24619
138650,4.74043
138651,4.67779
138652,4.15519
138653,4.27741
138654,2.6183
138655,4.30509
138656,5.0
138657,4.4504
138658,4.18906
138659,4.90171
138660,3.93607
138661,4.77214
138662,4.01648
138663,5.0
138664,4.53174
138665,4.00141
138666,4.62931
138667,4.54426
138668,4.80721
138669,4.70815
138670,4.52212
138671,2.79237
138672,2.2029
138673,2.43825
138674,3.23136
138675,3.81162
138676,3.71744
138677,2.83141
138678,3.39725
138679,3.056
138680,3.26301
138681,2.24872
138682,4.34983
138683,4.40425
138684,2.39065
138685,4.01171
138686,3.91822
138687,3.68427
138688,4.0171
138689,3.16416
138690,4.23117
138691,4.06897
138692,2.47185
138693,4.36078
138694,3.64933
138695,2.64559
138696,2.50102
138697,5.0
138698,4.0754
138699,3.01357
138700,2.79281
138701,3.21318
138702,4.60573
138703,3.01039
138704,2.8217
138705,4.45477
138706,3.67617
138707,3.5012
138708,1.97279
138709,3.52483
138710,4.15669
138711,1.99432
138712,3.83686
138713,3.06245
138714,3.28727
138715,4.16417
138716,3.45378
138717,4.46453
138718,3.36912
138719,4.11659
138720,3.92507
138721,3.37799
138722,3.99967
138723,4.76328
138724,3.97374
138725,4.37912
138726,2.71557
138727,3.43319
138728,3.43198
138729,4.94903
138730,4.23474
138731,3.15277
138732,3.73046
138733,3.23859
138734,3.32093
138735,3.51925
138736,4.20699
138737,4.09135
138738,3.73901
138739,4.00718
138740,3.51288
138741,3.76404
138742,3.4842
138743,3.35783
138744,2.70065
138745,3.335
138746,3.74958
138747,2.63346
138748,3.64416
138749,3.37193
138750,4.47888
138751,3.08054
138752,3.59003
138753,4.4537
138754,4.48121
138755,3.88824
138756,3.11721
138757,3.90547
138758,3.1411
138759,3.93373
138760,3.42281
138761,3.75194
138762,4.33607
138763,3.8189
138764,2.61421
138765,4.41587
138766,4.02135
138767,4.63494
138768,4.14685
138769,2.31664
138770,2.78788
138771,2.9477
138772,2.99851
138773,4.04714
138774,3.88991
138775,3.03197
138776,2.60219
138777,3.13236
138778,3.69709
138779,5.0
138780,3.99948
138781,3.57608
138782,3.99127
138783,2.50726
138784,4.11153
138785,2.53331
138786,3.83523
138787,4.40411
138788,4.71962
138789,3.62454
138790,3.30477
138791,4.18448
138792,3.31389
138793,3.99808
138794,4.39607
138795,4.21756
138796,5.0
138797,4.8474
138798,4.08948
138799,2.78223
138800,3.62511
138801,2.97408
138802,3.41361
138803,4.00356
138804,4.31039
138805,3.39045
138806,3.91242
138807,3.46982
138808,3.46168
138809,4.22933
138810,3.14463
138811,3.1491
138812,2.52458
138813,4.16923
138814,3.1075
138815,3.11943
138816,3.28211
138817,3.47973
138818,4.27101
138819,4.11935
138820,4.51559
138821,4.70466
138822,4.57865
138823,3.44517
138824,4.11952
138825,4.00101
138826,4.13351
138827,4.08911
138828,4.30327
138829,3.61493
138830,4.48202
138831,3.70871
138832,3.63975
138833,3.86836
138834,4.08531
138835,4.17683
138836,3.5922
138837,4.27443
138838,4.46427
138839,3.82463
138840,4.46755
138841,3.99818
138842,4.14094
138843,3.87215
138844,4.20614
138845,4.03732
138846,3.85023
138847,4.29154
138848,4.51811
138849,4.48909
138850,3.96549
138851,3.82101
138852,4.24618
138853,4.43516
138854,3.66013
138855,4.73256
138856,4.30972
138857,3.56801
138858,3.19234
138859,4.58597
138860,3.11995
138861,2.4381
138862,5.0
138863,4.61513
138864,3.02517
138865,2.39669
138866,2.88785
138867,4.21289
138868,2.47331
138869,2.79461
138870,2.72034
138871,3.59184
138872,4.76191
138873,4.44603
138874,4.56366
138875,3.72322
138876,4.55681
138877,4.24893
138878,3.34341
138879,5.0
138880,4.76665
138881,3.84052
138882,4.65968
138883,4.13903
138884,4.53712
138885,4.60971
138886,3.6772
138887,4.2024
138888,4.9749
138889,2.98238
138890,4.18375
138891,3.67007
138892,3.77761
138893,3.71046
138894,3.34833
138895,3.42659
138896,4.57128
138897,3.86826
138898,3.2059
138899,3.70458
138900,3.54518
138901,3.32425
138902,3.37122
138903,4.10145
138904,3.99047
138905,3.89401
138906,3.89763
138907,3.80649
138908,3.73379
138909,2.11343
138910,2.13156
138911,1.85694
138912,3.7178
138913,2.7174
138914,4.08946
138915,2.70879
138916,3.00633
138917,3.01789
138918,3.14899
138919,3.89293
138920,4.18291
138921,3.17499
138922,3.49632
138923,3.00329
138924,3.40026
138925,3.21321
138926,4.24212
138927,3.7844
138928,3.64668
138929,4.56251
138930,4.25781
138931,4.29023
138932,3.87524
138933,3.29755
138934,2.86954
138935,3.1465
138936,3.70293
138937,4.92871
138938,5.0
138939,4.00123
138940,3.80959
138941,3.9506
138942,4.19067
138943,3.41258
138944,3.93954
138945,3.84552
138946,3.90401
138947,4.22331
138948,4.07896
138949,4.67759
138950,4.0586
138951,4.48795
138952,4.34636
138953,4.34918
138954,3.3168
138955,4.59901
138956,5.0
138957,4.39819
138958,3.63994
138959,4.81742
138960,2.96552
138961,4.03817
138962,4.17219
138963,4.63332
138964,4.57174
138965,4.364
138966,4.05891
138967,3.99875
138968,4.12109
138969,2.84403
138970,4.68063
138971,2.94875
138972,4.6308
138973,3.7562
138974,4.83762
138975,4.222
138976,1.83407
138977,4.23516
138978,3.69497
138979,4.46603
138980,4.6891
138981,4.16047
138982,4.22089
138983,4.03608
138984,4.67837
138985,3.44673
138986,3.09123
138987,3.52568
138988,4.25452
138989,4.29015
138990,4.23913
138991,3.2701
138992,4.15228
138993,3.3511
138994,3.92873
138995,4.41666
138996,3.84313
138997,4.09888
138998,4.63831
138999,3.31924
139000,3.06782
139001,2.3951
139002,3.74555
139003,3.01695
139004,4.16433
139005,4.48564
139006,4.00784
139007,2.56698
139008,3.97991
139009,1.0
139010,2.64593
139011,1.91478
139012,3.17588
139013,4.15658
139014,3.52192
139015,1.31008
139016,1.34665
139017,1.11386
139018,3.56995
139019,2.00085
139020,1.56841
139021,3.39017
139022,3.27685
139023,2.65144
139024,3.12152
139025,4.4266
139026,3.85628
139027,4.47693
139028,3.35859
139029,2.84748
139030,2.58645
139031,3.73251
139032,3.88437
139033,1.01307
139034,4.13127
139035,3.47675
139036,4.03559
139037,2.16447
139038,4.21396
139039,2.5292
139040,2.84378
139041,2.63303
139042,1.0
139043,4.54172
139044,3.4314
139045,4.56785
139046,1.02069
139047,4.36367
139048,4.41492
139049,2.44347
139050,4.0639
139051,4.36038
139052,2.50947
139053,5.0
139054,4.00504
139055,3.38453
139056,2.65624
139057,3.4473
139058,3.44097
139059,3.52304
139060,3.40563
139061,3.30211
139062,3.59985
139063,3.8762
139064,2.75291
139065,3.02984
139066,3.20616
139067,3.30709
139068,3.1696
139069,3.73903
139070,3.8106
139071,2.80117
139072,3.725
139073,2.85338
139074,3.60627
139075,3.4187
139076,1.84971
139077,4.53569
139078,4.13399
139079,4.86051
139080,3.97264
139081,4.77052
139082,4.66478
139083,5.0
139084,4.47556
139085,3.99833
139086,4.73322
139087,4.65514
139088,4.12317
139089,4.84666
139090,4.83764
139091,4.2708
139092,4.61365
139093,3.7722
139094,4.00091
139095,3.62847
139096,4.04834
139097,4.47028
139098,4.85446
139099,4.57916
139100,3.69644
139101,5.0
139102,4.5879
139103,4.10882
139104,4.94526
139105,4.64455
139106,4.28191
139107,3.42494
139108,3.24275
139109,3.5872
139110,3.01762
139111,4.35485
139112,3.49072
139113,4.15204
139114,2.2732
139115,1.08513
139116,4.58897
139117,3.68638
139118,1.26918
139119,3.70287
139120,4.30082
139121,4.31135
139122,3.06355
139123,2.78754
139124,3.84964
139125,2.96884
139126,3.88827
139127,3.51157
139128,3.35447
139129,3.49814
139130,3.1925
139131,3.57119
139132,3.2927
139133,1.78882
139134,2.02704
139135,2.13253
139136,2.50166
139137,2.95338
139138,1.84186
139139,2.96101
139140,3.73272
139141,4.45999
139142,3.82832
139143,4.69278
139144,3.65663
139145,4.5447
139146,3.09934
139147,3.99627
139148,3.39584
139149,4.63049
139150,4.04193
139151,4.53105
139152,3.17312
139153,2.97842
139154,4.01206
139155,3.7822
139156,2.95191
139157,4.39595
139158,3.6643
139159,3.68914
139160,1.87263
139161,3.46494
139162,3.79208
139163,3.05831
139164,3.20195
139165,3.33135
139166,3.91399
139167,3.41672
139168,3.10607
139169,4.39516
139170,3.42647
139171,4.37309
139172,4.5743
139173,4.70449
139174,4.0815
139175,4.4458
139176,3.79046
139177,3.66435
139178,4.4303
139179,4.38212
139180,4.31995
139181,3.6609
139182,4.08688
139183,3.82499
139184,4.33503
139185,3.81334
139186,4.03809
139187,3.55798
139188,4.16244
139189,4.2881
139190,4.37715
139191,3.51168
139192,3.88115
139193,4.20464
139194,4.02062
139195,3.6352
139196,4.12447
139197,4.08064
139198,4.04254
139199,4.05037
139200,3.94362
139201,3.17429
139202,3.58023
139203,3.7358
139204,4.3958
139205,3.88195
139206,3.74288
139207,2.66397
139208,3.53062
139209,4.32477
139210,4.20595
139211,3.7179
139212,4.09038
139213,4.00708
139214,4.11106
139215,3.15173
139216,3.51585
139217,4.20072
139218,3.93758
139219,3.3384
139220,3.59907
139221,3.51702
139222,3.3792
139223,3.64546
139224,3.78294
139225,3.61356
139226,3.60794
139227,4.2213
139228,3.62044
139229,4.09282
139230,3.35475
139231,3.64971
139232,4.0503
139233,4.08285
139234,4.49192
139235,4.1046
139236,3.63188
139237,3.29727
139238,3.28127
139239,3.76967
139240,3.66329
139241,3.53968
139242,3.40394
139243,4.09615
139244,3.23076
139245,3.57887
139246,3.86894
139247,3.52171
139248,4.4664
139249,4.183
139250,3.96065
139251,3.51087
139252,3.74121
139253,4.59531
139254,3.91097
139255,4.01704
139256,3.49852
139257,3.94295
139258,3.63736
139259,3.5882
139260,3.83838
139261,3.89706
139262,3.70643
139263,3.50443
139264,4.34971
139265,3.38882
139266,3.19192
139267,3.76243
139268,3.29498
139269,4.10597
139270,3.45516
139271,3.27957
139272,4.04842
139273,3.81788
139274,3.7973
139275,3.71729
139276,4.34749
139277,3.24504
139278,4.10626
139279,3.70424
139280,3.33512
139281,3.89976
139282,3.72716
139283,3.44536
139284,3.811
139285,3.93104
139286,4.05402
139287,4.76962
139288,3.35718
139289,3.60751
139290,3.04036
139291,3.10223
139292,3.304
139293,3.1082
139294,3.02607
139295,3.23289
139296,2.91194
139297,4.46152
139298,5.0
139299,3.80936
139300,2.20438
139301,4.96866
139302,2.24286
139303,5.0
139304,4.90865
139305,4.04283
139306,4.15195
139307,3.89489
139308,4.81554
139309,3.66338
139310,4.3667
139311,4.22741
139312,3.88472
139313,3.83306
139314,3.66118
139315,4.861
139316,4.46735
139317,4.47427
139318,3.69244
139319,3.32327
139320,5.0
139321,5.0
139322,4.84316
139323,4.30196
139324,2.05107
139325,3.5476
139326,2.3535
139327,4.20026
139328,4.04675
139329,3.36425
139330,3.02748
139331,3.75022
139332,3.44086
139333,2.27684
139334,3.94021
139335,3.3041
139336,3.69506
139337,3.03026
139338,2.77091
139339,3.40342
139340,3.79869
139341,1.89215
139342,3.69727
139343,3.46015
139344,4.09492
139345,3.38203
139346,4.31145
139347,4.62096
139348,3.77117
139349,3.74713
139350,3.78903
139351,4.22505
139352,3.16893
139353,3.88607
139354,3.66914
139355,3.96316
139356,3.6376
139357,4.39807
139358,4.59844
139359,4.88403
139360,4.07172
139361,5.0
139362,3.52752
139363,2.11432
139364,3.37643
139365,3.71123
139366,4.01811
139367,1.0
139368,1.22105
139369,3.48665
139370,4.10584
139371,4.71112
139372,3.89391
139373,2.82872
139374,4.67692
139375,2.87171
139376,3.91423
139377,3.77565
139378,4.55197
139379,4.81136
139380,3.64558
139381,3.58986
139382,4.63826
139383,3.08831
139384,4.17258
139385,4.58504
139386,5.0
139387,4.41292
139388,3.75303
139389,3.53548
139390,3.30928
139391,4.17476
139392,3.13629
139393,1.0
139394,3.08946
139395,2.03302
139396,1.57544
139397,3.28615
139398,3.92624
139399,4.58306
139400,3.51094
139401,3.97918
139402,4.18728
139403,2.15455
139404,4.08321
139405,3.40827
139406,2.3277
139407,3.79767
139408,3.2648
139409,3.81178
139410,3.31775
139411,3.80424
139412,4.38509
139413,3.94979
139414,3.89633
139415,3.99771
139416,4.17595
139417,3.79018
139418,3.83986
139419,4.2138
139420,3.22597
139421,4.31105
139422,3.68547
139423,3.90136
139424,4.13695
139425,4.00762
139426,4.20585
139427,3.45844
139428,3.9348
139429,3.4453
139430,4.4619
139431,3.67402
139432,5.0
139433,3.90067
139434,3.52501
139435,3.2252
139436,2.92278
139437,3.85271
139438,3.48529
139439,4.22348
139440,3.14512
139441,3.43638
139442,4.09611
139443,4.43181
139444,4.81726
139445,3.3228
139446,3.27595
139447,3.56883
139448,4.85389
139449,3.7694
139450,3.62414
139451,3.73919
139452,2.89528
139453,3.32662
139454,4.31109
139455,4.58798
139456,4.1471
139457,4.12242
139458,4.46264
139459,3.78297
139460,4.02471
139461,3.82633
139462,4.49416
139463,4.17023
139464,4.05658
139465,4.20383
139466,4.27116
139467,2.71509
139468,4.12276
139469,3.44377
139470,3.04688
139471,2.78705
139472,2.75438
139473,3.0676
139474,4.90731
139475,3.98199
139476,4.033
139477,2.89359
139478,2.91973
139479,3.3089
139480,3.42897
139481,4.06977
139482,4.14216
139483,5.0
139484,2.45997
139485,3.48076
139486,2.79117
139487,3.27367
139488,3.16526
139489,2.2829
139490,3.41699
139491,3.62246
139492,2.99489
139493,1.0
139494,3.01991
139495,1.97603
139496,4.08836
139497,3.26334
139498,2.53518
139499,3.52317
139500,3.85242
139501,3.1181
139502,4.33382
139503,4.74356
139504,4.19575
139505,4.70272
139506,4.67035
139507,4.67985
139508,4.69377
139509,4.2611
139510,4.18713
139511,3.84688
139512,3.5939
139513,3.52002
139514,3.82832
139515,4.02561
139516,4.38389
139517,3.66837
139518,3.57786
139519,4.0173
139520,3.60798
139521,4.17911
139522,3.24921
139523,4.07423
139524,3.61485
139525,3.91656
139526,3.85765
139527,2.66306
139528,3.76592
139529,3.70158
139530,3.57051
139531,4.0627
139532,3.54592
139533,3.11486
139534,3.8167
139535,4.17286
139536,4.25418
139537,3.41192
139538,2.54478
139539,4.25963
139540,3.30737
139541,4.09468
139542,4.16844
139543,3.68763
139544,4.09014
139545,3.60996
139546,3.86937
139547,3.69755
139548,3.87636
139549,4.47141
139550,3.86283
139551,3.91426
139552,2.72557
139553,4.53855
139554,4.18612
139555,5.0
139556,3.23635
139557,3.98907
139558,3.23818
139559,3.53334
139560,3.49388
139561,3.90144
139562,4.55182
139563,4.23598
139564,2.51045
139565,4.32777
139566,4.3701
139567,4.12382
139568,4.90815
139569,3.90885
139570,4.59858
139571,3.67945
139572,4.76356
139573,3.16887
139574,3.47464
139575,4.89423
139576,3.09526
139577,2.92334
139578,2.94903
139579,4.26089
139580,3.55809
139581,3.49836
139582,2.73218
139583,3.26667
139584,3.9698
139585,3.49983
139586,4.30363
139587,3.49054
139588,4.23622
139589,4.88548
139590,5.0
139591,5.0
139592,4.34408
139593,4.07696
139594,4.92342
139595,4.89705
139596,5.0
139597,4.14145
139598,4.75162
139599,5.0
139600,4.30358
139601,4.11736
139602,5.0
139603,4.14725
139604,4.13125
139605,3.12169
139606,5.0
139607,5.0
139608,4.27392
139609,4.23533
139610,4.73153
139611,4.40653
139612,3.81124
139613,3.90782
139614,4.94614
139615,3.5744
139616,3.10444
139617,4.05613
139618,4.67384
139619,3.926
139620,4.49142
139621,4.01604
139622,3.46741
139623,3.88196
139624,4.28006
139625,4.27329
139626,4.25492
139627,4.35294
139628,4.70277
139629,5.0
139630,4.56657
139631,4.09232
139632,3.30436
139633,3.78696
139634,3.03644
139635,4.3959
139636,3.936
139637,3.77923
139638,4.21126
139639,3.99336
139640,4.34375
139641,4.57124
139642,3.69368
139643,4.46165
139644,3.83526
139645,1.47241
139646,3.90118
139647,4.13775
139648,3.79667
139649,2.60559
139650,1.0
139651,3.7851
139652,3.91356
139653,3.72368
139654,3.95389
139655,2.78179
139656,3.12976
139657,3.00562
139658,2.3428
139659,2.95514
139660,3.36779
139661,2.99661
139662,3.01443
139663,3.0708
139664,2.87724
139665,3.14042
139666,3.30299
139667,4.29259
139668,3.22828
139669,4.10436
139670,4.08186
139671,3.9464
139672,3.77738
139673,3.18332
139674,3.80014
139675,2.66355
139676,4.20372
139677,4.43777
139678,3.13963
139679,3.55368
139680,3.19476
139681,2.77564
139682,3.01081
139683,3.42709
139684,3.49038
139685,3.2072
139686,3.21725
139687,3.72915
139688,2.78416
139689,3.0019
139690,3.03045
139691,3.16701
139692,2.79678
139693,3.13532
139694,3.14157
139695,3.02048
139696,3.19374
139697,2.97613
139698,3.0035
139699,2.71302
139700,4.18454
139701,2.30042
139702,3.66604
139703,3.46942
139704,2.58292
139705,2.67411
139706,3.30989
139707,3.3043
139708,3.83238
139709,3.52923
139710,2.50281
139711,3.94165
139712,4.05877
139713,3.98549
139714,3.17681
139715,3.87048
139716,3.70265
139717,4.01435
139718,3.68714
139719,4.10723
139720,4.26967
139721,3.05401
139722,3.25164
139723,2.60756
139724,4.40326
139725,2.32906
139726,2.81216
139727,4.36069
139728,2.67906
139729,3.59905
139730,3.40703
139731,3.59361
139732,4.41234
139733,3.77578
139734,3.62363
139735,3.74944
139736,4.36022
139737,2.31106
139738,2.83301
139739,2.74436
139740,2.52573
139741,2.99108
139742,4.43384
139743,2.62125
139744,2.40479
139745,1.5725
139746,2.35079
139747,2.1717
139748,2.71788
139749,3.52639
139750,3.09311
139751,3.66119
139752,3.21083
139753,4.53908
139754,2.9893
139755,3.74634
139756,2.68134
139757,4.66572
139758,5.0
139759,2.87966
139760,4.25464
139761,2.46948
139762,3.12271
139763,4.47291
139764,4.41919
139765,3.34984
139766,3.99263
139767,4.3713
139768,4.47152
139769,2.78645
139770,3.87727
139771,4.54535
139772,4.29306
139773,4.56317
139774,4.75714
139775,3.738
139776,3.06874
139777,4.3863
139778,3.95003
139779,4.45675
139780,3.28498
139781,2.58299
139782,2.82615
139783,3.13258
139784,2.5521
139785,4.08477
139786,3.31202
139787,4.44559
139788,4.48819
139789,3.27548
139790,2.181
139791,3.95083
139792,3.94133
139793,2.83107
139794,4.79466
139795,4.50722
139796,3.66802
139797,4.17072
139798,4.08979
139799,3.9592
139800,3.98492
139801,4.0625
139802,3.26513
139803,3.52453
139804,3.41347
139805,1.94162
139806,3.36645
139807,3.47901
139808,3.34111
139809,3.83449
139810,4.11527
139811,3.81578
139812,3.47932
139813,2.01176
139814,3.03004
139815,5.0
139816,3.71964
139817,4.57591
139818,4.68781
139819,3.74501
139820,5.0
139821,4.83703
139822,4.79911
139823,3.93589
139824,4.17644
139825,3.93395
139826,4.49949
139827,4.61574
139828,3.63333
139829,3.46312
139830,3.32134
139831,3.69493
139832,3.59274
139833,2.88206
139834,4.32683
139835,3.12095
139836,3.6983
139837,4.52386
139838,4.39255
139839,4.06974
139840,4.29336
139841,4.4814
139842,3.82386
139843,4.67064
139844,3.76326
139845,3.35731
139846,4.38718
139847,3.85565
139848,3.47524
139849,2.67939
139850,4.06773
139851,3.46211
139852,4.7685
139853,4.77298
139854,4.25688
139855,3.81112
139856,4.35084
139857,3.89784
139858,4.82137
139859,4.47814
139860,4.83588
139861,4.72568
139862,4.21794
139863,3.77176
139864,3.71424
139865,3.35504
139866,4.01636
139867,3.65622
139868,3.76847
139869,3.36806
139870,3.27369
139871,5.0
139872,4.26522
139873,3.42686
139874,2.85255
139875,3.77059
139876,3.3946
139877,5.0
139878,5.0
139879,4.31706
139880,5.0
139881,3.39096
139882,4.4589
139883,4.09441
139884,5.0
139885,3.34718
139886,4.74411
139887,3.16932
139888,4.57701
139889,4.84093
139890,3.51973
139891,3.72898
139892,4.67526
139893,4.40734
139894,4.26166
139895,3.91972
139896,4.51083
139897,3.13427
139898,3.30759
139899,3.76891
139900,3.35716
139901,4.32982
139902,5.0
139903,4.67692
139904,3.91347
139905,5.0
139906,4.31102
139907,4.20978
139908,4.41264
139909,2.02358
139910,4.06614
139911,3.87382
139912,4.08036
139913,4.64259
139914,1.81074
139915,2.51147
139916,1.82878
139917,1.44064
139918,4.01111
139919,3.57919
139920,3.25508
139921,1.54707
139922,4.39318
139923,3.4267
139924,2.65322
139925,3.57561
139926,2.40114
139927,3.4142
139928,3.84191
139929,4.20933
139930,3.76306
139931,3.2999
139932,2.2196
139933,4.95129
139934,3.26388
139935,2.40581
139936,2.11733
139937,3.76738
139938,3.13797
139939,2.15313
139940,3.41961
139941,2.33445
139942,4.4289
139943,4.15973
139944,3.7913
139945,2.94756
139946,4.17002
139947,3.65127
139948,4.07791
139949,2.26435
139950,2.61243
139951,4.06196
139952,3.32199
139953,4.41276
139954,3.98062
139955,4.01987
139956,3.80472
139957,3.12807
139958,3.5082
139959,4.2297
139960,2.92004
139961,4.41125
139962,2.87818
139963,4.15619
139964,4.72813
139965,3.61375
139966,1.0687
139967,2.56632
139968,3.3298
139969,3.98643
139970,4.78566
139971,2.38366
139972,1.65949
139973,2.92808
139974,2.1863
139975,3.51494
139976,4.6692
139977,3.44236
139978,1.50284
139979,1.68381
139980,3.41425
139981,2.51839
139982,4.20272
139983,2.90201
139984,2.33813
139985,2.33619
139986,3.9854
139987,2.99956
139988,1.28448
139989,1.13277
139990,4.21462
139991,3.0808
139992,3.43374
139993,3.10275
139994,3.44494
139995,3.66358
139996,3.46376
139997,3.70093
139998,3.55414
139999,3.64932
140000,3.28785
140001,3.11843
140002,3.8367
140003,2.95597
140004,2.11294
140005,3.63936
140006,3.02449
140007,2.25547
140008,3.61655
140009,4.78868
140010,4.24411
140011,2.915
140012,2.18064
140013,4.54141
140014,2.20633
140015,3.04058
140016,3.46177
140017,2.9425
140018,3.36196
140019,3.79934
140020,4.24593
140021,3.66761
140022,2.7937
140023,3.44867
140024,3.01738
140025,3.13163
140026,4.09205
140027,3.85166
140028,2.98741
140029,1.22619
140030,2.2533
140031,3.49442
140032,3.207
140033,3.66797
140034,3.59825
140035,4.07253
140036,3.60659
140037,3.26597
140038,3.10701
140039,4.28629
140040,3.73004
140041,3.60018
140042,4.35886
140043,2.86115
140044,3.56738
140045,2.74071
140046,2.88542
140047,3.90988
140048,2.61409
140049,3.17287
140050,2.24853
140051,3.4433
140052,3.62855
140053,3.25018
140054,2.54552
140055,3.9212
140056,3.25517
140057,3.75162
140058,3.36151
140059,3.56641
140060,3.91236
140061,4.01022
140062,4.43861
140063,3.60498
140064,4.09134
140065,3.83122
140066,4.11234
140067,3.02052
140068,2.06831
140069,4.32086
140070,3.33311
140071,4.48286
140072,2.50752
140073,3.81754
140074,3.40912
140075,3.65919
140076,3.37791
140077,3.23843
140078,2.78465
140079,3.76223
140080,3.28309
140081,3.21393
140082,3.94109
140083,3.2411
140084,3.72637
140085,3.16468
140086,2.39355
140087,4.60654
140088,2.14443
140089,3.92092
140090,2.84517
140091,2.63921
140092,3.61378
140093,3.65719
140094,4.09378
140095,4.34886
140096,2.35166
140097,4.14788
140098,4.25603
140099,4.043
140100,4.28861
140101,3.95641
140102,3.81378
140103,3.81719
140104,3.81918
140105,3.98987
140106,4.59638
140107,3.36667
140108,3.57312
140109,3.7681
140110,4.15966
140111,3.59794
140112,4.23958
140113,3.91141
140114,3.38458
140115,4.10572
140116,3.73865
140117,3.40449
140118,3.02293
140119,3.28835
140120,4.24484
140121,4.45551
140122,3.61902
140123,3.53485
140124,3.67508
140125,4.24606
140126,3.46457
140127,4.46235
140128,4.58502
140129,4.69623
140130,4.21772
140131,4.3624
140132,3.81771
140133,4.56203
140134,3.83555
140135,2.81333
140136,4.15833
140137,3.64401
140138,4.29851
140139,3.53764
140140,3.55294
140141,3.86021
140142,3.15929
140143,4.39962
140144,4.27242
140145,3.11512
140146,2.56702
140147,3.18729
140148,3.33814
140149,3.52566
140150,4.53935
140151,3.83387
140152,3.92083
140153,3.848
140154,4.60895
140155,3.80998
140156,3.62909
140157,2.52095
140158,4.23813
140159,3.3492
140160,3.50821
140161,3.00925
140162,2.24581
140163,4.13722
140164,3.81408
140165,4.14157
140166,3.95681
140167,4.77597
140168,3.0883
140169,4.12693
140170,3.88083
140171,4.18159
140172,4.09846
140173,4.3172
140174,4.0492
140175,3.17477
140176,3.95764
140177,3.25107
140178,4.00844
140179,3.2068
140180,3.15287
140181,3.9577
140182,3.52893
140183,3.29412
140184,4.81564
140185,4.07319
140186,3.44381
140187,3.5866
140188,3.97228
140189,3.78768
140190,2.93718
140191,4.58233
140192,4.10735
140193,3.65488
140194,4.26761
140195,3.74672
140196,4.27415
140197,4.47229
140198,4.76067
140199,3.98816
140200,3.97042
140201,4.19885
140202,3.26513
140203,3.81475
140204,4.17005
140205,4.56886
140206,3.27445
140207,2.83475
140208,4.32435
140209,4.11014
140210,3.2618
140211,4.02058
140212,5.0
140213,3.65989
140214,5.0
140215,3.44412
140216,4.8542
140217,2.9469
140218,4.14639
140219,3.06376
140220,2.85407
140221,3.22781
140222,2.68048
140223,3.23929
140224,2.15315
140225,3.73537
140226,3.57933
140227,3.59635
140228,4.24318
140229,4.45871
140230,3.30592
140231,2.97072
140232,3.22885
140233,2.48066
140234,2.10902
140235,1.91666
140236,2.80208
140237,4.24547
140238,3.20207
140239,2.88707
140240,3.61757
140241,2.56905
140242,2.92374
140243,3.27952
140244,2.14233
140245,3.87116
140246,3.32423
140247,3.81045
140248,2.70961
140249,3.94281
140250,3.65729
140251,2.92184
140252,2.73892
140253,1.58025
140254,3.09693
140255,3.39497
140256,2.90769
140257,4.77771
140258,3.02726
140259,3.0689
140260,3.1116
140261,3.45918
140262,2.89791
140263,4.15314
140264,3.75608
140265,3.02826
140266,2.7172
140267,4.20425
140268,3.30088
140269,3.31117
140270,3.49382
140271,3.76213
140272,3.70052
140273,2.95941
140274,2.49955
140275,2.63662
140276,3.56827
140277,4.45586
140278,4.45879
140279,3.79837
140280,3.96723
140281,4.34995
140282,4.51594
140283,3.53374
140284,4.22732
140285,3.9344
140286,3.3508
140287,2.38865
140288,3.0804
140289,2.98925
140290,3.38083
140291,2.636
140292,3.37157
140293,3.04771
140294,4.61516
140295,3.01824
140296,3.45886
140297,3.89952
140298,3.89088
140299,3.48098
140300,4.52838
140301,3.83509
140302,3.89051
140303,3.48597
140304,5.0
140305,3.43066
140306,3.28658
140307,4.01447
140308,4.97956
140309,4.85224
140310,3.12487
140311,4.57991
140312,3.55457
140313,2.46519
140314,3.71848
140315,4.01521
140316,2.47834
140317,3.93839
140318,4.69569
140319,5.0
140320,4.61744
140321,3.91804
140322,3.52247
140323,4.86932
140324,4.80417
140325,4.2843
140326,3.51221
140327,3.24891
140328,4.42296
140329,4.38058
140330,4.62746
140331,4.19728
140332,4.2025
140333,4.19733
140334,4.14674
140335,4.10496
140336,4.07489
140337,4.02178
140338,4.15179
140339,4.35783
140340,4.2731
140341,3.8906
140342,3.84849
140343,3.44062
140344,4.15988
140345,4.29551
140346,3.3563
140347,3.79642
140348,2.98805
140349,2.70063
140350,2.46639
140351,2.43496
140352,3.62637
140353,4.25157
140354,4.09702
140355,3.25458
140356,4.37253
140357,3.8724
140358,4.04878
140359,3.13059
140360,3.54489
140361,3.97487
140362,4.0004
140363,3.9123
140364,3.93819
140365,3.39811
140366,3.21618
140367,3.94507
140368,3.29998
140369,3.27586
140370,4.16107
140371,4.14975
140372,3.62101
140373,3.92586
140374,3.09604
140375,3.05168
140376,2.91328
140377,4.23025
140378,3.79005
140379,2.53671
140380,4.07849
140381,3.61423
140382,2.35896
140383,3.34296
140384,3.07708
140385,3.21688
140386,3.05017
140387,3.44894
140388,3.65907
140389,4.41049
140390,4.09347
140391,3.43315
140392,3.39151
140393,3.25565
140394,2.63824
140395,3.84033
140396,3.41259
140397,3.01279
140398,3.23978
140399,2.07354
140400,4.80834
140401,3.96463
140402,4.29705
140403,3.9914
140404,3.84239
140405,4.88773
140406,3.08414
140407,4.21688
140408,4.30941
140409,3.45151
140410,2.81856
140411,3.92548
140412,4.74535
140413,3.91048
140414,4.32907
140415,4.39983
140416,3.78239
140417,4.3891
140418,3.81114
140419,3.5435
140420,4.56599
140421,4.57234
140422,4.22575
140423,3.81733
140424,3.65453
140425,4.39021
140426,2.49057
140427,3.95673
140428,3.21759
140429,3.58498
140430,4.19591
140431,4.49457
140432,4.26921
140433,3.86274
140434,4.41496
140435,2.74074
140436,2.98419
140437,1.80869
140438,4.37751
140439,2.63853
140440,4.041
140441,2.83292
140442,5.0
140443,4.21936
140444,5.0
140445,5.0
140446,3.02543
140447,3.37465
140448,2.95841
140449,3.42054
140450,3.32796
140451,2.74976
140452,4.3457
140453,3.11021
140454,4.02744
140455,3.85435
140456,4.00636
140457,3.33798
140458,3.20851
140459,3.05971
140460,2.34449
140461,2.56322
140462,3.84696
140463,3.66665
140464,2.40775
140465,3.19827
140466,3.9655
140467,2.68632
140468,3.33319
140469,3.33645
140470,3.3593
140471,3.47273
140472,2.12508
140473,3.83804
140474,2.96964
140475,3.05361
140476,3.72201
140477,3.46723
140478,3.52425
140479,3.45692
140480,3.74914
140481,3.65187
140482,4.02029
140483,3.81181
140484,3.05969
140485,2.16884
140486,3.83028
140487,3.66095
140488,2.92288
140489,3.28173
140490,3.4876
140491,3.75
140492,4.24254
140493,2.80336
140494,4.03329
140495,2.87768
140496,3.30833
140497,1.27904
140498,2.29564
140499,4.20354
140500,2.33309
140501,4.0539
140502,4.21276
140503,3.75717
140504,4.30379
140505,2.3583
140506,3.51606
140507,1.02724
140508,4.87476
140509,3.71951
140510,4.27859
140511,4.19722
140512,3.30857
140513,3.30715
140514,4.1955
140515,3.68483
140516,4.22257
140517,4.56261
140518,4.40888
140519,4.32085
140520,3.10711
140521,3.76624
140522,3.88146
140523,3.5236
140524,4.08362
140525,4.3871
140526,4.09055
140527,3.32286
140528,3.41526
140529,3.31236
140530,1.66076
140531,2.26947
140532,3.41203
140533,3.75651
140534,3.48068
140535,2.85823
140536,3.25821
140537,3.89248
140538,1.93611
140539,4.12854
140540,3.73456
140541,4.10494
140542,3.77535
140543,4.29148
140544,3.11183
140545,4.66942
140546,3.70156
140547,3.93636
140548,4.00928
140549,3.96424
140550,4.88837
140551,3.79206
140552,2.24353
140553,5.0
140554,4.47339
140555,4.73672
140556,4.49783
140557,3.19048
140558,3.1113
140559,3.91187
140560,5.0
140561,4.05061
140562,5.0
140563,4.71556
140564,3.16013
140565,2.8857
140566,3.76082
140567,4.84122
140568,4.18575
140569,3.82861
140570,3.59459
140571,3.41673
140572,4.26356
140573,2.49133
140574,3.42241
140575,2.86641
140576,3.26934
140577,5.0
140578,4.91774
140579,4.30552
140580,2.11081
140581,3.08673
140582,4.30358
140583,2.44992
140584,3.28255
140585,4.28822
140586,3.65283
140587,1.89431
140588,4.56152
140589,1.71683
140590,3.9781
140591,3.74118
140592,4.08129
140593,4.78857
140594,3.4559
140595,3.68398
140596,1.0
140597,3.3209
140598,4.20199
140599,3.18866
140600,3.01797
140601,4.2629
140602,4.39084
140603,4.52463
140604,3.14232
140605,2.92362
140606,4.23439
140607,2.66216
140608,4.17888
140609,4.33907
140610,4.18328
140611,4.20051
140612,4.40424
140613,4.12659
140614,4.21823
140615,2.54697
140616,4.34572
140617,3.76087
140618,2.12268
140619,3.09791
140620,4.07813
140621,3.54734
140622,2.77224
140623,2.76368
140624,3.91792
140625,4.35018
140626,4.11955
140627,4.18939
140628,3.23536
140629,3.61933
140630,4.01184
140631,2.86354
140632,4.37957
140633,2.51159
140634,2.59054
140635,3.05801
140636,2.78529
140637,3.81774
140638,2.38718
140639,1.98938
140640,3.66496
140641,3.53066
140642,3.77658
140643,3.80506
140644,3.37259
140645,3.60049
140646,4.01482
140647,3.77816
140648,4.01504
140649,4.07439
140650,4.38759
140651,4.38034
140652,3.68486
140653,3.06588
140654,2.53315
140655,4.95849
140656,3.04204
140657,3.38391
140658,2.71103
140659,3.31709
140660,2.41532
140661,3.40923
140662,2.01822
140663,1.84816
140664,4.45992
140665,4.3195
140666,4.10765
140667,2.82877
140668,4.49494
140669,4.60519
140670,3.28702
140671,3.80953
140672,3.32737
140673,2.24571
140674,3.88461
140675,4.36921
140676,3.00796
140677,1.8156
140678,2.37631
140679,2.53704
140680,2.80762
140681,3.96122
140682,2.49699
140683,1.68679
140684,4.08888
140685,3.04869
140686,2.67822
140687,3.5845
140688,4.03812
140689,4.9243
140690,3.59881
140691,4.56473
140692,4.35382
140693,4.04413
140694,1.35253
140695,2.19562
140696,2.69271
140697,4.48001
140698,2.32848
140699,3.79627
140700,2.71489
140701,2.31087
140702,3.20531
140703,4.0687
140704,2.3963
140705,3.62668
140706,3.31705
140707,2.93105
140708,3.38739
140709,3.46397
140710,2.25559
140711,4.22347
140712,3.13682
140713,2.93258
140714,2.80475
140715,3.6076
140716,3.66044
140717,2.8667
140718,4.32543
140719,3.53233
140720,3.52449
140721,2.77458
140722,3.50564
140723,3.58897
140724,3.86848
140725,4.50583
140726,4.60325
140727,3.91289
140728,2.44528
140729,2.63293
140730,3.52949
140731,3.85376
140732,4.192
140733,3.85751
140734,4.45088
140735,4.99636
140736,4.52913
140737,3.24286
140738,3.40289
140739,3.44388
140740,5.0
140741,4.35296
140742,3.69544
140743,3.6221
140744,4.70313
140745,5.0
140746,3.70189
140747,4.39604
140748,4.09699
140749,4.36185
140750,4.04664
140751,3.85036
140752,3.91476
140753,4.1697
140754,4.16082
140755,1.78963
140756,4.63987
140757,3.79392
140758,2.96158
140759,4.40037
140760,3.75424
140761,2.6901
140762,2.936
140763,3.77673
140764,2.5453
140765,4.71095
140766,4.23144
140767,3.93878
140768,4.16205
140769,3.40382
140770,4.34106
140771,4.39847
140772,3.87744
140773,2.87146
140774,4.69697
140775,4.83467
140776,2.15288
140777,3.49489
140778,4.49383
140779,4.39186
140780,3.6029
140781,2.55664
140782,4.84492
140783,4.05024
140784,4.67257
140785,3.93826
140786,4.27771
140787,4.43572
140788,3.26654
140789,2.87188
140790,1.88764
140791,4.06328
140792,2.93935
140793,4.06395
140794,2.85715
140795,3.1775
140796,3.58432
140797,2.46071
140798,3.51184
140799,2.21146
140800,3.67778
140801,1.77069
140802,3.86879
140803,2.94464
140804,2.29601
140805,2.78816
140806,2.46126
140807,4.18978
140808,3.90656
140809,4.905
140810,4.13303
140811,3.9316
140812,4.42252
140813,3.83552
140814,4.35595
140815,1.45931
140816,4.13739
140817,2.94596
140818,3.39707
140819,3.15791
140820,3.63153
140821,3.88472
140822,3.95397
140823,3.89956
140824,3.6505
140825,3.72378
140826,3.56057
140827,3.65558
140828,3.33988
140829,1.87382
140830,3.9075
140831,2.32194
140832,3.17359
140833,3.00243
140834,3.96331
140835,3.64922
140836,3.22258
140837,3.80129
140838,3.78599
140839,3.98174
140840,4.27701
140841,3.945
140842,3.40688
140843,3.12135
140844,3.48883
140845,3.53955
140846,3.26262
140847,4.02432
140848,3.6451
140849,3.54981
140850,4.36283
140851,3.86244
140852,3.8286
140853,3.64211
140854,3.58929
140855,4.24972
140856,2.69916
140857,3.6842
140858,3.9478
140859,3.7865
140860,3.35296
140861,2.87943
140862,3.28242
140863,3.73112
140864,4.37363
140865,3.03365
140866,3.93585
140867,3.9431
140868,3.95175
140869,3.3596
140870,3.35396
140871,3.74215
140872,3.92757
140873,3.50588
140874,3.36084
140875,3.10844
140876,3.65801
140877,3.35086
140878,2.9181
140879,3.04862
140880,3.79441
140881,3.16797
140882,3.45375
140883,2.37961
140884,2.30637
140885,2.19667
140886,3.58608
140887,2.47137
140888,3.28104
140889,2.92022
140890,4.44886
140891,2.95095
140892,3.61213
140893,3.25338
140894,3.71576
140895,3.82411
140896,3.63943
140897,3.21644
140898,3.20403
140899,3.55473
140900,2.6499
140901,3.3768
140902,3.99356
140903,3.28251
140904,4.00913
140905,3.90333
140906,2.83029
140907,1.99936
140908,1.91592
140909,2.28715
140910,1.23242
140911,2.43962
140912,2.12944
140913,1.6944
140914,3.36315
140915,2.36651
140916,2.9493
140917,4.10677
140918,2.598
140919,1.78283
140920,2.8284
140921,4.07771
140922,2.57232
140923,3.36041
140924,2.78919
140925,3.62536
140926,3.31977
140927,3.99282
140928,3.33375
140929,2.80559
140930,2.79303
140931,2.97253
140932,3.30768
140933,3.3673
140934,3.28712
140935,2.12627
140936,2.85384
140937,2.33347
140938,3.49398
140939,2.20647
140940,3.09775
140941,3.54618
140942,3.02456
140943,2.93066
140944,2.78622
140945,3.52221
140946,2.9259
140947,3.06178
140948,2.59082
140949,2.32697
140950,3.01931
140951,3.52194
140952,4.00233
140953,2.8629
140954,2.2834
140955,4.40229
140956,3.14842
140957,2.77776
140958,1.72012
140959,3.8396
140960,3.43718
140961,3.32705
140962,3.1793
140963,4.33778
140964,2.5359
140965,4.79307
140966,3.01522
140967,3.22883
140968,3.33153
140969,2.74257
140970,4.3745
140971,3.66137
140972,2.98628
140973,3.09498
140974,1.96655
140975,3.54058
140976,3.55494
140977,2.59516
140978,3.54987
140979,2.03698
140980,3.3203
140981,3.55009
140982,3.27774
140983,2.33347
140984,3.23829
140985,2.89812
140986,3.74866
140987,4.02078
140988,3.88832
140989,3.87464
140990,2.81819
140991,3.59913
140992,3.73527
140993,2.6083
140994,3.29818
140995,2.95684
140996,3.45973
140997,2.83587
140998,3.10897
140999,2.42421
141000,3.24305
141001,3.31745
141002,1.7267
141003,3.10507
141004,1.8868
141005,3.40498
141006,3.43677
141007,3.77268
141008,4.77102
141009,2.41451
141010,4.17476
141011,4.64655
141012,4.90208
141013,2.47531
141014,2.03196
141015,5.0
141016,4.07544
141017,3.74092
141018,2.79646
141019,2.3819
141020,3.67271
141021,4.11626
141022,5.0
141023,2.00578
141024,3.51909
141025,4.69813
141026,3.72554
141027,1.48545
141028,3.69902
141029,3.78088
141030,4.24495
141031,4.32921
141032,4.43593
141033,4.0323
141034,3.96612
141035,3.70489
141036,3.46384
141037,3.89679
141038,3.13345
141039,4.217
141040,4.48494
141041,4.97104
141042,4.14641
141043,2.44077
141044,2.83238
141045,3.92393
141046,3.26973
141047,3.58712
141048,3.81741
141049,4.25124
141050,3.57146
141051,3.84208
141052,4.14672
141053,3.68295
141054,3.88256
141055,2.81021
141056,4.36943
141057,3.69722
141058,4.26502
141059,4.4545
141060,4.20591
141061,3.02612
141062,3.26459
141063,3.11656
141064,3.47506
141065,1.62786
141066,4.57225
141067,3.84346
141068,2.23082
141069,2.45971
141070,3.02495
141071,3.60933
141072,2.69945
141073,3.33217
141074,2.14306
141075,3.40815
141076,3.57659
141077,3.35929
141078,3.64019
141079,4.29271
141080,4.29205
141081,4.15156
141082,3.24185
141083,2.39023
141084,3.74408
141085,2.80922
141086,3.55151
141087,2.97637
141088,2.7787
141089,3.86454
141090,4.08464
141091,3.32272
141092,3.54082
141093,3.83982
141094,3.86983
141095,4.31128
141096,4.24389
141097,3.80268
141098,3.95746
141099,2.35377
141100,3.46032
141101,4.1309
141102,4.03481
141103,4.77977
141104,4.87962
141105,4.00529
141106,4.2967
141107,4.41641
141108,4.49712
141109,3.70443
141110,3.68202
141111,4.43753
141112,4.40802
141113,4.45441
141114,4.54336
141115,4.73819
141116,4.87703
141117,4.34744
141118,2.46166
141119,3.93387
141120,2.73639
141121,4.24813
141122,4.09372
141123,4.17635
141124,1.94221
141125,2.78029
141126,2.89655
141127,1.99318
141128,1.61251
141129,2.24308
141130,3.14112
141131,1.00588
141132,3.73104
141133,3.82904
141134,1.66999
141135,1.83932
141136,2.72517
141137,4.1554
141138,3.63214
141139,5.0
141140,2.99592
141141,3.68436
141142,3.58316
141143,4.17288
141144,3.66564
141145,4.45499
141146,4.14454
141147,4.1549
141148,4.32809
141149,4.7001
141150,3.1108
141151,4.21994
141152,4.09604
141153,4.61321
141154,3.00149
141155,4.06081
141156,1.41356
141157,4.77491
141158,4.30442
141159,3.01944
141160,2.33438
141161,2.99884
141162,3.6432
141163,3.57344
141164,3.00917
141165,4.03007
141166,3.91628
141167,2.71333
141168,3.85593
141169,4.48266
141170,3.67549
141171,4.14092
141172,3.2661
141173,3.6283
141174,3.09552
141175,3.43065
141176,2.79926
141177,3.50991
141178,4.24189
141179,3.80983
141180,3.34471
141181,3.87572
141182,2.87507
141183,4.11114
141184,3.83432
141185,4.58297
141186,3.66538
141187,3.33927
141188,4.25598
141189,3.24688
141190,3.92887
141191,3.46358
141192,4.05015
141193,4.22936
141194,3.90355
141195,3.70255
141196,4.55482
141197,4.31917
141198,3.13841
141199,3.51866
141200,1.80375
141201,3.87761
141202,2.87716
141203,4.32599
141204,5.0
141205,4.24033
141206,4.50676
141207,3.13658
141208,4.43922
141209,3.54852
141210,4.166
141211,4.56031
141212,5.0
141213,2.79553
141214,4.52689
141215,3.30941
141216,3.20449
141217,4.13328
141218,2.41568
141219,3.73253
141220,4.20336
141221,3.98197
141222,4.1189
141223,3.8339
141224,3.64098
141225,3.67349
141226,2.8933
141227,3.2626
141228,3.61472
141229,3.4488
141230,3.90135
141231,3.10276
141232,3.24116
141233,3.52808
141234,3.00822
141235,3.33793
141236,3.3059
141237,3.23293
141238,3.113
141239,3.52489
141240,3.51288
141241,3.5673
141242,3.90902
141243,3.73076
141244,3.25499
141245,3.71016
141246,4.04058
141247,2.78782
141248,3.87576
141249,5.0
141250,4.58073
141251,3.05972
141252,1.66334
141253,4.66165
141254,4.03066
141255,3.83117
141256,4.5817
141257,3.73585
141258,5.0
141259,4.15807
141260,3.56588
141261,3.49471
141262,2.87039
141263,4.27656
141264,3.44983
141265,3.62479
141266,3.17071
141267,2.84223
141268,1.8111
141269,3.58635
141270,2.89285
141271,4.06256
141272,4.26502
141273,4.08374
141274,4.04674
141275,4.09678
141276,3.74692
141277,4.36337
141278,3.64861
141279,3.8568
141280,3.47486
141281,3.13178
141282,3.17634
141283,3.2294
141284,4.02168
141285,3.16765
141286,3.04482
141287,3.50453
141288,3.14392
141289,3.71231
141290,4.44357
141291,3.59676
141292,3.60836
141293,3.31367
141294,1.93372
141295,3.25986
141296,3.31292
141297,5.0
141298,2.61955
141299,2.78065
141300,3.66904
141301,3.18666
141302,2.70381
141303,3.50205
141304,3.63004
141305,3.0874
141306,3.42638
141307,3.52806
141308,1.99676
141309,3.29535
141310,3.29309
141311,4.44884
141312,3.5273
141313,3.13344
141314,3.21587
141315,2.66717
141316,4.76135
141317,3.20173
141318,4.44757
141319,2.86364
141320,2.42624
141321,4.73068
141322,3.20661
141323,2.58315
141324,3.10462
141325,4.08295
141326,3.35463
141327,3.20174
141328,3.44094
141329,1.98643
141330,2.93394
141331,3.27465
141332,3.87803
141333,4.66053
141334,4.30871
141335,3.351
141336,4.31272
141337,3.97016
141338,3.1988
141339,2.90413
141340,2.94789
141341,3.13411
141342,4.08079
141343,3.2283
141344,3.67687
141345,3.2205
141346,4.29122
141347,2.69199
141348,3.80271
141349,3.50258
141350,3.88127
141351,4.54572
141352,3.57075
141353,3.93716
141354,3.61172
141355,4.06565
141356,3.3191
141357,4.18586
141358,3.19878
141359,3.37689
141360,3.66634
141361,4.22463
141362,4.68154
141363,4.06405
141364,3.87366
141365,3.37663
141366,3.4772
141367,3.74424
141368,3.20959
141369,4.1821
141370,4.78217
141371,4.06829
141372,3.60235
141373,3.40212
141374,2.74401
141375,3.45732
141376,3.49069
141377,4.3512
141378,3.50169
141379,2.71349
141380,3.67844
141381,3.32867
141382,3.75431
141383,2.89379
141384,3.51848
141385,3.48434
141386,3.31172
141387,3.27619
141388,2.66718
141389,2.40722
141390,3.24019
141391,3.61732
141392,3.44147
141393,3.3699
141394,3.3942
141395,3.38351
141396,3.10536
141397,3.246
141398,3.26606
141399,3.02751
141400,3.64459
141401,3.65877
141402,3.79579
141403,3.01299
141404,2.28831
141405,3.56973
141406,3.18531
141407,3.70225
141408,3.64393
141409,4.3196
141410,3.37149
141411,3.52966
141412,3.37041
141413,4.40238
141414,2.78237
141415,3.24527
141416,3.51287
141417,3.91544
141418,4.07192
141419,2.77477
141420,1.14
141421,4.70857
141422,1.77253
141423,4.92342
141424,3.47742
141425,1.60925
141426,4.90589
141427,1.31583
141428,2.70343
141429,1.0
141430,1.91911
141431,2.37076
141432,4.60776
141433,4.58348
141434,4.12723
141435,4.38762
141436,3.9019
141437,2.44751
141438,5.0
141439,4.69717
141440,3.09795
141441,4.86875
141442,2.94546
141443,3.28053
141444,3.34971
141445,2.59339
141446,3.34992
141447,3.51506
141448,3.26638
141449,2.12798
141450,2.67317
141451,2.69276
141452,2.27697
141453,3.39474
141454,3.20032
141455,4.06704
141456,4.02027
141457,3.10462
141458,2.31486
141459,3.67404
141460,3.07822
141461,4.05341
141462,3.67072
141463,2.9574
141464,2.88533
141465,3.49067
141466,3.93531
141467,3.22658
141468,3.34605
141469,2.84589
141470,3.09611
141471,2.64743
141472,3.69092
141473,2.34928
141474,3.18669
141475,2.85152
141476,2.27947
141477,1.82379
141478,3.06118
141479,2.38158
141480,2.71238
141481,1.57647
141482,3.01553
141483,3.03792
141484,1.31739
141485,2.79417
141486,1.95735
141487,1.48863
141488,1.11372
141489,2.82792
141490,3.09778
141491,3.5236
141492,3.60639
141493,3.82801
141494,3.32279
141495,2.46476
141496,2.73286
141497,1.4672
141498,2.73477
141499,2.30222
141500,1.40583
141501,3.95556
141502,3.94582
141503,3.82851
141504,3.13264
141505,1.84724
141506,2.13984
141507,2.06814
141508,4.9145
141509,4.60272
141510,4.48151
141511,4.11997
141512,3.69825
141513,4.34801
141514,4.63107
141515,5.0
141516,3.85876
141517,3.8451
141518,4.81599
141519,4.90759
141520,2.93141
141521,3.75927
141522,3.84573
141523,3.4735
141524,3.05847
141525,3.93915
141526,3.85613
141527,4.11633
141528,2.85838
141529,1.44464
141530,3.40658
141531,4.25911
141532,3.25755
141533,1.81448
141534,2.41885
141535,4.03549
141536,4.72208
141537,4.3376
141538,3.83404
141539,4.08768
141540,4.0048
141541,4.25578
141542,3.47744
141543,3.92954
141544,3.68077
141545,4.22048
141546,3.57789
141547,3.08293
141548,4.13177
141549,4.05873
141550,4.2147
141551,4.14016
141552,4.06172
141553,3.98042
141554,3.19624
141555,2.35148
141556,4.92554
141557,4.89589
141558,2.54267
141559,4.12825
141560,3.82935
141561,3.43849
141562,4.46005
141563,4.81051
141564,3.65202
141565,2.73502
141566,3.31188
141567,2.56001
141568,2.73177
141569,2.43676
141570,2.2774
141571,2.6512
141572,3.11045
141573,2.90008
141574,4.34843
141575,2.89932
141576,4.61953
141577,2.77478
141578,2.40138
141579,2.45176
141580,4.3858
141581,2.73369
141582,3.97884
141583,3.1377
141584,3.90043
141585,2.51078
141586,4.66796
141587,4.01556
141588,3.12411
141589,4.51343
141590,3.43057
141591,2.97184
141592,2.48236
141593,3.21315
141594,3.7523
141595,4.4446
141596,4.05964
141597,3.80042
141598,2.75118
141599,2.98119
141600,3.86525
141601,3.39786
141602,4.32966
141603,2.57203
141604,3.01345
141605,3.76275
141606,3.66687
141607,2.79814
141608,3.1926
141609,3.93591
141610,4.42237
141611,3.55509
141612,3.14159
141613,2.75017
141614,4.26121
141615,1.0
141616,2.65201
141617,3.59244
141618,3.06822
141619,3.57212
141620,3.85733
141621,2.64351
141622,3.90123
141623,3.2145
141624,4.35182
141625,2.73482
141626,2.66968
141627,3.31385
141628,4.1743
141629,2.33876
141630,4.29798
141631,3.83813
141632,3.85201
141633,1.54218
141634,3.32295
141635,2.95474
141636,3.98292
141637,4.01547
141638,3.68783
141639,3.44198
141640,1.8477
141641,4.14425
141642,3.85218
141643,4.96649
141644,3.22161
141645,5.0
141646,4.33438
141647,4.63602
141648,4.34229
141649,3.71749
141650,5.0
141651,4.15566
141652,4.66692
141653,4.08452
141654,4.64295
141655,2.95545
141656,2.36983
141657,4.91291
141658,3.72785
141659,1.93516
141660,4.20875
141661,4.02702
141662,4.44821
141663,3.50891
141664,4.03184
141665,3.30844
141666,4.43164
141667,3.95534
141668,1.52586
141669,4.43886
141670,4.29688
141671,2.47196
141672,4.36178
141673,4.2026
141674,3.73609
141675,3.79246
141676,4.75056
141677,4.76957
141678,2.53786
141679,4.30241
141680,4.36767
141681,3.75558
141682,4.11479
141683,3.9616
141684,3.82116
141685,3.29622
141686,3.27023
141687,4.24972
141688,3.32676
141689,4.0372
141690,3.51232
141691,3.98084
141692,1.88653
141693,2.1814
141694,4.24777
141695,3.61933
141696,3.73739
141697,4.53519
141698,3.09303
141699,4.63978
141700,3.28761
141701,4.4819
141702,3.50331
141703,4.46445
141704,4.76151
141705,4.2046
141706,4.17815
141707,2.38567
141708,2.65506
141709,4.02444
141710,4.33006
141711,4.53128
141712,4.23452
141713,3.61047
141714,4.20752
141715,3.71857
141716,4.47211
141717,4.97919
141718,4.04459
141719,4.42981
141720,3.50713
141721,4.64469
141722,4.99624
141723,4.45563
141724,4.39796
141725,4.22831
141726,4.74452
141727,4.46108
141728,4.23391
141729,3.8839
141730,2.89853
141731,4.56932
141732,3.05997
141733,4.14331
141734,3.52566
141735,3.8604
141736,3.78105
141737,2.90051
141738,3.81721
141739,4.6084
141740,2.75542
141741,5.0
141742,4.95147
141743,3.7846
141744,2.68527
141745,4.51637
141746,3.74227
141747,2.61044
141748,2.27909
141749,4.23271
141750,4.02756
141751,3.00015
141752,4.30469
141753,4.26492
141754,4.17689
141755,4.17919
141756,5.0
141757,4.56943
141758,4.73679
141759,4.51349
141760,4.10993
141761,4.28581
141762,3.79512
141763,4.07503
141764,4.027
141765,4.57023
141766,2.90913
141767,3.09844
141768,3.02303
141769,4.15729
141770,3.91856
141771,4.3061
141772,3.94027
141773,4.34786
141774,3.46953
141775,4.24398
141776,2.35933
141777,3.94804
141778,4.12099
141779,3.84929
141780,3.37122
141781,4.15269
141782,2.74692
141783,2.59994
141784,3.53111
141785,3.85059
141786,4.69867
141787,4.55687
141788,3.51491
141789,4.10472
141790,3.85999
141791,3.48414
141792,4.37639
141793,3.85847
141794,2.83445
141795,3.00581
141796,3.21485
141797,2.72091
141798,2.96464
141799,4.15031
141800,4.30528
141801,5.0
141802,4.08455
141803,4.16301
141804,4.28382
141805,4.13642
141806,2.5352
141807,3.2473
141808,3.99695
141809,2.67676
141810,3.81209
141811,3.89342
141812,2.84792
141813,3.35086
141814,3.81351
141815,4.31007
141816,4.0669
141817,3.67454
141818,2.91479
141819,3.87483
141820,3.75515
141821,4.41696
141822,3.95913
141823,3.92128
141824,4.90129
141825,4.31159
141826,4.79447
141827,3.17183
141828,4.56117
141829,2.31586
141830,4.04953
141831,2.06169
141832,4.08808
141833,2.65555
141834,3.80652
141835,3.63843
141836,3.36945
141837,4.10546
141838,4.36864
141839,4.01363
141840,4.84899
141841,4.00754
141842,4.42729
141843,4.27977
141844,2.79724
141845,5.0
141846,3.40685
141847,5.0
141848,4.03767
141849,3.43021
141850,3.53026
141851,3.3753
141852,4.28675
141853,4.01501
141854,3.04359
141855,3.52802
141856,3.81189
141857,4.21546
141858,3.93412
141859,3.78094
141860,3.91063
141861,3.49681
141862,4.01016
141863,3.50541
141864,3.7164
141865,3.16439
141866,3.95782
141867,3.17139
141868,4.0453
141869,4.10533
141870,3.65784
141871,3.60223
141872,3.38225
141873,3.70332
141874,3.81812
141875,3.4428
141876,3.71466
141877,3.90098
141878,3.63629
141879,3.80858
141880,3.20002
141881,3.41445
141882,3.38063
141883,3.09266
141884,3.8564
141885,3.69564
141886,4.16344
141887,3.97647
141888,3.78626
141889,2.86679
141890,3.71708
141891,4.62133
141892,3.13841
141893,2.59942
141894,4.38683
141895,3.82306
141896,3.56849
141897,3.3485
141898,3.52942
141899,4.42705
141900,4.06044
141901,3.4821
141902,4.16272
141903,3.50037
141904,3.8708
141905,3.92903
141906,3.77865
141907,3.9169
141908,1.82839
141909,3.91962
141910,4.05849
141911,3.74327
141912,2.97142
141913,3.33978
141914,3.47753
141915,3.03274
141916,3.90559
141917,4.25752
141918,3.62144
141919,4.32001
141920,3.23755
141921,3.67423
141922,3.50927
141923,3.70802
141924,3.21421
141925,3.75938
141926,3.40663
141927,4.0546
141928,3.68494
141929,2.74331
141930,4.04667
141931,4.05917
141932,3.48313
141933,3.42728
141934,4.09342
141935,5.0
141936,4.41814
141937,4.10945
141938,3.77186
141939,4.21432
141940,4.34962
141941,3.42973
141942,4.46977
141943,4.6367
141944,4.49348
141945,4.9739
141946,3.97175
141947,4.42195
141948,4.23986
141949,3.32013
141950,4.94215
141951,3.94438
141952,3.16574
141953,2.80069
141954,4.25107
141955,4.00171
141956,3.38695
141957,1.26988
141958,2.60333
141959,2.35235
141960,5.0
141961,2.39851
141962,3.36876
141963,4.94013
141964,2.73105
141965,4.8931
141966,4.10239
141967,3.72156
141968,3.28967
141969,3.9358
141970,3.3768
141971,3.73084
141972,3.68358
141973,3.67901
141974,3.4411
141975,3.77238
141976,1.95469
141977,3.48224
141978,1.35622
141979,2.97528
141980,3.85376
141981,3.93931
141982,2.54753
141983,3.54691
141984,4.22216
141985,4.14072
141986,3.68015
141987,3.33452
141988,2.16395
141989,3.27398
141990,1.94248
141991,2.6477
141992,1.46313
141993,3.08418
141994,3.3901
141995,2.13527
141996,3.7447
141997,3.94912
141998,2.45701
141999,3.23881
142000,3.30582
142001,2.10417
142002,3.55003
142003,3.08883
142004,3.67449
142005,1.91759
142006,3.65113
142007,3.15542
142008,3.63421
142009,4.76448
142010,3.63101
142011,1.26565
142012,3.29279
142013,2.86825
142014,2.36874
142015,1.56544
142016,2.49159
142017,3.30363
142018,1.74667
142019,1.80328
142020,2.70825
142021,3.89112
142022,1.58909
142023,3.19183
142024,3.60124
142025,3.43502
142026,2.92196
142027,2.65144
142028,4.26528
142029,3.80279
142030,3.93874
142031,3.94304
142032,3.60085
142033,4.04252
142034,3.97146
142035,4.10732
142036,3.02955
142037,4.34684
142038,3.24944
142039,4.4467
142040,3.60867
142041,4.35672
142042,3.3781
142043,4.1252
142044,3.28169
142045,3.79991
142046,4.25557
142047,2.69807
142048,4.63073
142049,2.83033
142050,5.0
142051,4.22906
142052,4.10845
142053,4.72847
142054,4.58541
142055,4.19597
142056,3.57462
142057,3.79684
142058,2.35444
142059,3.58338
142060,3.19365
142061,3.24067
142062,3.83703
142063,3.1608
142064,3.831
142065,3.00381
142066,2.60155
142067,2.44551
142068,3.05817
142069,3.88998
142070,3.82385
142071,2.78022
142072,2.96292
142073,2.61124
142074,3.54566
142075,2.89398
142076,3.63727
142077,2.72783
142078,4.13318
142079,2.96474
142080,3.46162
142081,2.06238
142082,4.37517
142083,4.7335
142084,4.47888
142085,3.31153
142086,4.81104
142087,3.51432
142088,4.18018
142089,4.04996
142090,3.49483
142091,3.20828
142092,3.72166
142093,4.16853
142094,3.50692
142095,3.63441
142096,3.42915
142097,3.51113
142098,3.83529
142099,4.15365
142100,4.24897
142101,3.78123
142102,3.92293
142103,3.84831
142104,3.98523
142105,3.8768
142106,3.46923
142107,3.97383
142108,3.49668
142109,2.95791
142110,3.29973
142111,4.13395
142112,2.80326
142113,3.41228
142114,3.88689
142115,3.72548
142116,4.01415
142117,3.02063
142118,3.63323
142119,3.87882
142120,4.09804
142121,4.09863
142122,3.06485
142123,3.62878
142124,4.12102
142125,4.08419
142126,3.05277
142127,4.05545
142128,3.72472
142129,3.72021
142130,3.53422
142131,3.31221
142132,3.85205
142133,3.22519
142134,4.06191
142135,3.63395
142136,3.52403
142137,3.53756
142138,3.86506
142139,4.13012
142140,3.67644
142141,3.6696
142142,3.57292
142143,3.46396
142144,3.75075
142145,3.96905
142146,3.80531
142147,4.0289
142148,4.16448
142149,4.23781
142150,3.96278
142151,3.86807
142152,3.87719
142153,3.6718
142154,2.95322
142155,3.36333
142156,3.94523
142157,4.30144
142158,3.82494
142159,3.80342
142160,4.56662
142161,3.06645
142162,4.10453
142163,2.44695
142164,4.18837
142165,3.32214
142166,3.11055
142167,3.16473
142168,2.73059
142169,3.36326
142170,3.36625
142171,2.40771
142172,3.63648
142173,2.56266
142174,4.01317
142175,3.10299
142176,2.39794
142177,4.34466
142178,4.04424
142179,4.76195
142180,4.4626
142181,4.5115
142182,4.37724
142183,3.98545
142184,4.56687
142185,4.12865
142186,3.7468
142187,4.36446
142188,3.98334
142189,4.12492
142190,3.08994
142191,4.5354
142192,2.88108
142193,2.62191
142194,4.36883
142195,2.99856
142196,3.46254
142197,2.72315
142198,3.79471
142199,3.87823
142200,3.31128
142201,3.89231
142202,3.60055
142203,3.93201
142204,3.60047
142205,3.76652
142206,3.64097
142207,2.64632
142208,3.10138
142209,3.66307
142210,3.00588
142211,3.8634
142212,2.54479
142213,3.69255
142214,3.83962
142215,3.46518
142216,3.55065
142217,1.68333
142218,4.12536
142219,3.05467
142220,3.06146
142221,3.88239
142222,4.54964
142223,3.15592
142224,1.71064
142225,4.02847
142226,4.66406
142227,4.35309
142228,3.1257
142229,3.95666
142230,3.85989
142231,3.79564
142232,2.95468
142233,2.02486
142234,3.84208
142235,3.1712
142236,3.6977
142237,3.33904
142238,2.73655
142239,3.6254
142240,3.67344
142241,3.77436
142242,3.84037
142243,4.33492
142244,4.19423
142245,3.45781
142246,3.81735
142247,3.33604
142248,3.44501
142249,3.37964
142250,3.60169
142251,3.84679
142252,1.93584
142253,3.7635
142254,4.00662
142255,4.07534
142256,3.77109
142257,4.26057
142258,2.53484
142259,3.18795
142260,3.59853
142261,4.38672
142262,4.16928
142263,4.28196
142264,3.36108
142265,4.16477
142266,3.59651
142267,3.32184
142268,4.12412
142269,3.65372
142270,4.91293
142271,3.68356
142272,3.41123
142273,4.10165
142274,4.78372
142275,3.78927
142276,4.63826
142277,4.56512
142278,3.74962
142279,4.92135
142280,4.09063
142281,4.67752
142282,3.89487
142283,4.29919
142284,4.61658
142285,3.52494
142286,3.08617
142287,4.6626
142288,3.66252
142289,2.88416
142290,4.1849
142291,3.06348
142292,4.34942
142293,3.34587
142294,3.8296
142295,3.95756
142296,3.77159
142297,3.79232
142298,2.72032
142299,4.04616
142300,3.36818
142301,3.52166
142302,3.923
142303,2.96559
142304,3.17284
142305,4.23556
142306,3.68333
142307,3.28229
142308,4.35608
142309,3.65059
142310,3.38574
142311,3.2538
142312,2.43773
142313,4.13675
142314,4.01799
142315,3.79343
142316,3.74185
142317,3.61894
142318,3.7666
142319,3.9882
142320,4.13948
142321,3.74487
142322,4.11571
142323,4.34553
142324,4.20496
142325,4.44961
142326,3.98193
142327,3.09573
142328,4.49207
142329,2.95002
142330,3.54933
142331,3.34295
142332,3.93276
142333,4.32014
142334,4.45511
142335,4.09163
142336,3.95193
142337,4.02221
142338,3.87942
142339,2.91389
142340,3.72974
142341,3.91323
142342,3.22946
142343,3.69779
142344,4.74906
142345,2.92709
142346,2.91842
142347,4.19025
142348,3.00205
142349,4.2445
142350,4.07496
142351,3.50027
142352,4.43159
142353,4.76006
142354,4.08732
142355,3.51864
142356,3.67584
142357,3.0563
142358,3.74196
142359,3.41018
142360,2.83029
142361,3.62073
142362,3.15361
142363,3.27017
142364,3.38759
142365,3.74494
142366,3.28742
142367,4.41621
142368,3.75667
142369,2.32629
142370,3.10046
142371,3.19637
142372,3.84393
142373,2.23542
142374,2.11886
142375,4.30045
142376,4.02187
142377,3.35507
142378,3.44212
142379,4.08079
142380,2.9523
142381,3.58597
142382,3.68148
142383,2.87613
142384,3.40268
142385,3.53252
142386,3.42904
142387,3.84746
142388,3.47196
142389,3.2261
142390,3.52245
142391,2.58888
142392,3.55032
142393,3.77346
142394,3.13877
142395,3.53974
142396,3.59603
142397,3.63979
142398,3.18165
142399,3.23396
142400,2.78977
142401,3.73307
142402,3.34979
142403,3.31911
142404,3.28052
142405,3.29094
142406,3.1425
142407,3.90679
142408,3.38533
142409,3.42371
142410,3.95176
142411,3.98936
142412,3.40053
142413,3.50879
142414,2.94218
142415,3.79064
142416,4.34188
142417,2.96079
142418,3.22361
142419,3.32946
142420,3.24518
142421,3.33125
142422,4.04198
142423,3.19989
142424,3.42756
142425,3.42713
142426,4.28092
142427,3.83971
142428,3.56485
142429,3.90638
142430,3.56256
142431,4.14879
142432,3.66647
142433,4.56295
142434,3.57588
142435,2.75734
142436,3.36061
142437,4.92376
142438,4.96891
142439,4.71927
142440,4.00844
142441,4.36824
142442,4.90194
142443,4.50787
142444,4.53177
142445,3.90755
142446,2.85362
142447,4.42969
142448,4.37591
142449,4.8079
142450,4.07147
142451,4.5803
142452,3.43323
142453,3.75105
142454,3.62121
142455,4.57131
142456,3.69745
142457,3.30286
142458,3.96685
142459,4.73281
142460,5.0
142461,5.0
142462,5.0
142463,4.04019
142464,3.90036
142465,3.16542
142466,2.98559
142467,4.14915
142468,3.48754
142469,3.68835
142470,4.35883
142471,3.24886
142472,3.8094
142473,2.51101
142474,3.59624
142475,4.12985
142476,3.86089
142477,3.85433
142478,2.92903
142479,2.89837
142480,4.14
142481,4.62053
142482,2.85437
142483,3.20736
142484,3.28775
142485,2.84517
142486,3.37172
142487,3.27598
142488,2.55725
142489,3.56556
142490,2.08343
142491,3.63091
142492,2.95791
142493,2.88362
142494,3.48222
142495,3.44762
142496,3.32207
142497,1.66829
142498,3.60142
142499,1.66875
142500,1.91976
142501,2.65641
142502,2.77258
142503,1.98889
142504,2.4137
142505,1.68939
142506,3.33587
142507,4.32136
142508,4.34418
142509,4.16769
142510,2.88429
142511,2.45147
142512,3.15586
142513,2.39252
142514,4.04495
142515,4.50829
142516,2.97219
142517,3.08544
142518,4.1733
142519,3.93584
142520,4.30167
142521,4.04226
142522,3.30934
142523,3.69547
142524,3.82546
142525,3.39525
142526,3.27231
142527,4.38631
142528,3.47336
142529,3.79877
142530,4.40372
142531,3.45148
142532,3.34365
142533,3.35824
142534,4.37528
142535,4.53253
142536,4.39666
142537,4.54962
142538,4.0344
142539,4.47249
142540,4.3543
142541,2.40858
142542,3.97468
142543,4.27781
142544,4.14491
142545,3.8706
142546,4.20094
142547,4.1685
142548,3.01387
142549,4.18049
142550,3.64636
142551,4.6205
142552,3.70728
142553,2.72359
142554,3.55914
142555,3.23795
142556,5.0
142557,4.30939
142558,3.60354
142559,4.33205
142560,4.55851
142561,3.07948
142562,4.30581
142563,4.73534
142564,5.0
142565,3.6978
142566,4.30919
142567,4.33246
142568,4.87555
142569,4.52421
142570,2.70035
142571,3.95543
142572,3.85062
142573,3.03495
142574,2.24595
142575,4.99535
142576,5.0
142577,4.40429
142578,4.52632
142579,4.39544
142580,3.91758
142581,4.28501
142582,4.34696
142583,4.4673
142584,3.78391
142585,4.8908
142586,4.67999
142587,4.52132
142588,4.42648
142589,4.58388
142590,4.39011
142591,4.6336
142592,4.36131
142593,4.8999
142594,4.77379
142595,4.45276
142596,4.01216
142597,4.29346
142598,3.51304
142599,3.50063
142600,4.36483
142601,3.47859
142602,4.25786
142603,4.43728
142604,4.59789
142605,3.48617
142606,4.92679
142607,4.00398
142608,3.91173
142609,2.34303
142610,4.18536
142611,3.36944
142612,3.69382
142613,4.14168
142614,3.49452
142615,4.14454
142616,3.04758
142617,3.87041
142618,4.28271
142619,4.29242
142620,3.06109
142621,4.70196
142622,4.55465
142623,4.71698
142624,4.46506
142625,4.56514
142626,3.11508
142627,1.91556
142628,4.13895
142629,3.98614
142630,5.0
142631,3.41396
142632,2.5354
142633,4.08823
142634,3.04564
142635,3.161
142636,3.89847
142637,2.43963
142638,3.58499
142639,3.81797
142640,3.69575
142641,2.85617
142642,4.23644
142643,3.67169
142644,3.93802
142645,3.38751
142646,3.30783
142647,3.66251
142648,3.59694
142649,3.4161
142650,3.9107
142651,3.70796
142652,4.18456
142653,3.98801
142654,3.18311
142655,4.25832
142656,3.86572
142657,2.57527
142658,3.39546
142659,4.19376
142660,2.80117
142661,2.17336
142662,3.76254
142663,1.9733
142664,2.8403
142665,2.51173
142666,2.89437
142667,4.26778
142668,3.29062
142669,4.1314
142670,3.29658
142671,3.49866
142672,1.81378
142673,5.0
142674,2.22121
142675,3.69733
142676,2.64839
142677,2.04035
142678,4.20896
142679,2.58703
142680,3.78911
142681,1.76714
142682,4.0712
142683,2.25256
142684,1.81991
142685,1.69325
142686,1.75693
142687,2.99914
142688,2.74974
142689,4.32624
142690,3.82862
142691,1.0
142692,4.42546
142693,4.14584
142694,4.27845
142695,3.10692
142696,3.64797
142697,3.66635
142698,3.30148
142699,4.1163
142700,3.72482
142701,2.62259
142702,3.9318
142703,3.78136
142704,4.38075
142705,3.88002
142706,3.25231
142707,3.93093
142708,4.16219
142709,3.9901
142710,3.5902
142711,3.78033
142712,2.95047
142713,3.09698
142714,2.97112
142715,3.16427
142716,4.20287
142717,4.48892
142718,3.07235
142719,2.94602
142720,4.00394
142721,4.33633
142722,2.90107
142723,4.224
142724,2.87334
142725,4.22278
142726,3.93371
142727,3.8385
142728,3.28277
142729,3.88946
142730,4.38351
142731,3.49848
142732,3.52862
142733,3.42224
142734,2.10004
142735,4.3156
142736,3.47218
142737,3.97554
142738,3.02644
142739,4.73882
142740,4.39747
142741,4.4452
142742,3.54316
142743,4.95862
142744,5.0
142745,4.08059
142746,4.24514
142747,3.88426
142748,4.14247
142749,4.85526
142750,4.7924
142751,4.82821
142752,4.48167
142753,2.5668
142754,3.55037
142755,4.09492
142756,4.05557
142757,2.41994
142758,3.97662
142759,3.76279
142760,4.1722
142761,3.72984
142762,3.45454
142763,3.79694
142764,4.17348
142765,3.70895
142766,3.93222
142767,4.44278
142768,3.77241
142769,3.11603
142770,3.21939
142771,4.51752
142772,3.57236
142773,4.03089
142774,4.02165
142775,3.91114
142776,3.87505
142777,4.19352
142778,3.57373
142779,3.99332
142780,4.05617
142781,3.32578
142782,4.60987
142783,3.16177
142784,4.18503
142785,4.21054
142786,3.36726
142787,3.35933
142788,3.28544
142789,3.79527
142790,3.46113
142791,4.0018
142792,4.04535
142793,4.1631
142794,3.80839
142795,3.20532
142796,3.22507
142797,3.15813
142798,4.59572
142799,3.94516
142800,3.46283
142801,3.00807
142802,3.48671
142803,4.54958
142804,3.43365
142805,2.97772
142806,4.5162
142807,3.36308
142808,3.41457
142809,3.46977
142810,4.25778
142811,2.31999
142812,3.72847
142813,4.08148
142814,2.76961
142815,2.87531
142816,3.37019
142817,3.37774
142818,2.36778
142819,1.5684
142820,4.24063
142821,3.91291
142822,2.75786
142823,1.66816
142824,3.44849
142825,3.51228
142826,2.94145
142827,3.01505
142828,2.80185
142829,3.81222
142830,4.27491
142831,4.15639
142832,2.65252
142833,4.19146
142834,4.073
142835,3.59308
142836,4.45717
142837,2.88856
142838,4.44313
142839,4.27785
142840,3.99024
142841,3.47186
142842,4.42437
142843,3.62985
142844,3.84633
142845,4.06544
142846,4.32972
142847,4.75876
142848,4.80792
142849,2.28992
142850,3.53852
142851,3.94675
142852,4.06985
142853,4.41345
142854,3.45775
142855,4.70928
142856,4.63612
142857,4.09337
142858,4.38016
142859,4.3874
142860,4.06147
142861,4.11305
142862,4.54955
142863,4.44554
142864,4.4882
142865,2.03427
142866,5.0
142867,3.60434
142868,4.64622
142869,3.97905
142870,4.05801
142871,4.28962
142872,4.18899
142873,3.19411
142874,2.93511
142875,4.21251
142876,4.14611
142877,3.54495
142878,4.19362
142879,3.6012
142880,3.94656
142881,3.86814
142882,3.64572
142883,4.51069
142884,4.02496
142885,4.01139
142886,3.26864
142887,4.36796
142888,4.19356
142889,4.48164
142890,3.88571
142891,4.4247
142892,4.54702
142893,4.28162
142894,4.34415
142895,4.76272
142896,4.3712
142897,2.41501
142898,2.85695
142899,4.10347
142900,4.30866
142901,4.98293
142902,3.96738
142903,4.51583
142904,4.29379
142905,4.35483
142906,4.43265
142907,4.85844
142908,4.24417
142909,4.31822
142910,4.99469
142911,4.69531
142912,4.52647
142913,2.74146
142914,3.47236
142915,2.95928
142916,2.52518
142917,2.78278
142918,4.59563
142919,3.93722
142920,3.69427
142921,3.67203
142922,3.61912
142923,2.5548
142924,1.84348
142925,2.79161
142926,3.14056
142927,3.4307
142928,3.3954
142929,3.0856
142930,1.2093
142931,2.60433
142932,3.9926
142933,3.96201
142934,3.20952
142935,3.08689
142936,1.58707
142937,3.72537
142938,3.27767
142939,3.1849
142940,2.27269
142941,2.18417
142942,3.80988
142943,2.80315
142944,4.65913
142945,2.49936
142946,3.74505
142947,2.29483
142948,3.57139
142949,2.56479
142950,3.01373
142951,3.39079
142952,1.9522
142953,2.18398
142954,3.89609
142955,4.13148
142956,3.28773
142957,3.69118
142958,4.66973
142959,3.41451
142960,3.04425
142961,2.8672
142962,2.94643
142963,3.48503
142964,3.08875
142965,2.86295
142966,4.37739
142967,4.22214
142968,2.72172
142969,4.66511
142970,3.36536
142971,3.345
142972,3.38622
142973,3.02574
142974,3.26221
142975,4.73211
142976,4.27834
142977,3.35642
142978,3.4393
142979,2.65102
142980,3.21749
142981,2.95502
142982,3.4548
142983,4.03402
142984,3.57885
142985,3.81248
142986,3.47298
142987,3.85986
142988,4.09981
142989,3.89222
142990,2.68614
142991,5.0
142992,4.15574
142993,4.8484
142994,4.14514
142995,4.57879
142996,4.92704
142997,4.4061
142998,4.53191
142999,3.70378
143000,3.00506
143001,4.29004
143002,3.44306
143003,3.49127
143004,3.26132
143005,3.91691
143006,3.04027
143007,3.84168
143008,3.57624
143009,3.58632
143010,2.15222
143011,3.11026
143012,3.75065
143013,3.78941
143014,3.56691
143015,4.41063
143016,3.16201
143017,3.51453
143018,2.54952
143019,2.60263
143020,3.00034
143021,2.35902
143022,3.25541
143023,4.37324
143024,2.61203
143025,2.37506
143026,3.1311
143027,2.56914
143028,2.57319
143029,3.14874
143030,3.09188
143031,2.00717
143032,2.74906
143033,3.97746
143034,2.50795
143035,2.17305
143036,3.2832
143037,3.34627
143038,3.49746
143039,2.88735
143040,2.52866
143041,4.92126
143042,3.3015
143043,3.44763
143044,2.79036
143045,3.44787
143046,3.22331
143047,4.01149
143048,3.62405
143049,3.93643
143050,3.83389
143051,4.1568
143052,3.91217
143053,3.53204
143054,4.18751
143055,4.6522
143056,4.25762
143057,4.16588
143058,3.09452
143059,4.61547
143060,4.27528
143061,4.36353
143062,4.55998
143063,3.30321
143064,4.48178
143065,3.76117
143066,4.30523
143067,3.73381
143068,4.34801
143069,3.67311
143070,4.32449
143071,4.53831
143072,4.54907
143073,5.0
143074,4.35476
143075,4.53467
143076,3.8854
143077,3.27477
143078,3.98443
143079,4.26809
143080,4.76124
143081,4.97568
143082,3.87196
143083,3.74233
143084,3.91729
143085,4.72119
143086,4.47455
143087,3.68549
143088,3.90622
143089,2.77576
143090,2.19091
143091,3.47115
143092,1.38284
143093,2.94909
143094,2.51256
143095,3.1277
143096,3.29683
143097,3.45108
143098,3.50169
143099,3.41293
143100,3.84921
143101,3.41353
143102,2.99739
143103,5.0
143104,3.65648
143105,3.82987
143106,3.78987
143107,2.95548
143108,3.30474
143109,3.58097
143110,2.79454
143111,3.83368
143112,2.14695
143113,3.40857
143114,3.11012
143115,2.50805
143116,3.38367
143117,3.37727
143118,3.7241
143119,3.30655
143120,1.19747
143121,3.29552
143122,3.58559
143123,3.47236
143124,3.7249
143125,3.30919
143126,3.37994
143127,3.16488
143128,3.74219
143129,2.88306
143130,4.00105
143131,3.36064
143132,3.43879
143133,3.42088
143134,3.90239
143135,3.35205
143136,2.81168
143137,3.38859
143138,2.84066
143139,2.25319
143140,3.20341
143141,3.36518
143142,3.26078
143143,2.97391
143144,2.40827
143145,3.65231
143146,3.30297
143147,3.84814
143148,3.73849
143149,3.85527
143150,2.88646
143151,3.44893
143152,3.87558
143153,2.61944
143154,3.52509
143155,1.70292
143156,4.12471
143157,3.91682
143158,2.97949
143159,1.01552
143160,2.95682
143161,3.58641
143162,3.52622
143163,3.02664
143164,1.0
143165,3.00201
143166,3.98437
143167,3.82516
143168,3.69552
143169,4.46832
143170,3.26854
143171,1.79755
143172,3.42901
143173,4.24715
143174,2.92369
143175,4.15655
143176,4.46543
143177,3.67438
143178,4.47825
143179,3.99158
143180,2.97724
143181,4.00468
143182,3.84227
143183,3.52865
143184,4.50254
143185,3.48661
143186,4.34809
143187,4.20035
143188,3.5255
143189,2.92092
143190,3.68933
143191,3.84125
143192,5.0
143193,5.0
143194,3.69131
143195,4.24792
143196,3.11167
143197,4.51534
143198,5.0
143199,4.77302
143200,2.98609
143201,2.48435
143202,3.69589
143203,3.56991
143204,3.57587
143205,4.91482
143206,4.14775
143207,4.53173
143208,4.27144
143209,4.19499
143210,4.35531
143211,3.27551
143212,5.0
143213,4.10146
143214,3.99011
143215,3.26526
143216,3.64216
143217,3.48301
143218,4.72595
143219,3.86645
143220,3.12665
143221,3.68856
143222,4.56874
143223,4.13773
143224,3.00329
143225,4.24737
143226,3.2779
143227,4.77498
143228,3.8687
143229,3.56607
143230,4.34369
143231,3.60536
143232,3.6369
143233,4.66337
143234,4.6481
143235,4.64206
143236,4.50297
143237,3.7136
143238,4.58972
143239,4.09009
143240,3.65312
143241,4.4043
143242,4.23239
143243,4.24205
143244,2.43273
143245,3.32537
143246,3.51139
143247,4.41532
143248,3.36916
143249,3.40924
143250,2.41837
143251,3.35289
143252,3.22706
143253,2.28779
143254,2.27329
143255,5.0
143256,3.32819
143257,4.02627
143258,3.54162
143259,4.87091
143260,3.87519
143261,4.0753
143262,3.14136
143263,3.33687
143264,3.84502
143265,3.8292
143266,1.98227
143267,3.55558
143268,3.31349
143269,3.4688
143270,4.6145
143271,3.15041
143272,2.62217
143273,2.9278
143274,3.43391
143275,2.81184
143276,2.74743
143277,3.18159
143278,3.26702
143279,3.38196
143280,2.80046
143281,2.59773
143282,1.63495
143283,3.41973
143284,4.65732
143285,2.80073
143286,3.25641
143287,3.27906
143288,2.16752
143289,2.99983
143290,2.49199
143291,3.01595
143292,3.07891
143293,2.98638
143294,3.4413
143295,2.56353
143296,2.1701
143297,2.91265
143298,2.92976
143299,2.36688
143300,3.35419
143301,1.47223
143302,3.62335
143303,2.90177
143304,2.16291
143305,3.2606
143306,3.26999
143307,4.58563
143308,3.30716
143309,4.04232
143310,2.59999
143311,3.38513
143312,3.11868
143313,2.86065
143314,3.15263
143315,3.20213
143316,3.37967
143317,2.89064
143318,2.85418
143319,4.09074
143320,4.56444
143321,2.91124
143322,3.69569
143323,2.00191
143324,3.833
143325,2.19062
143326,2.18912
143327,4.21124
143328,4.26514
143329,3.99193
143330,4.09941
143331,4.77527
143332,4.10752
143333,2.78471
143334,5.0
143335,4.19858
143336,2.59021
143337,4.04467
143338,4.79731
143339,4.25454
143340,4.28566
143341,3.23903
143342,4.22496
143343,4.28994
143344,4.56296
143345,3.8119
143346,3.87145
143347,3.11374
143348,4.35954
143349,4.78339
143350,3.48173
143351,3.08765
143352,4.16043
143353,4.53574
143354,3.5161
143355,4.50754
143356,3.82916
143357,4.27283
143358,3.36437
143359,4.40642
143360,3.89991
143361,3.62155
143362,4.42948
143363,4.42582
143364,3.57196
143365,3.64297
143366,3.49225
143367,3.65328
143368,3.28303
143369,3.12278
143370,2.78724
143371,2.90429
143372,3.82554
143373,2.87115
143374,3.63809
143375,2.39938
143376,4.27759
143377,3.32098
143378,3.66572
143379,3.61734
143380,3.52937
143381,3.95145
143382,3.52018
143383,2.60539
143384,4.51102
143385,3.79892
143386,2.61454
143387,3.58693
143388,3.41404
143389,3.13242
143390,3.79547
143391,3.92346
143392,2.85042
143393,3.70219
143394,3.39385
143395,3.17116
143396,2.85499
143397,2.74454
143398,3.31067
143399,3.28158
143400,3.18467
143401,3.81571
143402,3.07947
143403,4.0797
143404,2.80626
143405,3.43729
143406,4.09857
143407,3.01516
143408,3.04437
143409,3.74793
143410,3.81534
143411,3.55846
143412,3.64193
143413,2.83908
143414,4.13031
143415,3.20893
143416,3.50238
143417,3.1896
143418,3.33325
143419,3.31905
143420,1.71438
143421,2.92932
143422,3.42802
143423,3.4835
143424,3.78545
143425,3.53718
143426,3.36508
143427,3.64048
143428,4.00904
143429,3.97097
143430,3.24292
143431,3.98317
143432,3.28714
143433,3.02073
143434,3.79049
143435,3.5689
143436,3.57429
143437,2.81886
143438,3.64167
143439,4.06725
143440,3.86921
143441,2.82321
143442,5.0
143443,4.74301
143444,5.0
143445,4.04081
143446,3.79876
143447,3.57637
143448,3.24931
143449,4.67216
143450,4.04416
143451,3.37036
143452,4.07082
143453,3.86669
143454,4.08982
143455,2.09615
143456,4.1012
143457,3.95099
143458,2.52651
143459,1.7696
143460,3.43547
143461,2.67314
143462,2.53869
143463,3.18906
143464,3.32098
143465,3.73584
143466,3.25299
143467,3.81309
143468,3.78533
143469,2.52921
143470,2.36664
143471,3.49353
143472,3.68538
143473,1.77304
143474,4.01034
143475,3.43443
143476,4.28198
143477,4.43577
143478,4.11526
143479,1.8594
143480,4.30576
143481,4.22872
143482,3.39125
143483,4.03797
143484,3.01127
143485,3.34503
143486,3.4971
143487,3.86522
143488,3.77529
143489,3.28548
143490,3.56473
143491,3.72043
143492,2.76703
143493,4.52555
143494,2.86777
143495,3.5905
143496,2.75363
143497,3.09334
143498,3.50514
143499,3.28668
143500,4.59836
143501,4.66772
143502,4.08079
143503,4.93935
143504,3.90339
143505,3.42749
143506,3.84877
143507,4.35622
143508,4.32894
143509,5.0
143510,3.27897
143511,4.20868
143512,2.57368
143513,2.53242
143514,2.78066
143515,2.70379
143516,3.03163
143517,2.8743
143518,5.0
143519,4.94467
143520,4.28294
143521,4.46072
143522,3.18504
143523,3.90355
143524,2.30426
143525,4.07316
143526,4.07472
143527,4.02519
143528,4.36471
143529,4.37878
143530,4.03408
143531,3.76703
143532,3.99836
143533,4.12176
143534,3.96511
143535,4.49049
143536,4.87551
143537,3.94402
143538,4.41017
143539,4.46043
143540,4.35005
143541,4.07798
143542,4.86108
143543,4.57247
143544,4.80834
143545,4.10346
143546,4.75519
143547,3.51366
143548,4.05842
143549,3.9667
143550,4.59253
143551,4.61206
143552,3.27318
143553,3.91243
143554,4.02521
143555,3.6034
143556,3.53818
143557,3.39344
143558,3.15298
143559,3.87107
143560,3.78211
143561,3.78786
143562,4.04461
143563,4.0075
143564,2.72572
143565,4.01588
143566,3.33005
143567,4.22521
143568,2.88495
143569,3.46262
143570,3.8787
143571,4.35242
143572,4.31889
143573,4.15024
143574,3.92876
143575,3.40048
143576,3.69508
143577,3.6314
143578,4.21018
143579,3.40389
143580,4.05193
143581,3.79836
143582,3.7433
143583,3.85093
143584,4.45111
143585,3.56887
143586,3.94118
143587,3.65684
143588,3.01139
143589,4.31595
143590,2.90448
143591,2.17729
143592,3.72635
143593,2.87726
143594,4.42462
143595,2.80129
143596,4.29141
143597,2.56567
143598,3.96259
143599,2.78833
143600,4.16833
143601,3.81674
143602,3.30285
143603,3.9906
143604,3.0072
143605,4.66416
143606,4.11289
143607,4.43613
143608,3.66147
143609,2.85863
143610,3.86174
143611,3.56923
143612,4.5051
143613,3.7606
143614,2.35929
143615,2.56108
143616,3.9695
143617,4.41286
143618,2.95381
143619,3.77889
143620,2.00326
143621,3.42345
143622,4.03788
143623,3.78665
143624,1.82913
143625,1.76239
143626,3.42523
143627,2.88161
143628,3.34452
143629,4.53211
143630,1.67574
143631,3.22664
143632,4.55985
143633,2.87539
143634,4.06812
143635,3.21085
143636,3.75889
143637,2.26382
143638,3.35216
143639,4.55807
143640,2.59111
143641,3.24017
143642,2.75945
143643,2.74796
143644,3.08892
143645,3.11563
143646,1.74501
143647,3.19756
143648,3.43361
143649,1.76941
143650,2.96585
143651,1.83911
143652,2.35428
143653,2.58886
143654,3.83491
143655,3.0341
143656,2.48716
143657,1.91934
143658,1.8752
143659,3.38933
143660,5.0
143661,3.49702
143662,2.56962
143663,1.18192
143664,3.05531
143665,2.69397
143666,3.80798
143667,1.66186
143668,1.25585
143669,3.18067
143670,3.59563
143671,1.52747
143672,4.5968
143673,1.65883
143674,3.22806
143675,1.55849
143676,3.14019
143677,5.0
143678,3.26603
143679,2.52913
143680,1.75055
143681,3.63104
143682,3.80713
143683,3.68851
143684,3.78243
143685,3.01372
143686,3.12946
143687,2.88069
143688,4.54671
143689,2.47497
143690,2.73172
143691,5.0
143692,3.26412
143693,3.32637
143694,3.14899
143695,1.89851
143696,4.43907
143697,4.00645
143698,2.43208
143699,2.29567
143700,1.75638
143701,1.51142
143702,3.13878
143703,3.99049
143704,2.40046
143705,2.28946
143706,4.49574
143707,3.66117
143708,4.61669
143709,3.35205
143710,3.81
143711,4.08876
143712,4.28245
143713,4.11334
143714,3.37727
143715,4.74351
143716,4.2607
143717,3.96001
143718,4.13603
143719,3.60273
143720,3.97185
143721,4.04351
143722,3.1652
143723,3.55177
143724,3.11926
143725,3.68719
143726,3.98075
143727,3.40973
143728,3.28464
143729,3.48138
143730,2.2167
143731,3.63862
143732,2.68864
143733,3.91584
143734,3.14805
143735,4.13581
143736,4.12314
143737,3.37939
143738,3.77562
143739,3.63069
143740,3.75898
143741,4.09437
143742,2.79003
143743,3.15941
143744,3.35723
143745,3.26312
143746,3.75546
143747,3.69123
143748,4.11412
143749,3.10189
143750,4.44183
143751,4.41945
143752,4.25433
143753,3.77227
143754,3.21912
143755,3.9178
143756,3.07131
143757,4.13797
143758,2.89976
143759,2.92666
143760,3.76335
143761,3.75397
143762,3.62044
143763,3.38655
143764,3.5971
143765,2.50649
143766,2.78186
143767,3.69347
143768,3.75545
143769,3.72842
143770,3.90659
143771,3.37789
143772,3.40708
143773,3.5553
143774,3.5429
143775,3.5449
143776,4.45227
143777,3.40554
143778,3.57022
143779,3.81933
143780,4.29058
143781,2.02254
143782,3.49673
143783,2.0267
143784,1.09048
143785,3.34264
143786,4.65687
143787,4.69963
143788,3.63894
143789,3.75768
143790,4.23771
143791,3.95732
143792,4.12699
143793,4.44397
143794,4.44666
143795,4.53918
143796,4.57388
143797,4.42022
143798,3.18852
143799,4.27674
143800,2.18872
143801,5.0
143802,2.9438
143803,3.34067
143804,2.49621
143805,3.47185
143806,3.75003
143807,4.41615
143808,3.81779
143809,4.1889
143810,4.21453
143811,4.34839
143812,4.31133
143813,4.14599
143814,4.32882
143815,4.68599
143816,3.69533
143817,3.50779
143818,4.12793
143819,4.37096
143820,4.10753
143821,4.51395
143822,4.51106
143823,3.90846
143824,4.43811
143825,4.01763
143826,4.14131
143827,4.467
143828,4.3402
143829,4.32521
143830,4.80743
143831,4.58293
143832,3.75998
143833,4.10751
143834,4.2541
143835,4.61947
143836,2.56805
143837,4.46082
143838,4.34614
143839,2.96686
143840,3.80752
143841,3.91429
143842,4.16493
143843,4.13059
143844,2.84281
143845,3.64698
143846,4.65409
143847,2.80356
143848,2.57104
143849,4.1145
143850,3.84564
143851,4.06398
143852,3.92044
143853,3.55972
143854,3.87132
143855,3.6332
143856,4.55559
143857,2.05453
143858,2.69201
143859,3.38047
143860,3.66446
143861,3.85967
143862,3.15645
143863,4.28904
143864,4.26497
143865,3.80625
143866,3.0556
143867,4.28709
143868,3.92382
143869,4.15217
143870,1.72834
143871,2.94404
143872,4.43301
143873,3.39431
143874,4.171
143875,3.32928
143876,3.35672
143877,3.44997
143878,3.56227
143879,3.26983
143880,3.29891
143881,3.00729
143882,3.59609
143883,2.24414
143884,2.70657
143885,2.61658
143886,4.14083
143887,1.74712
143888,4.65595
143889,2.30478
143890,4.01316
143891,2.84196
143892,2.61525
143893,4.58272
143894,2.8994
143895,4.05542
143896,4.85491
143897,3.62808
143898,4.23643
143899,3.49743
143900,3.94676
143901,5.0
143902,2.95991
143903,4.35613
143904,3.38647
143905,2.86262
143906,2.7589
143907,3.16006
143908,4.54018
143909,2.92484
143910,4.35818
143911,3.67275
143912,3.42848
143913,3.92462
143914,4.10747
143915,4.146
143916,2.62162
143917,1.59022
143918,1.47386
143919,2.94812
143920,4.44379
143921,2.5724
143922,3.35988
143923,1.97127
143924,3.03466
143925,1.13915
143926,4.63941
143927,4.24815
143928,4.73791
143929,4.77264
143930,3.84563
143931,3.69901
143932,4.25716
143933,3.72279
143934,3.53524
143935,4.48713
143936,4.73101
143937,5.0
143938,3.63591
143939,3.66407
143940,3.00533
143941,4.1156
143942,4.5262
143943,4.02044
143944,4.65113
143945,4.83242
143946,3.06712
143947,4.13174
143948,4.63557
143949,4.82831
143950,4.93475
143951,4.72918
143952,3.92571
143953,3.90436
143954,3.48828
143955,3.0947
143956,3.39614
143957,3.94171
143958,3.9548
143959,4.23338
143960,4.45161
143961,4.16381
143962,2.82663
143963,3.48175
143964,2.81549
143965,3.85498
143966,3.17882
143967,3.32437
143968,3.22719
143969,3.55377
143970,3.85002
143971,3.84598
143972,3.80591
143973,3.07774
143974,4.00534
143975,4.37304
143976,3.61766
143977,1.8069
143978,3.94153
143979,3.82259
143980,3.9935
143981,2.899
143982,4.20339
143983,3.78661
143984,4.09521
143985,4.33067
143986,3.40794
143987,3.62133
143988,3.5525
143989,4.14026
143990,4.125
143991,3.82785
143992,3.1508
143993,2.8491
143994,2.36326
143995,4.16425
143996,4.77634
143997,4.53071
143998,3.24058
143999,3.91137
144000,4.15896
144001,3.12908
144002,3.45791
144003,4.11908
144004,3.97796
144005,4.31916
144006,2.76372
144007,4.44784
144008,4.53399
144009,3.13291
144010,3.61331
144011,4.29834
144012,4.70993
144013,4.62153
144014,3.68894
144015,3.6635
144016,1.7703
144017,4.63609
144018,4.12535
144019,4.77783
144020,4.39053
144021,4.83118
144022,4.06028
144023,4.63945
144024,5.0
144025,4.68741
144026,5.0
144027,4.81493
144028,3.42995
144029,4.40526
144030,4.90371
144031,4.06392
144032,3.27519
144033,4.93412
144034,5.0
144035,5.0
144036,4.47172
144037,4.29552
144038,4.89783
144039,4.07939
144040,4.53034
144041,3.34525
144042,3.92671
144043,4.78906
144044,4.84913
144045,4.95294
144046,4.45711
144047,3.91893
144048,3.88228
144049,3.72643
144050,3.74484
144051,3.63414
144052,4.195
144053,3.50973
144054,3.86101
144055,3.72346
144056,3.25531
144057,4.1179
144058,3.12412
144059,4.00324
144060,3.17695
144061,4.63592
144062,4.30709
144063,4.39216
144064,3.83396
144065,3.31622
144066,3.08696
144067,4.21865
144068,4.84516
144069,3.6566
144070,4.4339
144071,4.00564
144072,3.81486
144073,4.47911
144074,3.83701
144075,5.0
144076,5.0
144077,3.60814
144078,5.0
144079,3.3377
144080,3.34975
144081,5.0
144082,4.28554
144083,4.39688
144084,2.97896
144085,4.15574
144086,4.34806
144087,3.42826
144088,3.83255
144089,2.90295
144090,4.62909
144091,5.0
144092,5.0
144093,5.0
144094,3.96679
144095,4.35084
144096,4.59224
144097,3.62922
144098,4.28826
144099,4.47215
144100,2.63368
144101,3.85402
144102,3.80688
144103,4.27532
144104,3.93907
144105,3.5876
144106,4.51113
144107,3.61931
144108,5.0
144109,3.02034
144110,3.78897
144111,4.04254
144112,3.38924
144113,3.40222
144114,3.47001
144115,2.24355
144116,4.22634
144117,3.93293
144118,3.16992
144119,2.02046
144120,3.33019
144121,1.88951
144122,2.60474
144123,2.40132
144124,3.18813
144125,3.38612
144126,2.44672
144127,3.09876
144128,1.92231
144129,1.23245
144130,1.98832
144131,3.22375
144132,3.49384
144133,4.10357
144134,3.74701
144135,2.79839
144136,3.96386
144137,4.465
144138,3.92479
144139,3.49022
144140,3.48057
144141,5.0
144142,1.47063
144143,2.95252
144144,3.11179
144145,3.393
144146,3.8529
144147,2.70832
144148,4.3124
144149,2.67497
144150,3.07827
144151,1.87493
144152,3.37556
144153,4.05201
144154,3.34665
144155,3.75234
144156,4.29187
144157,3.83396
144158,3.47982
144159,4.50388
144160,3.75199
144161,4.08256
144162,4.39216
144163,4.03699
144164,3.77785
144165,3.37719
144166,3.83184
144167,3.41658
144168,4.79538
144169,4.32627
144170,4.43865
144171,3.88052
144172,3.65995
144173,3.69095
144174,3.10872
144175,2.31337
144176,2.99072
144177,1.92698
144178,2.86573
144179,3.01383
144180,3.26641
144181,1.76303
144182,3.52685
144183,3.46957
144184,1.0
144185,2.84676
144186,2.12215
144187,3.65352
144188,3.7367
144189,4.0971
144190,4.34697
144191,3.14058
144192,4.561
144193,4.09354
144194,2.92166
144195,2.37919
144196,1.0
144197,3.66168
144198,2.86379
144199,3.34006
144200,4.42202
144201,2.08195
144202,1.8921
144203,3.49435
144204,4.3265
144205,2.4858
144206,2.41436
144207,3.68285
144208,3.17505
144209,4.2138
144210,4.22532
144211,3.79462
144212,4.39001
144213,3.13371
144214,4.41973
144215,4.15217
144216,4.70491
144217,4.20375
144218,2.69185
144219,3.21782
144220,3.96511
144221,4.878
144222,3.76946
144223,3.46974
144224,4.29764
144225,4.53741
144226,4.43074
144227,3.64144
144228,4.35544
144229,4.29045
144230,4.35622
144231,4.17161
144232,4.58877
144233,4.55799
144234,4.3916
144235,3.47534
144236,1.91541
144237,2.24482
144238,1.0
144239,3.73809
144240,3.30411
144241,4.47347
144242,1.81076
144243,1.03121
144244,3.95185
144245,3.15297
144246,3.7294
144247,4.46919
144248,3.87703
144249,3.86478
144250,4.06062
144251,3.68118
144252,3.768
144253,2.58209
144254,3.54296
144255,4.10394
144256,4.01108
144257,4.34046
144258,4.54297
144259,3.2363
144260,4.15804
144261,3.67159
144262,3.86475
144263,3.50257
144264,4.14763
144265,4.3116
144266,4.46274
144267,4.16732
144268,3.85379
144269,3.66244
144270,4.44091
144271,4.0735
144272,4.52365
144273,4.90837
144274,4.54299
144275,3.92119
144276,3.33735
144277,3.61374
144278,4.79162
144279,4.60918
144280,4.96108
144281,4.38067
144282,4.94566
144283,4.36309
144284,4.79678
144285,5.0
144286,3.74047
144287,3.30691
144288,2.77844
144289,3.21527
144290,3.85092
144291,2.44108
144292,4.1156
144293,4.12497
144294,4.22713
144295,4.0389
144296,2.58002
144297,3.64413
144298,1.88391
144299,2.506
144300,4.24365
144301,3.99334
144302,4.3685
144303,4.38739
144304,4.22282
144305,3.93134
144306,3.56623
144307,3.17374
144308,3.6567
144309,4.28609
144310,4.09382
144311,3.95834
144312,3.59535
144313,4.11142
144314,4.60402
144315,4.12561
144316,3.74927
144317,4.19501
144318,4.14008
144319,4.58758
144320,2.96642
144321,3.04093
144322,4.30661
144323,4.5311
144324,4.03951
144325,4.64827
144326,4.99199
144327,4.01738
144328,4.02444
144329,4.71891
144330,3.58987
144331,4.77906
144332,4.30893
144333,4.08296
144334,4.53086
144335,4.05101
144336,4.73689
144337,3.84333
144338,4.23648
144339,3.79038
144340,4.63571
144341,4.27949
144342,3.39506
144343,3.56384
144344,5.0
144345,3.63149
144346,4.66548
144347,4.17747
144348,4.1762
144349,3.85688
144350,5.0
144351,4.38838
144352,4.59064
144353,4.56486
144354,4.03757
144355,3.7983
144356,5.0
144357,4.16849
144358,3.98539
144359,4.52215
144360,4.57906
144361,3.95688
144362,4.14069
144363,4.36334
144364,3.93754
144365,4.39941
144366,4.56064
144367,4.81006
144368,4.23234
144369,3.64209
144370,4.45388
144371,3.53212
144372,4.75525
144373,3.61153
144374,3.46789
144375,4.07864
144376,3.7971
144377,4.13272
144378,3.65276
144379,4.24041
144380,3.81185
144381,3.57383
144382,4.07969
144383,3.57887
144384,4.60069
144385,2.80534
144386,3.97522
144387,4.02952
144388,3.70652
144389,3.79109
144390,3.44967
144391,3.66765
144392,4.40985
144393,3.55858
144394,3.07148
144395,2.07404
144396,3.30053
144397,3.64178
144398,3.35904
144399,3.87834
144400,4.39684
144401,3.81267
144402,3.13817
144403,3.69774
144404,3.88201
144405,3.58994
144406,2.57028
144407,4.21043
144408,3.53305
144409,3.92267
144410,2.56682
144411,4.01468
144412,3.55277
144413,4.26383
144414,3.68379
144415,3.68694
144416,3.43425
144417,3.68952
144418,2.76465
144419,3.31257
144420,4.34985
144421,3.74537
144422,3.99353
144423,3.48341
144424,4.28129
144425,2.20628
144426,4.87788
144427,4.21362
144428,4.69731
144429,3.67468
144430,4.89749
144431,4.02985
144432,5.0
144433,4.65701
144434,3.95076
144435,4.61353
144436,3.36834
144437,4.09241
144438,3.50123
144439,3.96765
144440,1.93697
144441,3.2319
144442,3.24393
144443,3.70894
144444,3.19945
144445,3.33401
144446,2.97292
144447,4.38166
144448,4.53826
144449,4.04084
144450,3.19024
144451,3.84004
144452,3.2669
144453,3.53787
144454,3.43991
144455,4.57167
144456,2.88783
144457,2.19534
144458,3.7669
144459,1.20157
144460,2.6018
144461,4.14858
144462,4.00285
144463,2.49813
144464,1.26999
144465,2.42675
144466,2.20487
144467,3.3972
144468,3.79274
144469,4.03657
144470,4.1007
144471,4.30769
144472,3.69266
144473,4.36474
144474,3.47866
144475,3.65313
144476,3.69512
144477,3.51371
144478,3.39573
144479,2.68795
144480,3.33866
144481,3.68422
144482,3.20414
144483,3.51297
144484,3.50435
144485,3.47714
144486,2.98845
144487,4.06656
144488,4.07746
144489,3.23272
144490,2.99815
144491,3.49752
144492,4.88497
144493,2.9283
144494,3.42974
144495,4.25846
144496,3.43476
144497,3.70736
144498,3.68712
144499,3.34815
144500,3.01118
144501,3.94349
144502,2.84146
144503,2.88298
144504,3.73877
144505,3.61985
144506,4.83903
144507,3.76823
144508,3.12495
144509,4.38254
144510,4.69409
144511,3.34462
144512,2.28197
144513,1.0
144514,1.0
144515,1.63339
144516,1.62676
144517,1.3812
144518,1.0308
144519,1.54921
144520,1.0
144521,1.0
144522,1.37155
144523,2.25694
144524,3.59329
144525,1.0
144526,4.01168
144527,4.05054
144528,4.49954
144529,4.14357
144530,3.47901
144531,3.32373
144532,3.66599
144533,3.57553
144534,3.67492
144535,4.28592
144536,3.98248
144537,3.60794
144538,4.25124
144539,2.59744
144540,3.60941
144541,3.35478
144542,3.76019
144543,4.19006
144544,3.91721
144545,4.36154
144546,3.96904
144547,3.50128
144548,3.47955
144549,3.04803
144550,3.4638
144551,4.598
144552,4.06407
144553,4.19607
144554,4.80959
144555,4.08616
144556,5.0
144557,3.27316
144558,4.61561
144559,4.97013
144560,4.48631
144561,4.66511
144562,3.69957
144563,3.40148
144564,4.63523
144565,1.64364
144566,3.30528
144567,2.74608
144568,3.56278
144569,4.63949
144570,4.08706
144571,1.62689
144572,1.76959
144573,3.68063
144574,1.44945
144575,3.20105
144576,2.75134
144577,1.35711
144578,1.73229
144579,1.72909
144580,3.68138
144581,4.37583
144582,2.11142
144583,1.52434
144584,2.37868
144585,4.16597
144586,1.99584
144587,3.75833
144588,3.036
144589,4.60638
144590,2.34641
144591,4.45909
144592,3.56189
144593,3.527
144594,1.7283
144595,2.80518
144596,1.282
144597,2.61165
144598,4.72845
144599,4.47211
144600,4.85831
144601,3.88984
144602,3.62387
144603,3.29823
144604,4.56571
144605,4.28249
144606,3.64723
144607,4.74842
144608,4.19195
144609,4.87145
144610,3.6893
144611,3.58319
144612,4.65819
144613,3.34583
144614,4.74422
144615,4.13528
144616,4.10486
144617,4.3479
144618,4.63197
144619,3.98505
144620,3.86272
144621,4.57646
144622,4.69548
144623,3.81063
144624,3.64998
144625,4.08011
144626,4.32451
144627,3.89457
144628,3.35754
144629,3.6671
144630,3.68771
144631,4.06588
144632,3.19864
144633,2.7982
144634,2.50069
144635,3.65239
144636,4.08059
144637,3.22502
144638,3.53866
144639,2.71486
144640,3.87915
144641,3.49777
144642,2.55597
144643,3.67101
144644,4.08227
144645,3.10793
144646,4.68363
144647,4.31434
144648,3.34732
144649,4.14874
144650,1.89146
144651,3.70993
144652,3.9549
144653,3.39693
144654,2.16303
144655,3.27132
144656,4.65552
144657,3.17004
144658,4.17383
144659,4.6176
144660,3.50314
144661,3.81669
144662,1.61798
144663,2.48644
144664,4.12903
144665,2.99642
144666,3.15587
144667,3.66964
144668,2.40285
144669,3.74495
144670,4.35962
144671,2.79109
144672,4.03893
144673,5.0
144674,2.27322
144675,3.61204
144676,3.06233
144677,3.83202
144678,3.02152
144679,4.28541
144680,4.39202
144681,4.64132
144682,3.27534
144683,3.71234
144684,4.58613
144685,3.64267
144686,4.46968
144687,3.94491
144688,3.61605
144689,3.77915
144690,4.32492
144691,4.12557
144692,3.86201
144693,3.72196
144694,4.25718
144695,3.85296
144696,4.14374
144697,3.38836
144698,3.8206
144699,3.35054
144700,3.80527
144701,3.2561
144702,2.90852
144703,3.53705
144704,3.97963
144705,3.8224
144706,3.93775
144707,3.72115
144708,3.91035
144709,4.01042
144710,4.23619
144711,3.36469
144712,3.83411
144713,4.02752
144714,3.089
144715,2.69101
144716,4.01074
144717,3.24474
144718,3.51354
144719,4.05633
144720,3.4508
144721,3.70205
144722,3.81407
144723,3.4629
144724,3.25823
144725,3.36272
144726,3.93672
144727,4.14261
144728,4.82436
144729,4.29332
144730,3.69727
144731,3.59033
144732,3.71792
144733,3.92212
144734,2.97383
144735,3.98842
144736,2.86665
144737,4.3552
144738,3.92433
144739,3.04882
144740,4.64193
144741,3.80247
144742,3.53638
144743,5.0
144744,3.90103
144745,4.00321
144746,3.78903
144747,4.82052
144748,3.30277
144749,3.97173
144750,4.27636
144751,4.03405
144752,4.67406
144753,5.0
144754,4.04915
144755,3.96515
144756,3.77617
144757,3.97793
144758,2.98914
144759,5.0
144760,4.37884
144761,3.56761
144762,4.43121
144763,4.16883
144764,3.64941
144765,3.48134
144766,4.30209
144767,4.52424
144768,4.68182
144769,4.56963
144770,4.15487
144771,4.21528
144772,4.54039
144773,4.48976
144774,4.9045
144775,4.37012
144776,4.46289
144777,3.98075
144778,2.19773
144779,4.05434
144780,4.53849
144781,5.0
144782,4.55148
144783,5.0
144784,3.78927
144785,4.39035
144786,3.10463
144787,4.95505
144788,4.61678
144789,2.33289
144790,5.0
144791,3.49361
144792,4.67711
144793,4.1656
144794,3.61151
144795,4.59294
144796,4.46169
144797,3.4781
144798,4.29502
144799,3.58351
144800,4.63612
144801,2.40074
144802,3.41273
144803,2.24962
144804,4.4561
144805,3.81773
144806,3.46445
144807,3.92363
144808,1.98171
144809,2.93881
144810,3.81631
144811,3.74827
144812,3.20162
144813,4.1399
144814,2.31354
144815,2.58959
144816,4.0635
144817,3.70768
144818,2.44934
144819,4.03628
144820,3.30402
144821,3.90734
144822,3.26358
144823,1.89464
144824,3.31453
144825,2.48945
144826,4.3922
144827,4.13087
144828,4.64452
144829,3.72596
144830,4.15392
144831,1.98568
144832,3.51266
144833,3.72433
144834,4.08899
144835,4.22109
144836,3.58049
144837,4.04133
144838,3.35662
144839,4.02387
144840,2.80904
144841,4.4622
144842,3.32776
144843,3.62931
144844,4.19474
144845,3.5207
144846,4.44534
144847,3.95393
144848,3.81334
144849,3.91927
144850,4.34511
144851,4.11634
144852,4.88643
144853,3.73441
144854,4.12395
144855,4.63377
144856,3.57606
144857,4.12684
144858,4.06201
144859,4.25697
144860,3.97855
144861,3.64022
144862,4.10304
144863,4.54556
144864,3.33726
144865,4.56864
144866,4.71616
144867,3.82742
144868,4.40288
144869,4.38461
144870,3.94733
144871,4.17799
144872,3.65726
144873,4.04416
144874,4.22617
144875,4.27036
144876,4.77596
144877,4.23758
144878,3.81275
144879,3.7888
144880,4.43382
144881,4.54937
144882,4.64742
144883,3.92145
144884,4.54549
144885,4.43471
144886,2.66952
144887,3.85851
144888,3.19283
144889,3.70567
144890,3.62364
144891,3.03001
144892,4.10071
144893,3.34088
144894,2.38453
144895,3.50394
144896,3.69087
144897,3.21969
144898,3.84785
144899,3.57072
144900,4.21919
144901,3.62271
144902,3.12884
144903,2.69038
144904,3.83833
144905,4.56116
144906,4.16121
144907,4.48821
144908,4.33068
144909,2.60066
144910,3.92743
144911,3.04042
144912,4.09469
144913,3.89638
144914,2.70213
144915,4.11937
144916,3.21628
144917,2.9935
144918,4.30205
144919,4.82901
144920,4.17131
144921,4.19544
144922,3.52036
144923,3.96612
144924,5.0
144925,4.67291
144926,4.27065
144927,4.22666
144928,3.18183
144929,4.51666
144930,4.67749
144931,3.01988
144932,3.27771
144933,1.26394
144934,3.35471
144935,4.02334
144936,3.52672
144937,4.4723
144938,4.00447
144939,3.62234
144940,4.29976
144941,4.56634
144942,4.0951
144943,4.58217
144944,4.32359
144945,4.71007
144946,2.70533
144947,3.65687
144948,2.58002
144949,2.79025
144950,3.23381
144951,2.39833
144952,1.82772
144953,2.62862
144954,3.32947
144955,3.00407
144956,2.40867
144957,1.98775
144958,3.35798
144959,2.78245
144960,2.89893
144961,4.10527
144962,4.02128
144963,2.17446
144964,3.32514
144965,3.16355
144966,1.85507
144967,3.53935
144968,4.2307
144969,2.62811
144970,2.20447
144971,3.45407
144972,2.25395
144973,3.18622
144974,4.1124
144975,3.43954
144976,4.02776
144977,3.50226
144978,2.93897
144979,4.28123
144980,2.65118
144981,4.0071
144982,3.61745
144983,3.35729
144984,3.28063
144985,3.95655
144986,2.70103
144987,4.15558
144988,4.28838
144989,3.99578
144990,3.8561
144991,2.68843
144992,4.60004
144993,4.21618
144994,3.18046
144995,4.90299
144996,4.19074
144997,4.32219
144998,2.07772
144999,4.52854
145000,3.75433
145001,4.49978
145002,4.89251
145003,3.57867
145004,3.93416
145005,4.08698
145006,3.53841
145007,3.96482
145008,4.04943
145009,3.67677
145010,4.70359
145011,4.22529
145012,2.34807
145013,3.37072
145014,4.28014
145015,1.55908
145016,4.31247
145017,4.13267
145018,4.00545
145019,2.75028
145020,3.98339
145021,3.77508
145022,3.94834
145023,3.24569
145024,4.4433
145025,4.54633
145026,3.95462
145027,3.73597
145028,3.42933
145029,4.27411
145030,3.97795
145031,5.0
145032,4.79633
145033,4.39961
145034,3.87631
145035,3.80036
145036,3.76226
145037,3.36337
145038,3.27279
145039,3.78232
145040,4.49247
145041,3.8926
145042,4.86799
145043,4.27246
145044,3.88233
145045,5.0
145046,4.18066
145047,3.52633
145048,2.22311
145049,4.43388
145050,4.70783
145051,3.88199
145052,4.45537
145053,4.22161
145054,2.56242
145055,3.87499
145056,4.69102
145057,4.39894
145058,3.12326
145059,3.52786
145060,3.48121
145061,5.0
145062,3.39336
145063,4.72852
145064,3.5338
145065,4.03585
145066,3.15773
145067,2.7999
145068,3.89758
145069,3.42148
145070,4.43002
145071,2.45523
145072,3.60789
145073,3.58145
145074,2.92067
145075,3.94099
145076,2.57522
145077,4.56706
145078,3.56886
145079,2.78454
145080,3.44707
145081,3.41834
145082,3.49391
145083,3.15876
145084,4.0094
145085,3.03512
145086,4.05644
145087,3.11261
145088,3.28674
145089,1.85938
145090,3.00634
145091,3.9399
145092,2.63214
145093,3.52728
145094,2.98399
145095,3.41641
145096,3.2837
145097,3.15257
145098,3.67784
145099,2.54982
145100,3.69806
145101,3.50665
145102,4.35659
145103,3.65488
145104,2.88892
145105,3.23744
145106,3.58225
145107,2.81491
145108,3.36736
145109,3.69689
145110,3.75984
145111,3.07392
145112,3.35656
145113,3.53163
145114,3.75022
145115,2.00016
145116,3.85731
145117,4.5911
145118,3.64084
145119,3.2644
145120,3.40089
145121,3.38537
145122,3.21027
145123,3.39412
145124,3.46206
145125,3.84106
145126,3.66749
145127,3.97609
145128,2.34305
145129,2.49613
145130,3.85567
145131,4.94493
145132,3.32563
145133,2.28614
145134,2.52753
145135,2.64201
145136,2.9073
145137,2.87353
145138,3.71541
145139,3.27432
145140,4.36026
145141,2.74875
145142,3.78342
145143,2.60308
145144,4.68508
145145,2.9187
145146,4.48736
145147,2.89935
145148,3.56373
145149,3.87069
145150,3.25645
145151,3.94663
145152,3.44054
145153,3.30713
145154,4.2114
145155,4.64451
145156,4.14014
145157,4.38862
145158,4.13581
145159,4.13298
145160,3.63984
145161,3.56498
145162,4.14973
145163,4.73916
145164,2.9271
145165,2.90884
145166,4.02591
145167,4.02604
145168,4.22064
145169,3.70248
145170,3.73793
145171,3.65122
145172,4.34584
145173,3.86529
145174,3.72822
145175,3.7411
145176,1.91245
145177,3.86986
145178,4.26488
145179,4.22097
145180,4.46173
145181,4.53245
145182,4.12754
145183,3.5891
145184,4.5614
145185,4.32347
145186,4.4901
145187,4.82622
145188,4.64338
145189,4.7065
145190,4.25025
145191,4.06996
145192,4.41124
145193,4.80147
145194,3.30331
145195,4.25045
145196,4.44684
145197,4.03144
145198,3.94136
145199,4.27911
145200,3.38387
145201,3.78833
145202,4.04314
145203,4.06791
145204,4.48776
145205,3.85259
145206,3.79671
145207,4.44966
145208,4.13629
145209,4.55121
145210,4.7164
145211,4.88101
145212,4.44575
145213,4.57413
145214,3.96199
145215,2.68509
145216,2.92471
145217,4.33642
145218,2.84489
145219,3.69475
145220,3.20394
145221,3.23994
145222,4.23154
145223,3.0342
145224,5.0
145225,3.88043
145226,4.21617
145227,3.5156
145228,5.0
145229,4.02608
145230,4.54039
145231,3.54102
145232,3.32423
145233,3.25631
145234,3.96531
145235,4.14439
145236,3.59369
145237,3.89133
145238,4.53358
145239,4.53677
145240,3.67424
145241,3.08936
145242,3.78473
145243,3.80313
145244,2.82238
145245,2.95243
145246,3.25435
145247,3.22462
145248,3.4175
145249,3.37119
145250,3.23033
145251,3.49354
145252,2.97557
145253,3.3685
145254,3.18312
145255,3.843
145256,3.55925
145257,4.90004
145258,3.69694
145259,3.99513
145260,5.0
145261,2.14599
145262,4.26746
145263,4.29205
145264,3.16536
145265,1.72527
145266,4.69629
145267,4.13396
145268,3.76443
145269,2.73251
145270,3.48889
145271,3.98183
145272,3.45107
145273,4.36466
145274,3.41544
145275,4.84106
145276,1.6255
145277,4.71339
145278,3.99467
145279,3.61139
145280,3.25574
145281,2.77941
145282,3.07593
145283,3.98999
145284,4.60422
145285,3.9658
145286,4.02367
145287,4.42164
145288,3.98118
145289,3.32552
145290,4.38211
145291,4.44301
145292,4.50473
145293,3.83535
145294,2.98647
145295,4.30989
145296,3.80216
145297,4.36679
145298,4.80138
145299,4.54317
145300,4.49138
145301,4.96829
145302,3.97169
145303,3.26416
145304,4.58029
145305,4.54672
145306,1.86328
145307,4.22966
145308,4.44822
145309,4.81699
145310,4.68686
145311,4.6635
145312,4.34134
145313,4.79718
145314,3.6036
145315,3.48447
145316,2.77562
145317,4.59472
145318,3.20906
145319,3.67905
145320,3.63924
145321,4.41314
145322,3.35846
145323,4.43595
145324,4.18495
145325,3.65981
145326,5.0
145327,4.92374
145328,4.50656
145329,3.68618
145330,3.86054
145331,3.87691
145332,4.32186
145333,4.14352
145334,4.30962
145335,5.0
145336,4.695
145337,4.69436
145338,3.7649
145339,4.73857
145340,3.22243
145341,3.71475
145342,3.21073
145343,2.22505
145344,2.91437
145345,3.53004
145346,3.44718
145347,3.80235
145348,3.38335
145349,1.53231
145350,2.6826
145351,3.71971
145352,4.38975
145353,3.81692
145354,1.53787
145355,2.30163
145356,3.24103
145357,4.2687
145358,1.73717
145359,4.91249
145360,3.37197
145361,4.81452
145362,3.77204
145363,4.60278
145364,3.75114
145365,4.41575
145366,4.21218
145367,4.04345
145368,3.92601
145369,3.76649
145370,3.41904
145371,3.99562
145372,4.47351
145373,3.85796
145374,4.09678
145375,3.19329
145376,4.13779
145377,3.92466
145378,3.96545
145379,4.59815
145380,4.36005
145381,4.15589
145382,4.54092
145383,4.67082
145384,4.4844
145385,4.13757
145386,3.84905
145387,4.84114
145388,4.32896
145389,4.6436
145390,3.87092
145391,4.21087
145392,4.30393
145393,3.90459
145394,4.2972
145395,3.07682
145396,4.23258
145397,3.63943
145398,5.0
145399,4.36383
145400,3.74155
145401,3.39693
145402,4.12092
145403,3.98623
145404,4.32763
145405,3.82962
145406,4.09458
145407,3.57252
145408,4.19594
145409,4.61729
145410,4.0686
145411,4.00491
145412,4.44798
145413,3.56682
145414,4.46571
145415,4.5719
145416,3.85171
145417,4.53342
145418,4.53645
145419,4.73331
145420,3.57818
145421,4.01105
145422,4.38165
145423,4.6162
145424,2.28302
145425,3.93585
145426,4.35273
145427,3.32098
145428,3.89707
145429,3.4009
145430,4.43222
145431,3.98359
145432,4.76889
145433,5.0
145434,3.92523
145435,4.50548
145436,3.93257
145437,2.92463
145438,3.56442
145439,4.69676
145440,4.16741
145441,2.3473
145442,3.65101
145443,3.99726
145444,4.10734
145445,2.85794
145446,2.18839
145447,3.82177
145448,3.9262
145449,3.97948
145450,3.89469
145451,3.93568
145452,4.54575
145453,3.29561
145454,3.10743
145455,4.17743
145456,3.26642
145457,4.53076
145458,3.43512
145459,4.40905
145460,3.60113
145461,3.81335
145462,2.04068
145463,3.98359
145464,2.6239
145465,2.9023
145466,2.48806
145467,3.45791
145468,3.41215
145469,3.09637
145470,2.49534
145471,2.82215
145472,2.53555
145473,1.20256
145474,1.88096
145475,1.0
145476,2.48414
145477,2.7661
145478,2.81034
145479,1.91723
145480,2.57555
145481,2.43053
145482,2.19632
145483,2.19422
145484,1.71414
145485,3.82273
145486,2.86828
145487,4.02182
145488,2.96528
145489,2.15702
145490,2.54274
145491,2.88296
145492,2.73149
145493,3.09242
145494,1.81241
145495,3.61721
145496,2.78328
145497,2.00343
145498,4.35824
145499,3.75733
145500,2.35194
145501,3.42959
145502,3.6581
145503,3.31948
145504,1.81185
145505,3.31713
145506,2.76777
145507,4.08358
145508,4.68248
145509,4.05628
145510,4.02977
145511,4.37591
145512,3.25271
145513,3.28983
145514,3.68721
145515,3.23126
145516,2.62052
145517,2.59253
145518,4.16221
145519,3.40506
145520,3.95004
145521,2.71432
145522,2.94169
145523,3.95455
145524,2.98841
145525,1.73132
145526,3.78593
145527,3.86762
145528,2.56218
145529,3.49218
145530,3.65825
145531,2.34467
145532,3.1432
145533,3.01132
145534,2.81732
145535,2.54001
145536,3.94508
145537,4.08394
145538,1.0
145539,2.99393
145540,3.82014
145541,4.89061
145542,4.76633
145543,4.35196
145544,3.1216
145545,3.99034
145546,4.44506
145547,4.17349
145548,4.08209
145549,3.92815
145550,1.51012
145551,3.81409
145552,3.81275
145553,2.55443
145554,3.97722
145555,3.78032
145556,4.18652
145557,3.9836
145558,4.13744
145559,3.57307
145560,4.93665
145561,3.89655
145562,4.12392
145563,3.96285
145564,4.44674
145565,3.39617
145566,3.47303
145567,3.58471
145568,3.5191
145569,4.03022
145570,4.32841
145571,4.07595
145572,3.64954
145573,3.96383
145574,4.42878
145575,4.38473
145576,3.98944
145577,3.02447
145578,3.97197
145579,4.5249
145580,4.30294
145581,3.97946
145582,3.1801
145583,4.59696
145584,4.15762
145585,3.01804
145586,3.20626
145587,2.77036
145588,2.67098
145589,3.60701
145590,3.38431
145591,3.92194
145592,2.03049
145593,3.56796
145594,2.27318
145595,2.86287
145596,3.6189
145597,3.8602
145598,4.34681
145599,3.81486
145600,3.36352
145601,1.38358
145602,3.79157
145603,2.38255
145604,3.21006
145605,3.81533
145606,3.62603
145607,3.15504
145608,3.71315
145609,2.01578
145610,3.49037
145611,4.02158
145612,3.4819
145613,2.76117
145614,4.17319
145615,4.23083
145616,3.36622
145617,3.5064
145618,3.03494
145619,3.64058
145620,3.71746
145621,4.0569
145622,4.31678
145623,4.07023
145624,4.69698
145625,4.4777
145626,3.48175
145627,4.51702
145628,3.81687
145629,4.83382
145630,4.023
145631,4.52011
145632,3.49429
145633,3.22999
145634,4.20727
145635,4.74741
145636,4.32218
145637,1.43653
145638,4.38981
145639,2.93244
145640,5.0
145641,4.00329
145642,1.95481
145643,4.56207
145644,3.95383
145645,4.90063
145646,4.18844
145647,4.75638
145648,2.56242
145649,3.06865
145650,3.85615
145651,3.23518
145652,3.32034
145653,3.84832
145654,2.97459
145655,3.9292
145656,2.33699
145657,3.23311
145658,3.90487
145659,5.0
145660,3.07566
145661,2.67155
145662,3.73133
145663,2.4002
145664,3.23955
145665,3.50588
145666,2.52648
145667,4.03521
145668,2.6506
145669,4.0007
145670,2.883
145671,2.82972
145672,3.25249
145673,2.61343
145674,3.63934
145675,2.13252
145676,4.03592
145677,3.88846
145678,4.41589
145679,2.76902
145680,4.23512
145681,4.53089
145682,4.65976
145683,2.76725
145684,4.46164
145685,3.37523
145686,4.22464
145687,3.89729
145688,3.71512
145689,3.46085
145690,3.60743
145691,4.07678
145692,3.99076
145693,1.09488
145694,2.89909
145695,3.95506
145696,3.43393
145697,2.7679
145698,3.43886
145699,3.58754
145700,3.92983
145701,3.13535
145702,3.37713
145703,3.72523
145704,4.12332
145705,3.25617
145706,3.64188
145707,2.18464
145708,1.0
145709,3.67551
145710,3.39393
145711,3.75635
145712,3.3688
145713,4.79309
145714,3.35052
145715,3.60134
145716,3.80033
145717,4.91398
145718,4.40659
145719,4.06825
145720,4.24555
145721,4.20599
145722,4.75459
145723,4.62023
145724,2.42911
145725,4.4599
145726,2.8039
145727,3.95251
145728,4.0277
145729,3.51961
145730,3.72141
145731,4.19795
145732,3.98948
145733,3.36658
145734,4.19782
145735,3.97726
145736,3.89698
145737,4.03841
145738,5.0
145739,3.59762
145740,4.50713
145741,4.22342
145742,4.16753
145743,2.51495
145744,4.07131
145745,4.01919
145746,3.88128
145747,2.78031
145748,3.53757
145749,3.80136
145750,3.67035
145751,1.94699
145752,3.05571
145753,3.16732
145754,4.61256
145755,3.92923
145756,4.52498
145757,3.92573
145758,3.32822
145759,3.68988
145760,3.98329
145761,3.75005
145762,3.86661
145763,3.46288
145764,4.0972
145765,3.58984
145766,3.67676
145767,3.2618
145768,3.45808
145769,4.00096
145770,3.61135
145771,4.13175
145772,3.09478
145773,3.30152
145774,4.1636
145775,3.37561
145776,3.41371
145777,3.04521
145778,2.30257
145779,3.60048
145780,3.43315
145781,2.9568
145782,3.25737
145783,3.03395
145784,4.34411
145785,3.47293
145786,2.21444
145787,2.13694
145788,2.99014
145789,3.1754
145790,3.28119
145791,3.00175
145792,1.91672
145793,2.19295
145794,2.58361
145795,2.57093
145796,3.60776
145797,2.52827
145798,2.01127
145799,1.95143
145800,3.49533
145801,2.37936
145802,2.20814
145803,2.23418
145804,2.03504
145805,3.24392
145806,1.66823
145807,2.11341
145808,3.47547
145809,2.34671
145810,3.75511
145811,3.09195
145812,3.13983
145813,2.68632
145814,2.9797
145815,3.61058
145816,3.03739
145817,3.34121
145818,3.74338
145819,2.41823
145820,3.0499
145821,2.79031
145822,2.80635
145823,3.95847
145824,3.67914
145825,2.83381
145826,2.84748
145827,2.56296
145828,2.41954
145829,3.07399
145830,2.96264
145831,4.16967
145832,3.39744
145833,3.3057
145834,3.50234
145835,3.29062
145836,3.23115
145837,3.74883
145838,3.32111
145839,2.92227
145840,2.29418
145841,2.13983
145842,3.35824
145843,3.51472
145844,3.96572
145845,1.6943
145846,1.43021
145847,3.40944
145848,2.93546
145849,2.76911
145850,3.98574
145851,2.55021
145852,2.7823
145853,2.21794
145854,4.43941
145855,3.73335
145856,3.32115
145857,4.12701
145858,4.0065
145859,3.81858
145860,3.85628
145861,2.69148
145862,2.61692
145863,2.37285
145864,1.46888
145865,2.97467
145866,3.32456
145867,3.43012
145868,4.26301
145869,3.32396
145870,4.34964
145871,3.66191
145872,4.21162
145873,3.65296
145874,2.44902
145875,2.67432
145876,3.65237
145877,2.47365
145878,4.80363
145879,3.75607
145880,2.80548
145881,4.56967
145882,3.68236
145883,3.56777
145884,4.07901
145885,4.42336
145886,4.09982
145887,3.69264
145888,3.87573
145889,4.15376
145890,3.81426
145891,3.47961
145892,4.35614
145893,4.09053
145894,3.1429
145895,3.84252
145896,3.06307
145897,3.57637
145898,4.09339
145899,4.3911
145900,4.69194
145901,3.68184
145902,4.7903
145903,4.2904
145904,3.79843
145905,4.55679
145906,2.54943
145907,4.12804
145908,4.20013
145909,4.2002
145910,5.0
145911,5.0
145912,2.94842
145913,3.95532
145914,4.68792
145915,4.11463
145916,4.99547
145917,3.18477
145918,4.33563
145919,3.78627
145920,4.902
145921,3.19904
145922,4.5732
145923,2.62007
145924,4.18448
145925,3.60172
145926,3.44785
145927,3.92912
145928,2.22232
145929,4.57111
145930,3.94558
145931,4.18798
145932,3.05689
145933,2.80094
145934,3.59463
145935,3.26682
145936,2.70188
145937,3.93542
145938,4.10781
145939,3.31267
145940,3.72911
145941,3.74832
145942,3.53576
145943,3.61106
145944,3.06635
145945,3.27775
145946,3.51102
145947,3.99612
145948,4.19416
145949,3.33451
145950,3.77794
145951,2.80111
145952,2.75823
145953,3.03132
145954,1.91241
145955,3.30114
145956,3.85253
145957,4.18873
145958,3.41666
145959,5.0
145960,3.69715
145961,3.21649
145962,3.14709
145963,3.16581
145964,4.00418
145965,2.68352
145966,3.33218
145967,1.79544
145968,3.32497
145969,3.7894
145970,3.26801
145971,1.75325
145972,3.50206
145973,4.90631
145974,4.71865
145975,4.09509
145976,4.34974
145977,4.04966
145978,3.76091
145979,3.97535
145980,2.79094
145981,4.29047
145982,3.87936
145983,3.50883
145984,3.78291
145985,4.7495
145986,4.38793
145987,4.34916
145988,4.02382
145989,4.41073
145990,4.85951
145991,4.73717
145992,2.54411
145993,3.51039
145994,3.35632
145995,3.5526
145996,2.20736
145997,3.30646
145998,4.10763
145999,3.89457
146000,5.0
146001,4.0329
146002,4.56189
146003,3.28286
146004,3.551
146005,5.0
146006,4.27859
146007,3.21888
146008,2.77874
146009,2.69528
146010,3.49194
146011,1.12789
146012,4.30756
146013,2.93266
146014,3.29242
146015,4.39614
146016,3.56636
146017,1.91197
146018,1.06268
146019,2.38541
146020,1.48769
146021,3.68904
146022,4.37923
146023,4.14027
146024,3.198
146025,3.26558
146026,3.94781
146027,4.14232
146028,4.16583
146029,2.68238
146030,3.81482
146031,3.95674
146032,4.96009
146033,3.13488
146034,3.66415
146035,2.44611
146036,2.1387
146037,3.91959
146038,2.51518
146039,2.62542
146040,1.84601
146041,3.07167
146042,3.39643
146043,2.61747
146044,3.72137
146045,3.05162
146046,2.60567
146047,2.56755
146048,4.08071
146049,2.81937
146050,3.11231
146051,2.40944
146052,1.7957
146053,4.13929
146054,2.84237
146055,2.93329
146056,1.0
146057,4.12161
146058,2.82609
146059,2.42994
146060,3.25772
146061,4.42874
146062,2.79685
146063,3.2899
146064,3.43154
146065,3.72586
146066,2.77647
146067,2.57066
146068,3.92445
146069,4.47576
146070,2.83179
146071,3.58961
146072,3.90509
146073,4.14807
146074,4.76174
146075,4.05737
146076,4.07178
146077,4.31976
146078,4.30162
146079,3.7139
146080,2.46941
146081,4.33671
146082,4.10089
146083,4.23174
146084,4.50725
146085,4.22621
146086,4.73587
146087,4.2989
146088,4.37844
146089,4.64733
146090,4.06754
146091,4.03432
146092,4.11263
146093,3.58471
146094,4.66476
146095,3.76502
146096,4.53955
146097,4.066
146098,3.93352
146099,4.29882
146100,4.24239
146101,4.04111
146102,4.42268
146103,4.6185
146104,4.73055
146105,3.84345
146106,4.17581
146107,4.18973
146108,4.41636
146109,3.37164
146110,4.11979
146111,3.98579
146112,3.83892
146113,4.73397
146114,4.57626
146115,4.45678
146116,3.17504
146117,3.91108
146118,3.50014
146119,3.39222
146120,3.41357
146121,3.23373
146122,4.4867
146123,2.43091
146124,3.09643
146125,2.26477
146126,3.48999
146127,2.40063
146128,4.06283
146129,2.95656
146130,3.14379
146131,4.20996
146132,3.84469
146133,3.74782
146134,3.05802
146135,3.11439
146136,3.39636
146137,3.07021
146138,4.20253
146139,4.39202
146140,3.81893
146141,4.04754
146142,3.70727
146143,4.04654
146144,4.07783
146145,3.40369
146146,3.79379
146147,2.40544
146148,3.81183
146149,3.59106
146150,2.39114
146151,3.03691
146152,4.21996
146153,3.53016
146154,3.70733
146155,1.70921
146156,2.89067
146157,2.37344
146158,2.5328
146159,3.13436
146160,1.0
146161,2.84824
146162,2.03578
146163,3.26745
146164,3.58009
146165,2.75396
146166,3.42144
146167,2.74418
146168,2.32213
146169,1.2755
146170,3.06258
146171,2.8196
146172,4.23193
146173,3.3456
146174,1.73564
146175,2.3566
146176,3.82655
146177,4.50846
146178,2.05757
146179,3.30678
146180,2.83712
146181,1.55913
146182,3.31544
146183,3.59817
146184,2.24823
146185,2.74291
146186,2.27682
146187,4.34811
146188,3.24567
146189,1.60816
146190,4.19736
146191,1.47253
146192,3.92052
146193,2.94215
146194,1.68826
146195,4.05329
146196,3.78339
146197,3.45487
146198,2.34837
146199,3.50719
146200,2.53462
146201,2.87739
146202,4.53857
146203,2.32537
146204,4.05416
146205,4.1125
146206,3.55719
146207,3.27251
146208,2.66336
146209,3.79457
146210,3.20615
146211,3.99443
146212,3.31572
146213,3.33536
146214,3.07124
146215,2.53611
146216,4.41035
146217,5.0
146218,4.38867
146219,4.60084
146220,4.84417
146221,4.73033
146222,4.78039
146223,4.59142
146224,3.54162
146225,4.83983
146226,4.65399
146227,3.61587
146228,4.61056
146229,4.65836
146230,5.0
146231,4.27146
146232,3.26705
146233,2.44684
146234,1.67721
146235,2.85568
146236,2.27351
146237,3.89573
146238,3.34186
146239,4.41822
146240,3.89732
146241,3.97959
146242,4.13562
146243,4.78121
146244,4.2164
146245,4.72837
146246,4.02067
146247,3.39018
146248,4.89703
146249,4.1723
146250,4.4171
146251,2.75044
146252,4.9853
146253,4.01119
146254,2.72569
146255,2.91903
146256,3.16935
146257,4.24325
146258,3.81221
146259,3.28566
146260,4.62056
146261,3.16087
146262,1.99942
146263,3.19657
146264,3.27524
146265,2.88944
146266,2.12501
146267,3.49236
146268,2.08298
146269,4.39242
146270,3.30786
146271,1.0
146272,3.94505
146273,1.86631
146274,2.83329
146275,3.82267
146276,2.66457
146277,3.82059
146278,2.07943
146279,3.10745
146280,3.29052
146281,2.55112
146282,4.44712
146283,3.07201
146284,3.54828
146285,5.0
146286,4.94557
146287,3.89128
146288,2.70822
146289,3.47485
146290,3.23573
146291,1.77499
146292,4.32338
146293,1.57061
146294,4.20492
146295,2.55597
146296,2.83812
146297,3.21148
146298,3.8791
146299,3.02634
146300,4.13853
146301,4.60349
146302,2.56359
146303,4.35612
146304,2.76715
146305,4.58586
146306,3.88645
146307,2.21016
146308,2.39808
146309,5.0
146310,2.66728
146311,3.61264
146312,3.27318
146313,3.11276
146314,2.74589
146315,3.60816
146316,3.62696
146317,3.48673
146318,4.0604
146319,3.09098
146320,2.7941
146321,3.40855
146322,2.84226
146323,4.13119
146324,2.6792
146325,3.36365
146326,2.63668
146327,3.94665
146328,4.03223
146329,2.98691
146330,2.78081
146331,2.82302
146332,3.43438
146333,3.29468
146334,2.57741
146335,3.06787
146336,3.12851
146337,2.86094
146338,3.58378
146339,3.59658
146340,3.21206
146341,3.115
146342,3.10648
146343,3.95114
146344,2.56737
146345,3.44111
146346,2.34766
146347,3.29222
146348,2.48354
146349,2.82987
146350,2.47839
146351,3.18966
146352,2.79605
146353,2.86636
146354,2.83148
146355,3.32735
146356,3.30469
146357,3.52508
146358,3.30176
146359,2.96772
146360,3.0179
146361,2.78284
146362,3.61451
146363,2.31629
146364,4.4272
146365,2.67703
146366,2.82523
146367,3.39884
146368,3.41987
146369,3.70659
146370,4.5534
146371,3.66906
146372,3.12009
146373,2.70068
146374,3.0948
146375,3.68111
146376,2.87527
146377,3.12705
146378,2.44896
146379,3.15106
146380,2.42669
146381,4.3032
146382,3.36039
146383,3.45867
146384,2.58533
146385,2.56118
146386,3.26547
146387,3.65748
146388,3.91364
146389,3.53216
146390,2.47372
146391,3.21595
146392,2.87616
146393,2.71124
146394,4.36429
146395,4.2318
146396,3.26189
146397,3.90143
146398,3.47622
146399,4.19033
146400,4.98409
146401,3.27808
146402,2.97601
146403,5.0
146404,3.68322
146405,4.47891
146406,4.83217
146407,3.59524
146408,3.7482
146409,4.36918
146410,4.30408
146411,4.2584
146412,3.72019
146413,3.05957
146414,3.93457
146415,4.89066
146416,3.67326
146417,4.20678
146418,3.77327
146419,4.88138
146420,4.47291
146421,4.46793
146422,3.23205
146423,4.60626
146424,4.64934
146425,4.14741
146426,4.61361
146427,3.07128
146428,4.47701
146429,3.99116
146430,3.6976
146431,3.0677
146432,4.67727
146433,2.94172
146434,3.25709
146435,3.50426
146436,4.00141
146437,4.80155
146438,3.68971
146439,3.33862
146440,4.63422
146441,4.47729
146442,3.78694
146443,3.79634
146444,3.76819
146445,3.06652
146446,4.39818
146447,4.39165
146448,4.06394
146449,3.0827
146450,3.3906
146451,3.88858
146452,4.07362
146453,3.74122
146454,3.79278
146455,3.79686
146456,3.32163
146457,3.57779
146458,4.44909
146459,3.84597
146460,4.24161
146461,4.31477
146462,4.85537
146463,2.76709
146464,4.65885
146465,4.40628
146466,4.11778
146467,2.85888
146468,4.50144
146469,2.50622
146470,3.11269
146471,3.50837
146472,3.33237
146473,2.8691
146474,1.57158
146475,4.12562
146476,3.44068
146477,4.48431
146478,3.84116
146479,3.52228
146480,3.73986
146481,3.11477
146482,3.33691
146483,4.03961
146484,1.55544
146485,4.30096
146486,3.90207
146487,4.19931
146488,4.3803
146489,3.83069
146490,3.02527
146491,4.35512
146492,4.40627
146493,3.46444
146494,3.65597
146495,2.02509
146496,3.31846
146497,3.79532
146498,3.6244
146499,3.7258
146500,4.01891
146501,3.33693
146502,4.0703
146503,3.84327
146504,1.85532
146505,3.31074
146506,2.94376
146507,4.3714
146508,2.71471
146509,3.8901
146510,2.32501
146511,1.53289
146512,4.21386
146513,4.27409
146514,2.79817
146515,1.96596
146516,3.25676
146517,4.02868
146518,2.75396
146519,3.63528
146520,1.44983
146521,4.82358
146522,3.66791
146523,2.58668
146524,2.97533
146525,2.80529
146526,5.0
146527,4.14671
146528,3.72279
146529,3.73613
146530,5.0
146531,3.01078
146532,3.15896
146533,4.26633
146534,4.21232
146535,2.637
146536,4.13155
146537,3.971
146538,4.58102
146539,4.17484
146540,2.52902
146541,3.71713
146542,4.3727
146543,4.83527
146544,4.43677
146545,3.16009
146546,4.41458
146547,4.69264
146548,5.0
146549,4.04602
146550,5.0
146551,4.34025
146552,3.22637
146553,3.30658
146554,2.59415
146555,3.08662
146556,3.12148
146557,2.72298
146558,2.11924
146559,2.43464
146560,2.58552
146561,2.86169
146562,3.63046
146563,2.45514
146564,3.27876
146565,3.70231
146566,3.2437
146567,3.87149
146568,3.63614
146569,4.69648
146570,4.44714
146571,4.18121
146572,3.72762
146573,3.94568
146574,4.09333
146575,3.68592
146576,4.4161
146577,3.82791
146578,3.68286
146579,4.2753
146580,2.39764
146581,3.52282
146582,2.74024
146583,2.34406
146584,2.50307
146585,2.91382
146586,2.6332
146587,3.1282
146588,4.37324
146589,4.10182
146590,3.70983
146591,3.55466
146592,4.12734
146593,4.18111
146594,3.82235
146595,4.2805
146596,1.86768
146597,3.04574
146598,3.76852
146599,3.83214
146600,3.4326
146601,3.60546
146602,4.22246
146603,4.46081
146604,3.02867
146605,4.0778
146606,3.00454
146607,4.3793
146608,4.10343
146609,4.06867
146610,4.40901
146611,2.91117
146612,3.82443
146613,4.41293
146614,3.68018
146615,4.08075
146616,3.83318
146617,3.93092
146618,2.83576
146619,4.1244
146620,4.14377
146621,4.08742
146622,2.54632
146623,3.71249
146624,4.25407
146625,3.19813
146626,3.05143
146627,4.43947
146628,4.03252
146629,3.72721
146630,3.75261
146631,3.76831
146632,4.25119
146633,2.97907
146634,4.78967
146635,4.44201
146636,3.76617
146637,3.7078
146638,4.02301
146639,4.22124
146640,3.36917
146641,3.22939
146642,4.23149
146643,3.69694
146644,2.56571
146645,3.50137
146646,3.13902
146647,4.55283
146648,3.57637
146649,3.784
146650,3.39909
146651,2.60978
146652,4.10825
146653,3.52133
146654,3.41867
146655,3.11475
146656,4.83698
146657,2.70428
146658,3.40602
146659,3.1986
146660,4.20305
146661,3.52972
146662,4.40396
146663,4.53825
146664,3.72684
146665,3.74489
146666,3.97589
146667,2.69428
146668,2.44878
146669,3.5795
146670,2.80824
146671,3.65765
146672,2.38554
146673,3.39637
146674,3.39355
146675,3.40171
146676,4.19788
146677,2.77506
146678,3.85908
146679,4.94876
146680,3.39207
146681,4.20334
146682,1.73219
146683,4.3642
146684,4.14118
146685,4.17298
146686,3.71445
146687,1.92049
146688,2.72719
146689,3.34067
146690,3.85397
146691,3.84632
146692,2.67901
146693,4.32791
146694,3.91197
146695,3.93753
146696,3.48972
146697,3.97597
146698,3.32672
146699,3.15695
146700,3.76955
146701,4.13071
146702,3.63303
146703,4.12887
146704,4.27733
146705,3.21654
146706,2.89525
146707,3.22908
146708,4.55679
146709,4.0782
146710,2.35515
146711,3.98999
146712,4.1335
146713,4.39368
146714,3.51601
146715,5.0
146716,2.18568
146717,2.76201
146718,3.96612
146719,3.43504
146720,3.42689
146721,4.038
146722,2.66392
146723,3.59869
146724,2.73485
146725,3.31345
146726,4.27642
146727,4.30291
146728,3.86963
146729,3.67313
146730,3.47778
146731,2.244
146732,3.42952
146733,2.92499
146734,4.36113
146735,4.11012
146736,3.18138
146737,4.74241
146738,3.81737
146739,3.39267
146740,3.15311
146741,4.04906
146742,3.82004
146743,3.68821
146744,2.64886
146745,3.73884
146746,4.19444
146747,4.12442
146748,3.09956
146749,3.08772
146750,3.90147
146751,3.8561
146752,3.21826
146753,4.12286
146754,4.08716
146755,4.63511
146756,3.24303
146757,2.91524
146758,3.42161
146759,4.11837
146760,3.2962
146761,3.41384
146762,3.75228
146763,3.07192
146764,2.6898
146765,3.66952
146766,3.24227
146767,2.49473
146768,4.20829
146769,3.97715
146770,4.1825
146771,4.18935
146772,3.02401
146773,2.99433
146774,3.02707
146775,3.96583
146776,3.09552
146777,3.94155
146778,1.99656
146779,4.08708
146780,2.74552
146781,3.86635
146782,3.41537
146783,3.55647
146784,2.9614
146785,3.03763
146786,3.38611
146787,3.54536
146788,3.47217
146789,3.14853
146790,2.93977
146791,2.79949
146792,1.40365
146793,2.06921
146794,3.13874
146795,1.7209
146796,1.19932
146797,1.13787
146798,1.53724
146799,3.42558
146800,3.49178
146801,2.91934
146802,3.70473
146803,1.20807
146804,4.02892
146805,3.7756
146806,2.65635
146807,3.53698
146808,3.91523
146809,5.0
146810,4.50329
146811,3.16914
146812,4.22306
146813,4.75717
146814,3.67513
146815,4.97152
146816,3.67021
146817,2.54776
146818,3.99394
146819,3.92229
146820,4.44864
146821,4.6071
146822,4.11707
146823,5.0
146824,3.67092
146825,3.72315
146826,3.8112
146827,3.62463
146828,4.78214
146829,3.18761
146830,2.99272
146831,3.47564
146832,3.27476
146833,4.35163
146834,2.32778
146835,4.05703
146836,3.8607
146837,3.35054
146838,3.93342
146839,2.75777
146840,3.24073
146841,3.6663
146842,2.23433
146843,2.72911
146844,3.3532
146845,2.87618
146846,3.46456
146847,3.55082
146848,3.70636
146849,3.86454
146850,4.09571
146851,3.09089
146852,2.73749
146853,3.35203
146854,3.44166
146855,4.03844
146856,3.35551
146857,3.32254
146858,3.74874
146859,3.05553
146860,4.46138
146861,4.0545
146862,3.39054
146863,3.7816
146864,3.49926
146865,4.29424
146866,4.11871
146867,3.18702
146868,3.84206
146869,3.54214
146870,4.24771
146871,3.048
146872,4.17897
146873,3.15972
146874,2.62601
146875,4.26848
146876,4.35048
146877,3.91229
146878,4.04469
146879,4.20861
146880,2.27584
146881,2.98546
146882,3.33217
146883,3.22964
146884,3.96889
146885,3.47487
146886,2.39815
146887,1.74064
146888,3.05039
146889,3.9217
146890,3.11585
146891,3.65398
146892,3.89018
146893,3.87016
146894,3.23773
146895,3.79854
146896,2.26386
146897,3.78595
146898,3.26941
146899,3.30932
146900,3.59782
146901,2.52628
146902,3.47766
146903,3.83042
146904,3.41219
146905,2.88926
146906,3.37381
146907,4.13525
146908,2.38535
146909,3.93112
146910,3.02698
146911,2.49955
146912,3.19748
146913,2.51133
146914,4.02533
146915,4.19019
146916,3.68239
146917,3.5238
146918,3.51387
146919,2.23258
146920,2.65753
146921,3.20174
146922,2.94558
146923,3.67946
146924,4.1135
146925,3.8841
146926,4.2954
146927,3.56826
146928,4.07846
146929,4.04178
146930,4.60204
146931,3.99013
146932,4.2898
146933,3.66802
146934,3.82892
146935,4.64291
146936,3.94034
146937,4.35448
146938,3.80277
146939,3.96899
146940,3.52703
146941,4.11175
146942,3.88298
146943,3.90581
146944,3.423
146945,4.31844
146946,4.07129
146947,3.18653
146948,3.87562
146949,4.02604
146950,4.11329
146951,4.02434
146952,3.27415
146953,2.9448
146954,4.52399
146955,3.6493
146956,3.40101
146957,5.0
146958,4.20742
146959,3.07298
146960,3.49039
146961,3.1507
146962,3.70916
146963,3.80678
146964,3.05861
146965,3.6545
146966,2.63329
146967,3.84269
146968,3.3118
146969,3.50447
146970,3.03315
146971,3.6114
146972,4.0431
146973,4.6398
146974,3.01746
146975,4.28296
146976,2.56837
146977,3.55209
146978,4.60939
146979,3.53598
146980,4.46846
146981,3.40036
146982,3.47209
146983,3.67939
146984,4.75809
146985,1.30704
146986,3.92505
146987,3.51978
146988,4.68752
146989,1.05616
146990,2.83019
146991,3.20274
146992,4.2765
146993,3.05513
146994,4.63862
146995,2.8661
146996,2.5751
146997,4.88643
146998,4.15267
146999,4.56397
147000,5.0
147001,4.25898
147002,3.8647
147003,3.33326
147004,3.14492
147005,1.99611
147006,3.10279
147007,4.20811
147008,3.3018
147009,2.61683
147010,3.03574
147011,4.01465
147012,4.26932
147013,5.0
147014,3.17125
147015,4.77747
147016,4.17687
147017,3.47822
147018,4.50345
147019,4.68633
147020,2.96836
147021,4.12085
147022,5.0
147023,4.16689
147024,2.18609
147025,3.82818
147026,3.53068
147027,3.11478
147028,3.57238
147029,3.87236
147030,2.03777
147031,2.87553
147032,2.14967
147033,4.40993
147034,3.85316
147035,4.57033
147036,3.9325
147037,4.06878
147038,3.89855
147039,4.32089
147040,4.87072
147041,3.14503
147042,4.06656
147043,4.44387
147044,4.63057
147045,3.09163
147046,4.41436
147047,3.04801
147048,3.69051
147049,3.44831
147050,4.66519
147051,3.94503
147052,4.05359
147053,3.72142
147054,3.06087
147055,4.42293
147056,3.80066
147057,3.54138
147058,3.89391
147059,3.40481
147060,3.85391
147061,2.935
147062,3.93332
147063,3.12011
147064,3.72489
147065,4.10505
147066,3.05719
147067,3.52896
147068,3.97568
147069,2.91591
147070,3.72052
147071,3.68607
147072,3.65568
147073,3.41856
147074,4.27899
147075,2.40846
147076,4.13047
147077,4.81308
147078,2.10936
147079,4.32989
147080,2.16569
147081,1.66778
147082,4.07077
147083,3.3757
147084,4.11123
147085,5.0
147086,3.4322
147087,2.38563
147088,4.32797
147089,4.47424
147090,4.10008
147091,4.15016
147092,2.80956
147093,3.2539
147094,4.55718
147095,2.23854
147096,2.10077
147097,3.1094
147098,4.73521
147099,4.33865
147100,5.0
147101,4.9797
147102,4.21395
147103,4.07798
147104,3.905
147105,3.5781
147106,4.0761
147107,4.2429
147108,3.58676
147109,4.08406
147110,4.02516
147111,3.85959
147112,3.57196
147113,3.84823
147114,3.79632
147115,3.5689
147116,3.00912
147117,3.78773
147118,3.52115
147119,4.33773
147120,3.03475
147121,4.20732
147122,4.22156
147123,4.04353
147124,3.65873
147125,4.10663
147126,4.54434
147127,4.09233
147128,3.79553
147129,3.68336
147130,3.7154
147131,4.17067
147132,3.84956
147133,3.86622
147134,4.634
147135,3.92425
147136,4.24605
147137,4.65877
147138,4.09178
147139,4.45062
147140,3.95745
147141,4.47134
147142,3.77738
147143,4.1575
147144,2.7893
147145,2.93243
147146,4.38404
147147,3.05802
147148,3.84801
147149,3.73613
147150,5.0
147151,3.12378
147152,3.58761
147153,1.92846
147154,4.60328
147155,4.83723
147156,2.55393
147157,4.11394
147158,4.29637
147159,4.03409
147160,4.96359
147161,4.12567
147162,4.46565
147163,4.66406
147164,4.46903
147165,3.84279
147166,4.2944
147167,4.81342
147168,4.12648
147169,4.59421
147170,3.45159
147171,4.50178
147172,4.82768
147173,3.3997
147174,4.61487
147175,4.84062
147176,3.56204
147177,4.20108
147178,3.73254
147179,4.12396
147180,4.19155
147181,3.06891
147182,4.82631
147183,4.39058
147184,4.46196
147185,3.69105
147186,4.57814
147187,4.60786
147188,4.23092
147189,4.28388
147190,5.0
147191,3.6743
147192,3.91014
147193,4.35925
147194,4.13352
147195,4.24967
147196,3.25439
147197,4.44504
147198,4.0757
147199,3.35671
147200,3.29592
147201,4.43283
147202,3.97074
147203,3.42581
147204,3.78563
147205,5.0
147206,3.37705
147207,4.34853
147208,2.50038
147209,3.59258
147210,3.88119
147211,3.24165
147212,4.7697
147213,4.51455
147214,4.61702
147215,4.40585
147216,4.28395
147217,3.61593
147218,2.4516
147219,4.54741
147220,4.35338
147221,3.69092
147222,3.63337
147223,2.83977
147224,3.6781
147225,3.93504
147226,2.8742
147227,2.97703
147228,3.31107
147229,3.79989
147230,2.99564
147231,4.51596
147232,4.78846
147233,3.07515
147234,3.61941
147235,3.72186
147236,3.01973
147237,2.48818
147238,3.09406
147239,3.51406
147240,3.28811
147241,3.81389
147242,2.91785
147243,3.09674
147244,3.45244
147245,3.67612
147246,2.71657
147247,3.75091
147248,3.15241
147249,3.26689
147250,3.38625
147251,3.14494
147252,3.30267
147253,3.2901
147254,2.82695
147255,3.18148
147256,3.63078
147257,3.34912
147258,2.98064
147259,3.87324
147260,3.17454
147261,2.94273
147262,3.08898
147263,3.12782
147264,3.85876
147265,3.69495
147266,2.63558
147267,3.41783
147268,3.72357
147269,3.49071
147270,3.18547
147271,3.24446
147272,3.58
147273,2.98859
147274,3.72208
147275,3.40841
147276,2.64323
147277,2.67089
147278,3.9905
147279,3.40586
147280,3.49759
147281,2.68036
147282,3.43593
147283,3.1715
147284,2.68673
147285,3.1634
147286,4.06259
147287,3.31725
147288,3.97239
147289,3.47504
147290,3.4932
147291,3.59196
147292,2.96579
147293,2.32573
147294,3.53653
147295,3.32597
147296,3.93469
147297,3.62369
147298,4.10031
147299,3.34374
147300,4.05922
147301,3.2244
147302,3.06566
147303,3.75589
147304,3.16378
147305,3.65641
147306,3.62067
147307,3.58863
147308,3.16827
147309,3.64683
147310,3.561
147311,3.14512
147312,2.94345
147313,3.25148
147314,2.54595
147315,2.76877
147316,3.2518
147317,2.81079
147318,3.43585
147319,2.7436
147320,2.76731
147321,4.04107
147322,3.23152
147323,4.09436
147324,3.95647
147325,4.58897
147326,5.0
147327,4.82463
147328,5.0
147329,4.25797
147330,5.0
147331,3.86664
147332,4.53818
147333,4.61764
147334,3.22377
147335,2.25608
147336,2.81751
147337,3.18879
147338,4.71581
147339,5.0
147340,4.55284
147341,4.80977
147342,3.00444
147343,3.67306
147344,4.97484
147345,4.36837
147346,3.77356
147347,3.75126
147348,4.3095
147349,2.93798
147350,3.48741
147351,3.59841
147352,4.06075
147353,4.21039
147354,2.40889
147355,4.15535
147356,3.20527
147357,2.12022
147358,5.0
147359,4.31123
147360,4.27467
147361,2.75033
147362,3.81813
147363,4.247
147364,4.4781
147365,4.0312
147366,4.6815
147367,3.81149
147368,4.21021
147369,3.30459
147370,3.85077
147371,4.46879
147372,4.57469
147373,4.05811
147374,4.10883
147375,3.977
147376,4.34084
147377,4.05131
147378,4.05408
147379,4.38988
147380,4.29636
147381,4.22242
147382,4.33473
147383,3.11947
147384,3.68365
147385,3.52161
147386,5.0
147387,4.0915
147388,2.63093
147389,4.82119
147390,3.31288
147391,3.26184
147392,2.99371
147393,4.39442
147394,3.70268
147395,2.95638
147396,4.0102
147397,4.08714
147398,5.0
147399,2.88595
147400,4.63418
147401,3.59393
147402,2.82867
147403,4.36325
147404,4.26538
147405,4.13234
147406,5.0
147407,3.36388
147408,3.30821
147409,3.37756
147410,3.13854
147411,3.18195
147412,4.7922
147413,4.0652
147414,4.24749
147415,3.33154
147416,4.86037
147417,2.06489
147418,2.29648
147419,3.26045
147420,3.51832
147421,3.98181
147422,3.49643
147423,3.51196
147424,3.41354
147425,4.81067
147426,3.91132
147427,4.86891
147428,3.7631
147429,2.71119
147430,3.91337
147431,3.07304
147432,3.39792
147433,4.04449
147434,3.19938
147435,3.75737
147436,3.91554
147437,3.23442
147438,3.68217
147439,4.43901
147440,4.33171
147441,3.59434
147442,5.0
147443,4.29692
147444,4.61053
147445,5.0
147446,4.27545
147447,4.58082
147448,3.61266
147449,3.74564
147450,3.2632
147451,3.33278
147452,3.02631
147453,2.98218
147454,3.48724
147455,4.37746
147456,3.32607
147457,3.53142
147458,4.35915
147459,2.69766
147460,3.61949
147461,3.17415
147462,2.33532
147463,3.23278
147464,5.0
147465,2.56014
147466,3.56155
147467,3.51914
147468,2.08286
147469,3.95245
147470,2.71223
147471,3.83716
147472,1.60379
147473,1.50362
147474,1.48946
147475,2.58764
147476,4.15217
147477,4.65235
147478,3.40177
147479,3.41382
147480,4.25035
147481,4.50114
147482,4.4309
147483,3.29056
147484,4.07426
147485,3.66084
147486,4.6133
147487,4.39718
147488,3.06615
147489,3.4568
147490,3.53389
147491,4.1878
147492,3.05119
147493,4.02628
147494,4.30502
147495,3.88698
147496,4.29521
147497,4.77991
147498,3.43949
147499,4.47327
147500,4.56806
147501,3.74164
147502,4.33784
147503,4.21947
147504,3.60149
147505,3.96103
147506,4.82526
147507,3.96168
147508,4.4679
147509,4.1794
147510,5.0
147511,4.53207
147512,5.0
147513,3.43663
147514,5.0
147515,5.0
147516,4.31505
147517,4.35909
147518,4.08191
147519,4.28419
147520,2.44428
147521,2.72798
147522,3.81234
147523,3.42269
147524,4.81998
147525,3.77271
147526,3.65232
147527,4.18489
147528,3.9862
147529,2.82711
147530,4.53385
147531,4.20922
147532,3.55268
147533,3.18881
147534,3.93126
147535,3.45973
147536,4.79092
147537,1.68001
147538,4.43863
147539,3.69723
147540,4.40587
147541,4.31677
147542,4.12892
147543,3.76299
147544,4.42879
147545,3.40048
147546,5.0
147547,4.29301
147548,4.0695
147549,4.22545
147550,3.59567
147551,4.25572
147552,3.61773
147553,4.27473
147554,3.35432
147555,4.19234
147556,1.60795
147557,4.79077
147558,4.43715
147559,3.83216
147560,3.27902
147561,3.89847
147562,3.51058
147563,2.75202
147564,3.82035
147565,3.28502
147566,4.35305
147567,3.85639
147568,3.77091
147569,4.56461
147570,3.6438
147571,4.17987
147572,4.19875
147573,3.81763
147574,3.86248
147575,2.67287
147576,2.20291
147577,4.29444
147578,3.96586
147579,3.40991
147580,4.26379
147581,3.76232
147582,4.26505
147583,4.31206
147584,3.19562
147585,4.2155
147586,4.00056
147587,4.03693
147588,2.97422
147589,3.48599
147590,4.51261
147591,2.96592
147592,3.97579
147593,4.46396
147594,3.65822
147595,3.62289
147596,3.63172
147597,3.15047
147598,4.47429
147599,4.31787
147600,4.09242
147601,4.11967
147602,4.799
147603,5.0
147604,4.08731
147605,3.30986
147606,3.29006
147607,1.93846
147608,4.51758
147609,5.0
147610,2.64668
147611,3.96909
147612,2.43913
147613,3.4345
147614,2.42566
147615,4.00651
147616,4.0866
147617,3.37349
147618,4.02785
147619,3.74607
147620,4.06128
147621,3.57321
147622,4.34627
147623,4.29431
147624,5.0
147625,3.98904
147626,4.98417
147627,3.74841
147628,4.4255
147629,4.86712
147630,5.0
147631,4.76993
147632,3.61807
147633,3.94815
147634,4.14512
147635,4.61449
147636,3.07047
147637,3.53158
147638,3.17231
147639,3.81867
147640,4.05374
147641,3.73624
147642,3.71431
147643,3.24761
147644,2.62683
147645,2.92597
147646,3.13731
147647,3.12056
147648,2.90937
147649,3.12558
147650,3.15068
147651,3.00431
147652,2.42763
147653,3.4302
147654,3.45051
147655,2.38799
147656,4.07083
147657,3.28789
147658,3.46838
147659,3.9542
147660,3.25809
147661,3.48985
147662,3.49367
147663,3.05594
147664,3.58673
147665,3.81191
147666,3.05259
147667,2.73571
147668,4.5334
147669,3.13127
147670,3.02131
147671,3.71646
147672,4.12837
147673,4.35541
147674,3.26709
147675,3.42612
147676,3.33566
147677,3.61171
147678,3.25778
147679,4.27961
147680,3.81256
147681,3.37665
147682,4.35447
147683,3.40263
147684,4.57813
147685,3.86441
147686,3.45789
147687,2.79399
147688,4.09124
147689,3.26144
147690,3.72621
147691,3.47058
147692,2.61464
147693,3.94432
147694,2.17376
147695,3.6418
147696,4.70151
147697,4.23786
147698,2.77428
147699,3.004
147700,3.34113
147701,3.48678
147702,3.65787
147703,3.20218
147704,3.69012
147705,3.6428
147706,2.68258
147707,3.61476
147708,2.69463
147709,4.28654
147710,4.44726
147711,3.39053
147712,3.5113
147713,3.78479
147714,2.69146
147715,4.49557
147716,4.86038
147717,4.91467
147718,4.60559
147719,4.66493
147720,2.91351
147721,4.2244
147722,4.56659
147723,4.36145
147724,2.84784
147725,2.54768
147726,4.86354
147727,4.07351
147728,3.88075
147729,3.82678
147730,3.90834
147731,2.72055
147732,5.0
147733,2.71436
147734,2.77494
147735,3.81672
147736,4.81914
147737,4.54287
147738,3.5064
147739,4.60075
147740,3.9453
147741,4.89018
147742,4.37669
147743,3.50866
147744,3.5864
147745,3.85591
147746,3.97913
147747,4.12686
147748,4.47283
147749,2.48644
147750,3.81183
147751,3.59486
147752,4.45084
147753,4.74941
147754,3.57577
147755,3.40811
147756,4.72142
147757,4.8359
147758,2.57093
147759,3.56436
147760,3.84556
147761,3.79473
147762,4.39053
147763,2.9778
147764,3.9937
147765,2.50147
147766,2.84493
147767,3.80069
147768,5.0
147769,4.35547
147770,3.70678
147771,3.53631
147772,3.18414
147773,4.87558
147774,3.726
147775,3.41982
147776,2.33696
147777,3.51068
147778,4.56451
147779,4.20734
147780,3.91672
147781,1.43931
147782,4.18986
147783,4.20582
147784,3.87755
147785,4.4175
147786,3.78757
147787,2.46308
147788,4.0238
147789,4.6925
147790,4.40632
147791,4.12049
147792,4.52899
147793,3.90176
147794,2.59929
147795,3.69478
147796,4.78548
147797,4.65912
147798,3.47564
147799,3.72088
147800,2.93
147801,3.65736
147802,3.40099
147803,3.6659
147804,3.39912
147805,4.02153
147806,3.49434
147807,3.09728
147808,3.42256
147809,3.65568
147810,2.21609
147811,3.80845
147812,3.05665
147813,3.16987
147814,3.40409
147815,3.40259
147816,3.33409
147817,3.58407
147818,3.16097
147819,2.05266
147820,3.68931
147821,3.69658
147822,3.354
147823,3.49474
147824,4.26741
147825,2.91916
147826,3.42189
147827,3.32802
147828,3.25949
147829,3.92074
147830,2.97707
147831,3.30121
147832,3.24319
147833,3.33513
147834,3.74227
147835,3.70919
147836,3.88295
147837,3.33074
147838,2.93561
147839,3.12643
147840,2.76975
147841,3.27157
147842,3.6184
147843,3.27252
147844,2.12098
147845,4.08444
147846,3.76403
147847,3.0069
147848,3.1052
147849,3.59921
147850,4.15114
147851,2.79895
147852,2.65231
147853,3.67971
147854,3.87184
147855,4.18167
147856,3.5663
147857,2.80964
147858,2.20376
147859,3.28039
147860,3.70288
147861,2.70251
147862,2.19344
147863,5.0
147864,2.90956
147865,2.90855
147866,3.87012
147867,3.96859
147868,2.46879
147869,5.0
147870,4.28997
147871,3.46037
147872,1.74199
147873,4.76766
147874,5.0
147875,5.0
147876,3.08788
147877,4.20129
147878,4.43491
147879,4.99287
147880,4.09997
147881,2.4194
147882,2.47826
147883,3.39822
147884,3.34428
147885,3.96559
147886,4.55527
147887,4.15067
147888,2.50675
147889,1.96809
147890,4.63966
147891,3.65792
147892,4.7678
147893,3.73908
147894,3.46305
147895,4.15428
147896,3.73648
147897,3.62945
147898,4.4388
147899,3.79687
147900,3.90095
147901,3.25814
147902,3.52676
147903,3.70142
147904,3.57172
147905,4.14312
147906,3.80115
147907,3.95626
147908,3.64705
147909,4.32497
147910,4.02648
147911,3.83976
147912,4.51244
147913,4.12409
147914,4.3619
147915,4.34752
147916,4.10672
147917,4.06438
147918,4.74165
147919,3.32606
147920,3.38802
147921,3.26362
147922,4.47755
147923,4.02231
147924,3.87557
147925,3.85574
147926,3.55325
147927,3.55504
147928,2.81794
147929,3.64369
147930,3.62401
147931,2.36063
147932,5.0
147933,4.62077
147934,3.34608
147935,3.96379
147936,4.13024
147937,3.28073
147938,3.87163
147939,3.87462
147940,3.0357
147941,4.35855
147942,3.273
147943,4.31611
147944,2.76409
147945,3.66179
147946,4.08306
147947,2.66379
147948,3.94215
147949,4.09271
147950,4.72581
147951,2.80384
147952,3.049
147953,3.42452
147954,2.7697
147955,3.80581
147956,3.13807
147957,4.66182
147958,3.63072
147959,3.54599
147960,4.03245
147961,3.52013
147962,3.27769
147963,4.61654
147964,2.19892
147965,3.61434
147966,4.47014
147967,5.0
147968,4.63122
147969,4.46847
147970,2.93843
147971,4.5527
147972,5.0
147973,4.0575
147974,5.0
147975,4.89492
147976,4.80821
147977,4.60311
147978,4.85243
147979,5.0
147980,4.31797
147981,3.9066
147982,4.3076
147983,4.91519
147984,4.85531
147985,4.63886
147986,4.40027
147987,4.94599
147988,4.53913
147989,3.69103
147990,4.57028
147991,3.91127
147992,4.41767
147993,3.09738
147994,4.41117
147995,4.06332
147996,3.49401
147997,4.63837
147998,4.37533
147999,3.75771
148000,3.81597
148001,4.03056
148002,4.12425
148003,4.16391
148004,4.53721
148005,4.69337
148006,4.19112
148007,3.13976
148008,3.76995
148009,3.91494
148010,4.75579
148011,3.51592
148012,4.48803
148013,3.8059
148014,2.76682
148015,3.69646
148016,2.68095
148017,2.26834
148018,2.90489
148019,3.25429
148020,2.63736
148021,2.67716
148022,2.47701
148023,2.27846
148024,2.44384
148025,1.53266
148026,2.48412
148027,2.8376
148028,3.88788
148029,3.1317
148030,2.31914
148031,3.70024
148032,3.11491
148033,2.19824
148034,3.21221
148035,3.18414
148036,4.07972
148037,3.28673
148038,2.46922
148039,2.60991
148040,3.36808
148041,2.3186
148042,2.80944
148043,2.11966
148044,2.81263
148045,2.53927
148046,3.35149
148047,1.9933
148048,2.22832
148049,3.25533
148050,3.42009
148051,3.24393
148052,3.13682
148053,2.97083
148054,2.62278
148055,3.24312
148056,3.41595
148057,3.2503
148058,2.83971
148059,3.26361
148060,3.47608
148061,3.61545
148062,4.1424
148063,3.3332
148064,2.87893
148065,3.76808
148066,4.17214
148067,3.79348
148068,3.37334
148069,3.21557
148070,4.00204
148071,3.09126
148072,4.09475
148073,4.18214
148074,3.80012
148075,4.95051
148076,3.49887
148077,4.16087
148078,3.13915
148079,2.98274
148080,3.73346
148081,3.64736
148082,3.01808
148083,1.49195
148084,3.20044
148085,2.83576
148086,1.87124
148087,3.25553
148088,2.94649
148089,2.91705
148090,3.26515
148091,4.38902
148092,4.32263
148093,4.12034
148094,3.908
148095,4.36427
148096,4.48286
148097,2.92691
148098,4.34331
148099,4.83601
148100,4.66133
148101,3.94134
148102,4.35153
148103,4.48584
148104,4.60949
148105,4.25349
148106,5.0
148107,4.4011
148108,4.05055
148109,4.13235
148110,3.96117
148111,4.96266
148112,3.58152
148113,4.45628
148114,3.26605
148115,2.33595
148116,3.10945
148117,2.2017
148118,2.82412
148119,3.1241
148120,3.58946
148121,3.20241
148122,3.328
148123,4.73988
148124,4.02696
148125,3.74316
148126,3.75821
148127,3.0237
148128,3.39704
148129,3.96698
148130,2.6386
148131,3.1797
148132,1.0
148133,4.42708
148134,3.23941
148135,3.91951
148136,1.97985
148137,4.40569
148138,2.04166
148139,2.61543
148140,3.46493
148141,3.9356
148142,2.77318
148143,4.18278
148144,3.37522
148145,3.37666
148146,4.40814
148147,2.58381
148148,4.23436
148149,3.6163
148150,4.40576
148151,4.39092
148152,3.97136
148153,5.0
148154,4.19735
148155,2.65435
148156,3.59528
148157,3.22689
148158,3.69017
148159,4.71591
148160,3.04115
148161,3.09782
148162,4.12738
148163,4.38067
148164,4.26916
148165,2.99099
148166,4.1611
148167,1.99555
148168,4.46605
148169,4.13631
148170,5.0
148171,4.87302
148172,3.92495
148173,3.49097
148174,2.43692
148175,2.98348
148176,3.3837
148177,3.07551
148178,3.69929
148179,2.59816
148180,3.31103
148181,2.63899
148182,2.57055
148183,2.8696
148184,3.34094
148185,2.62733
148186,3.40324
148187,2.33012
148188,2.18388
148189,2.01604
148190,2.95184
148191,2.68352
148192,2.6546
148193,2.20337
148194,3.17353
148195,2.55837
148196,2.93322
148197,3.51701
148198,3.44811
148199,2.17907
148200,2.8541
148201,3.00273
148202,2.64368
148203,3.36395
148204,2.47582
148205,3.24577
148206,3.46682
148207,2.44988
148208,2.55914
148209,3.461
148210,2.94102
148211,2.18411
148212,3.25191
148213,2.68287
148214,1.82793
148215,3.28386
148216,3.01695
148217,2.43007
148218,3.33216
148219,2.24242
148220,3.38685
148221,3.00026
148222,2.33864
148223,2.77061
148224,3.14411
148225,1.79727
148226,3.74926
148227,2.89548
148228,3.37044
148229,2.57161
148230,2.70286
148231,3.78652
148232,3.46487
148233,3.06239
148234,1.35402
148235,2.56924
148236,4.19453
148237,4.14275
148238,3.37646
148239,1.50837
148240,4.14572
148241,5.0
148242,4.17974
148243,3.81261
148244,5.0
148245,3.65523
148246,4.04724
148247,3.20269
148248,3.85927
148249,4.97712
148250,3.79665
148251,1.96694
148252,3.94794
148253,3.37809
148254,3.52329
148255,4.23185
148256,4.00376
148257,3.59732
148258,3.79255
148259,2.96942
148260,3.73719
148261,4.40201
148262,4.76242
148263,3.7773
148264,3.49662
148265,3.69388
148266,3.80923
148267,4.5863
148268,4.12688
148269,1.0
148270,3.14224
148271,3.42414
148272,4.25408
148273,4.7111
148274,3.85244
148275,4.21825
148276,4.43372
148277,2.70657
148278,3.85102
148279,4.09771
148280,3.32297
148281,2.67313
148282,3.30402
148283,2.68376
148284,3.61397
148285,3.51706
148286,4.1233
148287,3.74965
148288,3.29365
148289,3.88552
148290,2.98561
148291,3.66213
148292,4.26572
148293,2.50569
148294,2.79223
148295,3.27083
148296,4.17254
148297,3.63645
148298,2.76338
148299,3.87356
148300,4.08882
148301,3.16675
148302,2.38359
148303,2.40891
148304,3.82594
148305,3.32149
148306,3.01738
148307,2.94059
148308,3.50302
148309,3.77318
148310,3.07888
148311,3.8573
148312,3.61933
148313,3.60712
148314,3.92454
148315,4.03088
148316,3.35764
148317,3.54538
148318,3.24085
148319,3.92552
148320,3.7045
148321,4.54331
148322,3.47182
148323,4.30367
148324,3.82844
148325,3.30859
148326,3.74221
148327,3.57755
148328,3.8672
148329,4.29565
148330,3.80251
148331,3.98182
148332,3.37775
148333,3.67423
148334,3.523
148335,3.92827
148336,2.97551
148337,4.05845
148338,4.27985
148339,3.7578
148340,3.70582
148341,2.956
148342,3.44145
148343,4.03754
148344,3.24576
148345,3.82103
148346,3.0329
148347,4.1983
148348,4.31074
148349,2.65362
148350,3.38773
148351,2.19381
148352,4.60427
148353,4.07412
148354,2.85208
148355,3.18438
148356,3.92592
148357,3.78389
148358,5.0
148359,3.28719
148360,3.96914
148361,3.92836
148362,3.82226
148363,4.07793
148364,3.32025
148365,3.76538
148366,2.31181
148367,3.56271
148368,3.63442
148369,3.86679
148370,4.51261
148371,4.12802
148372,3.38655
148373,3.02911
148374,2.29336
148375,3.37779
148376,4.17355
148377,2.60036
148378,3.92031
148379,2.79593
148380,4.63074
148381,3.61031
148382,3.02229
148383,3.67553
148384,1.86875
148385,3.36557
148386,3.99511
148387,4.98414
148388,4.9512
148389,4.5763
148390,3.84158
148391,4.31722
148392,4.84714
148393,4.78457
148394,4.4384
148395,4.19396
148396,4.7996
148397,4.01523
148398,4.59057
148399,5.0
148400,4.56209
148401,4.13551
148402,4.02314
148403,3.27534
148404,5.0
148405,3.64403
148406,3.52316
148407,3.72161
148408,4.35051
148409,3.43806
148410,2.86733
148411,4.01023
148412,4.03571
148413,3.41684
148414,3.66354
148415,3.20449
148416,3.07642
148417,3.83498
148418,2.47963
148419,4.432
148420,4.06811
148421,3.15483
148422,3.13126
148423,2.85688
148424,3.04404
148425,3.67916
148426,4.28107
148427,3.8599
148428,4.0988
148429,3.63588
148430,3.93858
148431,3.34133
148432,4.19161
148433,3.78726
148434,3.77587
148435,3.02161
148436,3.19434
148437,3.19841
148438,4.23563
148439,3.66711
148440,3.26398
148441,3.79543
148442,3.33944
148443,3.36013
148444,2.26641
148445,3.24592
148446,2.71464
148447,3.7226
148448,3.45161
148449,4.47864
148450,4.22696
148451,2.8234
148452,3.74866
148453,3.37703
148454,4.01583
148455,3.16378
148456,3.95534
148457,1.96491
148458,4.12918
148459,4.17115
148460,3.71156
148461,4.97475
148462,3.77758
148463,3.93124
148464,5.0
148465,4.33127
148466,2.33191
148467,4.99179
148468,5.0
148469,4.69675
148470,4.55423
148471,4.55111
148472,3.60953
148473,2.89852
148474,3.22531
148475,3.62034
148476,3.25572
148477,2.88864
148478,3.26661
148479,2.91868
148480,3.58198
148481,2.93839
148482,3.2397
148483,3.68672
148484,3.0801
148485,3.15261
148486,3.40627
148487,4.44923
148488,2.74919
148489,2.71388
148490,3.65349
148491,3.23993
148492,4.16384
148493,4.10317
148494,3.41717
148495,2.83127
148496,4.19437
148497,3.82873
148498,3.75996
148499,3.89614
148500,2.85551
148501,3.0345
148502,2.69435
148503,3.45628
148504,3.43971
148505,3.52805
148506,3.5986
148507,3.97488
148508,2.79667
148509,3.17523
148510,3.63648
148511,3.44111
148512,3.05534
148513,3.35789
148514,2.85023
148515,3.53527
148516,3.489
148517,3.82076
148518,3.69205
148519,3.12803
148520,2.49244
148521,3.19583
148522,2.57801
148523,2.87433
148524,3.03607
148525,3.40806
148526,3.7011
148527,3.94952
148528,3.36188
148529,3.38473
148530,2.91083
148531,4.28235
148532,3.9844
148533,3.54854
148534,4.25196
148535,2.52614
148536,3.42637
148537,3.33769
148538,3.18364
148539,3.78707
148540,3.58008
148541,3.8935
148542,3.28855
148543,2.81874
148544,3.88384
148545,3.32791
148546,4.17612
148547,3.38484
148548,3.64869
148549,2.93726
148550,3.90499
148551,3.96866
148552,3.3452
148553,3.69173
148554,2.98288
148555,3.08516
148556,3.25576
148557,3.11984
148558,3.98511
148559,3.61583
148560,4.02754
148561,3.52806
148562,3.68302
148563,3.78307
148564,3.90767
148565,3.33195
148566,3.71146
148567,2.66319
148568,3.90734
148569,3.68326
148570,2.87826
148571,2.83281
148572,2.15701
148573,3.852
148574,3.2959
148575,2.91299
148576,2.73134
148577,4.18392
148578,2.31789
148579,2.52219
148580,3.46428
148581,1.8503
148582,3.03893
148583,4.95761
148584,3.36805
148585,4.02445
148586,4.40879
148587,3.32767
148588,4.04827
148589,4.55243
148590,3.57791
148591,4.49779
148592,4.29214
148593,4.23649
148594,3.64081
148595,4.57387
148596,4.01955
148597,2.91432
148598,4.6624
148599,3.75638
148600,4.26017
148601,3.98834
148602,4.88429
148603,4.19926
148604,4.26956
148605,4.08446
148606,4.32796
148607,4.44204
148608,4.26812
148609,3.1835
148610,4.3854
148611,4.38167
148612,4.71091
148613,3.28525
148614,3.94267
148615,3.70417
148616,3.4193
148617,4.4612
148618,4.21935
148619,4.05291
148620,4.1423
148621,3.72617
148622,2.27854
148623,2.14421
148624,3.26708
148625,4.48305
148626,4.00419
148627,5.0
148628,4.10421
148629,1.84983
148630,4.4752
148631,3.22894
148632,3.72508
148633,3.45174
148634,2.56699
148635,2.82228
148636,3.01006
148637,2.88822
148638,2.37984
148639,2.9417
148640,3.7519
148641,3.64671
148642,4.37709
148643,2.78975
148644,3.41489
148645,3.59579
148646,3.4552
148647,3.66211
148648,3.1985
148649,3.45522
148650,4.05933
148651,2.75766
148652,2.91859
148653,3.00232
148654,2.58356
148655,3.2859
148656,2.70104
148657,3.79708
148658,4.08378
148659,3.40225
148660,2.4222
148661,3.38547
148662,4.01505
148663,3.01661
148664,3.78538
148665,3.82434
148666,2.79337
148667,3.03106
148668,2.87064
148669,4.5959
148670,4.44105
148671,4.38252
148672,4.23935
148673,4.32906
148674,3.4309
148675,3.87844
148676,3.96858
148677,3.47044
148678,3.56644
148679,4.70983
148680,5.0
148681,3.93073
148682,3.47739
148683,4.20089
148684,4.1181
148685,4.89317
148686,3.95257
148687,4.336
148688,4.17177
148689,3.51835
148690,3.40514
148691,4.0263
148692,3.50966
148693,4.48214
148694,3.26796
148695,4.3481
148696,3.98931
148697,3.76002
148698,3.97152
148699,4.28163
148700,3.5642
148701,3.90935
148702,3.10864
148703,3.32132
148704,4.17614
148705,2.6114
148706,3.427
148707,4.12429
148708,4.43392
148709,4.05951
148710,2.69073
148711,3.09868
148712,2.77902
148713,2.87749
148714,2.14872
148715,2.88993
148716,2.18254
148717,2.75086
148718,2.90884
148719,3.14921
148720,3.39077
148721,4.52172
148722,3.69165
148723,1.59502
148724,2.33721
148725,3.63161
148726,4.39012
148727,2.92117
148728,3.45786
148729,3.20282
148730,3.22214
148731,3.19442
148732,2.87554
148733,3.92079
148734,3.23302
148735,3.12794
148736,2.33591
148737,2.38048
148738,3.99545
148739,2.97289
148740,3.8725
148741,3.49909
148742,2.45395
148743,4.53121
148744,3.22668
148745,2.29152
148746,3.62472
148747,3.88735
148748,3.02559
148749,4.4359
148750,1.96495
148751,4.22602
148752,4.44657
148753,4.06886
148754,3.54699
148755,3.52185
148756,4.31078
148757,3.67548
148758,3.86447
148759,4.09214
148760,3.67137
148761,3.89193
148762,4.30165
148763,4.23383
148764,3.67969
148765,3.04174
148766,3.67159
148767,4.69087
148768,3.36922
148769,3.80517
148770,1.6735
148771,4.70482
148772,1.44453
148773,2.83828
148774,3.52034
148775,3.69968
148776,1.88567
148777,3.07761
148778,1.65011
148779,3.53148
148780,2.29838
148781,3.00105
148782,3.0111
148783,2.82454
148784,3.27806
148785,2.60952
148786,2.92748
148787,2.83671
148788,4.10248
148789,2.93507
148790,3.02498
148791,4.31172
148792,2.96288
148793,4.25161
148794,2.76202
148795,3.7926
148796,3.01187
148797,3.53262
148798,4.16961
148799,3.76162
148800,4.40096
148801,3.69468
148802,3.39655
148803,5.0
148804,4.47082
148805,3.67828
148806,4.47781
148807,3.53104
148808,4.1059
148809,4.14184
148810,4.55097
148811,4.64263
148812,3.78814
148813,4.82075
148814,3.87988
148815,4.78895
148816,3.02151
148817,4.3697
148818,3.12786
148819,3.55477
148820,3.33023
148821,3.67683
148822,4.713
148823,3.13827
148824,4.46084
148825,4.44256
148826,4.17308
148827,4.39907
148828,4.84986
148829,4.74838
148830,4.21392
148831,3.47318
148832,3.75484
148833,2.61225
148834,1.11136
148835,5.0
148836,3.86743
148837,1.50768
148838,3.47045
148839,4.56654
148840,3.85521
148841,4.78006
148842,4.71066
148843,3.21727
148844,3.44466
148845,4.25444
148846,3.94101
148847,3.83217
148848,4.32884
148849,3.57492
148850,4.14539
148851,4.05576
148852,4.11224
148853,2.93204
148854,3.49665
148855,3.97891
148856,4.487
148857,2.38855
148858,2.63951
148859,4.15339
148860,3.60055
148861,3.73827
148862,4.01213
148863,4.16186
148864,3.04523
148865,4.08159
148866,3.81067
148867,4.40398
148868,2.998
148869,4.31123
148870,4.44173
148871,3.70351
148872,4.27532
148873,4.15445
148874,3.29808
148875,4.35509
148876,4.04915
148877,2.64035
148878,3.69993
148879,3.62044
148880,3.54499
148881,4.63131
148882,3.16768
148883,2.0668
148884,2.14269
148885,2.93166
148886,2.03259
148887,1.48896
148888,4.37007
148889,4.11901
148890,3.1012
148891,3.64199
148892,4.10826
148893,2.90415
148894,1.69701
148895,2.45277
148896,2.79522
148897,1.0
148898,3.45155
148899,3.58882
148900,3.10765
148901,1.7338
148902,1.63486
148903,3.84587
148904,4.06346
148905,3.41934
148906,4.64054
148907,4.18266
148908,4.13301
148909,3.05183
148910,3.35067
148911,2.83786
148912,4.07537
148913,3.25093
148914,3.75202
148915,4.06909
148916,4.05436
148917,3.05161
148918,2.38809
148919,5.0
148920,4.68374
148921,4.42761
148922,4.28354
148923,3.77108
148924,4.35041
148925,3.9661
148926,4.8473
148927,4.25359
148928,4.83023
148929,3.19471
148930,2.70704
148931,2.75148
148932,1.87263
148933,2.217
148934,1.07009
148935,1.90864
148936,3.35995
148937,3.93234
148938,5.0
148939,1.0
148940,3.40049
148941,3.18238
148942,1.76915
148943,3.22159
148944,3.08473
148945,3.2075
148946,1.66039
148947,3.34324
148948,2.1557
148949,1.06816
148950,1.44967
148951,4.2286
148952,2.96868
148953,2.63601
148954,2.2137
148955,2.24462
148956,3.2406
148957,2.91215
148958,3.0874
148959,2.24675
148960,2.47156
148961,3.67335
148962,3.62609
148963,4.05457
148964,3.77469
148965,3.9874
148966,3.62044
148967,2.30999
148968,4.32446
148969,2.2947
148970,3.67486
148971,3.99284
148972,3.04079
148973,3.28583
148974,2.62887
148975,2.87473
148976,4.06478
148977,4.17016
148978,3.79662
148979,3.76186
148980,3.87476
148981,4.32554
148982,3.73246
148983,3.24858
148984,3.50031
148985,3.18589
148986,3.50538
148987,1.80314
148988,2.50431
148989,2.90103
148990,3.4069
148991,1.88644
148992,4.35261
148993,4.38366
148994,3.27333
148995,4.42913
148996,4.15898
148997,2.56167
148998,3.22434
148999,3.15742
149000,3.48307
149001,2.3949
149002,3.4516
149003,4.49375
149004,3.77097
149005,2.38604
149006,4.21654
149007,3.78395
149008,3.8811
149009,3.82352
149010,3.20352
149011,3.55846
149012,3.01017
149013,3.50423
149014,3.8042
149015,3.44252
149016,1.72141
149017,3.90894
149018,4.23806
149019,2.59191
149020,2.6115
149021,3.22446
149022,3.66028
149023,3.19117
149024,4.30403
149025,3.95447
149026,2.58304
149027,3.01051
149028,4.19924
149029,2.9014
149030,2.88542
149031,3.28415
149032,4.72408
149033,4.65531
149034,3.54159
149035,2.82831
149036,4.54723
149037,3.15564
149038,2.98005
149039,3.57538
149040,4.07481
149041,2.16799
149042,1.41109
149043,2.52695
149044,3.77558
149045,3.56591
149046,3.50608
149047,3.50459
149048,3.57641
149049,3.32705
149050,3.16355
149051,3.21896
149052,3.01512
149053,3.61481
149054,3.7349
149055,2.46466
149056,2.93315
149057,3.03155
149058,3.49895
149059,2.0476
149060,2.86704
149061,3.79821
149062,3.56008
149063,3.75937
149064,3.88645
149065,3.52523
149066,4.08729
149067,3.11344
149068,3.21879
149069,3.19183
149070,3.9454
149071,3.68497
149072,4.15853
149073,4.03699
149074,4.37828
149075,2.97003
149076,4.26428
149077,3.92501
149078,3.85749
149079,3.91692
149080,3.68792
149081,3.84408
149082,4.0054
149083,3.48531
149084,3.80059
149085,3.42879
149086,3.82874
149087,4.49056
149088,3.94548
149089,3.80702
149090,3.96023
149091,3.37035
149092,4.1228
149093,3.89388
149094,3.42998
149095,3.21753
149096,3.51757
149097,4.29859
149098,3.20394
149099,3.52602
149100,3.60851
149101,3.1986
149102,2.84776
149103,3.74044
149104,3.56514
149105,3.60564
149106,3.40952
149107,4.04864
149108,3.2803
149109,3.89798
149110,3.67314
149111,3.52492
149112,4.23841
149113,3.44077
149114,3.49157
149115,3.88803
149116,3.87397
149117,2.66216
149118,3.70816
149119,4.23214
149120,4.25237
149121,4.06039
149122,4.14446
149123,3.72051
149124,3.57388
149125,4.02975
149126,3.928
149127,3.86421
149128,4.51072
149129,3.79278
149130,4.7156
149131,4.42748
149132,4.03741
149133,4.43532
149134,3.65682
149135,3.81197
149136,3.76101
149137,4.52113
149138,3.64709
149139,3.93539
149140,4.11703
149141,5.0
149142,4.064
149143,2.67938
149144,3.10422
149145,3.63268
149146,4.76092
149147,4.015
149148,4.07852
149149,4.3281
149150,3.34145
149151,4.04266
149152,2.81458
149153,2.51849
149154,2.79896
149155,2.92969
149156,2.85349
149157,3.09896
149158,2.29145
149159,3.45518
149160,2.72543
149161,3.05704
149162,2.64063
149163,3.45478
149164,3.0645
149165,3.61178
149166,2.48999
149167,2.94765
149168,2.9716
149169,4.33582
149170,4.0558
149171,2.55463
149172,3.12191
149173,4.60241
149174,4.37971
149175,4.22655
149176,3.60619
149177,2.88593
149178,2.80807
149179,2.78974
149180,3.90865
149181,3.23494
149182,3.00804
149183,4.00488
149184,3.47887
149185,4.07614
149186,3.03619
149187,3.56425
149188,4.11759
149189,4.06803
149190,3.73657
149191,3.93261
149192,3.49872
149193,3.76787
149194,3.71735
149195,4.59154
149196,3.96329
149197,4.86912
149198,4.10345
149199,2.81716
149200,3.90446
149201,3.01012
149202,3.35093
149203,3.76083
149204,4.25719
149205,5.0
149206,3.5176
149207,4.96226
149208,3.15818
149209,2.15311
149210,2.80735
149211,2.23618
149212,2.67618
149213,4.69195
149214,4.31992
149215,3.73928
149216,5.0
149217,2.64282
149218,1.29085
149219,2.92585
149220,1.95932
149221,1.71921
149222,2.37205
149223,2.87084
149224,2.74921
149225,1.39022
149226,4.08769
149227,2.9227
149228,2.0996
149229,1.99588
149230,1.77977
149231,4.89488
149232,1.57383
149233,1.0
149234,4.04934
149235,1.0
149236,1.89494
149237,4.00967
149238,2.5316
149239,3.33624
149240,1.54594
149241,4.66974
149242,1.0
149243,1.0
149244,3.13836
149245,4.51716
149246,2.66606
149247,3.80285
149248,3.87594
149249,4.69578
149250,3.76587
149251,4.91471
149252,4.59809
149253,3.76645
149254,3.35123
149255,4.83248
149256,4.32408
149257,3.74285
149258,4.27556
149259,2.65544
149260,4.71966
149261,3.30921
149262,4.78836
149263,4.50079
149264,4.04314
149265,3.21494
149266,4.64182
149267,5.0
149268,4.02581
149269,3.56734
149270,4.14386
149271,3.86124
149272,3.66531
149273,3.3353
149274,4.84511
149275,3.75484
149276,2.89177
149277,4.10941
149278,3.84787
149279,4.39433
149280,3.45864
149281,3.77083
149282,3.83341
149283,3.69291
149284,3.52537
149285,2.78066
149286,3.85013
149287,3.13469
149288,4.12374
149289,3.61186
149290,4.80603
149291,3.99054
149292,4.47424
149293,3.51279
149294,4.55122
149295,3.65053
149296,3.76877
149297,3.28749
149298,3.58928
149299,3.69462
149300,3.66893
149301,2.90599
149302,4.38631
149303,2.20747
149304,4.52579
149305,2.17603
149306,4.04868
149307,3.39837
149308,4.27096
149309,3.19799
149310,3.3302
149311,2.94202
149312,3.32675
149313,4.80523
149314,4.275
149315,3.96047
149316,3.97482
149317,3.49096
149318,4.47892
149319,4.41255
149320,2.24726
149321,4.24545
149322,3.75639
149323,3.47612
149324,4.73489
149325,4.16236
149326,3.54324
149327,4.09418
149328,4.4587
149329,2.33266
149330,3.19347
149331,4.36789
149332,4.55521
149333,4.78757
149334,3.87748
149335,3.04217
149336,3.17237
149337,3.02826
149338,3.26324
149339,3.66958
149340,3.36271
149341,3.93245
149342,4.22929
149343,3.44356
149344,4.04298
149345,3.81189
149346,4.16999
149347,3.81134
149348,3.92114
149349,3.23831
149350,4.35084
149351,3.39634
149352,3.73872
149353,3.74179
149354,3.93853
149355,2.69624
149356,3.99074
149357,4.04249
149358,3.87896
149359,2.54143
149360,4.06314
149361,3.67758
149362,3.85973
149363,1.0
149364,3.27346
149365,3.69661
149366,4.32757
149367,3.78868
149368,4.31127
149369,3.70665
149370,3.74573
149371,2.69024
149372,4.33631
149373,4.20174
149374,4.05045
149375,3.63298
149376,3.18812
149377,3.94369
149378,3.819
149379,4.19902
149380,4.2923
149381,3.84801
149382,3.62495
149383,3.74694
149384,4.08411
149385,4.5939
149386,3.98207
149387,3.87254
149388,4.60532
149389,4.76245
149390,4.98094
149391,4.79673
149392,4.5138
149393,4.83888
149394,4.74378
149395,4.16312
149396,4.68401
149397,3.36026
149398,4.18322
149399,4.35523
149400,4.26179
149401,4.48456
149402,4.4448
149403,4.30969
149404,4.03634
149405,3.15146
149406,4.75896
149407,4.46967
149408,4.42264
149409,4.37062
149410,3.88652
149411,4.26262
149412,4.1133
149413,3.80715
149414,3.66274
149415,3.65679
149416,4.85491
149417,4.9113
149418,4.14401
149419,4.43156
149420,4.68725
149421,1.62376
149422,4.17912
149423,4.27864
149424,4.45609
149425,4.54185
149426,5.0
149427,4.62157
149428,4.44931
149429,4.08113
149430,4.56849
149431,4.26434
149432,3.68759
149433,4.08452
149434,4.41189
149435,3.66593
149436,3.72901
149437,4.87461
149438,4.91247
149439,4.04122
149440,4.29913
149441,4.64495
149442,4.30924
149443,4.20444
149444,3.35382
149445,4.19654
149446,4.35659
149447,4.38311
149448,3.97919
149449,3.84167
149450,3.15372
149451,4.94122
149452,4.30511
149453,3.99386
149454,3.43291
149455,4.74887
149456,4.4386
149457,4.04739
149458,4.20387
149459,3.96767
149460,4.41237
149461,3.83704
149462,4.14722
149463,4.5282
149464,4.55402
149465,3.66329
149466,4.9249
149467,4.33071
149468,4.79471
149469,4.4524
149470,4.09538
149471,4.07779
149472,4.81242
149473,4.25755
149474,4.6035
149475,4.85398
149476,4.10674
149477,4.50763
149478,3.53573
149479,4.84629
149480,4.44273
149481,4.7255
149482,4.97526
149483,5.0
149484,3.8514
149485,3.53692
149486,4.36956
149487,4.91882
149488,3.96155
149489,4.30374
149490,4.39636
149491,3.89429
149492,5.0
149493,3.91027
149494,3.3702
149495,4.45784
149496,2.59993
149497,5.0
149498,2.59246
149499,3.99285
149500,4.57458
149501,3.27337
149502,4.56741
149503,4.60575
149504,5.0
149505,3.49261
149506,3.67841
149507,3.72476
149508,3.37495
149509,3.90897
149510,4.45087
149511,3.33572
149512,5.0
149513,4.78778
149514,5.0
149515,4.50502
149516,4.68539
149517,4.14113
149518,4.84379
149519,3.89046
149520,4.89693
149521,3.88824
149522,4.45786
149523,5.0
149524,4.12858
149525,4.46145
149526,4.8152
149527,3.28572
149528,3.95061
149529,3.91979
149530,4.29037
149531,4.17525
149532,4.96432
149533,4.40097
149534,3.50906
149535,5.0
149536,3.1698
149537,4.4331
149538,4.21188
149539,3.63138
149540,4.20735
149541,4.06439
149542,5.0
149543,2.09096
149544,4.85852
149545,4.56975
149546,4.07451
149547,3.4582
149548,4.02416
149549,4.43651
149550,2.96251
149551,2.96955
149552,3.19193
149553,5.0
149554,2.15273
149555,3.04435
149556,4.6068
149557,4.95154
149558,3.05973
149559,2.71914
149560,4.73524
149561,4.27736
149562,3.7772
149563,3.93311
149564,3.77052
149565,4.07794
149566,4.89847
149567,4.9039
149568,4.07118
149569,3.95806
149570,1.53094
149571,2.33242
149572,3.75815
149573,3.65844
149574,4.04664
149575,4.13787
149576,4.25618
149577,3.94688
149578,4.22562
149579,3.60993
149580,3.54972
149581,4.00361
149582,3.82085
149583,4.14954
149584,4.69754
149585,3.12485
149586,3.74712
149587,4.71495
149588,4.22777
149589,4.72262
149590,4.29554
149591,4.1845
149592,3.46145
149593,5.0
149594,4.47444
149595,3.77926
149596,4.19032
149597,3.65776
149598,4.14055
149599,3.8814
149600,3.34689
149601,4.45833
149602,4.07468
149603,4.68531
149604,4.85351
149605,4.88324
149606,4.14154
149607,4.31254
149608,4.73153
149609,3.73946
149610,4.04513
149611,4.10565
149612,4.11299
149613,4.48431
149614,4.59423
149615,4.3129
149616,3.94391
149617,4.15453
149618,4.41172
149619,1.66158
149620,3.96066
149621,4.27675
149622,4.02443
149623,2.82899
149624,4.51827
149625,3.7516
149626,3.58505
149627,2.78857
149628,2.78704
149629,3.38246
149630,4.33241
149631,4.4461
149632,4.10964
149633,2.33142
149634,3.34797
149635,4.64329
149636,4.32082
149637,2.76154
149638,4.35727
149639,4.48109
149640,4.76298
149641,4.87769
149642,4.19322
149643,3.86319
149644,3.36435
149645,4.91828
149646,3.42446
149647,3.52134
149648,3.58301
149649,3.60634
149650,4.3543
149651,4.60865
149652,3.38906
149653,3.02462
149654,2.91691
149655,3.91018
149656,3.505
149657,3.8465
149658,3.64354
149659,2.56046
149660,2.37203
149661,2.90858
149662,3.16342
149663,3.139
149664,3.50306
149665,5.0
149666,3.42669
149667,3.69253
149668,3.2191
149669,3.43082
149670,4.4864
149671,3.60277
149672,4.12421
149673,2.00924
149674,2.58676
149675,4.21428
149676,4.11532
149677,1.87175
149678,3.31437
149679,3.30823
149680,3.53916
149681,4.51872
149682,2.52629
149683,3.73601
149684,2.87078
149685,3.3484
149686,4.68493
149687,3.58952
149688,2.81913
149689,3.47518
149690,3.66425
149691,3.41134
149692,3.34804
149693,3.21026
149694,3.87984
149695,1.8191
149696,3.83145
149697,4.5866
149698,3.42535
149699,2.86514
149700,2.1254
149701,4.62325
149702,3.30306
149703,3.4798
149704,3.09388
149705,1.19648
149706,2.14689
149707,2.25288
149708,2.29797
149709,1.81657
149710,3.16904
149711,3.3955
149712,3.65694
149713,3.15999
149714,3.52723
149715,1.0
149716,2.79527
149717,4.0861
149718,2.47815
149719,2.9848
149720,2.42234
149721,3.71257
149722,4.0428
149723,2.44142
149724,4.65762
149725,2.81396
149726,4.25258
149727,4.03736
149728,4.29303
149729,3.25995
149730,2.96732
149731,3.54634
149732,3.48964
149733,2.8882
149734,4.11839
149735,3.58036
149736,3.33987
149737,4.50675
149738,3.57927
149739,3.74683
149740,3.4987
149741,4.88824
149742,2.2537
149743,1.62266
149744,3.02564
149745,3.29231
149746,3.3509
149747,3.29073
149748,3.1154
149749,1.98053
149750,3.36307
149751,4.28049
149752,3.89819
149753,2.88915
149754,4.16206
149755,3.46974
149756,4.75918
149757,3.74642
149758,1.52199
149759,3.28237
149760,3.53499
149761,3.31427
149762,2.66928
149763,3.91185
149764,2.75254
149765,2.073
149766,4.23038
149767,2.14034
149768,4.12378
149769,1.0
149770,4.83187
149771,4.46762
149772,4.59049
149773,3.13673
149774,2.33217
149775,4.18172
149776,4.25482
149777,3.30633
149778,4.0391
149779,3.77207
149780,3.62377
149781,4.28792
149782,3.6292
149783,2.73336
149784,3.73414
149785,2.59876
149786,3.8794
149787,3.72803
149788,3.29165
149789,2.7763
149790,3.51039
149791,3.08972
149792,3.98456
149793,3.52833
149794,3.56786
149795,3.85976
149796,3.4809
149797,3.37787
149798,3.25872
149799,3.19873
149800,3.34284
149801,4.32721
149802,3.47822
149803,3.38029
149804,3.09284
149805,3.40768
149806,3.03984
149807,2.99482
149808,4.70536
149809,4.18986
149810,3.55844
149811,3.7025
149812,3.61462
149813,3.63073
149814,4.0626
149815,4.27528
149816,4.09006
149817,3.62567
149818,3.76327
149819,2.8752
149820,3.33497
149821,3.2437
149822,3.77621
149823,3.33467
149824,4.31245
149825,3.83614
149826,2.80044
149827,4.53514
149828,4.66057
149829,3.10224
149830,3.58801
149831,3.41828
149832,3.69603
149833,3.22099
149834,3.75262
149835,4.39713
149836,2.68921
149837,3.50191
149838,2.97512
149839,3.17746
149840,4.50579
149841,3.54963
149842,3.43902
149843,3.73967
149844,3.59189
149845,3.48057
149846,3.54676
149847,4.42119
149848,3.19373
149849,4.1529
149850,4.05669
149851,4.14619
149852,3.1208
149853,2.99414
149854,4.51338
149855,4.00168
149856,3.42133
149857,3.42208
149858,3.56537
149859,4.73997
149860,4.65096
149861,5.0
149862,3.4236
149863,3.90302
149864,4.0245
149865,3.73286
149866,4.56525
149867,4.1522
149868,4.59588
149869,3.68082
149870,1.97747
149871,3.92876
149872,2.31441
149873,3.05856
149874,2.81133
149875,3.57045
149876,4.51922
149877,1.63207
149878,3.3679
149879,4.85388
149880,2.08897
149881,3.97195
149882,4.72002
149883,4.39016
149884,5.0
149885,3.93763
149886,4.42736
149887,3.08124
149888,4.06533
149889,4.07949
149890,3.50086
149891,2.60107
149892,4.08699
149893,3.32515
149894,3.65184
149895,3.83247
149896,4.57509
149897,4.31561
149898,3.13618
149899,3.47177
149900,4.76188
149901,3.82538
149902,4.14319
149903,3.50929
149904,4.25064
149905,3.78659
149906,3.30465
149907,4.76217
149908,3.87547
149909,3.55767
149910,3.4259
149911,4.57375
149912,3.82806
149913,3.79648
149914,3.93904
149915,2.98479
149916,3.11705
149917,4.12204
149918,3.72985
149919,4.15816
149920,3.36996
149921,3.86922
149922,3.86022
149923,4.21796
149924,2.96196
149925,4.13851
149926,4.68992
149927,4.85063
149928,3.3536
149929,3.13831
149930,4.96601
149931,3.91469
149932,2.45837
149933,3.85864
149934,3.6559
149935,4.09791
149936,3.86468
149937,4.30006
149938,2.67162
149939,2.27433
149940,3.41139
149941,3.81656
149942,4.31227
149943,4.17851
149944,3.89521
149945,3.23104
149946,3.7221
149947,3.67736
149948,3.33065
149949,3.70791
149950,3.20621
149951,3.02136
149952,2.55077
149953,4.37175
149954,3.65855
149955,3.80875
149956,3.29411
149957,4.29636
149958,2.8288
149959,3.19799
149960,3.3139
149961,3.06638
149962,3.97728
149963,3.00691
149964,4.90083
149965,4.77
149966,4.16856
149967,4.19851
149968,3.55313
149969,3.86494
149970,3.84104
149971,4.69748
149972,4.44365
149973,4.05238
149974,3.65552
149975,3.29516
149976,3.54084
149977,3.95901
149978,4.28909
149979,3.06522
149980,4.80717
149981,3.65206
149982,4.33036
149983,4.76848
149984,3.03056
149985,2.87491
149986,4.29037
149987,4.33808
149988,3.66727
149989,4.13743
149990,3.77747
149991,4.50915
149992,4.15238
149993,3.8945
149994,4.23431
149995,3.48216
149996,3.13911
149997,4.28506
149998,3.48273
149999,3.46186
150000,3.70502
150001,4.599
150002,4.31903
150003,3.25639
150004,4.47582
150005,3.89026
150006,4.5249
150007,3.89641
150008,3.95116
150009,3.16083
150010,3.01378
150011,1.80771
150012,3.25308
150013,2.61441
150014,2.9973
150015,3.04305
150016,1.85947
150017,3.43082
150018,3.65966
150019,2.25268
150020,3.05103
150021,2.37704
150022,2.28854
150023,3.1784
150024,1.38792
150025,2.68711
150026,2.11647
150027,4.19646
150028,3.56754
150029,1.59864
150030,3.77908
150031,4.36545
150032,4.16615
150033,4.57819
150034,1.86619
150035,1.1613
150036,2.82133
150037,3.78628
150038,2.45866
150039,3.37278
150040,3.89085
150041,2.70604
150042,3.18497
150043,4.0358
150044,1.69399
150045,4.08813
150046,3.90444
150047,2.59011
150048,3.76257
150049,2.59247
150050,3.49823
150051,3.19588
150052,3.18064
150053,3.43593
150054,2.81095
150055,3.56539
150056,3.34607
150057,3.61265
150058,4.84947
150059,4.68078
150060,4.30487
150061,4.78496
150062,4.71204
150063,4.34179
150064,5.0
150065,3.53614
150066,4.75179
150067,3.61556
150068,3.83863
150069,4.87246
150070,5.0
150071,4.9121
150072,4.59902
150073,4.09769
150074,4.93627
150075,4.09698
150076,3.6547
150077,3.30871
150078,3.55068
150079,3.41217
150080,3.19545
150081,3.97658
150082,3.91489
150083,3.66773
150084,3.7365
150085,3.44362
150086,3.32049
150087,3.48141
150088,3.79173
150089,4.23724
150090,3.37856
150091,4.15203
150092,3.69563
150093,3.45176
150094,3.65319
150095,3.81224
150096,3.7154
150097,3.63724
150098,3.80417
150099,3.62725
150100,3.33233
150101,3.87538
150102,4.03756
150103,3.94746
150104,4.33735
150105,3.60116
150106,4.84876
150107,3.26234
150108,4.25325
150109,3.30783
150110,4.4
150111,2.79022
150112,3.02564
150113,4.58253
150114,4.66847
150115,2.03243
150116,4.04081
150117,3.9832
150118,2.883
150119,4.21668
150120,3.89362
150121,4.05473
150122,3.05402
150123,3.60816
150124,3.53367
150125,2.50831
150126,4.90858
150127,2.333
150128,4.42592
150129,2.45387
150130,3.35286
150131,5.0
150132,4.48078
150133,4.69332
150134,4.27466
150135,3.65009
150136,3.65762
150137,4.44407
150138,2.22588
150139,4.34449
150140,4.54773
150141,5.0
150142,1.19044
150143,4.42532
150144,1.8732
150145,3.23309
150146,3.90111
150147,5.0
150148,1.3595
150149,3.23081
150150,3.71652
150151,4.09485
150152,4.73023
150153,3.52417
150154,4.57315
150155,2.76776
150156,3.6078
150157,3.8102
150158,3.36054
150159,5.0
150160,4.40297
150161,4.66523
150162,3.15079
150163,2.81804
150164,4.68624
150165,3.49447
150166,4.68456
150167,4.34454
150168,3.26047
150169,3.84617
150170,2.84818
150171,4.48836
150172,3.99634
150173,3.87791
150174,2.815
150175,4.66042
150176,5.0
150177,4.119
150178,5.0
150179,4.34393
150180,4.89542
150181,3.45642
150182,3.42955
150183,4.45771
150184,4.3061
150185,4.4614
150186,4.86494
150187,4.19355
150188,4.36279
150189,4.08193
150190,3.34747
150191,3.53423
150192,2.43181
150193,3.06309
150194,4.66754
150195,4.6347
150196,4.4163
150197,3.84517
150198,4.28879
150199,5.0
150200,4.25088
150201,4.28838
150202,3.71133
150203,3.03834
150204,4.30876
150205,4.20611
150206,4.67509
150207,2.74412
150208,4.86884
150209,3.45943
150210,4.35333
150211,4.5568
150212,1.78608
150213,5.0
150214,4.84581
150215,4.05514
150216,4.7247
150217,4.97002
150218,3.64958
150219,3.34066
150220,4.28837
150221,4.62316
150222,2.45757
150223,4.17676
150224,3.32816
150225,4.14351
150226,2.98632
150227,1.70693
150228,3.33466
150229,3.11284
150230,1.68836
150231,3.27838
150232,2.24798
150233,4.74834
150234,3.52995
150235,1.78549
150236,3.21951
150237,3.45634
150238,1.57923
150239,3.89832
150240,1.86271
150241,3.56494
150242,1.95522
150243,4.02934
150244,4.13287
150245,4.3464
150246,3.56669
150247,3.55693
150248,2.87341
150249,2.35183
150250,2.26849
150251,3.56215
150252,3.33677
150253,4.67405
150254,4.26439
150255,2.99398
150256,3.7433
150257,3.7723
150258,4.05881
150259,3.51023
150260,4.944
150261,4.72883
150262,4.13531
150263,3.79418
150264,1.92697
150265,4.68223
150266,2.75776
150267,3.82652
150268,4.14245
150269,5.0
150270,2.52641
150271,3.43093
150272,3.40767
150273,4.32458
150274,4.6844
150275,3.40945
150276,4.33081
150277,4.08176
150278,5.0
150279,3.72095
150280,4.5234
150281,4.58206
150282,2.45756
150283,4.3271
150284,4.20716
150285,4.52285
150286,4.39963
150287,4.86298
150288,4.19075
150289,3.68398
150290,4.21414
150291,4.55093
150292,4.44893
150293,2.97029
150294,4.20266
150295,3.86133
150296,4.81701
150297,3.98615
150298,3.15777
150299,4.81411
150300,3.61881
150301,4.00365
150302,3.98382
150303,3.95588
150304,3.86152
150305,3.87836
150306,3.73416
150307,3.32242
150308,4.25206
150309,4.01389
150310,4.46151
150311,3.23978
150312,4.17541
150313,4.05531
150314,3.82649
150315,4.36361
150316,4.14837
150317,2.91664
150318,3.89611
150319,5.0
150320,4.15402
150321,4.50614
150322,4.77371
150323,3.9984
150324,4.49233
150325,3.59518
150326,3.80192
150327,4.23983
150328,3.11897
150329,4.46057
150330,3.67143
150331,4.10268
150332,4.5891
150333,4.89328
150334,4.7144
150335,4.81951
150336,4.60515
150337,4.03007
150338,4.45279
150339,4.35795
150340,2.87876
150341,3.87819
150342,2.57618
150343,3.16294
150344,3.54727
150345,3.15078
150346,3.49664
150347,3.99313
150348,3.68538
150349,2.66638
150350,3.43646
150351,3.8302
150352,5.0
150353,3.83656
150354,3.93611
150355,3.61578
150356,3.82567
150357,4.66504
150358,3.59654
150359,3.52302
150360,2.486
150361,4.22824
150362,3.13183
150363,4.68857
150364,3.58558
150365,4.757
150366,3.45239
150367,3.75344
150368,3.38187
150369,3.03874
150370,2.71193
150371,3.22801
150372,3.7325
150373,4.16387
150374,2.53731
150375,3.94277
150376,3.7608
150377,3.29224
150378,4.73703
150379,3.71111
150380,2.37721
150381,2.12412
150382,3.90252
150383,3.69285
150384,3.31381
150385,3.17449
150386,4.15461
150387,4.5421
150388,4.89588
150389,3.94094
150390,3.40483
150391,4.44168
150392,4.73038
150393,4.61424
150394,4.99221
150395,4.32817
150396,4.77539
150397,4.59558
150398,3.64463
150399,5.0
150400,4.39973
150401,3.43668
150402,3.40227
150403,4.21367
150404,4.72651
150405,4.3491
150406,4.75803
150407,4.84171
150408,3.92259
150409,4.03753
150410,4.49552
150411,4.73192
150412,4.98911
150413,3.08087
150414,3.62176
150415,4.54951
150416,4.65808
150417,5.0
150418,4.56116
150419,4.5847
150420,3.74432
150421,3.48132
150422,4.18925
150423,2.4011
150424,4.55652
150425,3.32692
150426,3.19084
150427,3.65932
150428,4.60082
150429,3.14963
150430,3.7246
150431,3.21799
150432,2.85985
150433,3.75505
150434,2.17238
150435,3.61558
150436,3.48356
150437,4.02041
150438,2.65541
150439,4.59844
150440,2.7546
150441,3.52747
150442,2.26265
150443,3.4708
150444,3.99638
150445,2.79923
150446,4.21725
150447,4.57614
150448,4.37661
150449,4.39173
150450,4.59828
150451,4.50692
150452,4.63906
150453,4.13025
150454,4.68186
150455,4.12732
150456,3.89833
150457,4.50263
150458,3.41462
150459,4.19144
150460,4.12987
150461,3.86667
150462,4.19945
150463,3.86998
150464,3.73666
150465,4.46479
150466,4.0465
150467,4.69462
150468,3.97539
150469,4.37076
150470,3.8456
150471,4.07956
150472,3.73199
150473,3.35601
150474,4.8976
150475,3.57927
150476,4.75906
150477,3.77184
150478,3.81195
150479,4.25608
150480,3.46506
150481,3.33384
150482,4.65966
150483,4.23167
150484,4.21771
150485,5.0
150486,3.77109
150487,3.31333
150488,4.49512
150489,4.70179
150490,4.13315
150491,4.20045
150492,4.98817
150493,4.12667
150494,4.144
150495,3.88475
150496,2.84617
150497,3.30561
150498,3.71821
150499,4.81841
150500,4.94411
150501,1.80137
150502,4.12286
150503,4.57061
150504,3.37591
150505,3.43966
150506,4.86324
150507,4.96051
150508,3.59433
150509,3.99382
150510,3.76234
150511,4.00371
150512,4.44987
150513,3.79851
150514,2.19467
150515,4.02077
150516,3.99525
150517,4.38732
150518,3.36141
150519,3.68406
150520,4.25388
150521,4.24539
150522,4.06936
150523,3.26092
150524,4.16713
150525,4.42292
150526,4.07053
150527,2.68805
150528,3.4062
150529,4.25171
150530,3.77681
150531,2.74333
150532,3.63221
150533,4.21255
150534,3.95437
150535,3.70568
150536,3.95044
150537,3.81024
150538,3.05419
150539,2.93188
150540,2.09892
150541,3.79584
150542,3.23884
150543,3.73546
150544,3.10358
150545,4.04284
150546,3.46093
150547,3.72624
150548,3.64176
150549,3.73914
150550,3.64942
150551,4.01085
150552,3.73904
150553,2.36699
150554,3.65266
150555,2.58293
150556,3.44307
150557,4.39398
150558,2.82575
150559,3.63112
150560,4.27752
150561,3.99498
150562,4.14908
150563,3.59755
150564,3.96844
150565,3.38281
150566,3.78017
150567,2.63215
150568,3.61573
150569,4.72947
150570,4.05523
150571,4.21982
150572,4.95546
150573,3.4242
150574,2.22348
150575,3.46896
150576,3.84904
150577,2.21143
150578,3.06608
150579,3.84171
150580,3.72534
150581,2.77687
150582,2.80364
150583,3.82981
150584,2.49165
150585,3.79255
150586,3.11438
150587,3.47081
150588,2.58732
150589,4.0099
150590,3.54704
150591,2.697
150592,1.41583
150593,3.63988
150594,4.06194
150595,2.95718
150596,4.12616
150597,4.65634
150598,2.8758
150599,3.55074
150600,2.41672
150601,3.45781
150602,2.65036
150603,5.0
150604,3.08932
150605,4.70004
150606,3.72252
150607,4.19503
150608,4.93999
150609,4.49501
150610,4.98657
150611,2.19966
150612,3.86015
150613,3.75739
150614,3.50145
150615,2.3
150616,3.91879
150617,3.99175
150618,4.00364
150619,3.80187
150620,3.23029
150621,1.56011
150622,4.49703
150623,3.595
150624,3.80794
150625,3.66232
150626,3.19085
150627,3.49815
150628,3.13913
150629,3.59307
150630,3.38215
150631,2.69741
150632,3.95128
150633,5.0
150634,3.51935
150635,3.87939
150636,2.66813
150637,1.55008
150638,4.4048
150639,3.146
150640,2.28545
150641,3.36726
150642,3.69389
150643,4.20012
150644,2.16883
150645,3.02427
150646,3.24267
150647,2.62778
150648,2.82246
150649,3.40998
150650,4.7044
150651,4.07066
150652,3.67477
150653,3.47147
150654,3.76523
150655,3.89159
150656,3.61149
150657,4.45599
150658,4.48691
150659,4.74746
150660,4.4837
150661,4.74474
150662,3.62023
150663,4.7791
150664,3.92698
150665,3.45247
150666,4.08419
150667,3.46697
150668,4.07888
150669,4.22314
150670,3.45509
150671,4.19275
150672,4.02159
150673,4.79459
150674,3.5435
150675,3.98647
150676,3.71567
150677,4.01643
150678,3.75095
150679,3.02275
150680,3.47354
150681,3.05492
150682,2.62159
150683,3.73826
150684,3.98975
150685,4.71599
150686,2.24294
150687,3.48231
150688,4.48355
150689,4.57131
150690,4.16655
150691,3.21393
150692,3.66461
150693,2.63163
150694,2.83868
150695,2.21771
150696,3.75855
150697,2.59994
150698,1.98212
150699,4.4945
150700,4.28901
150701,2.32451
150702,4.3138
150703,3.42679
150704,3.98712
150705,3.58121
150706,4.32894
150707,3.12855
150708,4.19312
150709,4.1314
150710,4.02972
150711,3.71806
150712,2.96194
150713,1.5613
150714,3.67885
150715,4.285
150716,3.30027
150717,3.51573
150718,4.25086
150719,4.15774
150720,1.59692
150721,4.28248
150722,3.57528
150723,4.08214
150724,2.52383
150725,3.50718
150726,4.02255
150727,3.37833
150728,3.56338
150729,2.26435
150730,3.95866
150731,4.52748
150732,2.91856
150733,3.75666
150734,4.07082
150735,3.98696
150736,3.66664
150737,3.80308
150738,3.70119
150739,2.31966
150740,4.38586
150741,1.87429
150742,5.0
150743,2.41847
150744,3.39517
150745,3.4846
150746,3.83524
150747,4.50975
150748,2.41337
150749,4.14187
150750,3.99971
150751,4.25767
150752,4.55267
150753,3.5455
150754,3.28571
150755,3.48204
150756,2.92949
150757,3.44851
150758,3.45893
150759,3.71844
150760,3.33355
150761,2.69115
150762,2.16547
150763,4.43515
150764,2.27189
150765,3.31758
150766,3.88577
150767,3.62998
150768,1.67922
150769,3.69721
150770,3.11841
150771,3.78703
150772,3.44633
150773,3.98329
150774,2.34591
150775,1.98184
150776,3.75988
150777,3.28466
150778,3.77548
150779,2.40627
150780,4.29016
150781,3.63618
150782,3.75173
150783,4.29554
150784,4.4613
150785,4.1837
150786,3.07427
150787,2.86083
150788,3.33201
150789,2.81899
150790,3.00118
150791,3.67162
150792,3.50124
150793,3.59832
150794,3.6108
150795,3.48732
150796,3.50939
150797,3.04915
150798,4.86044
150799,3.31557
150800,3.60743
150801,4.0109
150802,4.67413
150803,2.43627
150804,3.38137
150805,4.10811
150806,4.7424
150807,3.77573
150808,3.01137
150809,3.72981
150810,4.05283
150811,4.07463
150812,4.19034
150813,3.69152
150814,3.36702
150815,3.87522
150816,3.85078
150817,3.35618
150818,3.9814
150819,3.59726
150820,2.33363
150821,3.84139
150822,4.55759
150823,4.78945
150824,4.98336
150825,4.30253
150826,3.85917
150827,3.64306
150828,4.77715
150829,4.66388
150830,2.03765
150831,2.77587
150832,4.58989
150833,4.58807
150834,3.59239
150835,2.90435
150836,3.12095
150837,3.70777
150838,3.34416
150839,4.07636
150840,4.12083
150841,4.47592
150842,4.31156
150843,3.76656
150844,3.09504
150845,3.95847
150846,1.70058
150847,3.52296
150848,4.26669
150849,4.66052
150850,4.12954
150851,2.76555
150852,4.06269
150853,2.6083
150854,3.51359
150855,3.80321
150856,4.02486
150857,4.33653
150858,4.31311
150859,2.47383
150860,3.78231
150861,3.92895
150862,3.87045
150863,4.09706
150864,3.94184
150865,2.99851
150866,3.88528
150867,2.16529
150868,3.2301
150869,3.44212
150870,1.84183
150871,3.46485
150872,4.01842
150873,3.43966
150874,2.17369
150875,2.05441
150876,5.0
150877,3.50888
150878,2.72993
150879,3.6217
150880,2.86097
150881,1.90886
150882,3.48536
150883,3.14781
150884,4.17966
150885,2.52498
150886,3.50861
150887,2.63385
150888,2.96193
150889,4.64505
150890,3.57417
150891,2.932
150892,2.96765
150893,3.84942
150894,2.70568
150895,3.11526
150896,4.02641
150897,3.19519
150898,3.34641
150899,4.12488
150900,3.18022
150901,3.3929
150902,4.28466
150903,3.06647
150904,3.63612
150905,3.32393
150906,3.46342
150907,2.4995
150908,3.37392
150909,4.16567
150910,3.77324
150911,3.55684
150912,2.15184
150913,3.02496
150914,3.73241
150915,4.82303
150916,4.32748
150917,4.06976
150918,3.03937
150919,2.27303
150920,3.55737
150921,3.75162
150922,2.60962
150923,4.24144
150924,3.89261
150925,2.10458
150926,4.36209
150927,3.14431
150928,3.43889
150929,3.2235
150930,3.89436
150931,4.11799
150932,3.73473
150933,3.82993
150934,3.88464
150935,2.47856
150936,3.98019
150937,2.20201
150938,4.00116
150939,3.77627
150940,4.54172
150941,4.98294
150942,4.01482
150943,3.59319
150944,3.37877
150945,4.04186
150946,3.23189
150947,3.11142
150948,3.95827
150949,3.73522
150950,5.0
150951,5.0
150952,4.16432
150953,4.84682
150954,3.19868
150955,3.96336
150956,4.59001
150957,1.92812
150958,2.18768
150959,3.27095
150960,1.85923
150961,2.98085
150962,4.42119
150963,2.90993
150964,3.43878
150965,3.24207
150966,3.98255
150967,2.52644
150968,2.78066
150969,3.33188
150970,1.96382
150971,2.76003
150972,2.81816
150973,3.51487
150974,2.70092
150975,2.72874
150976,3.74823
150977,4.32028
150978,4.04212
150979,2.2599
150980,2.78487
150981,3.43334
150982,2.97528
150983,3.16622
150984,3.89559
150985,3.97546
150986,3.76613
150987,3.32502
150988,3.94081
150989,4.21468
150990,4.10243
150991,3.42938
150992,2.99367
150993,4.45641
150994,3.99021
150995,3.85817
150996,2.69235
150997,3.15285
150998,3.26853
150999,4.02549
151000,3.82005
151001,4.55548
151002,4.58555
151003,4.69773
151004,4.4917
151005,3.76608
151006,4.22811
151007,3.34265
151008,3.78728
151009,2.80141
151010,4.47239
151011,3.09327
151012,4.54394
151013,4.2164
151014,5.0
151015,2.91469
151016,4.81841
151017,4.21657
151018,3.0229
151019,4.03988
151020,4.21487
151021,4.86413
151022,3.08932
151023,2.97867
151024,5.0
151025,3.99615
151026,4.32901
151027,3.79229
151028,4.57089
151029,4.43185
151030,4.31572
151031,4.98691
151032,3.51268
151033,4.3187
151034,4.70473
151035,4.51665
151036,4.52665
151037,3.15411
151038,4.01074
151039,3.48561
151040,3.1727
151041,3.61571
151042,3.15798
151043,3.12909
151044,3.48766
151045,3.53178
151046,3.73927
151047,4.0368
151048,3.34714
151049,3.42564
151050,3.15462
151051,3.68893
151052,3.38533
151053,3.84122
151054,3.69786
151055,3.11181
151056,3.09101
151057,3.06368
151058,3.19079
151059,4.18561
151060,3.24319
151061,3.27472
151062,4.20555
151063,3.84791
151064,3.30472
151065,2.84979
151066,2.70707
151067,4.14418
151068,4.49749
151069,2.83501
151070,2.84934
151071,4.40641
151072,4.11056
151073,3.51141
151074,3.65505
151075,3.20329
151076,2.58513
151077,3.64323
151078,2.87707
151079,3.78633
151080,2.77426
151081,3.88898
151082,3.29549
151083,4.04243
151084,3.24832
151085,3.01706
151086,3.84939
151087,4.23288
151088,3.77411
151089,3.80345
151090,3.80021
151091,3.67172
151092,3.65827
151093,2.89129
151094,3.37835
151095,2.33289
151096,3.85193
151097,3.99752
151098,3.82133
151099,2.89057
151100,3.24603
151101,3.60174
151102,4.01099
151103,3.55443
151104,4.61361
151105,3.76334
151106,3.04608
151107,2.82161
151108,3.92424
151109,2.81183
151110,4.36759
151111,2.28191
151112,4.31711
151113,3.2812
151114,3.74585
151115,3.33469
151116,3.55543
151117,3.99866
151118,4.7847
151119,3.0551
151120,4.44675
151121,3.10291
151122,3.78236
151123,3.37298
151124,4.13366
151125,3.9943
151126,4.21384
151127,4.07448
151128,4.26531
151129,4.76726
151130,4.06884
151131,3.69131
151132,4.686
151133,3.42095
151134,4.56285
151135,4.45175
151136,4.22319
151137,4.90436
151138,2.67376
151139,2.72493
151140,2.36285
151141,3.91549
151142,5.0
151143,2.72827
151144,3.68098
151145,3.9923
151146,3.81368
151147,3.77706
151148,3.92472
151149,4.1954
151150,3.44007
151151,3.61646
151152,3.88369
151153,4.29886
151154,5.0
151155,3.79945
151156,3.91693
151157,2.52388
151158,3.58687
151159,3.35072
151160,4.35561
151161,2.91349
151162,3.40564
151163,4.26791
151164,3.44968
151165,4.70381
151166,4.67437
151167,4.27486
151168,4.07992
151169,4.77202
151170,3.57068
151171,4.12938
151172,4.0614
151173,2.98454
151174,3.5442
151175,3.16598
151176,2.94881
151177,3.39534
151178,2.00514
151179,3.70667
151180,3.8854
151181,3.70927
151182,3.95414
151183,3.00608
151184,3.37891
151185,3.84427
151186,3.58105
151187,3.38077
151188,3.22561
151189,3.48926
151190,4.21024
151191,4.25611
151192,3.4584
151193,3.56353
151194,4.03406
151195,3.2659
151196,3.86689
151197,3.87482
151198,3.21489
151199,3.98746
151200,3.93856
151201,4.01607
151202,3.96813
151203,2.58542
151204,4.92482
151205,4.25477
151206,4.13738
151207,4.6243
151208,3.65011
151209,3.65536
151210,4.11164
151211,3.62769
151212,4.45522
151213,3.73353
151214,3.68134
151215,3.76664
151216,2.26068
151217,4.53161
151218,3.31405
151219,4.41076
151220,3.71379
151221,4.48619
151222,4.51776
151223,4.44686
151224,4.14421
151225,4.35337
151226,4.43838
151227,4.36682
151228,3.87106
151229,3.74132
151230,3.88118
151231,4.84761
151232,4.6986
151233,3.54391
151234,4.53948
151235,4.20922
151236,4.26926
151237,4.47139
151238,3.86006
151239,3.98806
151240,3.87959
151241,3.38196
151242,3.75467
151243,4.00052
151244,4.81632
151245,4.47437
151246,4.8735
151247,3.6291
151248,3.87593
151249,3.69779
151250,3.90142
151251,4.84542
151252,2.00607
151253,5.0
151254,3.84854
151255,4.14053
151256,4.97828
151257,4.0388
151258,2.84035
151259,3.26233
151260,1.55729
151261,3.49444
151262,1.0
151263,2.99885
151264,4.5069
151265,3.00019
151266,4.91725
151267,3.9444
151268,3.02612
151269,4.64965
151270,4.18499
151271,4.12604
151272,4.53752
151273,2.11264
151274,3.87194
151275,4.15946
151276,3.59444
151277,4.5115
151278,4.03039
151279,3.76708
151280,3.21715
151281,2.65352
151282,4.58261
151283,4.66126
151284,3.91481
151285,4.24908
151286,3.32386
151287,3.7746
151288,3.11193
151289,3.34684
151290,3.56431
151291,3.35333
151292,3.64299
151293,3.73051
151294,5.0
151295,3.56744
151296,5.0
151297,2.74761
151298,4.2736
151299,2.72393
151300,5.0
151301,4.50638
151302,3.98422
151303,3.77672
151304,3.86758
151305,3.84208
151306,3.58938
151307,3.91883
151308,4.01917
151309,4.48825
151310,4.59636
151311,3.16563
151312,3.24975
151313,4.98724
151314,4.65533
151315,3.69449
151316,3.14376
151317,4.57139
151318,3.27921
151319,4.71616
151320,2.75267
151321,4.10688
151322,4.40551
151323,2.81957
151324,3.78366
151325,3.65707
151326,4.20217
151327,3.3901
151328,4.52906
151329,3.57003
151330,3.89442
151331,3.66582
151332,4.73056
151333,4.1071
151334,4.64493
151335,4.7362
151336,2.42567
151337,4.61258
151338,4.87962
151339,3.38397
151340,5.0
151341,3.94249
151342,3.38013
151343,4.37071
151344,2.79209
151345,4.36222
151346,2.88407
151347,4.12076
151348,4.40747
151349,3.21121
151350,3.7696
151351,3.66408
151352,3.5143
151353,4.83732
151354,4.29328
151355,3.91437
151356,1.0
151357,2.88106
151358,4.06127
151359,3.2075
151360,4.2569
151361,4.58505
151362,5.0
151363,5.0
151364,4.39288
151365,4.5934
151366,4.71483
151367,4.39732
151368,3.19064
151369,5.0
151370,5.0
151371,5.0
151372,5.0
151373,3.33289
151374,2.64161
151375,4.09979
151376,3.89228
151377,2.05887
151378,3.76369
151379,3.72542
151380,2.47804
151381,5.0
151382,4.7228
151383,5.0
151384,3.35764
151385,2.89994
151386,3.14522
151387,3.7369
151388,1.55042
151389,2.41809
151390,4.10443
151391,3.11501
151392,4.37739
151393,4.80333
151394,4.63349
151395,2.80194
151396,3.95702
151397,5.0
151398,4.70438
151399,3.73485
151400,4.55454
151401,4.14995
151402,4.7224
151403,3.25195
151404,3.74502
151405,4.09713
151406,5.0
151407,4.70445
151408,4.01688
151409,4.62302
151410,3.29046
151411,4.57349
151412,4.35431
151413,3.40454
151414,4.20368
151415,3.84136
151416,3.62749
151417,3.45564
151418,4.00914
151419,3.8611
151420,4.99799
151421,2.81878
151422,3.37386
151423,2.81861
151424,1.47957
151425,2.83052
151426,2.68984
151427,4.81398
151428,4.77189
151429,3.01732
151430,4.70795
151431,4.91925
151432,3.76887
151433,3.44484
151434,3.72676
151435,4.66958
151436,4.56915
151437,3.89555
151438,4.93237
151439,4.63551
151440,5.0
151441,3.36354
151442,3.77892
151443,3.69047
151444,3.57312
151445,3.99364
151446,3.19963
151447,3.57193
151448,4.54858
151449,4.57125
151450,4.68519
151451,4.42134
151452,2.72493
151453,4.58778
151454,4.49931
151455,4.15757
151456,4.30723
151457,4.91124
151458,3.19398
151459,4.22459
151460,3.69309
151461,4.25172
151462,3.98201
151463,3.57556
151464,4.23044
151465,5.0
151466,2.83596
151467,3.41694
151468,3.96043
151469,3.37732
151470,2.58149
151471,1.76902
151472,2.69639
151473,1.46944
151474,3.68185
151475,2.39416
151476,3.04849
151477,1.0
151478,1.5997
151479,2.18842
151480,1.05231
151481,1.0
151482,2.65967
151483,1.04461
151484,2.88908
151485,1.0
151486,3.28611
151487,2.28717
151488,2.67287
151489,3.73981
151490,2.20042
151491,3.81609
151492,2.97757
151493,1.25627
151494,3.52667
151495,1.53498
151496,4.30621
151497,2.28456
151498,2.17548
151499,4.11908
151500,3.34229
151501,2.65392
151502,3.73678
151503,1.95768
151504,3.37251
151505,3.64324
151506,1.71439
151507,3.79352
151508,3.08288
151509,3.8849
151510,1.10822
151511,2.98272
151512,2.68484
151513,3.53088
151514,4.0709
151515,3.60885
151516,3.83959
151517,1.87721
151518,3.64042
151519,3.1282
151520,3.49602
151521,3.6194
151522,2.9696
151523,2.28837
151524,1.97463
151525,1.89718
151526,2.20095
151527,1.93784
151528,3.70894
151529,3.32315
151530,2.83034
151531,3.19338
151532,2.59766
151533,2.67732
151534,2.38519
151535,3.8087
151536,3.21771
151537,3.92679
151538,1.97775
151539,4.84757
151540,3.26212
151541,3.87133
151542,3.36487
151543,1.76278
151544,4.40213
151545,2.30448
151546,1.78446
151547,3.7525
151548,2.581
151549,4.7451
151550,2.99726
151551,3.80734
151552,1.79987
151553,3.3211
151554,2.85772
151555,2.95553
151556,3.3187
151557,3.97168
151558,4.65172
151559,3.43301
151560,3.16563
151561,4.85722
151562,3.39021
151563,3.35306
151564,2.80465
151565,4.59459
151566,2.81823
151567,2.51043
151568,3.96035
151569,3.86149
151570,3.36828
151571,2.6069
151572,1.1691
151573,2.49785
151574,2.60119
151575,4.10636
151576,2.98023
151577,2.63899
151578,4.85044
151579,2.9555
151580,2.97034
151581,2.81831
151582,3.2197
151583,1.743
151584,2.65057
151585,1.79083
151586,3.21706
151587,3.41843
151588,1.9682
151589,2.47199
151590,3.46636
151591,1.82545
151592,2.32596
151593,2.51403
151594,2.9087
151595,4.39614
151596,2.81897
151597,3.88527
151598,2.72447
151599,2.23802
151600,4.37836
151601,4.075
151602,4.33362
151603,3.08836
151604,3.68696
151605,3.47103
151606,2.68662
151607,3.27772
151608,2.42278
151609,3.69386
151610,2.29674
151611,2.97925
151612,3.15454
151613,3.19929
151614,3.05269
151615,1.87025
151616,4.14493
151617,3.05506
151618,1.54381
151619,4.49459
151620,3.31299
151621,1.06781
151622,4.87372
151623,3.25486
151624,4.81075
151625,4.4787
151626,4.87216
151627,2.93157
151628,3.56359
151629,4.65584
151630,3.55698
151631,2.91221
151632,2.93175
151633,4.52664
151634,4.15015
151635,4.46684
151636,4.54325
151637,4.54452
151638,5.0
151639,4.40151
151640,5.0
151641,3.87081
151642,3.92428
151643,3.78237
151644,2.98351
151645,3.2809
151646,3.13026
151647,4.21321
151648,3.4585
151649,3.30026
151650,2.99254
151651,3.53273
151652,3.33443
151653,2.83867
151654,3.17633
151655,3.43296
151656,3.18978
151657,2.95464
151658,3.04901
151659,3.00412
151660,3.00939
151661,2.83576
151662,2.71663
151663,4.09507
151664,3.12145
151665,3.76516
151666,2.87477
151667,2.89028
151668,2.82146
151669,2.28277
151670,2.75045
151671,2.5669
151672,4.50105
151673,4.16078
151674,2.91246
151675,3.06403
151676,3.52422
151677,2.29786
151678,2.76414
151679,3.2418
151680,2.76579
151681,3.13381
151682,3.32019
151683,2.96632
151684,2.91049
151685,3.98898
151686,3.67183
151687,4.73424
151688,2.90833
151689,3.7914
151690,1.64313
151691,3.48032
151692,4.24675
151693,3.15086
151694,3.00636
151695,3.86536
151696,3.81935
151697,3.91935
151698,5.0
151699,3.42748
151700,4.07983
151701,2.82695
151702,2.58461
151703,4.04337
151704,3.57865
151705,3.04757
151706,3.31336
151707,3.078
151708,2.17627
151709,3.26157
151710,2.83841
151711,2.73624
151712,2.68372
151713,3.32907
151714,3.61459
151715,3.02766
151716,2.58263
151717,2.7107
151718,3.16491
151719,2.56842
151720,3.22193
151721,2.6726
151722,3.77383
151723,1.37473
151724,4.46925
151725,3.65654
151726,2.55691
151727,3.30194
151728,3.00187
151729,2.60604
151730,3.48037
151731,3.70363
151732,2.52188
151733,2.43949
151734,2.90112
151735,2.86978
151736,3.94725
151737,3.29776
151738,2.61019
151739,3.05512
151740,4.13435
151741,3.69839
151742,4.82731
151743,4.45274
151744,4.37909
151745,2.6344
151746,4.76894
151747,4.75601
151748,3.76262
151749,3.84051
151750,5.0
151751,4.46094
151752,4.3584
151753,4.64538
151754,4.89712
151755,3.70553
151756,3.68329
151757,2.22157
151758,2.74477
151759,3.5256
151760,3.70744
151761,4.97257
151762,2.93949
151763,2.28805
151764,3.93934
151765,3.22685
151766,2.47322
151767,2.82331
151768,2.98785
151769,1.89533
151770,2.53505
151771,4.22723
151772,3.04733
151773,2.9735
151774,3.65898
151775,4.11574
151776,3.12109
151777,2.71778
151778,4.3292
151779,4.22317
151780,2.2583
151781,2.10162
151782,2.39438
151783,5.0
151784,2.34013
151785,2.24321
151786,2.79351
151787,3.19346
151788,3.9806
151789,3.97495
151790,2.67449
151791,4.0371
151792,2.00297
151793,3.67869
151794,3.67003
151795,4.26398
151796,3.34359
151797,3.40741
151798,3.47094
151799,3.32333
151800,2.89427
151801,3.78872
151802,1.39244
151803,2.27233
151804,2.88674
151805,3.36047
151806,3.09607
151807,3.5357
151808,3.07867
151809,3.53545
151810,2.88246
151811,3.52466
151812,3.21981
151813,2.9701
151814,3.13534
151815,2.41438
151816,3.24843
151817,3.06372
151818,3.3904
151819,3.27723
151820,3.10386
151821,2.74137
151822,2.85021
151823,2.7902
151824,2.9542
151825,2.90695
151826,3.17825
151827,3.84504
151828,2.65059
151829,3.02686
151830,3.60479
151831,3.71468
151832,4.24181
151833,2.83699
151834,2.18306
151835,3.73878
151836,2.91826
151837,3.61516
151838,2.25063
151839,1.8886
151840,4.82526
151841,4.67101
151842,4.13822
151843,4.22977
151844,4.36437
151845,4.29368
151846,4.62375
151847,3.8588
151848,4.86741
151849,5.0
151850,1.9263
151851,2.28713
151852,3.11145
151853,3.31923
151854,2.67508
151855,2.33836
151856,4.16114
151857,2.38119
151858,3.4982
151859,3.81911
151860,4.49369
151861,4.54276
151862,4.05994
151863,4.07219
151864,3.12287
151865,2.74932
151866,3.96344
151867,3.35245
151868,2.47094
151869,4.18084
151870,3.91902
151871,3.94954
151872,3.58142
151873,4.76636
151874,4.34776
151875,4.264
151876,4.46775
151877,4.81221
151878,4.98426
151879,4.37818
151880,2.82776
151881,3.96104
151882,4.57074
151883,4.67206
151884,4.35219
151885,4.77262
151886,3.00621
151887,3.93696
151888,4.52145
151889,3.52318
151890,3.62387
151891,4.28625
151892,4.24209
151893,4.72156
151894,4.76546
151895,2.74616
151896,4.47024
151897,4.52801
151898,4.75239
151899,3.9767
151900,3.7571
151901,4.04457
151902,3.68399
151903,4.0721
151904,3.79496
151905,4.89512
151906,4.08425
151907,3.9891
151908,4.8044
151909,4.4288
151910,3.78558
151911,4.82251
151912,5.0
151913,4.32204
151914,3.62531
151915,3.54167
151916,3.49273
151917,4.68453
151918,4.3081
151919,3.90012
151920,4.03926
151921,3.49587
151922,3.51421
151923,2.50093
151924,2.81913
151925,3.47894
151926,3.97381
151927,3.66878
151928,3.42308
151929,3.48448
151930,3.26879
151931,2.1547
151932,3.52013
151933,3.81317
151934,2.78666
151935,3.43124
151936,3.96742
151937,4.42761
151938,4.4456
151939,4.14386
151940,4.03062
151941,2.29203
151942,3.1548
151943,4.07913
151944,4.41941
151945,3.40016
151946,4.18459
151947,4.27992
151948,3.7548
151949,3.87525
151950,4.09207
151951,4.01254
151952,3.90924
151953,5.0
151954,3.93744
151955,4.49108
151956,5.0
151957,4.03964
151958,3.93182
151959,4.63065
151960,3.36757
151961,3.4103
151962,3.99731
151963,2.68188
151964,2.69875
151965,2.45564
151966,2.56498
151967,2.41731
151968,2.32683
151969,3.95186
151970,3.50182
151971,4.93406
151972,3.32688
151973,3.95254
151974,4.22119
151975,3.98174
151976,3.7173
151977,3.4018
151978,1.0
151979,2.50083
151980,3.4223
151981,3.5368
151982,4.62125
151983,3.6885
151984,1.72347
151985,3.47892
151986,3.29682
151987,3.01933
151988,3.67846
151989,2.7287
151990,3.92357
151991,3.53598
151992,3.30429
151993,3.65639
151994,3.49129
151995,3.81636
151996,3.62401
151997,4.16796
151998,4.4752
151999,3.96398
152000,3.84302
152001,4.82101
152002,4.07505
152003,3.51144
152004,4.14808
152005,4.54362
152006,4.60693
152007,4.10107
152008,2.49257
152009,3.91022
152010,3.79777
152011,3.0193
152012,2.31622
152013,3.51662
152014,3.20335
152015,3.18198
152016,3.4451
152017,2.3158
152018,4.1376
152019,2.67434
152020,3.38733
152021,3.32258
152022,3.00236
152023,2.99882
152024,3.61331
152025,2.9135
152026,3.44398
152027,2.39802
152028,4.08298
152029,2.86627
152030,2.76427
152031,4.73982
152032,3.99909
152033,2.0218
152034,2.40615
152035,3.6386
152036,2.97393
152037,3.16035
152038,4.03944
152039,2.76576
152040,2.37968
152041,2.57936
152042,3.62983
152043,3.65246
152044,4.54664
152045,3.14397
152046,2.35809
152047,1.49318
152048,1.38989
152049,1.45619
152050,1.16396
152051,3.01099
152052,1.88149
152053,2.21994
152054,1.92096
152055,3.19946
152056,1.53282
152057,1.07345
152058,2.67874
152059,2.06639
152060,1.76777
152061,1.22569
152062,2.20169
152063,3.06246
152064,3.12757
152065,2.00007
152066,1.33349
152067,2.98769
152068,1.25985
152069,4.80477
152070,4.68571
152071,3.50525
152072,4.62906
152073,4.23068
152074,5.0
152075,4.78601
152076,4.94617
152077,3.93955
152078,3.13221
152079,5.0
152080,4.44389
152081,4.13103
152082,3.9022
152083,4.5342
152084,4.59764
152085,1.8604
152086,4.3689
152087,3.71183
152088,3.74896
152089,2.40574
152090,3.81371
152091,3.70088
152092,4.30795
152093,2.13897
152094,2.926
152095,3.14836
152096,3.47465
152097,2.7864
152098,3.58709
152099,3.22505
152100,4.73899
152101,3.84738
152102,1.58308
152103,4.0629
152104,3.48961
152105,4.12279
152106,2.94328
152107,4.61886
152108,4.58461
152109,4.40905
152110,4.0117
152111,3.41616
152112,3.81669
152113,3.88847
152114,2.95512
152115,3.21535
152116,2.51601
152117,4.1159
152118,2.69245
152119,3.91564
152120,3.23243
152121,3.77494
152122,3.55589
152123,3.43721
152124,3.33604
152125,3.55537
152126,2.2404
152127,4.1586
152128,3.17539
152129,2.74719
152130,3.33511
152131,3.68362
152132,3.65205
152133,2.76759
152134,3.98369
152135,2.77911
152136,3.17308
152137,3.78458
152138,1.36234
152139,3.57078
152140,3.92618
152141,2.73746
152142,3.7682
152143,3.8321
152144,3.03893
152145,3.57919
152146,3.90052
152147,4.16917
152148,3.58255
152149,3.92279
152150,3.39886
152151,3.97155
152152,4.67438
152153,4.51541
152154,3.22037
152155,3.28618
152156,4.40011
152157,4.2933
152158,2.58137
152159,4.2315
152160,3.59578
152161,4.20317
152162,4.31503
152163,5.0
152164,3.37799
152165,4.12331
152166,3.7178
152167,2.81854
152168,4.77778
152169,4.24665
152170,4.2034
152171,4.31537
152172,4.23381
152173,3.71485
152174,2.6696
152175,4.26939
152176,3.93719
152177,4.04843
152178,4.16324
152179,4.24586
152180,4.87991
152181,4.47195
152182,4.27011
152183,4.28842
152184,4.01749
152185,3.90755
152186,4.13955
152187,3.41956
152188,3.59664
152189,4.1475
152190,4.33166
152191,3.84357
152192,3.4334
152193,3.674
152194,3.0455
152195,3.72077
152196,3.7697
152197,3.74835
152198,3.46766
152199,2.86425
152200,4.27705
152201,3.50965
152202,2.91636
152203,3.05925
152204,2.86943
152205,3.85998
152206,3.7281
152207,4.13295
152208,3.1879
152209,3.83192
152210,3.7169
152211,4.10073
152212,3.87975
152213,3.87328
152214,3.52194
152215,2.97509
152216,2.95086
152217,3.92322
152218,3.25236
152219,4.81185
152220,3.95465
152221,3.04626
152222,4.25761
152223,2.94119
152224,3.58129
152225,4.26996
152226,4.14275
152227,3.97328
152228,4.24105
152229,4.00326
152230,3.45076
152231,4.58973
152232,3.90014
152233,3.70431
152234,4.40851
152235,4.30484
152236,3.94712
152237,4.03318
152238,3.69723
152239,3.76511
152240,3.78199
152241,4.05999
152242,3.0331
152243,3.65636
152244,4.18849
152245,4.14041
152246,3.35572
152247,2.79575
152248,3.31817
152249,3.81847
152250,3.63675
152251,3.76417
152252,3.06778
152253,3.48444
152254,2.98206
152255,1.92477
152256,3.32318
152257,3.70708
152258,3.36771
152259,4.59944
152260,3.98234
152261,3.65245
152262,3.70621
152263,4.31853
152264,4.61638
152265,4.06707
152266,3.07449
152267,4.49371
152268,2.61983
152269,4.3263
152270,3.44882
152271,2.24759
152272,4.27339
152273,4.22969
152274,3.6591
152275,3.31448
152276,3.18685
152277,4.37491
152278,3.33634
152279,4.08955
152280,3.65448
152281,4.07534
152282,4.04755
152283,3.77769
152284,4.21687
152285,4.02603
152286,4.39354
152287,3.55782
152288,3.59199
152289,4.38132
152290,3.89467
152291,3.52886
152292,3.54886
152293,3.07957
152294,3.94651
152295,3.1654
152296,3.46078
152297,3.96008
152298,4.35801
152299,3.84384
152300,4.02089
152301,2.6925
152302,4.15953
152303,4.0767
152304,4.15862
152305,3.6083
152306,3.72994
152307,4.30013
152308,4.19992
152309,2.44387
152310,3.5584
152311,3.86786
152312,3.81026
152313,4.57312
152314,3.97114
152315,4.45684
152316,3.81718
152317,2.68384
152318,4.01141
152319,3.79881
152320,2.15002
152321,4.10193
152322,3.9463
152323,3.51929
152324,3.87061
152325,3.75125
152326,3.13712
152327,4.42346
152328,2.74767
152329,3.6093
152330,4.34689
152331,4.21823
152332,4.16801
152333,4.04708
152334,3.7257
152335,3.13689
152336,3.51292
152337,4.716
152338,3.8898
152339,5.0
152340,4.69572
152341,4.89504
152342,4.16233
152343,3.99554
152344,3.83891
152345,4.22275
152346,3.86235
152347,3.12619
152348,5.0
152349,4.89703
152350,4.59974
152351,4.26534
152352,3.64309
152353,4.76405
152354,4.42363
152355,4.2948
152356,3.12935
152357,4.6446
152358,3.42686
152359,2.16416
152360,2.69158
152361,4.20844
152362,4.80816
152363,3.69129
152364,3.0601
152365,4.81046
152366,4.01515
152367,5.0
152368,4.47213
152369,3.39563
152370,4.08302
152371,4.79218
152372,3.90762
152373,3.66155
152374,2.21596
152375,3.3743
152376,4.37367
152377,4.56318
152378,4.63804
152379,3.13717
152380,4.00619
152381,3.86274
152382,2.88466
152383,4.62329
152384,2.56156
152385,4.01073
152386,4.07072
152387,4.56956
152388,3.9307
152389,2.72003
152390,2.48353
152391,3.83308
152392,5.0
152393,3.25701
152394,2.89337
152395,3.79378
152396,4.64893
152397,5.0
152398,4.6856
152399,4.8279
152400,2.02986
152401,2.82553
152402,3.37005
152403,2.23356
152404,3.83607
152405,3.67393
152406,4.31364
152407,2.89885
152408,2.84201
152409,3.47885
152410,2.78899
152411,4.5859
152412,3.8888
152413,3.38548
152414,2.85154
152415,4.12215
152416,5.0
152417,3.52789
152418,2.8969
152419,4.79422
152420,4.16124
152421,4.06854
152422,3.64266
152423,3.62918
152424,3.88202
152425,3.40248
152426,4.17647
152427,4.1581
152428,2.97152
152429,3.88998
152430,4.85028
152431,3.58058
152432,3.43048
152433,4.44692
152434,2.76438
152435,4.90226
152436,2.02878
152437,4.54501
152438,3.77183
152439,5.0
152440,4.36507
152441,4.08115
152442,4.07486
152443,4.19872
152444,5.0
152445,3.24026
152446,4.02297
152447,4.64925
152448,3.99606
152449,2.26396
152450,2.88861
152451,3.45051
152452,2.4268
152453,2.89189
152454,2.43707
152455,3.21878
152456,3.995
152457,4.7081
152458,4.51226
152459,4.86974
152460,4.26233
152461,4.38889
152462,4.04295
152463,3.53933
152464,3.90329
152465,3.86179
152466,3.76632
152467,4.44668
152468,4.13803
152469,4.22356
152470,4.33058
152471,4.47676
152472,3.03162
152473,3.95829
152474,4.18595
152475,3.61157
152476,2.6218
152477,5.0
152478,2.58573
152479,1.91318
152480,4.1874
152481,3.39971
152482,3.07254
152483,2.97214
152484,2.60983
152485,3.16262
152486,3.94782
152487,4.30525
152488,5.0
152489,4.88792
152490,5.0
152491,3.53281
152492,4.21476
152493,3.24796
152494,4.4997
152495,2.56266
152496,3.57398
152497,3.10801
152498,4.02431
152499,3.36465
152500,4.18062
152501,3.77509
152502,2.71487
152503,3.95744
152504,3.19323
152505,2.99786
152506,3.49714
152507,3.76551
152508,3.69918
152509,3.59368
152510,3.09162
152511,4.10232
152512,3.03592
152513,4.6914
152514,3.66939
152515,1.73337
152516,3.51753
152517,3.75539
152518,2.77676
152519,4.02557
152520,4.55798
152521,3.87551
152522,3.57034
152523,2.56343
152524,3.51376
152525,3.43289
152526,2.47406
152527,4.44241
152528,4.59743
152529,2.59339
152530,2.88111
152531,4.08566
152532,4.07818
152533,3.32671
152534,3.32872
152535,4.22946
152536,3.50802
152537,3.83776
152538,4.53637
152539,2.8136
152540,4.17131
152541,4.60167
152542,4.19798
152543,3.78914
152544,2.76906
152545,3.75664
152546,2.22954
152547,4.57747
152548,2.51454
152549,3.17037
152550,4.38219
152551,3.91909
152552,4.4241
152553,3.2418
152554,3.52246
152555,3.20801
152556,3.00225
152557,3.53722
152558,3.44642
152559,4.32614
152560,4.48995
152561,3.95539
152562,4.78045
152563,4.79582
152564,2.68943
152565,5.0
152566,2.10889
152567,2.25636
152568,2.5742
152569,3.16283
152570,2.43299
152571,3.04094
152572,2.35537
152573,2.66419
152574,4.04775
152575,3.44992
152576,2.67626
152577,2.37375
152578,4.12309
152579,3.36025
152580,3.64964
152581,2.30025
152582,2.71218
152583,3.36563
152584,3.64862
152585,3.57997
152586,2.16542
152587,3.01224
152588,2.88742
152589,3.91017
152590,2.81974
152591,3.50366
152592,4.12533
152593,3.48466
152594,4.32613
152595,3.32994
152596,4.06872
152597,3.90942
152598,5.0
152599,4.45628
152600,3.46821
152601,3.28792
152602,4.01904
152603,1.67552
152604,2.64432
152605,1.3064
152606,3.33743
152607,3.75528
152608,4.05069
152609,1.51159
152610,2.29428
152611,4.26743
152612,3.49834
152613,4.58104
152614,4.62409
152615,3.41403
152616,3.60006
152617,2.97049
152618,3.07494
152619,3.6497
152620,3.99183
152621,2.58434
152622,2.13372
152623,2.38273
152624,2.10278
152625,2.84657
152626,4.07518
152627,4.97653
152628,4.38986
152629,4.64134
152630,4.63218
152631,4.70162
152632,5.0
152633,3.73776
152634,2.4598
152635,2.46731
152636,3.92695
152637,4.49555
152638,4.27148
152639,3.9144
152640,3.95423
152641,3.22245
152642,3.93096
152643,3.4931
152644,3.72033
152645,3.27567
152646,3.74952
152647,3.8884
152648,4.39725
152649,4.15548
152650,4.08794
152651,4.09644
152652,4.23724
152653,2.93724
152654,5.0
152655,4.46929
152656,4.53359
152657,3.87913
152658,4.38769
152659,3.51069
152660,2.97083
152661,4.50978
152662,5.0
152663,5.0
152664,4.30556
152665,4.41125
152666,4.63224
152667,4.91462
152668,5.0
152669,4.58905
152670,3.10652
152671,3.92222
152672,4.71099
152673,2.60028
152674,3.71672
152675,3.40827
152676,4.09381
152677,4.54703
152678,4.27582
152679,4.12739
152680,4.44488
152681,5.0
152682,4.66503
152683,3.88027
152684,4.48944
152685,4.29304
152686,4.25213
152687,4.71214
152688,3.96666
152689,4.37057
152690,3.98733
152691,3.58752
152692,3.80325
152693,4.71479
152694,4.43948
152695,4.6036
152696,3.60462
152697,3.99279
152698,4.14284
152699,4.665
152700,4.72107
152701,4.33521
152702,4.27413
152703,3.9746
152704,3.97939
152705,4.42136
152706,3.8015
152707,3.69661
152708,3.646
152709,4.20094
152710,3.71433
152711,4.69515
152712,3.87751
152713,3.1643
152714,4.19046
152715,4.06334
152716,4.74487
152717,4.67649
152718,4.97294
152719,4.38247
152720,4.53242
152721,3.7112
152722,3.50638
152723,3.38122
152724,3.66275
152725,3.0782
152726,3.62353
152727,3.5393
152728,3.61856
152729,4.82415
152730,3.80873
152731,4.90424
152732,3.87854
152733,4.37246
152734,3.49924
152735,3.78423
152736,3.29487
152737,4.46764
152738,4.11841
152739,4.32638
152740,4.06579
152741,4.1049
152742,3.52375
152743,3.05844
152744,2.73856
152745,3.32311
152746,3.24728
152747,4.29012
152748,3.37508
152749,3.30692
152750,3.39631
152751,2.21656
152752,3.97696
152753,1.47763
152754,4.29337
152755,3.9697
152756,3.46898
152757,4.14481
152758,2.02438
152759,3.13974
152760,2.72947
152761,3.05646
152762,3.32703
152763,4.04151
152764,2.98483
152765,4.11075
152766,3.80007
152767,2.72015
152768,2.8088
152769,2.96511
152770,2.12392
152771,1.73718
152772,3.96953
152773,3.49236
152774,2.14311
152775,2.7722
152776,4.37749
152777,3.43391
152778,1.70288
152779,1.49136
152780,3.84196
152781,2.49513
152782,3.24569
152783,3.60663
152784,3.03912
152785,2.49959
152786,4.02813
152787,3.531
152788,3.73934
152789,3.29904
152790,3.94998
152791,3.78887
152792,3.47953
152793,4.2904
152794,3.04552
152795,3.25106
152796,3.42993
152797,3.07064
152798,2.26529
152799,3.36087
152800,4.28478
152801,2.50057
152802,3.96365
152803,3.79429
152804,4.0505
152805,3.54114
152806,3.63714
152807,4.50554
152808,3.76166
152809,3.9991
152810,3.66171
152811,3.58704
152812,4.10609
152813,3.93136
152814,2.81596
152815,1.92668
152816,3.14534
152817,2.37006
152818,3.06027
152819,3.52312
152820,3.78768
152821,4.1592
152822,2.44831
152823,3.61729
152824,2.14858
152825,3.44756
152826,3.36145
152827,3.03981
152828,2.91115
152829,2.78956
152830,3.72507
152831,2.7684
152832,2.78003
152833,2.1556
152834,2.37129
152835,2.96435
152836,1.35952
152837,1.90783
152838,3.1595
152839,2.66433
152840,4.66214
152841,2.07821
152842,3.11198
152843,3.82167
152844,1.42508
152845,2.5621
152846,2.2201
152847,2.04186
152848,2.18563
152849,3.39106
152850,3.65288
152851,2.54941
152852,1.3601
152853,2.31815
152854,4.04293
152855,4.42326
152856,3.29909
152857,1.81038
152858,2.86463
152859,1.31839
152860,3.80623
152861,2.4251
152862,2.83044
152863,2.82435
152864,2.56732
152865,4.43217
152866,3.7968
152867,3.57999
152868,4.59086
152869,4.65863
152870,4.89754
152871,4.9784
152872,4.4042
152873,4.40679
152874,4.53662
152875,4.47317
152876,4.34196
152877,4.34017
152878,4.54367
152879,4.10419
152880,4.34408
152881,4.08185
152882,3.88385
152883,4.71042
152884,3.34379
152885,4.37065
152886,3.94388
152887,3.06475
152888,4.51814
152889,2.82892
152890,4.04693
152891,4.23168
152892,3.33959
152893,3.63264
152894,4.84821
152895,4.13087
152896,3.2911
152897,3.75725
152898,3.88586
152899,3.17708
152900,3.78811
152901,3.1589
152902,2.9826
152903,2.80291
152904,4.97298
152905,3.81975
152906,4.85595
152907,4.38619
152908,3.46526
152909,4.13847
152910,3.944
152911,3.1312
152912,4.4633
152913,3.92996
152914,3.45602
152915,3.81458
152916,3.17159
152917,3.93038
152918,3.37645
152919,4.62107
152920,4.23372
152921,4.69405
152922,2.48455
152923,3.73161
152924,4.1426
152925,3.28785
152926,3.9281
152927,2.47283
152928,3.91672
152929,2.34336
152930,3.12598
152931,4.13029
152932,3.9087
152933,2.7168
152934,3.95933
152935,4.19356
152936,3.49517
152937,4.37277
152938,4.77353
152939,3.27454
152940,4.44565
152941,2.84755
152942,4.61788
152943,3.1862
152944,4.24942
152945,3.53748
152946,2.23141
152947,1.83518
152948,2.28096
152949,3.94032
152950,3.17989
152951,3.69904
152952,4.46358
152953,3.94356
152954,4.04057
152955,4.34842
152956,4.13535
152957,4.25854
152958,4.02402
152959,4.27333
152960,3.62407
152961,3.77313
152962,3.89677
152963,3.61104
152964,3.83844
152965,3.73838
152966,4.01798
152967,4.00956
152968,3.85012
152969,3.55117
152970,3.77109
152971,3.61143
152972,3.92712
152973,4.34209
152974,3.61931
152975,4.14219
152976,3.86578
152977,3.68952
152978,3.83526
152979,3.99654
152980,4.01297
152981,3.5651
152982,3.76936
152983,4.09301
152984,3.48141
152985,3.76522
152986,4.03138
152987,4.01473
152988,3.53906
152989,4.0197
152990,3.85363
152991,3.97753
152992,4.06567
152993,4.16014
152994,3.42781
152995,3.782
152996,3.64342
152997,4.45909
152998,4.09679
152999,3.90403
153000,4.00979
153001,3.52474
153002,3.80925
153003,3.73518
153004,3.48683
153005,4.07526
153006,3.29833
153007,2.88337
153008,3.99846
153009,3.87983
153010,4.38629
153011,4.32928
153012,3.93947
153013,3.76621
153014,3.18832
153015,4.01232
153016,3.5822
153017,3.95234
153018,3.54829
153019,3.21748
153020,3.09004
153021,4.10754
153022,4.38986
153023,4.05087
153024,3.74627
153025,3.81699
153026,3.3833
153027,3.90839
153028,4.27568
153029,4.06777
153030,3.40322
153031,4.18519
153032,3.64321
153033,3.24438
153034,4.0181
153035,3.84082
153036,4.19744
153037,4.23597
153038,3.06445
153039,3.73036
153040,4.28405
153041,3.36696
153042,2.9811
153043,4.4852
153044,2.09478
153045,2.14877
153046,3.01576
153047,2.99438
153048,4.74955
153049,3.13546
153050,3.51187
153051,3.2173
153052,3.31354
153053,1.97715
153054,3.64942
153055,3.71795
153056,3.64849
153057,4.40355
153058,2.7067
153059,3.011
153060,3.58604
153061,2.09891
153062,3.69672
153063,3.69812
153064,1.52754
153065,3.92576
153066,4.75933
153067,4.26502
153068,3.43433
153069,4.01415
153070,4.21455
153071,4.77601
153072,3.87695
153073,3.7927
153074,3.19752
153075,4.08755
153076,4.36188
153077,3.90399
153078,4.9819
153079,4.42428
153080,3.96263
153081,3.11668
153082,4.10256
153083,2.7987
153084,3.21368
153085,3.14199
153086,2.01376
153087,2.89716
153088,2.58977
153089,2.28889
153090,3.46521
153091,3.86404
153092,3.00043
153093,3.41322
153094,1.32711
153095,1.85481
153096,2.82527
153097,1.90614
153098,2.58708
153099,2.54112
153100,2.09016
153101,3.90983
153102,2.09758
153103,2.20222
153104,3.27521
153105,2.88035
153106,2.09651
153107,2.79693
153108,2.55315
153109,2.89909
153110,1.50068
153111,2.76593
153112,1.97224
153113,2.39284
153114,1.46406
153115,3.57888
153116,2.18539
153117,3.32482
153118,3.70969
153119,1.79546
153120,2.89514
153121,3.09227
153122,1.90207
153123,2.35902
153124,2.03496
153125,1.39324
153126,3.17208
153127,1.7118
153128,2.27531
153129,3.11687
153130,2.3768
153131,3.23838
153132,1.22908
153133,1.76567
153134,1.9717
153135,4.25719
153136,3.21192
153137,2.84358
153138,3.21461
153139,3.13438
153140,3.16118
153141,2.51334
153142,1.08745
153143,2.42322
153144,4.13133
153145,2.91244
153146,3.57466
153147,2.64312
153148,3.3965
153149,3.42674
153150,1.37391
153151,1.84515
153152,2.51209
153153,3.94725
153154,3.33867
153155,3.85292
153156,4.35618
153157,1.0
153158,2.66003
153159,4.07073
153160,4.32118
153161,3.77263
153162,4.05559
153163,3.33133
153164,3.41675
153165,4.41216
153166,4.24372
153167,4.78671
153168,3.47952
153169,4.43838
153170,3.85343
153171,4.77416
153172,3.99005
153173,4.14948
153174,3.68239
153175,4.30361
153176,4.56856
153177,3.2164
153178,4.63738
153179,3.68821
153180,5.0
153181,4.52761
153182,4.52061
153183,2.60595
153184,4.13683
153185,3.51235
153186,2.71883
153187,1.89763
153188,4.29069
153189,2.47374
153190,3.11698
153191,4.19548
153192,4.18165
153193,3.80859
153194,2.496
153195,3.80679
153196,4.17713
153197,3.71841
153198,2.3115
153199,3.76275
153200,4.0561
153201,3.88719
153202,3.10411
153203,4.46577
153204,3.30724
153205,3.50874
153206,3.58936
153207,2.83199
153208,4.73069
153209,3.17935
153210,4.61621
153211,4.73281
153212,4.11609
153213,3.58823
153214,3.84756
153215,3.15416
153216,4.03703
153217,4.83921
153218,3.76273
153219,4.24719
153220,3.60542
153221,3.32652
153222,2.87845
153223,2.78794
153224,3.24738
153225,3.36226
153226,2.80691
153227,5.0
153228,3.73426
153229,3.60837
153230,3.67044
153231,2.44081
153232,3.76231
153233,2.18828
153234,3.15253
153235,3.44305
153236,2.76764
153237,5.0
153238,4.09468
153239,3.54429
153240,4.42513
153241,4.02827
153242,1.4172
153243,1.31868
153244,3.55308
153245,3.35039
153246,2.09092
153247,4.32712
153248,3.32231
153249,3.9186
153250,3.26788
153251,1.36751
153252,1.32502
153253,3.97043
153254,4.25319
153255,3.1701
153256,3.69755
153257,2.65689
153258,3.4534
153259,3.20797
153260,4.4101
153261,3.37786
153262,1.12045
153263,1.0
153264,2.7556
153265,4.78998
153266,4.36427
153267,4.51469
153268,2.67074
153269,3.75079
153270,2.17291
153271,4.05174
153272,4.9717
153273,4.57588
153274,4.54206
153275,4.56267
153276,4.89691
153277,4.25654
153278,3.61435
153279,3.24096
153280,4.66408
153281,4.21189
153282,2.29307
153283,2.36387
153284,3.36853
153285,3.4139
153286,5.0
153287,1.59866
153288,3.51226
153289,4.35741
153290,3.40662
153291,2.3513
153292,2.20707
153293,2.09174
153294,2.0201
153295,2.6594
153296,2.95083
153297,2.77265
153298,4.66356
153299,1.89621
153300,1.0
153301,3.99433
153302,2.44697
153303,2.50134
153304,3.27166
153305,4.55388
153306,4.45975
153307,3.73634
153308,3.65368
153309,4.49981
153310,4.63293
153311,3.44815
153312,5.0
153313,4.45702
153314,4.01671
153315,3.95258
153316,3.47178
153317,4.54289
153318,4.2708
153319,3.54797
153320,4.51312
153321,3.99718
153322,3.66136
153323,4.05195
153324,4.37359
153325,4.29975
153326,4.62962
153327,4.06344
153328,3.82272
153329,4.54993
153330,3.8975
153331,4.12985
153332,4.04786
153333,3.92943
153334,3.53782
153335,3.65389
153336,2.80146
153337,3.70854
153338,4.53723
153339,4.23499
153340,3.69351
153341,3.8375
153342,3.41804
153343,3.19727
153344,3.29992
153345,3.19583
153346,3.79777
153347,4.2622
153348,4.924
153349,3.611
153350,3.71246
153351,4.43097
153352,4.74084
153353,4.29217
153354,4.119
153355,3.73778
153356,4.11257
153357,3.69814
153358,4.16568
153359,4.63902
153360,4.34211
153361,3.85513
153362,4.2682
153363,4.02726
153364,4.13887
153365,3.64574
153366,4.18543
153367,3.04446
153368,3.07892
153369,3.55141
153370,4.3401
153371,4.22489
153372,3.4319
153373,4.24859
153374,4.20512
153375,4.3263
153376,4.28671
153377,4.08128
153378,4.23298
153379,4.27233
153380,4.57273
153381,3.97074
153382,3.82738
153383,4.54102
153384,3.9753
153385,4.29563
153386,4.64675
153387,3.95509
153388,4.35274
153389,3.15629
153390,4.47643
153391,4.21026
153392,4.22774
153393,4.7006
153394,4.61323
153395,4.37795
153396,3.92559
153397,4.56414
153398,4.00768
153399,4.30718
153400,2.95401
153401,2.62013
153402,2.79339
153403,3.15557
153404,3.38047
153405,4.66662
153406,3.90286
153407,4.06477
153408,3.63214
153409,5.0
153410,3.3071
153411,3.52951
153412,3.7585
153413,2.54411
153414,2.72385
153415,3.81834
153416,4.3322
153417,5.0
153418,3.38276
153419,4.59783
153420,3.55919
153421,5.0
153422,4.46358
153423,3.7395
153424,4.20986
153425,3.69946
153426,3.99111
153427,4.47241
153428,4.33855
153429,3.80844
153430,2.21287
153431,4.46988
153432,4.01617
153433,4.18469
153434,2.76387
153435,3.53846
153436,3.7279
153437,3.66299
153438,2.38945
153439,3.76982
153440,4.52611
153441,4.59364
153442,4.14063
153443,4.58475
153444,3.66487
153445,4.0592
153446,4.14861
153447,3.64386
153448,4.55152
153449,3.52596
153450,4.21286
153451,3.17403
153452,4.04691
153453,4.79586
153454,4.16634
153455,4.36678
153456,4.4055
153457,3.76323
153458,4.75951
153459,3.45335
153460,4.05287
153461,4.55075
153462,4.49068
153463,3.49915
153464,3.71086
153465,3.92598
153466,3.77669
153467,4.27982
153468,4.64844
153469,3.86005
153470,3.65705
153471,4.43325
153472,4.65798
153473,4.09209
153474,4.42932
153475,3.81265
153476,3.93283
153477,3.79957
153478,4.28088
153479,3.17252
153480,3.73955
153481,4.59571
153482,3.44998
153483,3.44239
153484,4.22606
153485,4.16431
153486,4.22181
153487,4.1431
153488,4.75181
153489,4.41605
153490,3.05995
153491,3.85319
153492,4.49164
153493,2.84407
153494,3.67367
153495,2.97502
153496,3.63938
153497,4.36421
153498,4.07223
153499,3.52024
153500,3.0706
153501,3.62332
153502,3.3265
153503,3.86641
153504,4.19445
153505,3.84351
153506,4.79486
153507,4.16901
153508,4.12497
153509,4.48545
153510,4.44175
153511,2.01243
153512,4.04922
153513,3.65039
153514,4.043
153515,2.31721
153516,4.25427
153517,4.46252
153518,4.07136
153519,4.18763
153520,4.37737
153521,4.00454
153522,3.54346
153523,3.98557
153524,5.0
153525,3.51662
153526,2.28361
153527,3.20108
153528,2.67277
153529,4.14137
153530,3.42897
153531,4.05183
153532,2.56928
153533,3.18403
153534,3.5245
153535,2.99151
153536,2.24506
153537,3.6648
153538,4.75114
153539,4.5951
153540,2.18064
153541,3.25059
153542,3.80823
153543,3.54014
153544,3.8184
153545,4.23195
153546,3.91355
153547,2.44394
153548,4.50381
153549,4.40584
153550,3.82562
153551,5.0
153552,5.0
153553,4.68033
153554,4.47025
153555,4.0024
153556,4.93705
153557,2.66331
153558,3.71762
153559,4.71382
153560,3.71504
153561,4.41553
153562,4.3764
153563,4.22332
153564,4.37299
153565,4.49347
153566,4.4421
153567,5.0
153568,4.95173
153569,3.74441
153570,4.39095
153571,4.06941
153572,3.18316
153573,3.0161
153574,3.83612
153575,4.39773
153576,4.36348
153577,4.05128
153578,4.05493
153579,3.19849
153580,4.63057
153581,5.0
153582,4.77082
153583,3.70509
153584,4.8771
153585,5.0
153586,3.53657
153587,4.2648
153588,3.6298
153589,2.52148
153590,4.29683
153591,2.15638
153592,4.5546
153593,3.86919
153594,1.66083
153595,3.55787
153596,1.27902
153597,3.58351
153598,2.99069
153599,4.32484
153600,2.0829
153601,3.27409
153602,3.70178
153603,3.30188
153604,3.39144
153605,3.91866
153606,4.58367
153607,1.33351
153608,4.82402
153609,2.56922
153610,3.76678
153611,1.51669
153612,4.25116
153613,2.87514
153614,3.8784
153615,4.28893
153616,2.951
153617,2.99855
153618,1.35261
153619,3.84948
153620,2.563
153621,4.18732
153622,5.0
153623,3.53684
153624,4.84942
153625,3.32877
153626,2.35748
153627,3.32491
153628,2.72739
153629,4.71189
153630,2.73168
153631,4.05063
153632,3.2595
153633,4.1855
153634,4.53727
153635,3.8309
153636,2.79609
153637,3.447
153638,3.0091
153639,3.41594
153640,2.46416
153641,2.31757
153642,2.15348
153643,3.67379
153644,2.78078
153645,3.70263
153646,4.50434
153647,2.68727
153648,2.63053
153649,3.50526
153650,2.20778
153651,3.49159
153652,1.93088
153653,4.45539
153654,4.60753
153655,5.0
153656,3.39188
153657,3.75994
153658,4.38808
153659,4.15708
153660,3.94069
153661,3.93518
153662,3.48188
153663,3.39912
153664,3.7074
153665,3.90484
153666,3.94116
153667,4.09992
153668,3.88637
153669,2.07974
153670,4.12555
153671,3.10277
153672,3.64085
153673,3.72179
153674,3.94942
153675,4.10345
153676,3.84062
153677,3.56414
153678,3.67222
153679,2.69806
153680,3.5132
153681,3.22405
153682,3.48353
153683,4.5861
153684,3.84771
153685,3.47947
153686,4.42231
153687,3.91905
153688,3.91553
153689,4.45478
153690,4.16951
153691,3.94976
153692,4.31568
153693,4.27846
153694,2.45976
153695,3.15071
153696,2.62142
153697,2.31028
153698,3.09638
153699,2.31805
153700,2.16787
153701,3.51737
153702,2.42592
153703,2.42795
153704,2.10281
153705,2.81836
153706,2.11726
153707,2.71937
153708,2.49815
153709,2.18523
153710,1.44818
153711,2.13091
153712,2.64747
153713,2.94126
153714,2.79695
153715,3.64594
153716,4.04773
153717,2.33858
153718,1.81133
153719,2.99447
153720,1.54584
153721,2.28527
153722,4.42245
153723,2.72752
153724,1.9977
153725,3.80381
153726,2.47341
153727,3.63182
153728,1.37886
153729,3.47595
153730,2.51231
153731,2.53612
153732,2.83532
153733,2.57481
153734,2.8467
153735,1.0827
153736,2.72731
153737,3.47245
153738,2.05645
153739,3.36569
153740,3.30586
153741,2.55081
153742,3.43826
153743,2.98546
153744,4.21053
153745,1.50712
153746,3.05825
153747,3.65548
153748,1.68285
153749,2.23549
153750,4.23045
153751,1.9336
153752,3.4781
153753,1.10098
153754,2.29652
153755,3.23817
153756,3.50354
153757,3.33609
153758,2.92092
153759,2.78959
153760,3.44069
153761,3.32008
153762,3.3053
153763,2.31106
153764,2.22569
153765,2.13041
153766,2.35868
153767,3.57372
153768,2.95946
153769,1.68574
153770,1.50068
153771,3.88801
153772,2.23308
153773,1.50584
153774,2.92889
153775,3.21961
153776,2.36361
153777,3.28277
153778,2.4808
153779,1.68034
153780,3.77809
153781,2.44156
153782,4.06063
153783,2.37022
153784,3.64543
153785,2.42458
153786,3.01175
153787,3.28355
153788,2.17327
153789,3.5462
153790,3.48382
153791,3.25549
153792,3.33285
153793,2.38205
153794,3.76998
153795,3.02917
153796,3.26765
153797,3.00062
153798,2.98385
153799,2.66642
153800,3.15277
153801,3.39232
153802,2.69615
153803,2.81373
153804,2.90404
153805,3.51194
153806,2.6162
153807,2.59839
153808,3.47635
153809,3.47365
153810,3.01097
153811,3.31363
153812,3.45329
153813,3.33863
153814,3.62946
153815,3.76793
153816,2.69192
153817,2.72013
153818,3.29023
153819,3.18992
153820,3.3204
153821,3.31284
153822,2.40497
153823,3.17798
153824,2.37642
153825,3.21372
153826,2.6284
153827,2.88351
153828,2.1938
153829,1.88057
153830,3.42292
153831,2.93104
153832,2.02601
153833,3.9357
153834,3.2036
153835,2.43202
153836,3.13816
153837,1.92066
153838,3.31346
153839,3.25794
153840,2.09855
153841,3.42683
153842,3.76015
153843,3.14518
153844,2.76982
153845,2.2431
153846,3.18796
153847,3.33801
153848,3.55869
153849,2.84819
153850,2.88622
153851,3.49909
153852,3.48304
153853,3.42846
153854,3.40791
153855,3.65837
153856,2.61689
153857,4.0911
153858,3.38523
153859,3.3555
153860,3.85626
153861,3.01368
153862,3.79348
153863,3.56022
153864,3.86525
153865,3.9044
153866,3.37186
153867,3.45366
153868,2.90283
153869,4.33028
153870,3.44624
153871,3.29832
153872,3.93593
153873,4.26822
153874,3.52269
153875,4.67485
153876,3.94528
153877,3.72648
153878,3.54827
153879,3.32326
153880,2.25807
153881,2.73709
153882,3.33152
153883,4.09121
153884,3.51836
153885,3.58276
153886,3.58481
153887,3.62544
153888,3.47381
153889,3.43839
153890,4.16626
153891,3.96409
153892,3.68302
153893,4.08512
153894,3.56373
153895,3.98829
153896,3.19595
153897,3.4297
153898,3.41577
153899,4.5092
153900,3.71549
153901,4.73977
153902,4.42286
153903,3.69497
153904,4.21381
153905,4.33429
153906,4.33986
153907,3.84404
153908,2.91704
153909,3.96128
153910,3.4686
153911,4.14103
153912,4.51722
153913,4.10386
153914,3.89466
153915,4.37423
153916,4.06371
153917,4.33277
153918,3.40964
153919,4.16731
153920,4.54664
153921,3.74978
153922,4.46701
153923,3.79372
153924,3.6542
153925,3.91571
153926,3.07387
153927,4.04358
153928,3.95718
153929,4.14122
153930,4.22247
153931,3.43071
153932,4.11566
153933,4.34731
153934,4.04114
153935,3.75605
153936,4.16304
153937,3.66683
153938,3.91533
153939,4.04566
153940,3.82596
153941,4.04852
153942,2.94642
153943,4.16089
153944,4.33459
153945,4.46222
153946,3.8852
153947,4.36351
153948,3.54808
153949,3.50817
153950,4.0075
153951,2.97487
153952,4.76384
153953,4.25053
153954,4.82799
153955,3.54515
153956,3.35564
153957,4.92095
153958,3.33251
153959,3.0375
153960,2.01473
153961,2.98695
153962,3.51418
153963,2.88159
153964,4.68952
153965,4.31108
153966,4.08161
153967,4.33876
153968,5.0
153969,3.73618
153970,4.56152
153971,4.12255
153972,4.19538
153973,3.97541
153974,3.60362
153975,3.07287
153976,3.75736
153977,3.50245
153978,3.64632
153979,3.92274
153980,3.57112
153981,3.63241
153982,3.56387
153983,3.8046
153984,3.51027
153985,1.8977
153986,4.03395
153987,3.8725
153988,3.57662
153989,1.74248
153990,3.36556
153991,2.37359
153992,3.91944
153993,2.92987
153994,3.15543
153995,2.97901
153996,3.43936
153997,2.46694
153998,2.09501
153999,3.43012
154000,3.29336
154001,3.40648
154002,3.60971
154003,3.29674
154004,3.34992
154005,3.23366
154006,2.21943
154007,3.84118
154008,3.38422
154009,4.03954
154010,3.8193
154011,3.31247
154012,3.60772
154013,3.64081
154014,2.57908
154015,3.91376
154016,3.61151
154017,3.00623
154018,3.48826
154019,2.15303
154020,2.89828
154021,2.80619
154022,2.53866
154023,2.76212
154024,1.72068
154025,2.97628
154026,2.25204
154027,3.03263
154028,1.94192
154029,3.27515
154030,4.33931
154031,1.0
154032,1.87726
154033,2.92721
154034,3.87648
154035,3.27848
154036,3.8105
154037,2.70319
154038,4.61085
154039,2.56925
154040,4.19139
154041,2.95636
154042,4.13616
154043,4.16202
154044,2.28855
154045,3.33853
154046,3.1503
154047,3.34688
154048,4.55357
154049,5.0
154050,3.51893
154051,5.0
154052,4.04377
154053,3.51048
154054,4.08309
154055,4.00781
154056,1.42079
154057,2.22461
154058,4.46022
154059,4.63604
154060,3.06051
154061,4.75715
154062,1.22892
154063,4.64408
154064,4.87432
154065,4.00147
154066,4.51532
154067,4.0585
154068,5.0
154069,3.43106
154070,2.87762
154071,4.36328
154072,2.82676
154073,3.86143
154074,4.61902
154075,2.38336
154076,3.66582
154077,4.45432
154078,3.59939
154079,2.83432
154080,2.74158
154081,3.23557
154082,4.37876
154083,4.19433
154084,2.91877
154085,1.78796
154086,4.00319
154087,3.77877
154088,2.84479
154089,4.86114
154090,3.79618
154091,4.21362
154092,4.33882
154093,4.50912
154094,3.89932
154095,3.86175
154096,3.34407
154097,3.22932
154098,3.40323
154099,3.67222
154100,3.87604
154101,2.45994
154102,3.96292
154103,3.4229
154104,4.03283
154105,4.53308
154106,5.0
154107,3.7516
154108,4.19136
154109,2.40278
154110,4.09895
154111,3.85934
154112,3.70948
154113,3.81987
154114,3.04989
154115,2.95968
154116,3.54803
154117,3.39117
154118,2.91063
154119,3.4684
154120,3.75359
154121,3.60044
154122,3.47982
154123,3.40667
154124,3.77058
154125,3.49293
154126,4.17901
154127,3.29772
154128,3.23526
154129,3.36343
154130,3.80427
154131,3.0334
154132,3.38537
154133,3.9375
154134,4.10359
154135,3.35352
154136,3.83741
154137,3.64434
154138,3.67126
154139,2.36302
154140,4.368
154141,3.81751
154142,3.10348
154143,3.02387
154144,2.8876
154145,1.75198
154146,3.31458
154147,3.26966
154148,3.39624
154149,3.02188
154150,3.67744
154151,2.29198
154152,2.03488
154153,3.02263
154154,3.6425
154155,3.96446
154156,2.24257
154157,2.80798
154158,3.04055
154159,2.70831
154160,2.72625
154161,4.10598
154162,2.76111
154163,3.58196
154164,4.18048
154165,3.38426
154166,4.06643
154167,3.15271
154168,3.92361
154169,3.00102
154170,2.78056
154171,4.5513
154172,1.98639
154173,3.3656
154174,1.99308
154175,4.15936
154176,2.3835
154177,3.71381
154178,3.41905
154179,4.10692
154180,4.23236
154181,3.80542
154182,3.332
154183,3.91962
154184,2.75076
154185,3.10585
154186,3.19717
154187,2.49094
154188,4.01371
154189,4.54029
154190,2.41178
154191,3.4043
154192,4.75622
154193,4.07668
154194,3.99711
154195,4.06589
154196,4.13937
154197,3.93493
154198,5.0
154199,3.91369
154200,2.63452
154201,2.75569
154202,4.02576
154203,5.0
154204,3.2393
154205,5.0
154206,3.62253
154207,3.36617
154208,3.75155
154209,4.78403
154210,3.01918
154211,4.04774
154212,2.61722
154213,2.97953
154214,2.55061
154215,3.62145
154216,1.74328
154217,3.46492
154218,3.31462
154219,1.76259
154220,3.2208
154221,2.79142
154222,2.87448
154223,2.72799
154224,3.57853
154225,3.23175
154226,2.79863
154227,3.18463
154228,3.32674
154229,3.83202
154230,2.55467
154231,3.16962
154232,2.62955
154233,4.34349
154234,3.24466
154235,1.7931
154236,1.5659
154237,1.69749
154238,2.27528
154239,2.05804
154240,3.84513
154241,2.15291
154242,2.47236
154243,2.67606
154244,4.21385
154245,2.65654
154246,1.74238
154247,3.35372
154248,2.03601
154249,1.91926
154250,2.16732
154251,3.0499
154252,2.61437
154253,3.58819
154254,2.5394
154255,3.17723
154256,3.53653
154257,3.65519
154258,3.06666
154259,2.1227
154260,4.21584
154261,1.58566
154262,2.80311
154263,2.49734
154264,3.05636
154265,3.8224
154266,3.72887
154267,2.89677
154268,2.24496
154269,3.54324
154270,2.96808
154271,3.7877
154272,4.12457
154273,2.9166
154274,1.29901
154275,3.59612
154276,2.9166
154277,2.5889
154278,3.45502
154279,2.80698
154280,3.92456
154281,3.83881
154282,3.54485
154283,3.81369
154284,4.55733
154285,4.38896
154286,4.37864
154287,4.39701
154288,3.93204
154289,4.18196
154290,4.45307
154291,3.94756
154292,5.0
154293,4.95484
154294,3.76711
154295,4.56972
154296,4.77502
154297,4.738
154298,4.05933
154299,4.03743
154300,3.46878
154301,3.19588
154302,4.28631
154303,3.85288
154304,4.33922
154305,3.97603
154306,3.99524
154307,4.10328
154308,4.81466
154309,3.92415
154310,4.80093
154311,4.64121
154312,4.62787
154313,2.13918
154314,4.7503
154315,4.61881
154316,4.02901
154317,3.83212
154318,4.30256
154319,2.28069
154320,3.71188
154321,4.25474
154322,2.90863
154323,3.20257
154324,4.71867
154325,3.49096
154326,3.63671
154327,2.88628
154328,3.18544
154329,4.27742
154330,3.1921
154331,4.50155
154332,4.19358
154333,4.12964
154334,4.42599
154335,4.7638
154336,4.35104
154337,4.14624
154338,5.0
154339,4.30124
154340,4.59175
154341,3.08821
154342,2.97553
154343,3.27635
154344,2.47621
154345,3.8697
154346,4.08556
154347,3.03763
154348,3.77529
154349,3.72871
154350,2.87785
154351,3.76892
154352,3.58064
154353,2.6272
154354,3.64303
154355,4.17415
154356,4.00978
154357,3.73299
154358,3.70227
154359,4.09284
154360,3.59511
154361,3.54648
154362,3.48313
154363,3.55464
154364,3.27819
154365,3.97552
154366,3.80016
154367,3.52631
154368,3.88275
154369,3.92712
154370,3.48525
154371,3.6185
154372,4.01586
154373,3.88322
154374,3.85602
154375,3.54524
154376,3.86242
154377,4.10505
154378,2.7374
154379,3.76947
154380,4.1716
154381,4.18826
154382,4.27129
154383,4.04208
154384,4.69646
154385,3.23277
154386,3.86915
154387,3.74355
154388,3.44405
154389,3.4903
154390,3.76704
154391,3.8668
154392,3.99201
154393,3.92656
154394,3.46364
154395,3.19607
154396,3.87404
154397,4.26465
154398,4.46288
154399,2.91291
154400,2.68652
154401,4.25636
154402,3.50906
154403,4.64338
154404,4.29026
154405,4.48222
154406,3.53216
154407,4.36254
154408,2.88303
154409,4.55784
154410,3.33917
154411,4.30208
154412,2.39039
154413,4.38372
154414,3.35486
154415,3.69503
154416,3.62255
154417,4.28096
154418,3.65732
154419,4.13676
154420,4.32373
154421,3.92181
154422,3.13513
154423,3.54223
154424,4.11138
154425,1.46422
154426,3.73681
154427,4.83741
154428,3.72273
154429,4.1205
154430,4.40643
154431,3.44201
154432,4.59929
154433,2.58909
154434,3.14705
154435,4.9927
154436,3.53992
154437,4.05971
154438,3.85238
154439,4.52499
154440,4.25142
154441,4.96193
154442,3.03152
154443,2.71506
154444,2.6619
154445,3.41561
154446,1.14141
154447,3.93207
154448,4.55442
154449,4.95605
154450,3.92832
154451,4.33581
154452,5.0
154453,5.0
154454,4.99898
154455,3.61248
154456,4.23959
154457,4.5017
154458,4.75784
154459,4.56934
154460,4.09764
154461,3.88988
154462,3.55628
154463,4.57679
154464,3.94772
154465,4.32168
154466,4.23142
154467,3.51221
154468,4.52009
154469,3.98769
154470,5.0
154471,4.77846
154472,3.78576
154473,3.65963
154474,2.9088
154475,2.61438
154476,4.55274
154477,3.85632
154478,4.47205
154479,3.10743
154480,4.23124
154481,4.22565
154482,3.83057
154483,2.85494
154484,4.09144
154485,4.18739
154486,3.3545
154487,3.67525
154488,3.84546
154489,3.60543
154490,3.77329
154491,3.9374
154492,3.98243
154493,4.20844
154494,3.55668
154495,3.66147
154496,4.55434
154497,3.81339
154498,5.0
154499,4.72376
154500,4.02474
154501,4.59262
154502,4.43492
154503,4.07905
154504,2.13563
154505,4.32132
154506,4.46368
154507,3.98403
154508,2.41943
154509,3.18127
154510,4.69228
154511,1.37874
154512,4.05516
154513,2.68421
154514,3.99532
154515,4.87749
154516,3.38211
154517,4.61935
154518,4.02795
154519,4.07302
154520,3.68612
154521,4.21798
154522,3.27515
154523,3.50083
154524,3.80895
154525,3.88295
154526,3.83293
154527,4.13971
154528,4.09329
154529,3.47379
154530,3.44937
154531,3.73172
154532,4.84301
154533,3.93207
154534,3.74773
154535,3.71277
154536,3.82719
154537,3.03997
154538,4.34878
154539,4.31778
154540,4.62056
154541,3.4559
154542,3.64772
154543,3.98086
154544,3.55205
154545,3.89921
154546,2.58375
154547,3.89902
154548,4.42799
154549,3.47278
154550,2.42181
154551,2.71382
154552,3.76917
154553,4.17579
154554,3.89917
154555,3.90278
154556,3.3606
154557,2.7707
154558,4.00498
154559,2.18079
154560,3.6251
154561,2.54027
154562,3.71456
154563,4.34973
154564,4.13613
154565,3.28061
154566,3.71487
154567,3.60817
154568,3.88536
154569,4.1118
154570,3.63887
154571,3.60334
154572,3.06259
154573,3.4184
154574,2.97892
154575,3.00101
154576,3.25865
154577,4.52489
154578,4.74836
154579,4.7355
154580,4.77808
154581,3.09804
154582,2.79902
154583,4.32333
154584,3.19329
154585,4.21772
154586,2.87423
154587,3.84616
154588,4.81272
154589,3.12069
154590,4.01559
154591,3.4753
154592,4.72864
154593,3.90323
154594,4.52072
154595,4.23721
154596,4.67253
154597,4.09032
154598,3.56525
154599,4.56095
154600,4.45786
154601,4.53537
154602,4.44345
154603,4.18269
154604,5.0
154605,4.19388
154606,4.13339
154607,4.05301
154608,4.58041
154609,3.53998
154610,4.83194
154611,2.76583
154612,5.0
154613,3.48105
154614,3.23473
154615,4.53105
154616,4.33842
154617,3.8569
154618,4.44411
154619,4.27337
154620,4.4655
154621,4.70254
154622,3.95024
154623,4.4332
154624,4.35281
154625,4.19679
154626,4.27427
154627,4.13606
154628,3.95503
154629,4.23509
154630,3.24767
154631,4.43404
154632,3.97899
154633,4.71858
154634,4.33106
154635,4.15749
154636,3.78674
154637,4.39779
154638,4.24719
154639,4.99979
154640,4.89364
154641,4.20899
154642,4.46567
154643,4.7421
154644,4.39909
154645,4.16614
154646,4.25933
154647,4.44376
154648,4.70886
154649,4.23669
154650,4.50005
154651,5.0
154652,5.0
154653,4.47882
154654,3.56491
154655,4.86946
154656,2.83465
154657,2.3733
154658,4.50494
154659,4.00484
154660,4.75785
154661,4.38358
154662,2.64036
154663,3.31265
154664,3.59893
154665,2.90773
154666,3.96047
154667,1.0
154668,2.66868
154669,3.49926
154670,2.72556
154671,4.22392
154672,2.5389
154673,3.51977
154674,4.35973
154675,4.42898
154676,2.84468
154677,2.46936
154678,4.41101
154679,1.50916
154680,4.488
154681,3.93431
154682,4.36089
154683,2.98667
154684,4.23132
154685,4.16022
154686,2.81757
154687,3.93133
154688,4.2797
154689,1.69648
154690,3.91395
154691,4.22657
154692,2.7941
154693,3.40919
154694,2.38087
154695,4.05926
154696,3.53609
154697,3.32526
154698,4.18962
154699,4.31171
154700,3.1736
154701,4.38561
154702,4.73939
154703,2.44272
154704,2.79961
154705,3.30637
154706,1.68823
154707,4.34111
154708,4.67896
154709,3.90298
154710,1.91967
154711,3.49725
154712,1.56373
154713,3.98372
154714,3.60036
154715,3.86917
154716,4.37413
154717,3.30904
154718,2.93809
154719,3.82665
154720,2.43056
154721,4.25586
154722,4.26313
154723,2.01812
154724,2.12766
154725,3.89462
154726,3.72597
154727,4.21443
154728,2.92068
154729,4.29962
154730,4.84602
154731,4.49017
154732,2.25532
154733,2.92293
154734,2.13162
154735,2.69336
154736,4.60967
154737,4.27145
154738,4.13025
154739,4.16851
154740,4.50534
154741,2.68115
154742,3.75792
154743,3.74247
154744,4.24941
154745,4.1289
154746,4.51182
154747,2.99668
154748,2.87795
154749,3.57523
154750,3.70639
154751,3.39281
154752,3.94323
154753,3.53158
154754,4.37462
154755,4.31014
154756,3.26766
154757,3.61336
154758,3.66846
154759,3.9118
154760,4.1673
154761,3.38542
154762,3.87733
154763,4.39749
154764,4.33772
154765,3.07142
154766,3.63958
154767,4.0599
154768,3.14968
154769,3.33555
154770,2.86412
154771,3.71129
154772,3.13352
154773,3.52091
154774,3.0786
154775,2.59804
154776,3.00656
154777,3.5693
154778,2.79519
154779,3.57239
154780,4.21628
154781,4.20149
154782,3.62559
154783,2.16314
154784,3.15165
154785,4.57039
154786,3.25854
154787,4.2975
154788,3.04822
154789,3.94333
154790,3.49607
154791,3.91734
154792,2.59797
154793,5.0
154794,3.14252
154795,2.96855
154796,3.09982
154797,2.84601
154798,4.06896
154799,4.49478
154800,4.2153
154801,4.30496
154802,4.45656
154803,2.53364
154804,3.39464
154805,3.48021
154806,3.89411
154807,3.48778
154808,3.49939
154809,3.82468
154810,3.99327
154811,4.51701
154812,2.75414
154813,4.16445
154814,3.84192
154815,3.99998
154816,4.01369
154817,3.70706
154818,3.36806
154819,2.8139
154820,3.41565
154821,3.86165
154822,3.44683
154823,3.60565
154824,3.97313
154825,3.18743
154826,4.09407
154827,3.55612
154828,3.36191
154829,3.73735
154830,3.81914
154831,3.48225
154832,3.8622
154833,3.72725
154834,4.40854
154835,3.83801
154836,4.516
154837,3.85518
154838,4.32374
154839,4.18342
154840,3.87635
154841,2.15926
154842,3.26253
154843,3.38713
154844,3.05037
154845,2.65682
154846,3.87452
154847,3.57442
154848,4.64867
154849,3.26707
154850,3.51652
154851,3.65036
154852,3.44892
154853,3.30706
154854,3.76544
154855,4.335
154856,3.48482
154857,3.40245
154858,3.30201
154859,2.63709
154860,3.63598
154861,4.068
154862,4.24622
154863,4.11619
154864,4.52184
154865,3.73648
154866,3.83366
154867,4.27528
154868,3.79215
154869,1.91529
154870,3.1354
154871,3.85416
154872,3.30775
154873,3.42173
154874,4.11086
154875,3.88775
154876,3.661
154877,4.70112
154878,3.99784
154879,4.00035
154880,3.06608
154881,4.37225
154882,3.37352
154883,3.30146
154884,4.05092
154885,3.46752
154886,3.80832
154887,3.01185
154888,3.1556
154889,4.66082
154890,4.3677
154891,3.57839
154892,2.31458
154893,3.12472
154894,3.25271
154895,4.14256
154896,4.12899
154897,3.99676
154898,4.34438
154899,3.84319
154900,4.20539
154901,4.16846
154902,3.49213
154903,3.87324
154904,3.84257
154905,3.73137
154906,2.27581
154907,1.48889
154908,1.39245
154909,2.12343
154910,2.06535
154911,2.73764
154912,1.54599
154913,1.87956
154914,3.35522
154915,3.85641
154916,2.53788
154917,1.30557
154918,1.91004
154919,2.01544
154920,1.65761
154921,2.62334
154922,4.10514
154923,1.94788
154924,2.37991
154925,2.25898
154926,4.96856
154927,3.09291
154928,3.30503
154929,2.20762
154930,2.20084
154931,4.02643
154932,2.62995
154933,1.39538
154934,2.91482
154935,4.51413
154936,1.69811
154937,1.04385
154938,3.36147
154939,2.07901
154940,3.16674
154941,1.27575
154942,3.4372
154943,2.33745
154944,3.09115
154945,1.75827
154946,3.82553
154947,3.86274
154948,3.17648
154949,3.24797
154950,3.31229
154951,2.68308
154952,3.88129
154953,2.7764
154954,3.98671
154955,2.88751
154956,3.1425
154957,2.61749
154958,1.64726
154959,4.33347
154960,3.87103
154961,4.47959
154962,4.54654
154963,2.99289
154964,4.87809
154965,3.90714
154966,4.81447
154967,4.488
154968,4.4308
154969,4.2569
154970,4.24539
154971,4.1236
154972,3.28078
154973,3.75524
154974,3.93669
154975,3.85327
154976,4.59986
154977,4.4869
154978,4.27311
154979,3.01984
154980,4.45255
154981,3.44556
154982,3.05512
154983,4.26426
154984,4.58161
154985,2.988
154986,4.33907
154987,4.23681
154988,4.36911
154989,2.99254
154990,4.78364
154991,3.98147
154992,4.25612
154993,4.33652
154994,4.15438
154995,2.312
154996,2.86581
154997,2.94028
154998,3.72156
154999,4.44472
155000,3.68348
155001,4.62484
155002,4.31066
155003,4.40995
155004,4.19178
155005,4.14668
155006,3.79638
155007,3.14024
155008,3.57858
155009,3.16182
155010,4.37934
155011,3.16573
155012,3.05661
155013,3.08161
155014,4.47435
155015,2.0797
155016,3.91787
155017,3.88832
155018,3.56065
155019,4.5204
155020,2.71743
155021,3.17615
155022,3.61829
155023,3.1406
155024,2.46027
155025,4.82241
155026,3.48665
155027,3.59049
155028,3.96898
155029,4.81861
155030,3.63092
155031,3.60728
155032,2.83958
155033,4.30648
155034,4.1785
155035,2.37902
155036,4.33237
155037,3.76063
155038,3.7708
155039,1.74537
155040,3.47988
155041,4.50568
155042,3.56669
155043,2.16748
155044,4.2336
155045,4.24461
155046,4.77077
155047,3.2969
155048,4.30195
155049,2.846
155050,3.756
155051,3.25595
155052,4.17875
155053,3.1742
155054,2.2371
155055,4.20797
155056,4.20874
155057,2.57538
155058,3.58038
155059,4.07758
155060,3.13185
155061,3.50039
155062,4.53745
155063,2.51211
155064,3.89843
155065,3.11024
155066,1.94089
155067,3.43304
155068,4.59197
155069,4.08771
155070,3.45061
155071,3.22222
155072,4.64381
155073,4.82465
155074,3.82048
155075,2.36442
155076,4.14802
155077,4.80869
155078,3.22093
155079,4.40482
155080,2.50903
155081,4.04102
155082,3.5619
155083,5.0
155084,4.31741
155085,4.96323
155086,1.70372
155087,4.31338
155088,3.68041
155089,4.82477
155090,3.55581
155091,3.63335
155092,4.6637
155093,1.97439
155094,4.85856
155095,3.25802
155096,4.83638
155097,4.68547
155098,3.27554
155099,4.81106
155100,2.37481
155101,4.27986
155102,2.67641
155103,2.75518
155104,4.02824
155105,4.44331
155106,1.51258
155107,4.85096
155108,4.70358
155109,2.62925
155110,4.37128
155111,1.17549
155112,3.63164
155113,3.9927
155114,4.48429
155115,4.3924
155116,2.33668
155117,4.99098
155118,3.29717
155119,3.68585
155120,4.28964
155121,3.21898
155122,4.57188
155123,3.86328
155124,3.62441
155125,4.14606
155126,4.06288
155127,4.02619
155128,4.95049
155129,4.29296
155130,4.06234
155131,4.22532
155132,3.01589
155133,4.67597
155134,4.80477
155135,4.44679
155136,4.5681
155137,4.25611
155138,3.34712
155139,4.61277
155140,3.62954
155141,2.65573
155142,3.09064
155143,3.9856
155144,3.81769
155145,2.37777
155146,3.75866
155147,3.26108
155148,4.11317
155149,3.70193
155150,1.99245
155151,4.23764
155152,3.90872
155153,4.43641
155154,4.03255
155155,3.75853
155156,3.87605
155157,4.35139
155158,4.69712
155159,4.73951
155160,4.23273
155161,4.21164
155162,4.13573
155163,4.0132
155164,3.79928
155165,3.22642
155166,3.79125
155167,3.69071
155168,3.96644
155169,3.72347
155170,4.39729
155171,4.25274
155172,3.37931
155173,4.42977
155174,3.40599
155175,3.3651
155176,3.98814
155177,3.64293
155178,3.33174
155179,3.76241
155180,2.93151
155181,3.99003
155182,3.82616
155183,3.95688
155184,3.68563
155185,3.19302
155186,3.65925
155187,3.98904
155188,3.50029
155189,3.15703
155190,3.66291
155191,3.40573
155192,3.52091
155193,2.9554
155194,4.19055
155195,3.96641
155196,4.56246
155197,4.82947
155198,4.37558
155199,3.75825
155200,3.66348
155201,3.99646
155202,3.81712
155203,3.37899
155204,4.90998
155205,4.28358
155206,3.54888
155207,3.94052
155208,3.53411
155209,4.42962
155210,5.0
155211,5.0
155212,2.87584
155213,4.51367
155214,4.28725
155215,5.0
155216,2.89172
155217,3.05881
155218,4.7498
155219,4.55878
155220,3.22582
155221,4.22939
155222,3.13416
155223,2.41132
155224,4.21795
155225,3.79326
155226,2.95152
155227,1.65334
155228,3.11191
155229,2.03372
155230,3.58423
155231,3.00078
155232,2.19549
155233,4.44405
155234,2.51508
155235,3.83274
155236,1.32874
155237,3.45657
155238,2.94823
155239,4.14845
155240,3.52412
155241,3.01661
155242,2.09387
155243,1.31641
155244,1.68352
155245,2.46846
155246,2.10634
155247,4.04662
155248,2.49116
155249,3.79883
155250,2.12288
155251,2.77147
155252,1.21617
155253,3.79464
155254,1.56952
155255,1.0
155256,3.43719
155257,2.57663
155258,2.08783
155259,2.93449
155260,2.74387
155261,4.1535
155262,1.98988
155263,1.97872
155264,3.44937
155265,2.06975
155266,2.00294
155267,1.05105
155268,2.01522
155269,1.30375
155270,3.25106
155271,1.36267
155272,2.35521
155273,3.85491
155274,2.1672
155275,1.88109
155276,3.62804
155277,2.78584
155278,1.11711
155279,4.22744
155280,3.12252
155281,2.09298
155282,2.09556
155283,3.64466
155284,2.61055
155285,1.36628
155286,3.27908
155287,2.00368
155288,4.08791
155289,3.12655
155290,2.95561
155291,2.73529
155292,3.67442
155293,1.87956
155294,3.24676
155295,4.78912
155296,3.51557
155297,3.88457
155298,4.12129
155299,3.56813
155300,4.36608
155301,3.38725
155302,4.05486
155303,4.12748
155304,4.62747
155305,3.83233
155306,3.98637
155307,4.53494
155308,3.6194
155309,3.95356
155310,3.21664
155311,3.58419
155312,3.66865
155313,4.31078
155314,4.08281
155315,2.29118
155316,3.27515
155317,3.86427
155318,4.40912
155319,3.34577
155320,4.08632
155321,3.57039
155322,4.41811
155323,3.97131
155324,2.12476
155325,3.84008
155326,3.50312
155327,4.65883
155328,4.43049
155329,1.91162
155330,3.6181
155331,3.89645
155332,1.63788
155333,4.03599
155334,4.75666
155335,3.95569
155336,4.24472
155337,3.79234
155338,4.13414
155339,3.4941
155340,3.51326
155341,4.76095
155342,4.52992
155343,4.36871
155344,3.59828
155345,4.82581
155346,4.07304
155347,4.09715
155348,4.45652
155349,4.55518
155350,3.21039
155351,4.42108
155352,4.417
155353,4.30372
155354,3.37217
155355,3.77863
155356,2.5807
155357,4.53893
155358,4.70098
155359,4.74501
155360,4.8795
155361,4.51831
155362,4.69276
155363,4.03337
155364,3.31973
155365,3.91601
155366,4.53636
155367,2.09799
155368,3.71615
155369,3.42101
155370,4.23019
155371,3.44245
155372,3.80234
155373,2.96824
155374,1.3197
155375,4.18564
155376,4.04384
155377,3.68056
155378,2.08936
155379,3.62945
155380,4.18188
155381,4.80664
155382,2.02339
155383,3.35021
155384,3.44916
155385,3.62817
155386,3.00288
155387,3.11575
155388,3.6249
155389,3.9727
155390,3.92176
155391,3.40547
155392,3.84965
155393,1.90358
155394,2.49851
155395,3.83944
155396,3.87148
155397,3.4628
155398,3.75913
155399,3.26075
155400,1.61026
155401,2.5809
155402,2.15982
155403,2.94131
155404,2.04728
155405,3.6634
155406,3.02902
155407,3.83826
155408,2.10831
155409,2.48559
155410,3.79834
155411,1.64889
155412,2.98249
155413,3.76812
155414,3.4469
155415,3.90992
155416,3.34041
155417,4.08012
155418,3.72279
155419,2.85824
155420,3.64432
155421,3.09216
155422,3.52983
155423,2.61792
155424,3.11866
155425,2.24072
155426,3.49575
155427,2.01713
155428,2.69944
155429,2.1949
155430,1.79317
155431,3.25437
155432,2.16121
155433,2.48157
155434,3.77624
155435,3.1411
155436,2.69347
155437,3.40874
155438,3.00299
155439,2.67148
155440,3.46666
155441,3.70702
155442,2.32602
155443,3.58694
155444,2.10669
155445,3.21065
155446,2.44171
155447,1.85676
155448,3.00461
155449,2.37201
155450,3.31413
155451,3.81145
155452,3.46145
155453,3.79054
155454,3.50259
155455,1.0
155456,1.70445
155457,3.42071
155458,3.58735
155459,1.35379
155460,4.12339
155461,3.25445
155462,2.44474
155463,2.84144
155464,2.53024
155465,3.42167
155466,3.46
155467,4.85339
155468,1.53647
155469,2.74011
155470,4.33084
155471,2.86255
155472,2.11298
155473,3.50762
155474,1.96228
155475,2.11838
155476,3.2451
155477,2.27868
155478,4.00325
155479,3.49958
155480,3.49027
155481,3.18052
155482,4.07685
155483,1.30691
155484,1.0
155485,1.9925
155486,2.38601
155487,3.043
155488,3.91567
155489,3.79319
155490,4.30936
155491,4.39244
155492,4.50006
155493,4.72328
155494,4.141
155495,4.40084
155496,3.58319
155497,3.6702
155498,4.3329
155499,4.01857
155500,4.05941
155501,3.96431
155502,4.81991
155503,4.09463
155504,3.12641
155505,4.32268
155506,4.36966
155507,4.65413
155508,2.7765
155509,4.75187
155510,4.28782
155511,5.0
155512,4.28083
155513,4.81063
155514,4.27636
155515,4.47024
155516,4.23424
155517,4.10986
155518,4.54298
155519,4.84891
155520,2.32129
155521,4.63523
155522,2.73408
155523,4.1486
155524,5.0
155525,5.0
155526,3.92755
155527,3.35255
155528,3.77494
155529,5.0
155530,3.17505
155531,4.58289
155532,4.61198
155533,3.84837
155534,4.06272
155535,5.0
155536,5.0
155537,2.42647
155538,4.07854
155539,4.20134
155540,3.71426
155541,4.79003
155542,4.3809
155543,2.2491
155544,2.58274
155545,4.71822
155546,3.87894
155547,3.06207
155548,5.0
155549,3.08908
155550,3.60103
155551,5.0
155552,3.71195
155553,3.32189
155554,3.9459
155555,3.96006
155556,4.24388
155557,3.48693
155558,3.40344
155559,4.8681
155560,4.65474
155561,3.74097
155562,4.47247
155563,3.71097
155564,3.98978
155565,4.12233
155566,4.379
155567,3.32455
155568,4.37074
155569,4.20831
155570,4.33632
155571,4.46803
155572,4.22214
155573,3.83293
155574,4.06155
155575,4.7921
155576,4.26373
155577,4.21687
155578,4.07928
155579,3.26996
155580,3.59775
155581,2.91241
155582,3.04856
155583,3.37854
155584,3.37996
155585,3.03143
155586,3.97142
155587,3.50106
155588,3.12826
155589,3.9423
155590,3.52618
155591,3.9579
155592,3.13591
155593,3.77564
155594,3.04084
155595,4.79518
155596,3.39817
155597,3.17346
155598,2.88218
155599,3.48373
155600,2.2005
155601,2.96595
155602,4.31321
155603,3.45897
155604,3.28887
155605,4.19773
155606,3.11335
155607,4.03768
155608,4.00901
155609,3.86635
155610,3.75431
155611,3.89524
155612,3.08766
155613,3.84029
155614,3.77528
155615,3.00535
155616,3.75066
155617,3.78548
155618,3.59255
155619,3.18492
155620,3.83107
155621,3.40278
155622,1.99923
155623,4.20241
155624,3.49236
155625,4.17603
155626,4.34663
155627,3.99085
155628,3.05198
155629,3.88528
155630,3.89025
155631,3.54562
155632,4.56428
155633,4.70773
155634,4.37491
155635,4.6358
155636,3.23084
155637,3.37285
155638,3.72223
155639,3.94127
155640,4.34748
155641,4.20901
155642,1.68682
155643,1.23256
155644,3.90409
155645,4.42178
155646,3.73632
155647,2.49581
155648,4.4589
155649,4.0399
155650,3.6811
155651,2.74365
155652,3.45182
155653,4.68511
155654,5.0
155655,4.63268
155656,4.02211
155657,4.01545
155658,4.21976
155659,3.55284
155660,2.54143
155661,3.47761
155662,4.61575
155663,3.71692
155664,4.44286
155665,3.80448
155666,3.26162
155667,4.00982
155668,4.89312
155669,3.61887
155670,4.23669
155671,3.47817
155672,4.4126
155673,4.23639
155674,3.62496
155675,4.31042
155676,4.16669
155677,4.35064
155678,4.76464
155679,4.86618
155680,4.68608
155681,4.18663
155682,5.0
155683,3.98291
155684,5.0
155685,4.09185
155686,4.14261
155687,4.1012
155688,4.442
155689,4.26903
155690,4.74126
155691,5.0
155692,1.86926
155693,2.64594
155694,3.99687
155695,1.65407
155696,1.0
155697,4.29678
155698,3.00572
155699,3.16483
155700,2.82861
155701,2.92106
155702,3.06508
155703,2.99784
155704,1.2954
155705,1.19612
155706,1.45912
155707,2.50764
155708,3.0207
155709,3.14757
155710,2.17535
155711,4.3963
155712,3.80249
155713,2.67746
155714,3.84466
155715,3.45121
155716,2.66876
155717,2.6668
155718,3.52215
155719,1.08649
155720,1.27752
155721,1.0
155722,2.59039
155723,3.73091
155724,3.96446
155725,1.0
155726,3.68238
155727,1.3216
155728,3.97689
155729,3.50527
155730,2.04139
155731,4.5263
155732,4.0241
155733,4.5414
155734,4.01677
155735,4.29066
155736,4.5178
155737,3.83189
155738,2.70624
155739,4.80854
155740,3.55611
155741,3.67436
155742,4.58348
155743,2.29245
155744,3.26667
155745,4.31289
155746,4.35615
155747,3.91217
155748,2.98499
155749,2.90826
155750,3.52053
155751,3.50339
155752,4.2833
155753,4.27913
155754,2.0974
155755,3.39361
155756,5.0
155757,3.8925
155758,3.95381
155759,4.02343
155760,4.36233
155761,3.89185
155762,4.00338
155763,3.40444
155764,3.8776
155765,4.56726
155766,4.44562
155767,4.23878
155768,4.89324
155769,4.2842
155770,3.31823
155771,4.35778
155772,4.58573
155773,4.03305
155774,3.38151
155775,2.25363
155776,3.81587
155777,3.52947
155778,4.15209
155779,2.42753
155780,3.44907
155781,3.93577
155782,1.99145
155783,4.7001
155784,4.44642
155785,4.41787
155786,2.61195
155787,4.42944
155788,2.96134
155789,4.18841
155790,2.33863
155791,2.70194
155792,4.59658
155793,3.6696
155794,1.16546
155795,1.57622
155796,4.3169
155797,1.90676
155798,3.60721
155799,3.06753
155800,2.99918
155801,2.91857
155802,4.05269
155803,4.10772
155804,3.65153
155805,4.10674
155806,3.41707
155807,3.01179
155808,4.20669
155809,4.08217
155810,3.97844
155811,3.39047
155812,4.96173
155813,3.02917
155814,3.38366
155815,4.55287
155816,5.0
155817,4.63928
155818,4.44114
155819,4.80996
155820,5.0
155821,4.60449
155822,2.9192
155823,3.26876
155824,3.86151
155825,3.89276
155826,3.68871
155827,5.0
155828,2.76332
155829,4.08744
155830,3.14124
155831,3.80985
155832,4.15439
155833,3.22133
155834,4.19903
155835,3.70517
155836,4.85518
155837,4.69025
155838,3.36881
155839,2.50072
155840,4.45617
155841,4.45023
155842,3.76105
155843,3.40844
155844,3.93514
155845,3.74346
155846,4.36636
155847,2.97928
155848,4.08411
155849,4.79902
155850,4.42817
155851,4.10527
155852,4.6923
155853,3.69432
155854,2.62022
155855,4.15108
155856,3.23528
155857,3.69222
155858,3.57836
155859,3.46094
155860,3.95161
155861,4.28196
155862,2.70074
155863,3.18174
155864,3.73435
155865,3.49037
155866,2.78028
155867,3.95184
155868,3.71655
155869,2.93029
155870,3.45017
155871,3.80892
155872,3.43304
155873,3.56923
155874,3.91138
155875,3.12349
155876,3.39703
155877,1.91081
155878,2.57179
155879,4.1121
155880,3.36226
155881,3.89021
155882,3.92462
155883,3.82162
155884,3.04684
155885,2.73479
155886,4.01101
155887,3.5585
155888,3.05271
155889,3.30075
155890,3.33078
155891,3.26818
155892,2.92014
155893,3.17824
155894,3.62926
155895,3.71427
155896,3.3397
155897,2.32963
155898,5.0
155899,3.90304
155900,3.58561
155901,3.11684
155902,3.68792
155903,3.47893
155904,2.53597
155905,2.11086
155906,2.90692
155907,2.59088
155908,2.46334
155909,3.37839
155910,2.95454
155911,3.32664
155912,4.28819
155913,3.79177
155914,2.84503
155915,4.73084
155916,2.70923
155917,3.39373
155918,4.18504
155919,1.0
155920,2.86527
155921,1.0
155922,2.91709
155923,2.38933
155924,3.43382
155925,2.37963
155926,3.16696
155927,3.36571
155928,5.0
155929,3.22466
155930,3.24275
155931,3.84457
155932,3.24228
155933,3.44279
155934,5.0
155935,2.87549
155936,3.82093
155937,4.11583
155938,2.04218
155939,4.99434
155940,4.49374
155941,3.73194
155942,4.91558
155943,3.42309
155944,4.47588
155945,4.10591
155946,4.53681
155947,4.06362
155948,1.0
155949,4.5186
155950,3.13329
155951,5.0
155952,5.0
155953,3.97888
155954,3.72287
155955,4.41196
155956,4.39686
155957,4.08551
155958,3.8656
155959,1.83859
155960,4.55934
155961,3.57102
155962,5.0
155963,3.81639
155964,3.72775
155965,3.29602
155966,3.95833
155967,2.41756
155968,4.14255
155969,3.7082
155970,5.0
155971,4.12083
155972,4.67998
155973,3.76451
155974,4.30771
155975,4.47569
155976,4.79726
155977,4.21631
155978,4.81873
155979,4.14224
155980,4.09466
155981,3.14798
155982,5.0
155983,3.33769
155984,2.14605
155985,2.9788
155986,4.17159
155987,3.65792
155988,4.53941
155989,3.81245
155990,3.90553
155991,4.01132
155992,3.72908
155993,4.52897
155994,4.39699
155995,4.95455
155996,3.44029
155997,5.0
155998,3.5701
155999,3.02182
156000,4.48697
156001,2.23158
156002,3.11944
156003,1.99765
156004,3.73291
156005,1.28664
156006,3.50299
156007,3.58634
156008,2.42044
156009,3.05866
156010,2.69637
156011,2.67209
156012,3.86508
156013,3.91194
156014,2.0934
156015,2.70247
156016,3.57308
156017,3.25326
156018,3.17218
156019,2.49919
156020,2.60891
156021,2.52237
156022,1.0
156023,3.8754
156024,3.59669
156025,2.96523
156026,2.58527
156027,2.53218
156028,3.85358
156029,3.06359
156030,3.03796
156031,3.64572
156032,4.32819
156033,3.66119
156034,2.68168
156035,3.92629
156036,4.99756
156037,2.39222
156038,4.10937
156039,3.29839
156040,3.22858
156041,1.73423
156042,3.19472
156043,2.85146
156044,3.12717
156045,3.4875
156046,4.7855
156047,2.83915
156048,3.55693
156049,3.36096
156050,3.42641
156051,3.53426
156052,3.88435
156053,3.7629
156054,2.88075
156055,3.7937
156056,3.92324
156057,3.31903
156058,4.01264
156059,2.48216
156060,3.98617
156061,3.03356
156062,4.53956
156063,4.48692
156064,4.07435
156065,5.0
156066,3.98156
156067,3.97371
156068,4.59534
156069,3.86543
156070,3.28521
156071,2.50863
156072,4.22518
156073,3.93989
156074,4.2085
156075,5.0
156076,4.2064
156077,4.51718
156078,4.30521
156079,4.48674
156080,4.91204
156081,3.46239
156082,3.61747
156083,4.83324
156084,4.00463
156085,4.75472
156086,4.13255
156087,4.07152
156088,3.04038
156089,3.81778
156090,2.10148
156091,3.29655
156092,4.20606
156093,2.23572
156094,4.34888
156095,4.48346
156096,4.22743
156097,4.04417
156098,4.61128
156099,3.97864
156100,3.69716
156101,2.94702
156102,2.94496
156103,2.21294
156104,3.99534
156105,3.19306
156106,3.36265
156107,2.47748
156108,3.17917
156109,3.80521
156110,3.72405
156111,3.69453
156112,3.37319
156113,3.25875
156114,3.21056
156115,2.99215
156116,3.9608
156117,3.11024
156118,2.91689
156119,4.06166
156120,4.19688
156121,3.5502
156122,3.39575
156123,3.86793
156124,4.42703
156125,4.36163
156126,2.31003
156127,4.44303
156128,2.75844
156129,5.0
156130,4.72543
156131,3.96629
156132,4.05821
156133,3.43321
156134,3.98195
156135,2.40548
156136,3.01065
156137,3.54156
156138,2.84522
156139,3.27934
156140,3.6
156141,2.45842
156142,3.13597
156143,3.74371
156144,3.883
156145,3.78846
156146,3.46415
156147,3.56199
156148,2.9212
156149,3.70845
156150,3.0975
156151,2.96144
156152,3.01273
156153,2.39124
156154,3.49333
156155,3.67883
156156,3.49206
156157,2.58947
156158,3.59528
156159,2.19512
156160,3.65489
156161,2.97599
156162,2.48645
156163,3.80512
156164,2.96328
156165,3.7138
156166,2.17313
156167,3.66384
156168,3.56157
156169,4.21203
156170,3.22978
156171,2.94877
156172,3.02193
156173,3.10254
156174,2.81502
156175,4.60555
156176,3.42694
156177,3.42792
156178,4.05342
156179,3.42009
156180,4.65998
156181,3.58925
156182,3.44433
156183,4.48291
156184,4.02444
156185,4.00793
156186,2.62636
156187,4.24238
156188,4.50797
156189,3.03492
156190,3.32763
156191,3.78994
156192,3.65174
156193,3.13574
156194,3.60628
156195,3.20163
156196,3.54776
156197,4.35278
156198,4.30189
156199,3.64025
156200,4.38106
156201,5.0
156202,4.0768
156203,4.63495
156204,4.51995
156205,4.38835
156206,3.83228
156207,2.79479
156208,3.06968
156209,3.69879
156210,3.90736
156211,3.38567
156212,4.41336
156213,3.75158
156214,1.94939
156215,2.57071
156216,3.70182
156217,3.85579
156218,2.7186
156219,3.40724
156220,4.31862
156221,3.8217
156222,3.82726
156223,2.821
156224,3.7617
156225,4.23773
156226,4.22641
156227,4.57647
156228,3.07554
156229,3.64521
156230,4.6729
156231,2.88145
156232,3.2677
156233,4.87836
156234,3.80229
156235,4.35676
156236,3.83713
156237,3.60983
156238,3.41895
156239,3.44167
156240,4.40526
156241,3.02275
156242,4.2309
156243,4.11666
156244,4.61189
156245,3.68571
156246,3.59914
156247,4.00616
156248,4.35095
156249,4.86542
156250,4.11559
156251,4.65218
156252,5.0
156253,2.97936
156254,3.39889
156255,3.60396
156256,3.27324
156257,4.00728
156258,3.88969
156259,2.92836
156260,4.15107
156261,2.35257
156262,2.51908
156263,2.17061
156264,2.37019
156265,1.79637
156266,1.8061
156267,2.32692
156268,2.05415
156269,3.84372
156270,3.32229
156271,3.91398
156272,2.62565
156273,3.2201
156274,2.03121
156275,4.11654
156276,2.55447
156277,3.70059
156278,3.67801
156279,3.68857
156280,4.48241
156281,2.75164
156282,3.28043
156283,3.49261
156284,3.66518
156285,3.37729
156286,3.91931
156287,3.49997
156288,3.46423
156289,3.23158
156290,3.53897
156291,3.38231
156292,3.77452
156293,4.02376
156294,4.5585
156295,3.39414
156296,3.06396
156297,3.49566
156298,3.51615
156299,3.49813
156300,3.72079
156301,3.40258
156302,4.02889
156303,4.27183
156304,3.2137
156305,4.07211
156306,3.81048
156307,3.81155
156308,4.10599
156309,4.35728
156310,4.18022
156311,3.25663
156312,3.75617
156313,3.93097
156314,3.80371
156315,3.77285
156316,4.15417
156317,3.40031
156318,3.35782
156319,3.62835
156320,3.38883
156321,3.12831
156322,3.13345
156323,3.90208
156324,3.38347
156325,2.9929
156326,3.82732
156327,3.4825
156328,3.04542
156329,4.53719
156330,3.91551
156331,4.50538
156332,4.74795
156333,3.38995
156334,3.5904
156335,3.14022
156336,3.64461
156337,2.96517
156338,3.90896
156339,3.9275
156340,3.24105
156341,3.55817
156342,3.94367
156343,3.33156
156344,3.26205
156345,3.72897
156346,3.05527
156347,3.77376
156348,3.91799
156349,4.55721
156350,3.84793
156351,3.18277
156352,3.28174
156353,4.18325
156354,3.26631
156355,4.00652
156356,3.24245
156357,3.8653
156358,4.33753
156359,4.0953
156360,3.70674
156361,2.67521
156362,3.17101
156363,4.04136
156364,4.27036
156365,4.44539
156366,2.72909
156367,1.64923
156368,4.20599
156369,4.48105
156370,3.62491
156371,4.77773
156372,3.99748
156373,3.9629
156374,3.1611
156375,4.55098
156376,4.86865
156377,4.45775
156378,3.70122
156379,3.46905
156380,3.90342
156381,4.95714
156382,3.52157
156383,4.51224
156384,4.34615
156385,2.66741
156386,4.26403
156387,4.42626
156388,4.68222
156389,4.29365
156390,4.91893
156391,4.20056
156392,4.1235
156393,2.94928
156394,5.0
156395,3.84073
156396,3.21984
156397,4.39903
156398,4.3503
156399,3.42239
156400,4.36875
156401,4.31067
156402,2.47931
156403,4.49942
156404,2.83844
156405,4.30479
156406,2.83063
156407,4.10395
156408,4.11311
156409,4.3681
156410,3.84652
156411,3.26515
156412,4.5543
156413,2.21885
156414,4.82479
156415,2.34225
156416,4.50752
156417,4.01465
156418,4.37238
156419,4.61318
156420,4.18628
156421,4.28147
156422,3.75537
156423,3.89863
156424,3.77313
156425,4.38609
156426,2.9367
156427,3.85488
156428,2.60039
156429,3.12804
156430,3.60941
156431,3.84251
156432,2.99747
156433,3.37503
156434,2.97325
156435,3.52616
156436,2.46516
156437,2.92816
156438,3.27865
156439,3.16562
156440,2.30306
156441,2.99989
156442,3.1001
156443,3.11329
156444,3.27101
156445,3.15896
156446,2.59282
156447,3.22166
156448,3.3611
156449,3.03982
156450,2.72809
156451,2.82044
156452,2.71796
156453,2.34889
156454,3.09074
156455,2.82737
156456,4.7585
156457,3.0261
156458,4.45356
156459,3.52925
156460,2.81676
156461,3.5621
156462,2.58508
156463,3.50383
156464,2.93557
156465,4.25874
156466,3.11128
156467,2.11544
156468,3.3467
156469,4.39266
156470,2.86162
156471,2.6932
156472,2.40253
156473,4.25785
156474,3.57857
156475,2.51198
156476,3.43588
156477,3.23683
156478,3.86542
156479,2.51896
156480,3.84123
156481,2.65804
156482,3.71201
156483,2.89152
156484,2.47633
156485,3.75083
156486,2.60402
156487,3.5148
156488,2.26851
156489,3.60011
156490,2.891
156491,3.36045
156492,2.15865
156493,3.01274
156494,3.58001
156495,3.58867
156496,3.18246
156497,3.48334
156498,3.00003
156499,3.20497
156500,4.05068
156501,4.22091
156502,2.70717
156503,3.35956
156504,3.77729
156505,3.88337
156506,2.45593
156507,3.65483
156508,3.33042
156509,4.0543
156510,4.99289
156511,5.0
156512,4.18065
156513,4.11949
156514,3.40459
156515,3.30347
156516,4.02684
156517,3.89864
156518,3.62289
156519,3.52178
156520,2.83088
156521,4.19242
156522,3.04305
156523,2.64108
156524,3.58074
156525,5.0
156526,2.62761
156527,4.66808
156528,3.78161
156529,3.95169
156530,4.625
156531,4.91138
156532,4.87646
156533,4.72619
156534,4.85203
156535,4.5847
156536,4.66573
156537,4.35472
156538,4.58569
156539,3.91826
156540,3.91643
156541,4.00891
156542,4.2097
156543,4.55163
156544,4.58092
156545,3.58317
156546,4.06053
156547,4.5616
156548,4.37042
156549,1.6207
156550,4.38978
156551,3.29327
156552,2.65102
156553,2.92234
156554,3.74686
156555,1.81258
156556,3.66739
156557,2.24272
156558,2.18672
156559,2.13848
156560,1.73055
156561,3.14618
156562,3.50318
156563,2.9504
156564,2.44762
156565,3.06072
156566,2.97262
156567,4.66903
156568,3.60942
156569,3.24793
156570,3.08931
156571,3.97659
156572,2.79494
156573,3.58476
156574,2.78989
156575,2.20962
156576,1.21984
156577,4.40407
156578,3.56624
156579,3.49328
156580,2.78229
156581,4.55442
156582,1.74165
156583,5.0
156584,4.53822
156585,4.69852
156586,3.655
156587,3.95276
156588,4.09289
156589,3.60944
156590,4.04294
156591,1.0
156592,1.31033
156593,2.5741
156594,5.0
156595,1.24487
156596,3.71742
156597,1.73948
156598,3.02719
156599,1.53406
156600,3.32161
156601,2.51647
156602,2.42816
156603,4.9327
156604,1.91555
156605,1.0
156606,4.73554
156607,2.50556
156608,3.91277
156609,3.81578
156610,4.06269
156611,4.82018
156612,4.03614
156613,1.87767
156614,1.0
156615,1.47569
156616,5.0
156617,1.72889
156618,4.3174
156619,4.68505
156620,2.47952
156621,2.83116
156622,1.0
156623,2.22745
156624,1.0
156625,2.57412
156626,2.64536
156627,4.20405
156628,2.68056
156629,4.07252
156630,2.44509
156631,2.37406
156632,2.7326
156633,2.1448
156634,1.40236
156635,2.03522
156636,3.152
156637,5.0
156638,3.94234
156639,3.807
156640,2.88427
156641,3.80133
156642,1.25147
156643,3.57608
156644,1.63163
156645,2.47195
156646,1.22412
156647,2.29884
156648,1.77127
156649,1.07501
156650,3.2768
156651,1.85905
156652,3.9239
156653,2.82512
156654,2.62221
156655,1.0
156656,2.88814
156657,3.83072
156658,4.02674
156659,1.78985
156660,1.48788
156661,1.0
156662,4.43576
156663,1.0
156664,4.03618
156665,4.34137
156666,2.94106
156667,1.51967
156668,3.92804
156669,1.76035
156670,1.0
156671,2.84267
156672,1.0
156673,3.30517
156674,5.0
156675,4.01017
156676,4.30466
156677,2.0658
156678,2.56485
156679,3.96089
156680,3.35776
156681,4.35031
156682,4.23808
156683,4.31563
156684,4.85929
156685,4.62068
156686,2.90612
156687,4.56084
156688,3.89352
156689,2.12872
156690,4.02936
156691,4.45206
156692,3.53577
156693,4.2865
156694,4.38309
156695,3.64394
156696,3.83295
156697,3.45513
156698,3.87839
156699,2.84462
156700,3.35272
156701,3.35627
156702,2.82902
156703,4.44351
156704,3.50706
156705,2.96866
156706,4.24716
156707,2.62598
156708,4.18527
156709,4.03867
156710,3.53536
156711,3.7093
156712,3.5716
156713,5.0
156714,3.15843
156715,4.68465
156716,3.42854
156717,4.20014
156718,4.23237
156719,3.23679
156720,4.401
156721,4.23399
156722,4.53735
156723,3.94162
156724,4.35705
156725,3.74967
156726,4.05355
156727,4.21358
156728,4.24857
156729,4.31892
156730,3.71993
156731,4.05354
156732,4.46361
156733,3.53334
156734,3.84217
156735,3.24822
156736,4.52776
156737,4.56454
156738,3.95271
156739,4.63604
156740,3.70318
156741,3.824
156742,4.90859
156743,4.32163
156744,3.47453
156745,4.0341
156746,4.40648
156747,3.57337
156748,3.46446
156749,3.67101
156750,3.71305
156751,3.90898
156752,3.55025
156753,3.69875
156754,4.41931
156755,3.53468
156756,3.90998
156757,3.34985
156758,3.1877
156759,3.63843
156760,3.66723
156761,3.39039
156762,3.97652
156763,3.60843
156764,4.35983
156765,3.46215
156766,3.38913
156767,3.98678
156768,3.54099
156769,4.73201
156770,3.76627
156771,4.00569
156772,3.57391
156773,2.65966
156774,4.06865
156775,4.09209
156776,3.79241
156777,4.44738
156778,3.46672
156779,3.94153
156780,3.0344
156781,3.588
156782,3.01492
156783,3.12411
156784,4.15575
156785,3.13076
156786,2.27649
156787,4.34903
156788,3.76552
156789,3.64624
156790,3.55702
156791,3.3936
156792,3.2957
156793,4.25123
156794,3.91429
156795,4.00353
156796,3.10634
156797,2.23836
156798,4.58569
156799,4.47316
156800,3.44318
156801,4.38972
156802,4.75962
156803,3.38429
156804,2.27117
156805,3.9045
156806,3.62832
156807,3.37786
156808,1.9076
156809,1.94123
156810,3.1713
156811,3.2228
156812,4.01723
156813,2.35839
156814,2.63061
156815,3.33602
156816,2.66078
156817,2.87251
156818,3.53175
156819,1.91332
156820,3.23189
156821,3.45665
156822,3.47041
156823,3.86929
156824,2.59513
156825,4.47435
156826,2.98108
156827,1.0
156828,4.4246
156829,4.43684
156830,4.30696
156831,4.67409
156832,3.83298
156833,4.3522
156834,3.68313
156835,4.7864
156836,3.70362
156837,3.98592
156838,4.9317
156839,3.62019
156840,4.13691
156841,3.64059
156842,4.252
156843,3.5241
156844,3.57516
156845,3.77575
156846,2.959
156847,3.80114
156848,3.29854
156849,2.46489
156850,3.16172
156851,3.26498
156852,3.52936
156853,3.58859
156854,3.56109
156855,2.88857
156856,3.74654
156857,3.54458
156858,2.49866
156859,3.84555
156860,3.66946
156861,3.97268
156862,3.07387
156863,3.70394
156864,3.3548
156865,2.42702
156866,3.84139
156867,2.84172
156868,2.74679
156869,3.93179
156870,3.06601
156871,2.85754
156872,2.40067
156873,1.38544
156874,3.94393
156875,3.34087
156876,2.11756
156877,1.12561
156878,3.9628
156879,2.83842
156880,2.07983
156881,2.58612
156882,2.44418
156883,2.96111
156884,4.50227
156885,4.31885
156886,4.31451
156887,3.12519
156888,4.00952
156889,4.08907
156890,2.76479
156891,3.93706
156892,3.75612
156893,3.32353
156894,3.71329
156895,3.81484
156896,2.56845
156897,4.21288
156898,2.68112
156899,3.54256
156900,3.06007
156901,4.39273
156902,3.61368
156903,2.33917
156904,4.29387
156905,3.13045
156906,4.00744
156907,4.321
156908,3.81106
156909,3.9845
156910,3.90031
156911,4.38948
156912,3.75682
156913,3.51012
156914,2.52218
156915,3.73229
156916,3.66972
156917,4.15166
156918,3.27613
156919,4.24359
156920,3.68811
156921,3.89345
156922,3.48588
156923,3.46551
156924,3.94302
156925,3.78583
156926,3.64685
156927,3.6136
156928,3.42587
156929,3.22744
156930,3.30594
156931,3.83073
156932,3.7816
156933,3.26233
156934,4.12813
156935,3.83284
156936,3.38942
156937,3.59459
156938,4.071
156939,3.48085
156940,4.07285
156941,3.53725
156942,3.95464
156943,3.66274
156944,4.45605
156945,3.9261
156946,3.99891
156947,3.86923
156948,3.89212
156949,4.05772
156950,3.61265
156951,3.91443
156952,4.24613
156953,3.74739
156954,3.91409
156955,3.78895
156956,3.78907
156957,3.75412
156958,4.06133
156959,3.00983
156960,3.31372
156961,3.73673
156962,4.72663
156963,3.52418
156964,4.35611
156965,3.89911
156966,3.68082
156967,3.79994
156968,4.54211
156969,3.49025
156970,4.02793
156971,4.69856
156972,3.55259
156973,3.58896
156974,4.50279
156975,3.77324
156976,3.7346
156977,4.06064
156978,3.94166
156979,4.19764
156980,3.25064
156981,4.60415
156982,3.63643
156983,2.99568
156984,3.56611
156985,3.79203
156986,2.67101
156987,3.9063
156988,4.01225
156989,3.95351
156990,2.25599
156991,3.47671
156992,1.09313
156993,3.42599
156994,3.40407
156995,4.62796
156996,3.39059
156997,3.21083
156998,3.16998
156999,4.18237
157000,4.1256
157001,4.27262
157002,2.26414
157003,3.55552
157004,2.77579
157005,4.22702
157006,2.35797
157007,2.0359
157008,3.41409
157009,3.99633
157010,3.67212
157011,3.43886
157012,4.67672
157013,3.87918
157014,3.66425
157015,3.40827
157016,4.29575
157017,4.86863
157018,4.15537
157019,3.95194
157020,4.22031
157021,2.16584
157022,3.25223
157023,3.3137
157024,4.10765
157025,3.6535
157026,3.30187
157027,1.76335
157028,3.11826
157029,5.0
157030,4.1775
157031,4.41563
157032,3.82039
157033,4.59623
157034,4.35042
157035,2.23802
157036,1.45721
157037,3.48809
157038,4.26369
157039,3.25784
157040,2.74724
157041,3.46966
157042,2.36554
157043,3.92728
157044,2.56853
157045,1.41609
157046,4.46244
157047,1.89513
157048,3.16931
157049,4.2415
157050,2.41169
157051,3.58097
157052,2.67374
157053,3.43676
157054,4.44845
157055,2.59674
157056,4.19561
157057,4.71954
157058,3.08686
157059,1.84357
157060,3.78034
157061,4.14596
157062,3.49863
157063,4.44831
157064,3.62222
157065,2.93943
157066,3.63023
157067,3.72398
157068,4.30716
157069,3.14389
157070,2.39398
157071,3.48554
157072,2.84978
157073,2.50708
157074,3.0302
157075,4.99008
157076,3.90492
157077,1.56878
157078,4.48882
157079,2.49127
157080,2.99897
157081,4.34485
157082,4.77081
157083,3.7796
157084,4.45442
157085,5.0
157086,4.03964
157087,3.60434
157088,3.31021
157089,3.7771
157090,3.85267
157091,4.4984
157092,4.95727
157093,4.85817
157094,4.49231
157095,4.38842
157096,4.22141
157097,4.28174
157098,4.25844
157099,3.77965
157100,4.29877
157101,4.17496
157102,4.60166
157103,4.04952
157104,3.7824
157105,4.40585
157106,3.84566
157107,4.83123
157108,4.2729
157109,4.32928
157110,4.17636
157111,4.2427
157112,3.46037
157113,3.11448
157114,3.98616
157115,3.34048
157116,3.96645
157117,4.34209
157118,4.40072
157119,3.83887
157120,4.13336
157121,4.94964
157122,4.01574
157123,5.0
157124,3.48075
157125,3.97624
157126,4.97499
157127,3.552
157128,5.0
157129,3.49755
157130,4.78116
157131,4.03494
157132,3.82056
157133,4.49699
157134,4.05692
157135,4.68475
157136,4.54645
157137,4.21986
157138,3.65112
157139,2.43642
157140,3.78
157141,4.41472
157142,4.82183
157143,4.34095
157144,4.86788
157145,3.88128
157146,4.82737
157147,4.67117
157148,3.67622
157149,3.83082
157150,4.59343
157151,4.47726
157152,4.45367
157153,4.41086
157154,3.06212
157155,4.0414
157156,4.2016
157157,3.87721
157158,2.98451
157159,3.9755
157160,3.77132
157161,4.08426
157162,3.46198
157163,3.82312
157164,3.82144
157165,4.05579
157166,4.34422
157167,3.94668
157168,3.66654
157169,3.62443
157170,3.49975
157171,4.28645
157172,3.67668
157173,3.46517
157174,3.86415
157175,4.0444
157176,1.91617
157177,4.73486
157178,2.58629
157179,3.65601
157180,3.66085
157181,1.31271
157182,5.0
157183,2.90183
157184,3.72902
157185,3.87174
157186,4.07099
157187,4.54913
157188,4.4969
157189,3.32986
157190,4.11418
157191,3.33537
157192,4.53432
157193,4.5503
157194,3.16373
157195,3.7421
157196,2.22557
157197,1.54621
157198,3.35207
157199,4.51864
157200,4.5029
157201,4.41074
157202,3.59422
157203,4.56552
157204,4.52285
157205,1.54315
157206,2.06259
157207,4.18223
157208,3.01303
157209,2.27076
157210,3.56895
157211,3.35305
157212,2.47503
157213,1.59991
157214,2.37793
157215,3.1761
157216,1.75792
157217,4.26004
157218,1.56386
157219,3.61081
157220,3.52476
157221,1.01054
157222,2.89599
157223,1.61472
157224,1.86808
157225,3.49134
157226,3.74181
157227,4.08244
157228,3.24833
157229,3.19864
157230,3.65277
157231,3.26143
157232,3.78274
157233,3.81987
157234,4.63692
157235,3.0049
157236,4.3024
157237,4.64322
157238,4.10391
157239,3.4062
157240,1.0
157241,3.64604
157242,2.27631
157243,2.59494
157244,3.7041
157245,2.05833
157246,3.78392
157247,4.06582
157248,2.84424
157249,3.17549
157250,4.4216
157251,3.80178
157252,2.40272
157253,2.82759
157254,4.18149
157255,3.46978
157256,3.54751
157257,2.20772
157258,3.7514
157259,3.47515
157260,2.61697
157261,3.57381
157262,4.88772
157263,2.51804
157264,1.85191
157265,2.88283
157266,4.40451
157267,1.571
157268,2.93669
157269,2.03573
157270,3.85494
157271,1.91492
157272,2.33621
157273,1.78728
157274,1.76707
157275,3.98538
157276,1.40085
157277,4.12879
157278,4.74213
157279,2.83443
157280,4.83217
157281,3.10066
157282,4.43733
157283,3.18799
157284,2.69583
157285,4.19737
157286,3.18454
157287,4.85958
157288,2.88693
157289,3.91366
157290,3.88937
157291,2.24243
157292,4.45691
157293,3.03824
157294,4.1957
157295,2.57278
157296,3.08297
157297,3.16736
157298,3.39971
157299,2.43375
157300,3.97329
157301,2.15587
157302,3.35407
157303,1.76591
157304,2.79264
157305,4.77104
157306,3.75664
157307,3.39712
157308,2.82068
157309,3.84578
157310,2.7145
157311,3.72925
157312,3.84776
157313,3.57216
157314,3.83227
157315,4.98802
157316,3.4692
157317,2.9499
157318,3.86208
157319,3.12792
157320,2.00255
157321,2.25887
157322,2.2279
157323,3.47568
157324,1.22774
157325,1.83631
157326,2.01597
157327,3.29206
157328,2.6659
157329,3.81263
157330,2.34795
157331,1.46109
157332,4.33205
157333,3.0358
157334,3.0479
157335,3.10985
157336,4.07352
157337,3.98193
157338,4.21416
157339,4.50898
157340,4.25512
157341,4.16622
157342,3.40526
157343,3.70282
157344,4.23815
157345,4.68493
157346,3.9142
157347,4.32745
157348,4.68853
157349,3.98105
157350,4.17724
157351,4.17072
157352,4.26667
157353,3.08471
157354,3.97303
157355,4.31039
157356,4.68745
157357,3.27394
157358,3.77798
157359,3.47402
157360,3.37403
157361,3.97168
157362,3.29523
157363,2.71753
157364,3.05856
157365,2.92374
157366,3.01205
157367,1.78092
157368,3.77449
157369,4.10281
157370,4.424
157371,2.45795
157372,2.66882
157373,3.51684
157374,4.1446
157375,3.24132
157376,3.65071
157377,4.34786
157378,3.79425
157379,4.71135
157380,4.51908
157381,3.68335
157382,4.11889
157383,3.67488
157384,2.81467
157385,4.75317
157386,3.56941
157387,4.36752
157388,3.94747
157389,3.14795
157390,3.77691
157391,3.51433
157392,3.89832
157393,5.0
157394,3.57431
157395,2.75811
157396,3.6857
157397,4.6235
157398,4.04167
157399,4.61204
157400,3.90186
157401,3.55666
157402,3.16691
157403,3.67462
157404,3.65094
157405,2.81778
157406,3.45962
157407,3.69252
157408,2.99727
157409,4.80274
157410,2.2239
157411,3.33135
157412,4.05892
157413,5.0
157414,4.26377
157415,2.88221
157416,3.475
157417,4.12434
157418,4.12211
157419,2.30289
157420,2.38889
157421,3.96694
157422,3.02037
157423,1.37802
157424,3.58785
157425,3.54123
157426,4.06963
157427,4.32125
157428,4.30372
157429,4.41398
157430,4.05523
157431,4.47055
157432,4.06945
157433,4.56221
157434,4.5494
157435,4.01872
157436,3.50485
157437,4.58939
157438,3.39988
157439,4.29102
157440,4.10742
157441,3.76804
157442,2.76542
157443,3.73329
157444,3.23055
157445,3.20394
157446,1.96853
157447,3.33882
157448,5.0
157449,2.01726
157450,2.4418
157451,4.29198
157452,4.38061
157453,4.20872
157454,2.03994
157455,3.79099
157456,4.31474
157457,3.06132
157458,3.48485
157459,3.11047
157460,3.10466
157461,4.3773
157462,4.34851
157463,3.04267
157464,3.61151
157465,3.93643
157466,4.04707
157467,4.0053
157468,3.97037
157469,3.60507
157470,4.00437
157471,3.16663
157472,3.51189
157473,3.69963
157474,3.49947
157475,3.76547
157476,4.03029
157477,4.42258
157478,3.97616
157479,4.55915
157480,3.54614
157481,3.46489
157482,4.17422
157483,3.3754
157484,4.42523
157485,3.88253
157486,3.74291
157487,3.00966
157488,3.97715
157489,3.90603
157490,3.95067
157491,2.81144
157492,2.77616
157493,3.69258
157494,3.48872
157495,3.90377
157496,4.00116
157497,3.7536
157498,3.49319
157499,4.11727
157500,3.90295
157501,2.41692
157502,3.86706
157503,3.62367
157504,3.34036
157505,3.40217
157506,2.54615
157507,4.24136
157508,3.91955
157509,3.76419
157510,3.70346
157511,4.35044
157512,3.92534
157513,4.09425
157514,3.93388
157515,4.12007
157516,3.42354
157517,3.98434
157518,3.92267
157519,4.66396
157520,2.47426
157521,4.17725
157522,2.6948
157523,3.67463
157524,3.0948
157525,2.81327
157526,3.45728
157527,3.28073
157528,2.36823
157529,3.02357
157530,3.70593
157531,3.17153
157532,2.77379
157533,3.44162
157534,2.30306
157535,2.63594
157536,3.13782
157537,2.63023
157538,3.15071
157539,3.48023
157540,3.21653
157541,2.67694
157542,3.1014
157543,3.19171
157544,3.47686
157545,3.7009
157546,3.37467
157547,3.7538
157548,2.95075
157549,3.17922
157550,3.25098
157551,3.74329
157552,2.74925
157553,2.90762
157554,3.09752
157555,3.4571
157556,3.39383
157557,3.54909
157558,3.66936
157559,3.01902
157560,3.20504
157561,2.6458
157562,3.42296
157563,3.50123
157564,3.49362
157565,2.52702
157566,2.57364
157567,4.08566
157568,3.4635
157569,2.35866
157570,2.6501
157571,3.84309
157572,1.8749
157573,3.0657
157574,3.63462
157575,3.73082
157576,3.32955
157577,3.67963
157578,2.34326
157579,3.29178
157580,2.47289
157581,2.63058
157582,2.63518
157583,3.45772
157584,2.71419
157585,3.58085
157586,3.65392
157587,2.98287
157588,3.8375
157589,3.609
157590,4.02718
157591,4.56569
157592,4.52992
157593,4.09019
157594,2.75673
157595,1.97604
157596,3.41658
157597,3.82852
157598,3.38155
157599,2.51884
157600,3.12722
157601,2.86994
157602,3.3989
157603,3.3736
157604,3.83289
157605,4.17098
157606,4.04952
157607,3.69822
157608,3.94641
157609,3.47116
157610,4.46145
157611,3.98498
157612,3.36756
157613,4.13823
157614,4.58076
157615,4.08298
157616,3.38814
157617,4.11586
157618,4.04528
157619,4.04943
157620,3.51798
157621,3.75933
157622,2.8265
157623,4.38225
157624,4.03097
157625,3.93676
157626,4.18136
157627,3.6643
157628,3.76412
157629,4.58042
157630,4.08086
157631,2.63993
157632,3.19162
157633,4.38772
157634,3.6426
157635,3.71381
157636,3.01055
157637,4.10648
157638,3.50665
157639,4.11524
157640,3.12014
157641,3.00955
157642,3.07531
157643,3.6383
157644,3.76944
157645,4.25198
157646,3.6179
157647,1.98071
157648,3.65241
157649,3.71378
157650,4.25435
157651,3.84165
157652,4.18795
157653,4.74347
157654,3.43203
157655,2.67136
157656,4.16677
157657,4.47527
157658,3.34399
157659,3.24147
157660,2.57845
157661,4.63036
157662,4.82131
157663,3.8016
157664,3.92229
157665,3.27596
157666,2.44292
157667,3.70198
157668,3.35862
157669,4.72315
157670,3.81266
157671,3.57294
157672,2.83454
157673,3.41485
157674,3.15939
157675,3.89184
157676,5.0
157677,3.51843
157678,2.80947
157679,4.09989
157680,4.4758
157681,2.44534
157682,2.99317
157683,2.94098
157684,3.59686
157685,3.11461
157686,3.8548
157687,3.94012
157688,4.35735
157689,2.90249
157690,3.87442
157691,3.50402
157692,4.86794
157693,2.16339
157694,2.4645
157695,2.73061
157696,2.57995
157697,2.48057
157698,4.46658
157699,3.82512
157700,3.54927
157701,1.70383
157702,1.0
157703,3.16405
157704,1.53222
157705,3.37469
157706,2.08359
157707,3.53985
157708,1.98414
157709,3.69947
157710,2.33341
157711,2.9361
157712,1.95103
157713,3.36926
157714,3.07374
157715,4.13986
157716,3.19727
157717,2.43161
157718,2.97275
157719,3.22899
157720,3.2485
157721,3.12771
157722,5.0
157723,3.30778
157724,3.19118
157725,2.14167
157726,2.49422
157727,3.39206
157728,2.84523
157729,2.04007
157730,3.15279
157731,3.78499
157732,1.68673
157733,2.60191
157734,1.49053
157735,2.90928
157736,1.97885
157737,2.14977
157738,3.03558
157739,3.59938
157740,2.46141
157741,2.28711
157742,2.54525
157743,3.70511
157744,1.98434
157745,5.0
157746,1.26604
157747,3.15921
157748,2.9557
157749,2.2015
157750,3.05479
157751,1.55437
157752,4.26516
157753,3.53358
157754,3.77397
157755,2.44403
157756,2.19876
157757,2.078
157758,1.9976
157759,2.52469
157760,2.1509
157761,3.27907
157762,4.35205
157763,2.42509
157764,1.39426
157765,3.72572
157766,2.53621
157767,3.49649
157768,5.0
157769,2.20918
157770,1.78947
157771,3.71233
157772,4.73678
157773,3.39251
157774,2.57786
157775,4.37368
157776,3.21885
157777,2.76966
157778,2.03246
157779,3.59336
157780,4.57417
157781,3.88588
157782,3.77483
157783,2.20477
157784,4.66356
157785,1.86164
157786,1.47254
157787,1.99295
157788,2.91713
157789,1.99208
157790,3.93699
157791,3.53789
157792,4.22121
157793,2.12856
157794,1.75492
157795,2.64536
157796,1.29983
157797,3.25037
157798,4.16547
157799,2.42211
157800,2.73611
157801,2.64644
157802,1.94184
157803,3.57831
157804,3.73428
157805,3.36804
157806,3.33957
157807,2.51513
157808,2.79603
157809,3.21351
157810,2.93267
157811,3.45976
157812,3.12829
157813,3.14594
157814,2.12799
157815,2.9858
157816,3.47902
157817,3.86509
157818,3.63434
157819,2.98774
157820,3.14425
157821,4.02346
157822,3.67105
157823,3.3679
157824,2.93346
157825,3.07008
157826,4.25069
157827,2.98954
157828,4.49403
157829,3.47255
157830,4.55564
157831,4.98828
157832,4.60476
157833,4.29965
157834,4.18588
157835,4.28049
157836,4.56092
157837,3.09731
157838,3.14771
157839,4.21698
157840,3.51539
157841,4.43193
157842,2.93411
157843,3.37293
157844,3.84516
157845,4.64867
157846,4.08433
157847,3.93821
157848,3.96159
157849,4.18016
157850,4.42238
157851,2.98481
157852,3.51133
157853,4.01684
157854,3.72658
157855,3.07258
157856,3.95242
157857,3.40002
157858,4.93061
157859,4.65321
157860,3.74289
157861,2.10901
157862,3.94964
157863,4.47565
157864,3.77741
157865,4.27394
157866,3.04193
157867,3.31182
157868,2.52525
157869,3.52962
157870,4.10048
157871,2.66164
157872,4.3204
157873,4.35373
157874,2.4316
157875,3.66366
157876,4.03179
157877,5.0
157878,2.87516
157879,4.84985
157880,3.85794
157881,3.43242
157882,2.72073
157883,1.0
157884,3.23703
157885,1.0
157886,2.68719
157887,3.71379
157888,3.80938
157889,3.26083
157890,4.26957
157891,3.70797
157892,3.10417
157893,3.12009
157894,4.51153
157895,4.75789
157896,3.65157
157897,4.01074
157898,4.1652
157899,4.07318
157900,3.80026
157901,4.36619
157902,3.94427
157903,2.69534
157904,4.66985
157905,4.69362
157906,4.03917
157907,3.44345
157908,3.79532
157909,3.87277
157910,2.72978
157911,4.12681
157912,3.51168
157913,4.31003
157914,3.91598
157915,4.69711
157916,3.09956
157917,3.89587
157918,4.06662
157919,4.0413
157920,4.33635
157921,4.24894
157922,3.43021
157923,4.67324
157924,4.16488
157925,4.67172
157926,3.6289
157927,2.94136
157928,3.72283
157929,3.68355
157930,4.82288
157931,4.43004
157932,4.23994
157933,3.68039
157934,4.66178
157935,3.57068
157936,4.33165
157937,4.56144
157938,4.21049
157939,3.87404
157940,3.78032
157941,4.23861
157942,3.24588
157943,3.85736
157944,3.96327
157945,3.50865
157946,4.60742
157947,2.87225
157948,4.03926
157949,3.53563
157950,4.17909
157951,4.48523
157952,4.64317
157953,3.60302
157954,4.26334
157955,3.48831
157956,4.13597
157957,3.99461
157958,4.08803
157959,3.79191
157960,4.43292
157961,4.26065
157962,4.25236
157963,3.99615
157964,2.44629
157965,3.86826
157966,3.54269
157967,3.92133
157968,4.34106
157969,4.7002
157970,3.22487
157971,3.21176
157972,2.6651
157973,3.9011
157974,4.24138
157975,4.41164
157976,3.74127
157977,3.22863
157978,4.7399
157979,3.34936
157980,4.03139
157981,3.30651
157982,4.28988
157983,3.8421
157984,3.85467
157985,4.38634
157986,3.91746
157987,4.31975
157988,2.71849
157989,4.2364
157990,4.25294
157991,3.84822
157992,5.0
157993,4.55596
157994,4.08583
157995,3.98069
157996,3.95721
157997,3.98926
157998,3.78915
157999,3.97995
158000,4.11187
158001,2.83532
158002,3.63194
158003,4.19204
158004,3.19297
158005,4.91867
158006,4.07128
158007,4.68909
158008,3.85347
158009,4.6072
158010,4.59745
158011,4.05609
158012,5.0
158013,5.0
158014,3.76557
158015,4.04613
158016,4.49349
158017,4.34736
158018,5.0
158019,4.96215
158020,3.37869
158021,4.13808
158022,5.0
158023,3.52019
158024,4.12284
158025,4.19122
158026,4.85933
158027,5.0
158028,5.0
158029,4.62574
158030,4.77192
158031,4.77954
158032,4.14324
158033,4.37371
158034,4.18076
158035,4.01715
158036,2.99491
158037,3.47288
158038,4.44637
158039,4.04097
158040,5.0
158041,3.52212
158042,3.23119
158043,4.53027
158044,3.72411
158045,3.08269
158046,1.19365
158047,4.35355
158048,4.05477
158049,4.25188
158050,4.30918
158051,3.89604
158052,4.10185
158053,3.52098
158054,3.88769
158055,3.27526
158056,2.73379
158057,3.54562
158058,2.97494
158059,3.50949
158060,3.85473
158061,3.20001
158062,2.56792
158063,3.61494
158064,4.0135
158065,3.3586
158066,3.32992
158067,2.68625
158068,1.93219
158069,2.94105
158070,2.57196
158071,4.07405
158072,2.06352
158073,3.36738
158074,3.11435
158075,3.59529
158076,4.3507
158077,3.20805
158078,2.81824
158079,4.38005
158080,2.92489
158081,3.59754
158082,3.86208
158083,3.41052
158084,3.08383
158085,3.9038
158086,3.71245
158087,3.81195
158088,3.69568
158089,3.77547
158090,3.15285
158091,2.31789
158092,3.26684
158093,4.03222
158094,3.89118
158095,2.103
158096,4.21061
158097,3.87516
158098,3.4403
158099,3.36392
158100,4.5856
158101,3.29946
158102,2.91708
158103,4.57927
158104,3.34667
158105,3.56388
158106,1.6172
158107,3.1203
158108,2.26073
158109,3.21826
158110,2.77386
158111,3.52221
158112,3.9378
158113,3.89116
158114,4.52934
158115,4.42888
158116,3.98625
158117,2.92517
158118,2.34633
158119,2.31169
158120,4.68212
158121,3.63305
158122,3.93467
158123,4.41567
158124,3.91271
158125,3.91226
158126,4.09571
158127,4.6911
158128,3.44181
158129,4.14205
158130,3.88832
158131,2.37317
158132,2.5765
158133,3.74716
158134,4.81009
158135,4.26436
158136,3.72287
158137,4.96676
158138,4.25092
158139,4.01579
158140,3.51317
158141,3.42131
158142,3.88617
158143,3.20957
158144,3.48553
158145,3.73945
158146,4.08492
158147,3.91497
158148,4.11818
158149,3.95743
158150,2.32118
158151,4.6276
158152,2.66347
158153,3.69603
158154,3.17336
158155,4.44844
158156,3.24394
158157,3.75616
158158,2.15531
158159,3.79549
158160,4.433
158161,3.11151
158162,3.7581
158163,4.16262
158164,4.08764
158165,3.90348
158166,3.44253
158167,3.41596
158168,3.03371
158169,3.11274
158170,4.2717
158171,3.99438
158172,3.44478
158173,2.89829
158174,3.32078
158175,4.7638
158176,3.34985
158177,4.16792
158178,4.46594
158179,4.19079
158180,4.29275
158181,3.1673
158182,3.42244
158183,3.57299
158184,4.54614
158185,4.16809
158186,4.64934
158187,4.3777
158188,4.2493
158189,2.20721
158190,2.27918
158191,4.28265
158192,4.33828
158193,4.37577
158194,3.21541
158195,2.75272
158196,4.38863
158197,4.2659
158198,2.65862
158199,2.287
158200,1.99998
158201,2.38466
158202,2.64321
158203,3.17553
158204,2.04689
158205,4.43411
158206,4.18633
158207,3.03519
158208,4.45279
158209,3.68362
158210,4.83519
158211,4.11532
158212,3.4515
158213,3.74451
158214,4.07996
158215,4.53615
158216,3.05048
158217,4.08414
158218,4.17587
158219,3.95026
158220,4.70205
158221,4.41346
158222,4.22556
158223,2.64967
158224,2.67241
158225,3.02222
158226,4.23202
158227,4.20815
158228,3.66257
158229,4.78678
158230,4.07329
158231,4.21587
158232,2.87766
158233,4.27014
158234,5.0
158235,2.50863
158236,3.25584
158237,4.36722
158238,4.40449
158239,4.24469
158240,3.68276
158241,2.58002
158242,3.76627
158243,3.73408
158244,3.89541
158245,4.29932
158246,4.68123
158247,3.89097
158248,4.12258
158249,3.68676
158250,4.98788
158251,3.26807
158252,4.372
158253,3.89277
158254,2.93833
158255,3.95082
158256,4.17334
158257,4.61566
158258,3.6672
158259,4.54575
158260,4.55488
158261,3.55056
158262,3.44683
158263,5.0
158264,3.93354
158265,4.58443
158266,4.74073
158267,3.81109
158268,4.76886
158269,4.62864
158270,3.95566
158271,3.64134
158272,4.22777
158273,4.09665
158274,4.25398
158275,5.0
158276,4.62874
158277,4.15941
158278,4.40027
158279,4.7438
158280,4.10153
158281,4.59607
158282,4.52254
158283,4.71874
158284,3.66444
158285,4.33234
158286,4.4611
158287,3.15509
158288,4.6892
158289,4.47385
158290,4.98853
158291,4.55373
158292,4.84149
158293,4.73382
158294,4.99257
158295,4.45396
158296,4.41169
158297,3.57391
158298,4.50401
158299,4.30921
158300,4.8354
158301,3.97135
158302,4.72974
158303,4.64988
158304,4.62402
158305,4.4119
158306,4.26641
158307,3.97253
158308,4.59453
158309,4.08582
158310,4.6774
158311,4.21887
158312,4.42511
158313,4.4585
158314,3.93426
158315,4.41443
158316,4.39004
158317,4.19384
158318,3.75318
158319,4.45927
158320,3.54899
158321,4.27478
158322,4.50838
158323,3.13015
158324,4.31489
158325,3.32399
158326,3.75196
158327,4.3449
158328,4.72608
158329,4.22758
158330,3.36789
158331,4.57764
158332,3.57213
158333,4.12443
158334,3.40777
158335,3.76998
158336,3.53768
158337,3.13649
158338,3.53032
158339,4.22287
158340,3.40531
158341,3.72899
158342,3.12219
158343,3.18648
158344,3.59322
158345,3.34263
158346,3.37888
158347,2.64791
158348,2.12495
158349,3.82399
158350,2.99876
158351,2.6541
158352,3.28212
158353,2.85517
158354,3.90746
158355,3.11389
158356,2.98165
158357,3.10826
158358,3.84045
158359,3.59779
158360,3.3265
158361,3.18609
158362,3.07136
158363,2.70317
158364,3.79319
158365,3.27894
158366,3.2773
158367,2.36814
158368,3.23987
158369,3.12129
158370,3.99473
158371,2.40178
158372,3.45746
158373,3.07688
158374,3.78116
158375,3.29319
158376,3.74452
158377,2.97652
158378,2.17705
158379,3.08448
158380,3.32445
158381,3.90933
158382,3.6032
158383,3.15512
158384,2.2649
158385,4.0817
158386,3.39192
158387,4.48988
158388,3.2974
158389,4.44109
158390,3.78805
158391,1.97198
158392,2.8895
158393,3.96833
158394,3.88736
158395,3.65185
158396,3.74115
158397,2.22723
158398,3.53681
158399,2.24979
158400,3.75936
158401,4.40486
158402,3.92054
158403,3.73894
158404,3.65943
158405,3.17503
158406,3.83803
158407,3.76078
158408,3.38647
158409,3.93736
158410,4.34161
158411,3.67684
158412,3.34368
158413,3.59647
158414,3.78105
158415,3.35705
158416,3.4821
158417,4.28711
158418,3.94505
158419,4.85604
158420,4.51023
158421,4.5958
158422,3.82003
158423,3.56364
158424,2.90489
158425,3.83338
158426,3.68684
158427,3.55818
158428,3.48572
158429,2.05472
158430,3.0846
158431,2.87552
158432,3.68787
158433,2.35587
158434,3.61803
158435,3.53168
158436,3.63826
158437,4.30151
158438,2.93444
158439,2.84028
158440,2.71344
158441,3.59786
158442,2.04124
158443,4.12613
158444,2.8319
158445,3.51287
158446,4.12956
158447,3.29359
158448,2.46086
158449,2.95749
158450,1.97681
158451,4.00039
158452,4.39522
158453,3.99798
158454,3.63861
158455,4.11991
158456,4.71744
158457,3.94565
158458,3.58786
158459,4.12483
158460,4.4726
158461,3.76387
158462,5.0
158463,3.33945
158464,4.32162
158465,3.4524
158466,3.4444
158467,3.74469
158468,3.7186
158469,4.47694
158470,3.5417
158471,3.14642
158472,2.19088
158473,3.56299
158474,3.75998
158475,3.27474
158476,3.20691
158477,2.09372
158478,2.81549
158479,3.3414
158480,2.12527
158481,3.52741
158482,1.30565
158483,2.77603
158484,3.677
158485,2.88534
158486,2.63749
158487,1.73471
158488,3.05424
158489,3.6793
158490,3.42709
158491,2.57995
158492,3.36984
158493,1.0
158494,2.39993
158495,2.9361
158496,2.3551
158497,3.13043
158498,3.25443
158499,3.06483
158500,3.1213
158501,2.10231
158502,3.96615
158503,2.99131
158504,2.78009
158505,3.54751
158506,4.06125
158507,3.17881
158508,1.88433
158509,1.56757
158510,4.00756
158511,3.34967
158512,3.85274
158513,3.86442
158514,2.67056
158515,3.47101
158516,3.54343
158517,4.06073
158518,3.10976
158519,3.30806
158520,3.44814
158521,4.55579
158522,2.99688
158523,3.30016
158524,4.51106
158525,3.78551
158526,2.8038
158527,4.14292
158528,3.28969
158529,5.0
158530,4.30824
158531,1.79672
158532,4.57234
158533,3.42299
158534,4.9311
158535,4.7637
158536,3.56144
158537,4.63114
158538,4.02434
158539,4.79682
158540,4.97993
158541,5.0
158542,3.51525
158543,4.1301
158544,3.61827
158545,3.99339
158546,3.76735
158547,4.00468
158548,4.24135
158549,3.0397
158550,3.82729
158551,4.03853
158552,3.8746
158553,3.01498
158554,3.26775
158555,4.2895
158556,3.54583
158557,4.0422
158558,3.27558
158559,3.23499
158560,4.62164
158561,3.17509
158562,2.82952
158563,3.41062
158564,3.19964
158565,3.37608
158566,3.61536
158567,3.65779
158568,3.51481
158569,2.58021
158570,2.95268
158571,3.43367
158572,3.78888
158573,3.129
158574,3.74056
158575,3.64458
158576,3.3255
158577,2.56992
158578,3.01588
158579,2.07287
158580,3.56293
158581,1.96365
158582,2.80156
158583,3.40868
158584,2.91368
158585,2.68483
158586,2.95107
158587,3.6135
158588,3.07886
158589,2.87774
158590,3.25464
158591,3.43034
158592,3.55966
158593,3.30225
158594,3.92779
158595,3.18618
158596,2.80387
158597,3.62323
158598,3.32829
158599,3.84811
158600,3.14531
158601,3.37575
158602,3.12351
158603,3.59877
158604,3.13624
158605,2.98121
158606,3.74064
158607,2.80944
158608,3.15466
158609,3.63577
158610,3.35513
158611,3.23975
158612,3.56083
158613,3.40257
158614,3.95598
158615,3.88861
158616,3.97458
158617,3.23454
158618,4.08261
158619,3.73842
158620,3.81919
158621,3.37117
158622,3.60114
158623,3.46052
158624,4.17042
158625,3.23432
158626,3.83232
158627,3.06077
158628,1.70678
158629,4.04289
158630,2.61449
158631,2.7812
158632,2.93214
158633,1.84991
158634,2.4846
158635,3.43295
158636,3.21025
158637,3.99657
158638,3.47758
158639,3.74291
158640,3.32699
158641,3.12828
158642,4.12522
158643,3.56755
158644,4.2488
158645,3.35389
158646,3.30798
158647,3.31764
158648,3.48566
158649,2.70658
158650,3.72076
158651,2.89999
158652,2.89816
158653,3.80843
158654,3.41254
158655,3.2914
158656,2.76822
158657,2.8075
158658,2.892
158659,3.67262
158660,2.84294
158661,3.52121
158662,3.98848
158663,3.63097
158664,3.81244
158665,3.0716
158666,3.60756
158667,3.3795
158668,3.19628
158669,3.63262
158670,1.87284
158671,4.03616
158672,3.77904
158673,3.35609
158674,2.88297
158675,2.75918
158676,3.82787
158677,3.79227
158678,2.79571
158679,3.57826
158680,3.82042
158681,4.54227
158682,3.86343
158683,5.0
158684,4.59154
158685,3.71176
158686,4.07461
158687,2.0385
158688,3.40295
158689,1.7703
158690,3.65873
158691,4.7538
158692,4.2539
158693,2.60565
158694,3.16904
158695,4.63
158696,3.47749
158697,2.96326
158698,4.04721
158699,4.8531
158700,4.3315
158701,4.74327
158702,4.75015
158703,3.7388
158704,3.28751
158705,3.72451
158706,2.9922
158707,3.21101
158708,4.50996
158709,3.01773
158710,4.0817
158711,4.03481
158712,4.54336
158713,4.17138
158714,4.43641
158715,3.69867
158716,3.695
158717,3.47935
158718,3.0969
158719,2.94147
158720,3.54209
158721,3.19664
158722,4.012
158723,3.3159
158724,3.88456
158725,3.49402
158726,4.17976
158727,4.32615
158728,3.75022
158729,3.66655
158730,3.85228
158731,3.8017
158732,2.67311
158733,4.64144
158734,3.45315
158735,4.03335
158736,2.37286
158737,2.87469
158738,5.0
158739,3.89761
158740,5.0
158741,4.05824
158742,2.58786
158743,4.21982
158744,3.25184
158745,3.65244
158746,4.48543
158747,2.52804
158748,3.80613
158749,3.47359
158750,1.32197
158751,2.71271
158752,4.21888
158753,4.46568
158754,2.66987
158755,3.80161
158756,4.16851
158757,3.71416
158758,4.16247
158759,4.17905
158760,4.12529
158761,4.00085
158762,4.18991
158763,4.13797
158764,4.05798
158765,4.40414
158766,3.9548
158767,4.10906
158768,3.59839
158769,4.25992
158770,4.18484
158771,4.25031
158772,4.1932
158773,3.71123
158774,3.78626
158775,4.15017
158776,3.5212
158777,4.76473
158778,2.96252
158779,1.50475
158780,2.65484
158781,1.0
158782,1.1953
158783,2.95897
158784,4.26672
158785,4.64145
158786,2.50968
158787,1.41009
158788,3.36314
158789,3.70059
158790,2.94119
158791,2.92717
158792,2.51739
158793,2.50138
158794,1.43812
158795,2.32439
158796,1.97878
158797,1.51866
158798,2.2509
158799,2.7858
158800,2.12169
158801,2.48626
158802,1.6239
158803,2.25001
158804,1.77912
158805,1.7155
158806,2.51161
158807,2.47161
158808,1.515
158809,1.44222
158810,2.46716
158811,1.29139
158812,1.0
158813,2.86919
158814,2.74882
158815,3.61061
158816,2.04249
158817,4.09701
158818,2.37097
158819,1.0
158820,1.95921
158821,3.17855
158822,2.55612
158823,1.0
158824,1.99891
158825,2.30388
158826,2.42145
158827,1.0
158828,2.33857
158829,3.22995
158830,2.23402
158831,1.86503
158832,1.96337
158833,2.56401
158834,2.55
158835,2.51401
158836,3.51862
158837,3.4876
158838,1.04091
158839,4.00977
158840,2.58855
158841,3.43995
158842,4.31014
158843,2.26242
158844,2.23931
158845,1.81481
158846,2.86117
158847,2.02009
158848,4.75385
158849,3.59697
158850,4.26809
158851,4.52119
158852,4.67568
158853,4.26261
158854,3.29877
158855,4.91012
158856,4.5095
158857,4.7257
158858,3.51791
158859,2.007
158860,3.26374
158861,3.47253
158862,4.15349
158863,4.276
158864,4.00254
158865,4.42062
158866,4.47826
158867,3.78058
158868,4.01101
158869,3.64855
158870,4.39841
158871,4.01494
158872,4.32698
158873,4.42883
158874,4.7933
158875,4.50961
158876,4.09771
158877,4.04612
158878,2.95724
158879,4.04215
158880,4.29665
158881,3.84662
158882,3.99187
158883,4.26339
158884,3.84175
158885,2.71519
158886,4.50937
158887,2.51192
158888,4.21767
158889,4.46752
158890,4.35604
158891,4.39217
158892,4.83382
158893,3.84578
158894,3.05567
158895,4.11873
158896,3.49996
158897,4.23559
158898,3.77128
158899,3.34091
158900,4.1669
158901,4.83545
158902,3.19975
158903,4.25926
158904,3.4849
158905,2.95431
158906,3.42891
158907,3.96875
158908,4.27183
158909,2.80035
158910,4.35926
158911,4.50632
158912,3.44392
158913,3.34355
158914,4.89812
158915,4.3645
158916,4.64752
158917,4.56278
158918,4.0536
158919,3.79963
158920,4.17144
158921,4.24073
158922,4.34044
158923,4.3791
158924,4.12247
158925,3.85915
158926,4.57689
158927,3.95168
158928,4.96745
158929,4.28281
158930,4.32292
158931,4.51797
158932,4.37238
158933,4.31576
158934,4.84863
158935,4.25703
158936,3.90712
158937,3.85888
158938,4.68157
158939,4.55216
158940,4.42778
158941,4.31215
158942,4.35314
158943,4.55966
158944,4.29675
158945,4.62293
158946,5.0
158947,4.29509
158948,4.40256
158949,4.39981
158950,2.45707
158951,3.29478
158952,3.72405
158953,3.57803
158954,1.90531
158955,3.86309
158956,3.034
158957,4.83678
158958,4.98199
158959,1.46152
158960,5.0
158961,3.65317
158962,2.6859
158963,3.54715
158964,2.96174
158965,3.23723
158966,4.34716
158967,3.55548
158968,4.28507
158969,2.86589
158970,2.86036
158971,3.00329
158972,5.0
158973,4.05202
158974,4.20314
158975,5.0
158976,4.2898
158977,5.0
158978,4.99703
158979,5.0
158980,4.59736
158981,4.47303
158982,4.78847
158983,4.69807
158984,4.43618
158985,4.87208
158986,4.92238
158987,4.73979
158988,5.0
158989,4.86607
158990,4.29643
158991,4.99491
158992,4.1134
158993,4.16357
158994,3.57313
158995,1.0
158996,1.06133
158997,1.04887
158998,1.02643
158999,1.0
159000,1.03972
159001,1.0
159002,3.32937
159003,3.24569
159004,4.73703
159005,3.81002
159006,2.76855
159007,3.76672
159008,2.71022
159009,2.98222
159010,4.09152
159011,4.23062
159012,3.49488
159013,2.65383
159014,2.10762
159015,2.22387
159016,3.9805
159017,3.49098
159018,4.07175
159019,2.92705
159020,4.12309
159021,3.50919
159022,4.25775
159023,3.23555
159024,4.3211
159025,4.49655
159026,3.98836
159027,3.94178
159028,4.03548
159029,3.36792
159030,3.75355
159031,3.5217
159032,2.6349
159033,2.947
159034,4.28625
159035,3.71058
159036,4.16953
159037,3.20803
159038,3.78505
159039,4.52087
159040,3.4936
159041,3.43278
159042,4.09558
159043,3.03018
159044,3.81959
159045,3.3094
159046,3.72383
159047,4.00951
159048,4.6128
159049,2.73215
159050,4.00246
159051,4.35149
159052,4.00636
159053,2.86401
159054,4.30958
159055,4.38416
159056,3.1972
159057,5.0
159058,4.40932
159059,3.87843
159060,3.46712
159061,4.5013
159062,3.99914
159063,4.29861
159064,4.60182
159065,4.68718
159066,4.2264
159067,3.71879
159068,4.90598
159069,4.68968
159070,3.46546
159071,4.30863
159072,3.74109
159073,4.10188
159074,4.07392
159075,3.6858
159076,3.76827
159077,4.26834
159078,3.39056
159079,3.04485
159080,3.09623
159081,3.83682
159082,3.10642
159083,3.2851
159084,1.61853
159085,2.67964
159086,2.95361
159087,3.7635
159088,3.30447
159089,2.49703
159090,3.40037
159091,3.17183
159092,3.00782
159093,2.49124
159094,3.12151
159095,3.2004
159096,2.78752
159097,2.24547
159098,2.81083
159099,3.51065
159100,3.0408
159101,2.91652
159102,3.24058
159103,3.38206
159104,3.0738
159105,2.25676
159106,2.78094
159107,1.50528
159108,3.49832
159109,4.00598
159110,2.60901
159111,1.68111
159112,2.25136
159113,2.38461
159114,5.0
159115,4.58523
159116,4.21249
159117,4.89432
159118,3.01977
159119,3.40869
159120,4.47386
159121,4.87936
159122,2.34192
159123,3.9137
159124,3.34955
159125,5.0
159126,5.0
159127,5.0
159128,4.17182
159129,3.24132
159130,4.87591
159131,4.08535
159132,3.7209
159133,4.44599
159134,4.54423
159135,2.0767
159136,3.62797
159137,3.47038
159138,3.68205
159139,4.12473
159140,3.38043
159141,4.42495
159142,3.34955
159143,2.51097
159144,4.21949
159145,2.51156
159146,2.57143
159147,4.7499
159148,3.49586
159149,4.45565
159150,2.61781
159151,4.01689
159152,3.62422
159153,3.30198
159154,4.48153
159155,4.30279
159156,3.1493
159157,2.24434
159158,4.35835
159159,4.11411
159160,3.0238
159161,4.848
159162,4.1674
159163,3.14777
159164,4.26374
159165,3.62958
159166,3.318
159167,4.00212
159168,1.97187
159169,2.17694
159170,3.99908
159171,3.20381
159172,4.00225
159173,3.79939
159174,3.8375
159175,4.1154
159176,2.31611
159177,3.84922
159178,3.8283
159179,2.92835
159180,3.1169
159181,2.79781
159182,1.77587
159183,1.29616
159184,1.69063
159185,4.38877
159186,1.12158
159187,1.40244
159188,2.02351
159189,2.38397
159190,2.06098
159191,1.0
159192,3.88435
159193,2.6624
159194,1.45015
159195,3.70688
159196,3.93408
159197,3.11827
159198,1.83708
159199,1.0
159200,3.36902
159201,3.00884
159202,2.6656
159203,3.07152
159204,2.39359
159205,2.25827
159206,1.08374
159207,1.81332
159208,1.36552
159209,2.45716
159210,3.90335
159211,1.87994
159212,2.10134
159213,1.79854
159214,3.60059
159215,3.74553
159216,2.79474
159217,2.87033
159218,1.0
159219,2.92866
159220,2.216
159221,1.0
159222,3.56577
159223,3.08293
159224,3.11205
159225,1.84588
159226,2.40135
159227,4.38533
159228,2.9574
159229,1.0
159230,3.31505
159231,2.65919
159232,1.32646
159233,4.97227
159234,3.34662
159235,3.54871
159236,1.20096
159237,3.04266
159238,1.52954
159239,1.74866
159240,4.35891
159241,3.02785
159242,3.65736
159243,1.0
159244,2.62445
159245,2.06239
159246,3.33909
159247,1.44121
159248,4.11952
159249,2.22646
159250,1.10262
159251,1.75576
159252,3.634
159253,3.86145
159254,4.58025
159255,3.6686
159256,4.1026
159257,2.65976
159258,4.39793
159259,4.02771
159260,3.82233
159261,4.08309
159262,3.59683
159263,3.72569
159264,4.02499
159265,3.99409
159266,4.05249
159267,3.32755
159268,4.21529
159269,3.22765
159270,3.47244
159271,3.77403
159272,3.98714
159273,4.35401
159274,3.58926
159275,3.84656
159276,4.1759
159277,3.39587
159278,3.2926
159279,3.63767
159280,3.86396
159281,4.38467
159282,1.9249
159283,2.71226
159284,3.67957
159285,3.68982
159286,3.88798
159287,3.958
159288,3.43094
159289,3.2056
159290,3.75122
159291,3.21204
159292,4.20239
159293,3.70915
159294,3.2948
159295,3.86913
159296,3.64176
159297,3.00279
159298,4.22904
159299,3.71402
159300,4.80089
159301,3.16806
159302,3.36968
159303,3.27044
159304,2.28409
159305,2.94861
159306,2.78373
159307,3.90527
159308,2.99747
159309,2.7399
159310,2.73867
159311,3.33889
159312,2.78633
159313,2.85408
159314,3.89163
159315,5.0
159316,3.44178
159317,3.57909
159318,2.59278
159319,3.43371
159320,4.45345
159321,4.28179
159322,3.18229
159323,3.34122
159324,4.12611
159325,3.2238
159326,1.29813
159327,4.71522
159328,4.17311
159329,3.01665
159330,2.59338
159331,1.91655
159332,2.0518
159333,4.67498
159334,3.25333
159335,4.22143
159336,3.29959
159337,4.37672
159338,4.26541
159339,2.9586
159340,3.29201
159341,2.55556
159342,3.40958
159343,3.35245
159344,2.8229
159345,3.19817
159346,3.67837
159347,3.06284
159348,2.46446
159349,3.1704
159350,3.1382
159351,2.51374
159352,2.28779
159353,2.94206
159354,2.80643
159355,3.26057
159356,3.05909
159357,3.12981
159358,2.90205
159359,2.60383
159360,3.22654
159361,3.07674
159362,3.32701
159363,2.71284
159364,3.19426
159365,3.17147
159366,3.53865
159367,3.3451
159368,2.78645
159369,3.1765
159370,3.09025
159371,2.86468
159372,2.76115
159373,3.4621
159374,2.48907
159375,3.06647
159376,2.99841
159377,2.97997
159378,3.32316
159379,3.70665
159380,3.0742
159381,2.97972
159382,2.61199
159383,2.93474
159384,3.30408
159385,2.82431
159386,3.0436
159387,3.00696
159388,2.93692
159389,3.1645
159390,3.43886
159391,2.96406
159392,2.83465
159393,2.15761
159394,2.62807
159395,3.34961
159396,3.14854
159397,3.07595
159398,2.80208
159399,2.3882
159400,2.73293
159401,2.79211
159402,2.36729
159403,2.93802
159404,2.89952
159405,2.81573
159406,3.11811
159407,3.06861
159408,3.04604
159409,2.48809
159410,3.55917
159411,3.23585
159412,2.93597
159413,3.45099
159414,2.73788
159415,2.24306
159416,2.68833
159417,3.32967
159418,2.81554
159419,3.60011
159420,2.81912
159421,2.98396
159422,2.93913
159423,2.84804
159424,2.64801
159425,3.70592
159426,2.49723
159427,3.02484
159428,2.21377
159429,3.13492
159430,2.44615
159431,3.06593
159432,2.86139
159433,3.45756
159434,2.70905
159435,2.81752
159436,3.3477
159437,2.40288
159438,3.25741
159439,2.99276
159440,3.18353
159441,2.47286
159442,1.84329
159443,3.19335
159444,3.41874
159445,3.26041
159446,3.04194
159447,3.33202
159448,2.66462
159449,2.78321
159450,3.34074
159451,3.24077
159452,2.92204
159453,3.0782
159454,2.79101
159455,2.81791
159456,2.58327
159457,3.26161
159458,3.39607
159459,3.13974
159460,3.39421
159461,3.44805
159462,3.22241
159463,2.48787
159464,2.22325
159465,3.07101
159466,3.68552
159467,2.55899
159468,3.33731
159469,2.55066
159470,2.41787
159471,2.48563
159472,3.16558
159473,3.27019
159474,2.61407
159475,4.66978
159476,3.58928
159477,3.72915
159478,3.62822
159479,3.22849
159480,2.99464
159481,3.20198
159482,3.13155
159483,4.1971
159484,3.38427
159485,3.40441
159486,3.24107
159487,2.81493
159488,3.99622
159489,3.04075
159490,2.93913
159491,3.03017
159492,2.83407
159493,2.57708
159494,2.16479
159495,2.71575
159496,2.28337
159497,2.53532
159498,2.02099
159499,2.61691
159500,3.90206
159501,1.78044
159502,3.22758
159503,3.57764
159504,4.33825
159505,2.87226
159506,3.07217
159507,2.68991
159508,3.83905
159509,2.39214
159510,2.63891
159511,3.54036
159512,1.90705
159513,3.31899
159514,4.15293
159515,1.98521
159516,2.34601
159517,2.47225
159518,3.37698
159519,3.19177
159520,2.80975
159521,2.96927
159522,4.06134
159523,3.2689
159524,3.23813
159525,3.25385
159526,2.12811
159527,4.04451
159528,1.81732
159529,2.36134
159530,4.21757
159531,3.93729
159532,1.44051
159533,4.24401
159534,2.5389
159535,1.66917
159536,2.59769
159537,3.24845
159538,2.35567
159539,3.22721
159540,3.59341
159541,4.30329
159542,3.06908
159543,4.02792
159544,3.51708
159545,2.88382
159546,1.0
159547,3.27877
159548,4.16921
159549,2.289
159550,3.77202
159551,4.22968
159552,2.42267
159553,1.87338
159554,3.05251
159555,2.45088
159556,1.25509
159557,4.63833
159558,1.59318
159559,1.0
159560,1.04124
159561,4.96367
159562,5.0
159563,4.60764
159564,3.04427
159565,2.68549
159566,4.85609
159567,4.14845
159568,4.49951
159569,4.6874
159570,3.64912
159571,3.23252
159572,3.88704
159573,3.48244
159574,3.28792
159575,4.46168
159576,3.2074
159577,4.1086
159578,3.46335
159579,4.03656
159580,4.80085
159581,4.58221
159582,4.19792
159583,3.30384
159584,4.46389
159585,3.82199
159586,4.10363
159587,3.59061
159588,4.09879
159589,3.83309
159590,4.29484
159591,4.18571
159592,3.8325
159593,4.06238
159594,3.63227
159595,4.03281
159596,3.73751
159597,3.39102
159598,3.74352
159599,4.52309
159600,2.99402
159601,4.4917
159602,3.72602
159603,3.82549
159604,3.23541
159605,4.43284
159606,4.00803
159607,3.84178
159608,4.21867
159609,4.47429
159610,3.87291
159611,3.81183
159612,4.33929
159613,2.46094
159614,3.66219
159615,3.95637
159616,3.41986
159617,4.44218
159618,3.62666
159619,3.97414
159620,4.04681
159621,3.16718
159622,3.70931
159623,3.052
159624,3.53574
159625,2.75366
159626,3.00066
159627,3.8425
159628,3.73164
159629,3.17168
159630,3.40894
159631,3.77228
159632,2.74107
159633,3.38689
159634,2.3538
159635,4.03666
159636,2.36033
159637,2.56826
159638,3.04876
159639,5.0
159640,3.09792
159641,3.58099
159642,3.63822
159643,3.70629
159644,4.1777
159645,3.35925
159646,3.55357
159647,3.68747
159648,2.66877
159649,3.4919
159650,3.49318
159651,3.46192
159652,3.63972
159653,3.50923
159654,3.89712
159655,3.43901
159656,3.99066
159657,3.56409
159658,3.66745
159659,3.36072
159660,3.25834
159661,3.92538
159662,3.06132
159663,4.03118
159664,3.29101
159665,4.00729
159666,2.98185
159667,3.67706
159668,3.86161
159669,3.39913
159670,3.44446
159671,3.58579
159672,3.99442
159673,3.81153
159674,3.71261
159675,3.87272
159676,4.2995
159677,4.14129
159678,3.34318
159679,3.93906
159680,3.28654
159681,2.87178
159682,3.19338
159683,2.88538
159684,3.34298
159685,3.57444
159686,3.40963
159687,4.28329
159688,2.66319
159689,3.65335
159690,3.5553
159691,3.72558
159692,3.96557
159693,3.56108
159694,2.87685
159695,2.68401
159696,3.61459
159697,3.02315
159698,3.39089
159699,3.72742
159700,3.57048
159701,3.72031
159702,3.25055
159703,2.93073
159704,3.64815
159705,3.30072
159706,3.03842
159707,3.72907
159708,3.71375
159709,2.98856
159710,3.24748
159711,2.87303
159712,3.60326
159713,3.1528
159714,3.71627
159715,4.31191
159716,3.65906
159717,3.73738
159718,3.86151
159719,4.7886
159720,4.39273
159721,3.20421
159722,3.71795
159723,3.43028
159724,4.62943
159725,3.38049
159726,3.49953
159727,3.33124
159728,3.76897
159729,3.06759
159730,3.72151
159731,3.06458
159732,4.6681
159733,4.42151
159734,2.64929
159735,4.42982
159736,4.38642
159737,4.8063
159738,4.03545
159739,3.97948
159740,4.4933
159741,2.43763
159742,3.54942
159743,3.92876
159744,2.30005
159745,3.57541
159746,3.53469
159747,2.61936
159748,1.71424
159749,1.06017
159750,2.51896
159751,3.94639
159752,2.77472
159753,3.49925
159754,3.24962
159755,4.46869
159756,3.44369
159757,3.72212
159758,3.6381
159759,2.82336
159760,3.92333
159761,3.76798
159762,2.6386
159763,1.0
159764,4.53431
159765,3.79467
159766,3.92467
159767,4.40656
159768,3.66607
159769,4.45234
159770,4.51799
159771,3.80991
159772,3.90168
159773,4.23119
159774,3.81513
159775,4.17947
159776,4.46851
159777,3.38149
159778,1.84751
159779,4.09315
159780,3.81774
159781,4.70526
159782,4.40387
159783,2.61786
159784,3.08882
159785,3.62443
159786,1.56996
159787,2.24487
159788,2.77481
159789,3.10542
159790,2.92807
159791,1.94174
159792,1.1583
159793,3.20192
159794,2.60935
159795,2.62133
159796,4.12802
159797,3.92907
159798,3.17023
159799,4.07539
159800,3.17976
159801,2.94784
159802,2.06384
159803,4.36402
159804,3.79033
159805,3.80819
159806,2.84067
159807,2.57106
159808,2.98909
159809,3.77684
159810,3.60003
159811,2.81883
159812,4.83184
159813,3.6167
159814,3.54871
159815,3.62328
159816,4.42746
159817,4.36969
159818,3.67515
159819,4.49552
159820,4.27593
159821,2.63453
159822,2.76266
159823,3.6576
159824,4.42544
159825,3.45108
159826,4.70428
159827,2.28877
159828,3.8759
159829,3.85923
159830,2.55319
159831,3.1162
159832,3.2806
159833,2.18063
159834,3.99491
159835,4.28744
159836,3.07987
159837,4.28296
159838,4.89104
159839,3.21772
159840,3.2675
159841,3.36026
159842,3.38054
159843,3.44034
159844,4.42809
159845,4.23586
159846,3.67799
159847,2.95756
159848,3.7389
159849,3.42659
159850,3.1921
159851,3.87013
159852,3.97929
159853,4.53865
159854,3.43401
159855,3.8837
159856,4.19283
159857,4.03886
159858,4.161
159859,2.4154
159860,3.44934
159861,3.4243
159862,4.60226
159863,2.82821
159864,3.49834
159865,2.8628
159866,4.44169
159867,4.78196
159868,4.51743
159869,4.07172
159870,2.14882
159871,2.44831
159872,3.69806
159873,4.27558
159874,4.0981
159875,2.49112
159876,3.61787
159877,3.76125
159878,3.28351
159879,3.7561
159880,3.02448
159881,3.83642
159882,3.69455
159883,4.97866
159884,1.97583
159885,3.56531
159886,2.91596
159887,3.08222
159888,2.89968
159889,3.31031
159890,3.60403
159891,4.57232
159892,3.99142
159893,2.87013
159894,3.37227
159895,4.31034
159896,4.3802
159897,4.53052
159898,4.33692
159899,4.81324
159900,3.83126
159901,3.74592
159902,4.3182
159903,4.34062
159904,3.7237
159905,3.95334
159906,4.29449
159907,4.94355
159908,4.38425
159909,5.0
159910,3.50313
159911,4.31253
159912,3.91808
159913,4.8143
159914,3.82293
159915,3.34116
159916,3.23722
159917,2.79664
159918,2.43597
159919,3.09138
159920,3.22998
159921,3.1612
159922,2.8225
159923,2.68026
159924,3.1396
159925,3.32332
159926,2.55288
159927,2.04782
159928,3.14016
159929,3.90768
159930,2.85683
159931,2.47489
159932,2.96547
159933,2.51715
159934,3.21126
159935,3.02803
159936,3.59505
159937,2.60522
159938,2.08497
159939,3.03659
159940,2.88869
159941,2.64872
159942,2.80435
159943,2.94121
159944,2.31624
159945,1.38534
159946,2.92316
159947,1.74077
159948,2.81615
159949,2.96804
159950,2.52308
159951,2.5055
159952,4.41868
159953,2.71096
159954,3.20496
159955,2.39007
159956,3.24005
159957,2.93189
159958,3.5337
159959,3.33675
159960,2.43172
159961,2.17276
159962,3.41388
159963,1.561
159964,2.6541
159965,2.75396
159966,2.61005
159967,3.58272
159968,2.12663
159969,2.67133
159970,2.95504
159971,3.06333
159972,3.30384
159973,3.58304
159974,3.41335
159975,2.33622
159976,3.41151
159977,2.88523
159978,3.92385
159979,2.62852
159980,4.39927
159981,3.31998
159982,4.48565
159983,3.37837
159984,4.20799
159985,3.94735
159986,2.5421
159987,2.9014
159988,3.02313
159989,5.0
159990,3.30481
159991,2.73907
159992,2.27826
159993,2.94409
159994,3.58532
159995,4.48506
159996,4.23961
159997,2.57512
159998,3.81573
159999,3.69505
160000,3.48006
160001,3.93619
160002,4.34635
160003,2.77945
160004,1.49271
160005,2.80929
160006,2.61861
160007,3.04677
160008,3.84837
160009,3.71745
160010,4.04066
160011,3.85147
160012,3.48652
160013,1.98363
160014,3.53374
160015,2.9274
160016,3.99654
160017,3.9317
160018,3.39448
160019,3.21156
160020,3.46276
160021,4.28128
160022,3.25098
160023,4.30359
160024,3.56802
160025,5.0
160026,3.96278
160027,4.15711
160028,2.34749
160029,4.70408
160030,3.18789
160031,4.00362
160032,3.99115
160033,2.06556
160034,2.82372
160035,3.52604
160036,2.70565
160037,3.29459
160038,3.5554
160039,2.64672
160040,4.34639
160041,3.7718
160042,2.85726
160043,4.36675
160044,3.56264
160045,3.92812
160046,3.64227
160047,3.95926
160048,4.3443
160049,3.40632
160050,3.77979
160051,3.67622
160052,2.63006
160053,3.17087
160054,4.23512
160055,2.61266
160056,2.31821
160057,4.82546
160058,2.46947
160059,4.42337
160060,4.86509
160061,4.76813
160062,4.09452
160063,4.21036
160064,3.28825
160065,4.68736
160066,4.8678
160067,5.0
160068,4.68297
160069,4.33031
160070,3.97259
160071,3.49332
160072,3.52012
160073,2.67017
160074,4.97462
160075,3.45217
160076,5.0
160077,4.41155
160078,4.01667
160079,4.60288
160080,3.51886
160081,2.73636
160082,3.81801
160083,4.06009
160084,3.71336
160085,4.7342
160086,4.46164
160087,4.93921
160088,4.18978
160089,3.09052
160090,4.2306
160091,4.21472
160092,3.0735
160093,3.22761
160094,2.95512
160095,2.42557
160096,2.22329
160097,1.9792
160098,2.84896
160099,4.5543
160100,2.66143
160101,3.70723
160102,3.77143
160103,2.05948
160104,3.31524
160105,4.26704
160106,3.15084
160107,3.20542
160108,4.42798
160109,3.14398
160110,3.93779
160111,3.68653
160112,3.68492
160113,3.49388
160114,2.57119
160115,4.00389
160116,2.81494
160117,3.29437
160118,4.14041
160119,3.89974
160120,3.67929
160121,5.0
160122,4.3672
160123,3.92179
160124,3.71092
160125,3.41331
160126,5.0
160127,4.55817
160128,4.00691
160129,3.54692
160130,2.19175
160131,4.03514
160132,3.88229
160133,3.37637
160134,3.61861
160135,4.16771
160136,2.12379
160137,3.00347
160138,3.05555
160139,1.60295
160140,3.25297
160141,3.80904
160142,4.13281
160143,4.46193
160144,2.97346
160145,4.04566
160146,3.18878
160147,3.88608
160148,5.0
160149,3.51287
160150,3.14923
160151,3.82756
160152,2.48671
160153,4.40559
160154,3.92015
160155,2.98786
160156,2.15693
160157,5.0
160158,3.79602
160159,4.74167
160160,2.81933
160161,2.46909
160162,3.04803
160163,2.77033
160164,2.99673
160165,2.64512
160166,3.00559
160167,2.29718
160168,3.93462
160169,4.50098
160170,5.0
160171,3.74761
160172,3.70937
160173,4.42127
160174,4.11854
160175,4.45403
160176,3.99575
160177,4.16839
160178,4.29976
160179,4.17426
160180,4.24452
160181,3.11631
160182,2.57749
160183,2.33515
160184,4.49986
160185,3.2564
160186,4.95347
160187,3.30815
160188,2.97974
160189,4.19381
160190,4.79437
160191,2.88407
160192,3.24811
160193,4.28803
160194,4.46589
160195,4.29616
160196,5.0
160197,4.17202
160198,4.22688
160199,2.78281
160200,4.3826
160201,3.24359
160202,5.0
160203,3.05719
160204,3.2122
160205,5.0
160206,3.80155
160207,4.89615
160208,4.363
160209,2.33998
160210,4.13267
160211,3.97735
160212,3.22098
160213,4.0327
160214,4.12196
160215,3.83374
160216,3.66731
160217,3.37087
160218,3.92989
160219,3.97895
160220,3.80686
160221,3.85265
160222,4.89454
160223,4.05386
160224,4.55263
160225,4.12883
160226,2.74795
160227,1.0
160228,4.10092
160229,3.89084
160230,3.94445
160231,3.66467
160232,4.3244
160233,1.91044
160234,3.80943
160235,3.23577
160236,3.43623
160237,3.29264
160238,4.72594
160239,3.8434
160240,3.74057
160241,3.08586
160242,2.57645
160243,3.57004
160244,2.26307
160245,3.79194
160246,4.421
160247,1.8722
160248,2.9111
160249,3.13361
160250,4.17167
160251,2.2331
160252,3.82286
160253,2.87807
160254,3.88819
160255,2.58344
160256,3.62776
160257,3.60655
160258,4.38055
160259,4.12643
160260,3.5815
160261,4.02702
160262,4.14712
160263,3.28599
160264,2.66411
160265,3.84973
160266,3.81123
160267,4.3989
160268,2.73341
160269,3.62937
160270,4.05009
160271,3.54773
160272,4.4539
160273,3.91231
160274,4.019
160275,3.60717
160276,4.03883
160277,3.98923
160278,4.15253
160279,4.4568
160280,4.53166
160281,3.39629
160282,4.09627
160283,5.0
160284,4.2919
160285,3.87213
160286,3.5265
160287,3.99194
160288,3.84975
160289,1.0
160290,4.44837
160291,2.84535
160292,4.95731
160293,2.28833
160294,2.50375
160295,4.27396
160296,4.09218
160297,4.02639
160298,1.83685
160299,4.40533
160300,3.17105
160301,3.72484
160302,2.12414
160303,4.08687
160304,4.49989
160305,3.28626
160306,3.08875
160307,2.83541
160308,2.70641
160309,3.90323
160310,2.22879
160311,3.79719
160312,4.01185
160313,5.0
160314,4.46698
160315,2.78265
160316,3.77082
160317,1.97052
160318,2.50302
160319,4.07453
160320,2.40213
160321,3.33826
160322,2.44059
160323,2.2334
160324,3.41919
160325,1.24829
160326,3.76207
160327,3.57137
160328,3.35329
160329,3.39173
160330,3.15185
160331,2.45972
160332,3.06056
160333,3.27792
160334,4.06784
160335,3.46099
160336,3.60715
160337,3.37705
160338,3.66063
160339,2.42813
160340,3.31593
160341,2.70219
160342,3.17604
160343,4.43644
160344,4.41853
160345,3.91028
160346,3.02245
160347,4.38352
160348,4.34508
160349,3.81045
160350,3.88293
160351,4.38324
160352,4.69263
160353,4.86453
160354,3.95863
160355,3.63299
160356,3.78612
160357,4.03564
160358,4.1457
160359,3.14264
160360,2.30838
160361,2.81112
160362,2.79427
160363,2.96701
160364,2.64057
160365,2.90997
160366,3.04102
160367,3.08124
160368,2.88397
160369,2.7832
160370,3.47796
160371,3.41177
160372,3.04455
160373,4.12111
160374,3.98827
160375,3.85442
160376,4.07305
160377,3.67171
160378,4.17519
160379,4.0536
160380,3.38191
160381,3.98073
160382,4.2429
160383,4.79735
160384,4.37153
160385,3.75578
160386,3.23238
160387,4.13
160388,3.80617
160389,4.01848
160390,3.98644
160391,3.4584
160392,3.05568
160393,4.5619
160394,4.13178
160395,4.76582
160396,1.70841
160397,2.15049
160398,1.43473
160399,3.87352
160400,3.41029
160401,3.04004
160402,4.90642
160403,5.0
160404,3.05714
160405,3.39784
160406,4.05895
160407,3.79561
160408,3.58987
160409,3.38073
160410,3.43816
160411,3.93997
160412,3.78016
160413,4.24294
160414,3.47619
160415,3.63073
160416,3.97183
160417,3.64713
160418,3.6997
160419,3.8377
160420,3.03477
160421,2.61182
160422,2.78267
160423,3.77619
160424,3.07104
160425,3.12762
160426,2.85834
160427,3.09649
160428,3.38853
160429,3.69566
160430,1.53788
160431,3.39391
160432,2.90733
160433,3.26782
160434,3.03666
160435,4.66137
160436,3.67838
160437,3.72117
160438,2.97397
160439,3.30645
160440,3.944
160441,3.13573
160442,3.62594
160443,3.57468
160444,2.92943
160445,3.68494
160446,2.85002
160447,3.59521
160448,3.42372
160449,3.93249
160450,2.38602
160451,3.04164
160452,3.42337
160453,3.05947
160454,2.30604
160455,3.25053
160456,3.18396
160457,3.70379
160458,3.05415
160459,3.0014
160460,3.39803
160461,4.06019
160462,3.44109
160463,2.68476
160464,2.65606
160465,2.90627
160466,4.10099
160467,3.73896
160468,3.07034
160469,3.35205
160470,3.273
160471,3.81466
160472,3.87514
160473,3.14929
160474,4.45516
160475,3.47607
160476,3.13782
160477,4.55055
160478,2.52766
160479,3.33243
160480,3.43982
160481,3.54298
160482,3.3135
160483,3.60333
160484,3.60494
160485,3.71483
160486,3.94154
160487,3.38485
160488,4.38448
160489,4.35865
160490,3.8633
160491,2.503
160492,4.05413
160493,3.02274
160494,4.02184
160495,1.99266
160496,4.00682
160497,3.73819
160498,1.85818
160499,4.55214
160500,4.04875
160501,3.96228
160502,2.91624
160503,3.12598
160504,4.07964
160505,3.82716
160506,3.95732
160507,3.64078
160508,4.01463
160509,3.67088
160510,3.84971
160511,3.03846
160512,4.46856
160513,3.14201
160514,3.13974
160515,4.90798
160516,3.98531
160517,3.92749
160518,3.02861
160519,4.07116
160520,1.7774
160521,4.17823
160522,4.9581
160523,3.06716
160524,3.77798
160525,4.38942
160526,4.23922
160527,2.5127
160528,4.85205
160529,4.83537
160530,4.11018
160531,3.28372
160532,3.7418
160533,4.03806
160534,3.4605
160535,3.77656
160536,3.66355
160537,3.66381
160538,3.10039
160539,1.78498
160540,4.20592
160541,2.8881
160542,4.88713
160543,4.01245
160544,4.52228
160545,3.69371
160546,4.6462
160547,4.0927
160548,3.74172
160549,3.91455
160550,3.70569
160551,3.18477
160552,1.0
160553,4.02087
160554,3.96811
160555,3.50902
160556,3.5428
160557,4.4814
160558,4.13911
160559,3.62873
160560,4.50227
160561,4.66836
160562,3.60651
160563,4.54252
160564,3.71633
160565,3.92386
160566,4.43251
160567,3.45646
160568,4.12113
160569,2.71039
160570,3.7001
160571,4.05423
160572,3.57783
160573,4.47413
160574,4.08407
160575,4.15367
160576,3.07981
160577,4.11384
160578,3.57816
160579,2.89772
160580,3.78212
160581,3.87071
160582,4.91535
160583,4.2285
160584,3.7348
160585,3.82761
160586,3.8561
160587,3.26988
160588,3.56052
160589,3.72455
160590,4.42014
160591,3.8781
160592,3.95082
160593,4.28322
160594,2.78067
160595,4.18888
160596,4.86432
160597,2.58697
160598,3.54541
160599,4.45951
160600,4.13049
160601,5.0
160602,2.74832
160603,4.08868
160604,3.9979
160605,4.06651
160606,4.14817
160607,4.27521
160608,2.75501
160609,3.40855
160610,2.90957
160611,4.36957
160612,3.01643
160613,3.37918
160614,4.63277
160615,5.0
160616,4.05392
160617,3.29884
160618,3.24784
160619,4.28446
160620,3.31715
160621,4.32988
160622,4.12139
160623,3.31981
160624,3.69267
160625,2.7378
160626,2.42101
160627,3.83696
160628,4.26399
160629,5.0
160630,3.63167
160631,4.73746
160632,4.99496
160633,3.33221
160634,3.89
160635,4.64168
160636,4.88356
160637,3.7518
160638,4.65372
160639,4.97306
160640,4.75792
160641,4.19812
160642,4.18036
160643,3.40594
160644,4.36114
160645,4.59356
160646,5.0
160647,4.20394
160648,3.17166
160649,3.38982
160650,3.80591
160651,1.69719
160652,2.54019
160653,4.69374
160654,1.0
160655,3.77872
160656,2.8188
160657,2.61159
160658,3.3903
160659,2.86256
160660,2.2126
160661,3.91936
160662,1.67576
160663,3.2233
160664,3.39635
160665,2.92504
160666,1.79043
160667,3.60983
160668,1.54011
160669,2.27514
160670,2.60729
160671,3.4719
160672,1.0
160673,3.40486
160674,2.94858
160675,4.17833
160676,2.87907
160677,3.73745
160678,1.28119
160679,2.84776
160680,3.72293
160681,1.44872
160682,3.86402
160683,3.8862
160684,3.72766
160685,1.0
160686,3.89563
160687,1.82444
160688,2.73514
160689,1.75598
160690,3.62395
160691,3.45895
160692,2.5826
160693,3.84399
160694,2.52196
160695,3.22315
160696,1.13308
160697,3.49492
160698,1.0424
160699,4.25256
160700,2.24789
160701,4.08492
160702,3.14417
160703,3.65673
160704,1.56039
160705,4.16927
160706,4.72595
160707,5.0
160708,4.29017
160709,5.0
160710,4.82092
160711,4.91141
160712,4.40056
160713,4.22414
160714,3.44612
160715,4.47881
160716,3.54604
160717,4.69513
160718,4.68209
160719,5.0
160720,2.91796
160721,3.14568
160722,4.47095
160723,4.02023
160724,4.16467
160725,3.12474
160726,3.28542
160727,4.546
160728,4.01389
160729,4.38328
160730,3.79216
160731,3.9272
160732,3.79757
160733,3.83334
160734,5.0
160735,4.78714
160736,4.77183
160737,4.79653
160738,4.82611
160739,4.26916
160740,3.3656
160741,3.6904
160742,3.35444
160743,3.85526
160744,3.90703
160745,4.25701
160746,4.43807
160747,4.13068
160748,4.5895
160749,3.81346
160750,4.26018
160751,4.88417
160752,3.43773
160753,4.20736
160754,4.54533
160755,4.95709
160756,4.56793
160757,4.68421
160758,2.58684
160759,2.91915
160760,5.0
160761,2.57022
160762,3.5208
160763,2.0439
160764,3.52508
160765,2.64862
160766,4.23748
160767,3.82393
160768,4.19398
160769,1.10025
160770,5.0
160771,1.69593
160772,2.05249
160773,3.18623
160774,1.43276
160775,4.67024
160776,2.73096
160777,4.81455
160778,4.18175
160779,4.13554
160780,3.9357
160781,4.63464
160782,4.64102
160783,4.66045
160784,5.0
160785,4.74664
160786,4.2299
160787,4.60208
160788,3.83066
160789,5.0
160790,2.32105
160791,4.41471
160792,5.0
160793,4.64481
160794,3.25731
160795,4.53155
160796,4.32556
160797,3.80939
160798,5.0
160799,4.45365
160800,4.70762
160801,4.44473
160802,3.95139
160803,4.99237
160804,4.92145
160805,4.7826
160806,4.63055
160807,4.95667
160808,3.24617
160809,2.68994
160810,2.32155
160811,2.73509
160812,3.09626
160813,2.79663
160814,2.96382
160815,2.69447
160816,2.59694
160817,2.37605
160818,2.78157
160819,2.89959
160820,3.60584
160821,2.58219
160822,2.98945
160823,2.6639
160824,3.38697
160825,2.60782
160826,2.91024
160827,2.77722
160828,2.30526
160829,3.76877
160830,3.24783
160831,2.88567
160832,2.37721
160833,3.56851
160834,2.73006
160835,2.92652
160836,2.45062
160837,2.65536
160838,3.11707
160839,3.50666
160840,2.70259
160841,3.56916
160842,3.21974
160843,2.34181
160844,3.38974
160845,2.86651
160846,2.01889
160847,2.40057
160848,1.78689
160849,2.98312
160850,2.37586
160851,2.80645
160852,2.90253
160853,2.84674
160854,2.95551
160855,3.24131
160856,3.19177
160857,3.09451
160858,3.269
160859,2.71834
160860,4.12157
160861,2.65659
160862,3.70034
160863,3.1773
160864,3.05417
160865,3.38186
160866,1.42247
160867,3.6031
160868,3.10537
160869,3.82994
160870,4.32591
160871,3.88823
160872,3.85441
160873,4.1266
160874,4.05023
160875,3.92193
160876,4.14599
160877,3.45173
160878,3.54483
160879,3.21762
160880,2.9227
160881,3.41918
160882,2.65069
160883,2.4012
160884,4.56037
160885,3.87292
160886,4.11903
160887,2.31651
160888,3.39917
160889,4.01315
160890,2.81596
160891,2.7544
160892,3.16972
160893,4.23085
160894,2.56724
160895,3.6424
160896,2.57472
160897,3.164
160898,4.21777
160899,3.88594
160900,2.17166
160901,3.71909
160902,3.11677
160903,4.06604
160904,4.12952
160905,4.40353
160906,5.0
160907,4.45044
160908,4.42144
160909,3.59055
160910,4.15691
160911,2.03308
160912,3.49688
160913,3.01139
160914,4.0479
160915,3.68676
160916,4.26418
160917,4.27329
160918,3.2826
160919,3.20692
160920,3.50062
160921,2.58422
160922,3.50627
160923,2.60299
160924,3.71869
160925,3.79414
160926,1.86696
160927,2.88654
160928,2.5903
160929,2.5305
160930,2.97913
160931,3.86102
160932,3.12012
160933,4.0525
160934,2.43293
160935,2.73624
160936,4.12414
160937,3.97739
160938,4.22129
160939,3.37668
160940,1.95686
160941,2.93241
160942,3.62481
160943,1.81115
160944,3.31709
160945,3.68062
160946,4.07615
160947,4.13572
160948,3.55734
160949,2.52872
160950,3.75752
160951,3.98671
160952,2.94979
160953,3.10344
160954,3.14782
160955,4.04714
160956,3.43117
160957,3.60624
160958,4.66487
160959,3.71194
160960,4.40935
160961,3.9896
160962,3.36073
160963,3.20151
160964,4.36281
160965,4.11552
160966,3.94086
160967,4.44328
160968,3.56628
160969,3.55886
160970,4.3283
160971,4.34047
160972,3.54016
160973,3.86604
160974,3.92141
160975,3.37719
160976,4.06554
160977,4.05838
160978,4.34475
160979,4.44622
160980,4.31562
160981,3.89807
160982,4.43949
160983,3.92729
160984,4.07505
160985,3.57299
160986,4.22236
160987,3.83566
160988,4.25104
160989,4.35357
160990,4.59363
160991,4.25859
160992,4.0316
160993,3.90574
160994,3.83891
160995,3.86888
160996,4.12837
160997,4.17797
160998,4.02677
160999,3.87569
161000,3.79847
161001,3.8286
161002,3.94501
161003,4.74907
161004,4.70061
161005,3.38242
161006,3.62703
161007,4.36168
161008,4.57499
161009,3.43065
161010,4.2927
161011,3.92299
161012,3.21301
161013,4.55548
161014,3.78436
161015,3.96186
161016,3.94082
161017,4.87688
161018,3.73771
161019,3.83787
161020,4.14396
161021,3.64079
161022,5.0
161023,5.0
161024,4.83932
161025,4.32414
161026,3.87736
161027,4.9387
161028,3.48915
161029,4.41553
161030,4.14629
161031,3.71501
161032,3.47077
161033,2.47265
161034,4.83303
161035,4.69841
161036,3.44833
161037,2.62184
161038,3.14995
161039,1.41695
161040,3.30196
161041,4.33614
161042,3.39144
161043,4.66268
161044,4.86691
161045,4.4838
161046,3.46905
161047,4.9122
161048,5.0
161049,3.40516
161050,3.47068
161051,5.0
161052,4.96499
161053,3.95443
161054,4.62317
161055,3.8022
161056,3.69577
161057,3.42413
161058,4.56349
161059,2.49119
161060,4.0573
161061,3.90017
161062,4.90709
161063,2.63778
161064,4.55237
161065,2.9944
161066,1.94
161067,4.09514
161068,2.42938
161069,3.01214
161070,3.73181
161071,3.22006
161072,3.07917
161073,3.81597
161074,4.28091
161075,4.7389
161076,4.61392
161077,4.40322
161078,3.0574
161079,4.93869
161080,4.62772
161081,5.0
161082,5.0
161083,4.19721
161084,4.43783
161085,4.95206
161086,4.38362
161087,4.06727
161088,4.77829
161089,4.13969
161090,4.52184
161091,5.0
161092,3.13618
161093,4.69818
161094,4.82672
161095,2.8891
161096,4.43944
161097,4.29697
161098,3.65522
161099,3.77443
161100,4.09703
161101,4.58216
161102,4.21115
161103,2.36964
161104,3.94386
161105,4.04838
161106,3.16582
161107,3.68195
161108,3.77118
161109,3.62511
161110,4.02153
161111,3.32865
161112,2.29147
161113,3.16327
161114,2.98232
161115,4.21185
161116,4.05742
161117,4.07565
161118,3.88517
161119,4.17837
161120,4.34669
161121,3.71565
161122,3.62259
161123,3.94012
161124,3.90442
161125,3.57799
161126,4.08887
161127,3.6955
161128,3.76165
161129,3.76197
161130,3.87079
161131,4.08557
161132,4.0906
161133,3.09927
161134,3.55477
161135,3.82496
161136,2.77075
161137,3.84745
161138,3.148
161139,3.46384
161140,1.84345
161141,2.79665
161142,3.22188
161143,2.95443
161144,3.92673
161145,2.11795
161146,4.1396
161147,3.48034
161148,3.85777
161149,4.11963
161150,4.02645
161151,4.45034
161152,3.4706
161153,3.64551
161154,4.02518
161155,3.85329
161156,3.98581
161157,3.87347
161158,4.13569
161159,4.12007
161160,4.19688
161161,3.6774
161162,3.99753
161163,3.41929
161164,4.55029
161165,4.40638
161166,3.98686
161167,2.52461
161168,4.48352
161169,4.18496
161170,3.61042
161171,3.81293
161172,4.24671
161173,3.65988
161174,3.88934
161175,4.59109
161176,2.46661
161177,5.0
161178,4.87535
161179,3.62102
161180,4.09561
161181,3.09922
161182,4.37808
161183,3.75753
161184,3.50449
161185,3.85973
161186,3.76357
161187,4.40319
161188,3.63305
161189,3.64281
161190,3.49935
161191,4.63403
161192,4.83902
161193,2.99212
161194,4.12484
161195,1.87088
161196,3.53851
161197,3.55948
161198,4.18224
161199,4.53787
161200,3.04708
161201,3.74564
161202,3.38146
161203,1.97228
161204,2.90992
161205,3.21464
161206,3.54025
161207,3.41753
161208,3.53116
161209,4.11068
161210,3.29936
161211,3.50781
161212,3.45327
161213,3.20857
161214,4.33178
161215,2.53594
161216,4.74606
161217,3.13222
161218,1.99438
161219,3.98282
161220,1.77917
161221,4.04249
161222,3.32485
161223,4.73519
161224,4.01739
161225,4.04633
161226,4.18166
161227,3.40667
161228,4.51059
161229,4.73326
161230,3.834
161231,3.89078
161232,3.92106
161233,3.91584
161234,4.0679
161235,5.0
161236,5.0
161237,4.63561
161238,4.33486
161239,3.66053
161240,3.12071
161241,3.47645
161242,3.17333
161243,2.76092
161244,2.6982
161245,3.74292
161246,3.19848
161247,3.29897
161248,2.32479
161249,3.44788
161250,2.87452
161251,3.05159
161252,3.79178
161253,2.69994
161254,4.70035
161255,4.31307
161256,4.25242
161257,3.84562
161258,3.24329
161259,3.98953
161260,4.13318
161261,3.39091
161262,3.70034
161263,3.38337
161264,3.72178
161265,3.39538
161266,3.01354
161267,2.23538
161268,5.0
161269,2.71111
161270,4.36126
161271,3.51203
161272,3.55945
161273,4.4868
161274,3.87877
161275,3.65661
161276,3.12185
161277,2.6256
161278,4.01051
161279,2.17019
161280,2.73082
161281,2.95563
161282,4.54899
161283,3.94862
161284,3.65538
161285,3.41654
161286,4.02718
161287,4.43671
161288,3.33413
161289,2.50491
161290,4.77173
161291,3.38301
161292,3.85183
161293,4.29842
161294,3.88519
161295,3.45659
161296,2.51622
161297,3.38213
161298,3.0712
161299,4.62045
161300,3.25069
161301,4.30259
161302,2.98774
161303,3.63015
161304,3.0612
161305,3.77831
161306,2.86048
161307,3.53615
161308,5.0
161309,2.65177
161310,4.78848
161311,3.05841
161312,4.21589
161313,4.6994
161314,4.8826
161315,4.18195
161316,3.53759
161317,3.07637
161318,3.03675
161319,2.50889
161320,2.81846
161321,2.94073
161322,3.27628
161323,4.15975
161324,3.48551
161325,3.02593
161326,4.32392
161327,3.48133
161328,2.95691
161329,3.76739
161330,1.25649
161331,4.94457
161332,4.42989
161333,3.05736
161334,3.29673
161335,2.70574
161336,3.0461
161337,4.10449
161338,2.41062
161339,4.58328
161340,5.0
161341,3.43741
161342,3.60284
161343,2.4069
161344,3.81557
161345,4.35867
161346,3.92108
161347,3.61021
161348,3.88474
161349,2.31138
161350,4.04508
161351,5.0
161352,3.81553
161353,3.51305
161354,4.03884
161355,5.0
161356,1.88072
161357,4.49806
161358,3.94813
161359,5.0
161360,3.3143
161361,3.56213
161362,3.96164
161363,4.93986
161364,5.0
161365,3.84855
161366,3.24019
161367,3.98615
161368,5.0
161369,1.85666
161370,4.6169
161371,4.82039
161372,3.54651
161373,3.67495
161374,4.03518
161375,4.18924
161376,3.86264
161377,3.06713
161378,3.39905
161379,3.75438
161380,4.35103
161381,2.93887
161382,4.34488
161383,4.29758
161384,3.8192
161385,4.15813
161386,3.05948
161387,2.93379
161388,3.99823
161389,3.70164
161390,3.64436
161391,3.52782
161392,3.93428
161393,3.89739
161394,2.95437
161395,4.17076
161396,3.62564
161397,3.60408
161398,2.63331
161399,4.47483
161400,1.71483
161401,4.19092
161402,4.47871
161403,4.00187
161404,3.10303
161405,3.13814
161406,3.97367
161407,3.54172
161408,3.76966
161409,4.00429
161410,4.27382
161411,3.00855
161412,2.30375
161413,3.01628
161414,2.36449
161415,3.27434
161416,3.96804
161417,2.82969
161418,4.96733
161419,4.46983
161420,3.49661
161421,3.38321
161422,4.20436
161423,4.04501
161424,4.01665
161425,3.46882
161426,4.47663
161427,3.95443
161428,3.17339
161429,3.80877
161430,3.87242
161431,4.21354
161432,2.89143
161433,3.32098
161434,3.7454
161435,3.22329
161436,3.13632
161437,3.1853
161438,3.65982
161439,3.60134
161440,3.76427
161441,2.95683
161442,2.97253
161443,2.32864
161444,3.75517
161445,2.83296
161446,2.75019
161447,2.51923
161448,3.36623
161449,2.99196
161450,3.18076
161451,3.76987
161452,3.84834
161453,3.77284
161454,3.55566
161455,3.44085
161456,3.93074
161457,3.96847
161458,3.66782
161459,4.20314
161460,2.8666
161461,3.45616
161462,4.26249
161463,3.85047
161464,4.84614
161465,4.72279
161466,4.4215
161467,4.58907
161468,3.49045
161469,2.38771
161470,4.17742
161471,2.44081
161472,4.68572
161473,4.43039
161474,4.96319
161475,4.37931
161476,3.77659
161477,3.90122
161478,3.3766
161479,4.36827
161480,2.69536
161481,3.49371
161482,3.24724
161483,3.41772
161484,4.27188
161485,3.35564
161486,3.68204
161487,3.42131
161488,2.93014
161489,4.18746
161490,2.3651
161491,2.0205
161492,3.88759
161493,4.33289
161494,1.48079
161495,3.83887
161496,4.14383
161497,3.6523
161498,3.45011
161499,2.86869
161500,2.80855
161501,3.84052
161502,2.01504
161503,3.88389
161504,2.01953
161505,2.21629
161506,3.26494
161507,3.60987
161508,4.13403
161509,2.45184
161510,3.70018
161511,1.56121
161512,2.84119
161513,2.84696
161514,3.49979
161515,4.34091
161516,4.35124
161517,4.21842
161518,4.00681
161519,3.37577
161520,2.90085
161521,3.09163
161522,3.12966
161523,3.65013
161524,4.25563
161525,3.72641
161526,3.52263
161527,3.10015
161528,3.23634
161529,2.45492
161530,1.0
161531,4.26637
161532,4.34906
161533,2.99198
161534,3.18131
161535,3.3727
161536,3.29693
161537,4.0495
161538,3.53118
161539,3.46586
161540,2.58143
161541,2.37813
161542,3.26364
161543,2.82737
161544,3.22028
161545,2.53085
161546,3.68772
161547,3.99061
161548,2.16959
161549,3.22991
161550,4.00879
161551,3.73557
161552,2.74427
161553,3.80309
161554,3.04198
161555,2.94227
161556,2.8692
161557,3.34851
161558,3.82849
161559,3.6666
161560,2.66984
161561,4.1163
161562,3.89527
161563,4.14146
161564,3.15113
161565,3.09535
161566,2.992
161567,3.6479
161568,3.02568
161569,3.76031
161570,2.64246
161571,3.32389
161572,3.18909
161573,4.0466
161574,1.89441
161575,4.19415
161576,3.13235
161577,2.14497
161578,2.99348
161579,2.81624
161580,3.99909
161581,2.39222
161582,2.10599
161583,2.41624
161584,3.72293
161585,3.28038
161586,2.58225
161587,3.87787
161588,1.47916
161589,3.73148
161590,2.33146
161591,3.66332
161592,2.53866
161593,2.18258
161594,3.53501
161595,3.25031
161596,3.76749
161597,1.961
161598,4.15898
161599,2.20496
161600,3.15238
161601,1.85919
161602,3.37136
161603,4.26682
161604,3.1361
161605,1.64548
161606,4.36305
161607,3.52808
161608,3.53146
161609,3.71488
161610,3.79372
161611,2.88327
161612,4.10445
161613,4.44379
161614,2.14716
161615,4.62872
161616,2.65252
161617,4.0061
161618,4.12465
161619,2.83775
161620,3.38553
161621,3.10407
161622,4.3143
161623,3.28561
161624,3.66738
161625,3.9523
161626,3.77913
161627,2.90012
161628,4.53321
161629,4.23957
161630,4.14307
161631,4.45258
161632,4.66462
161633,4.17796
161634,4.26855
161635,3.62294
161636,4.39185
161637,4.5148
161638,3.85148
161639,4.93077
161640,4.1392
161641,4.06448
161642,4.80416
161643,4.00147
161644,3.70795
161645,3.61482
161646,4.08361
161647,4.59201
161648,4.62048
161649,4.49252
161650,2.61477
161651,3.90042
161652,2.93206
161653,5.0
161654,4.95821
161655,3.09362
161656,3.94887
161657,4.58793
161658,3.05176
161659,3.41809
161660,3.43873
161661,4.68617
161662,3.68702
161663,3.79885
161664,3.14915
161665,1.44454
161666,2.47943
161667,2.45551
161668,2.28981
161669,1.24807
161670,2.7323
161671,1.96898
161672,4.19435
161673,4.65599
161674,4.19369
161675,4.08401
161676,4.57342
161677,1.81697
161678,3.77562
161679,3.25014
161680,3.36032
161681,3.1857
161682,2.03407
161683,2.99547
161684,3.52566
161685,3.146
161686,3.94301
161687,3.43975
161688,4.77014
161689,3.38812
161690,3.27153
161691,3.11141
161692,4.0916
161693,4.44961
161694,2.92973
161695,3.73988
161696,3.96294
161697,2.99271
161698,4.12416
161699,4.78409
161700,3.67658
161701,3.48617
161702,4.55046
161703,4.05828
161704,4.01978
161705,4.58667
161706,3.85923
161707,4.03103
161708,3.46654
161709,3.81787
161710,1.59393
161711,4.89216
161712,1.75713
161713,2.77387
161714,2.33122
161715,3.79283
161716,3.48568
161717,4.12538
161718,4.30174
161719,3.85463
161720,3.33022
161721,2.86503
161722,4.82062
161723,3.4099
161724,3.87105
161725,3.71233
161726,3.72809
161727,4.52164
161728,3.62495
161729,2.68807
161730,4.24989
161731,5.0
161732,3.0328
161733,4.55801
161734,3.77047
161735,3.14574
161736,3.17921
161737,4.58523
161738,3.63201
161739,3.44893
161740,4.27369
161741,3.03452
161742,2.48329
161743,4.63862
161744,3.72601
161745,3.92155
161746,3.09212
161747,3.27094
161748,4.32062
161749,4.54613
161750,2.31923
161751,4.60892
161752,3.95382
161753,3.11129
161754,3.32568
161755,3.31432
161756,3.10296
161757,3.69094
161758,4.46193
161759,4.18954
161760,3.50639
161761,4.19717
161762,3.54768
161763,3.82692
161764,3.09705
161765,4.25385
161766,3.72245
161767,3.40024
161768,3.43368
161769,4.27434
161770,3.83796
161771,3.68715
161772,3.34965
161773,4.84375
161774,3.17496
161775,4.15414
161776,3.53478
161777,4.39935
161778,4.15334
161779,4.8017
161780,3.70861
161781,4.48953
161782,4.45438
161783,3.59158
161784,3.69056
161785,2.55221
161786,3.0368
161787,3.08899
161788,3.58312
161789,3.29255
161790,3.73962
161791,3.40431
161792,3.08121
161793,4.12229
161794,3.82894
161795,3.91281
161796,3.41821
161797,4.35512
161798,3.12228
161799,2.45734
161800,2.38887
161801,3.42836
161802,3.30695
161803,3.81431
161804,3.3857
161805,5.0
161806,3.74239
161807,3.38786
161808,3.66942
161809,3.9404
161810,4.20245
161811,2.70842
161812,4.61747
161813,3.49784
161814,3.60546
161815,5.0
161816,3.11341
161817,3.84055
161818,3.46049
161819,2.9204
161820,2.86239
161821,2.50501
161822,3.46965
161823,3.25773
161824,2.71234
161825,2.79618
161826,3.61653
161827,3.52051
161828,4.20632
161829,3.7589
161830,3.4964
161831,4.18723
161832,2.60112
161833,4.47594
161834,2.58098
161835,4.10717
161836,4.90409
161837,3.67914
161838,4.74165
161839,3.79002
161840,3.65222
161841,4.03802
161842,3.5317
161843,3.67256
161844,4.19513
161845,4.73832
161846,3.53426
161847,4.62433
161848,2.50088
161849,2.77242
161850,4.39817
161851,3.40835
161852,1.93459
161853,3.82406
161854,3.39466
161855,3.54262
161856,3.36985
161857,2.4853
161858,2.70319
161859,3.674
161860,2.6714
161861,3.01514
161862,3.46623
161863,4.36168
161864,3.5755
161865,3.2831
161866,4.092
161867,3.57911
161868,4.57522
161869,4.95876
161870,2.39525
161871,4.31037
161872,3.79356
161873,4.08271
161874,4.02257
161875,4.15486
161876,3.32948
161877,2.25878
161878,4.43641
161879,4.13115
161880,2.71763
161881,3.80646
161882,2.91957
161883,2.44968
161884,3.028
161885,3.06334
161886,3.35863
161887,4.96749
161888,3.603
161889,3.28609
161890,4.57525
161891,3.48741
161892,4.7305
161893,2.99642
161894,2.51719
161895,3.54193
161896,3.55752
161897,3.34065
161898,4.14183
161899,3.74108
161900,3.77476
161901,3.31295
161902,4.04356
161903,3.95507
161904,3.40341
161905,2.56105
161906,1.2531
161907,3.38178
161908,4.13293
161909,2.51465
161910,3.61631
161911,3.10367
161912,3.85141
161913,3.76372
161914,2.85346
161915,4.24904
161916,3.39677
161917,2.71313
161918,2.70281
161919,2.67012
161920,3.42163
161921,3.31821
161922,2.17367
161923,3.70569
161924,3.05208
161925,3.39287
161926,2.36305
161927,3.66653
161928,3.74194
161929,2.96968
161930,3.22156
161931,3.02402
161932,3.85714
161933,2.64566
161934,3.64563
161935,3.31316
161936,3.14323
161937,3.88415
161938,3.73292
161939,3.68652
161940,4.12027
161941,2.66016
161942,2.90394
161943,2.72732
161944,3.64563
161945,4.65576
161946,2.67439
161947,2.64098
161948,3.03192
161949,3.25733
161950,3.21651
161951,3.51635
161952,3.36182
161953,4.06178
161954,3.73799
161955,4.0623
161956,3.36453
161957,3.04682
161958,3.53144
161959,2.97874
161960,3.67897
161961,3.99616
161962,3.64206
161963,3.58232
161964,3.81176
161965,4.27761
161966,4.11172
161967,3.68893
161968,4.43375
161969,3.01349
161970,4.86979
161971,3.54876
161972,4.33352
161973,3.98363
161974,3.75243
161975,4.15935
161976,3.44438
161977,4.63732
161978,3.01634
161979,3.66229
161980,3.78439
161981,3.71048
161982,4.40753
161983,4.38225
161984,3.35234
161985,3.55703
161986,4.26773
161987,3.35837
161988,3.96072
161989,4.14668
161990,4.70042
161991,4.78969
161992,1.82293
161993,4.5523
161994,4.63405
161995,5.0
161996,4.64837
161997,5.0
161998,4.00634
161999,4.68505
162000,4.24724
162001,4.40897
162002,3.07554
162003,4.62812
162004,3.99956
162005,2.36735
162006,3.7346
162007,3.56434
162008,2.98168
162009,4.04741
162010,4.29655
162011,3.8897
162012,3.98252
162013,2.89539
162014,4.44577
162015,4.26747
162016,3.7871
162017,3.80279
162018,4.53712
162019,3.61475
162020,4.21806
162021,4.24638
162022,3.61822
162023,3.96168
162024,3.38189
162025,2.99304
162026,3.42421
162027,3.47396
162028,5.0
162029,4.04627
162030,3.76809
162031,3.61004
162032,3.61115
162033,3.94358
162034,3.94156
162035,4.36801
162036,4.24442
162037,4.0651
162038,3.86306
162039,4.56062
162040,5.0
162041,4.43138
162042,4.57841
162043,4.32628
162044,4.25667
162045,4.3676
162046,4.22333
162047,3.48769
162048,4.2083
162049,4.21958
162050,3.99597
162051,5.0
162052,4.47846
162053,3.94838
162054,4.69612
162055,5.0
162056,3.32989
162057,4.4133
162058,4.73191
162059,3.40301
162060,3.24588
162061,2.71557
162062,2.69015
162063,3.67686
162064,2.8736
162065,4.03399
162066,4.10736
162067,3.61667
162068,4.01963
162069,2.77134
162070,3.92452
162071,3.67579
162072,4.96526
162073,4.19591
162074,4.44913
162075,3.68508
162076,4.46921
162077,3.89666
162078,3.76309
162079,3.74033
162080,3.69934
162081,2.64183
162082,3.61439
162083,2.39717
162084,3.57885
162085,3.88908
162086,3.2818
162087,3.79844
162088,3.74084
162089,3.79006
162090,3.16213
162091,4.04459
162092,3.44045
162093,3.59351
162094,4.19557
162095,3.95364
162096,2.89903
162097,4.19279
162098,3.96929
162099,3.85305
162100,2.99761
162101,4.23282
162102,3.46957
162103,4.13719
162104,2.61254
162105,4.2715
162106,4.76554
162107,4.30141
162108,3.83224
162109,4.06914
162110,4.35805
162111,3.62578
162112,3.26966
162113,4.9781
162114,4.82066
162115,3.30188
162116,4.36751
162117,3.40867
162118,4.65798
162119,4.67211
162120,5.0
162121,4.21384
162122,4.49755
162123,2.20717
162124,3.57407
162125,1.36663
162126,1.97745
162127,2.47238
162128,3.94089
162129,3.03353
162130,3.55372
162131,2.40678
162132,2.163
162133,3.61801
162134,2.76797
162135,2.79606
162136,2.2434
162137,2.34592
162138,1.1372
162139,2.20791
162140,1.89544
162141,1.98153
162142,1.3788
162143,1.90192
162144,1.05186
162145,1.5839
162146,3.40593
162147,3.18792
162148,1.11553
162149,2.76711
162150,2.99434
162151,1.9423
162152,2.5668
162153,3.12073
162154,3.40455
162155,1.87666
162156,1.59965
162157,1.13084
162158,1.0
162159,1.90199
162160,2.80945
162161,2.83835
162162,4.28787
162163,2.20132
162164,3.3522
162165,4.37076
162166,4.40782
162167,4.25921
162168,3.66838
162169,3.74936
162170,2.97592
162171,4.9122
162172,4.23618
162173,5.0
162174,3.50548
162175,3.99569
162176,4.38082
162177,3.63897
162178,4.24776
162179,1.0
162180,4.13073
162181,4.06982
162182,3.79983
162183,4.09153
162184,2.56876
162185,3.01409
162186,3.64381
162187,2.86289
162188,2.82577
162189,2.97831
162190,2.8968
162191,3.94035
162192,2.54321
162193,2.60497
162194,3.7251
162195,3.93097
162196,3.26831
162197,3.25863
162198,3.72627
162199,3.02098
162200,4.14242
162201,4.18324
162202,3.98542
162203,3.70856
162204,4.7826
162205,4.28123
162206,3.79674
162207,3.86034
162208,3.83519
162209,3.77102
162210,3.2157
162211,1.97154
162212,3.35272
162213,2.93157
162214,2.43321
162215,1.9453
162216,3.31242
162217,3.06548
162218,2.01159
162219,2.08028
162220,2.10051
162221,1.79587
162222,1.51412
162223,4.12644
162224,3.74118
162225,3.85245
162226,2.80769
162227,2.04007
162228,4.00709
162229,4.01216
162230,2.23301
162231,3.76576
162232,3.69908
162233,3.35273
162234,5.0
162235,3.13288
162236,4.55319
162237,3.92324
162238,3.03977
162239,3.6627
162240,3.88522
162241,3.04549
162242,3.29568
162243,3.73206
162244,3.7439
162245,1.74335
162246,3.61102
162247,2.25834
162248,1.54663
162249,4.03292
162250,1.98633
162251,2.70855
162252,2.91435
162253,4.04882
162254,2.90364
162255,3.33695
162256,3.34885
162257,3.86693
162258,3.46971
162259,3.18063
162260,2.30775
162261,3.25623
162262,2.34703
162263,3.58238
162264,3.98093
162265,3.09053
162266,4.41766
162267,4.04844
162268,3.74876
162269,3.13004
162270,3.6337
162271,4.8196
162272,4.76725
162273,4.97493
162274,5.0
162275,4.90644
162276,4.48945
162277,3.62813
162278,3.30027
162279,4.79853
162280,4.28854
162281,4.36642
162282,4.95071
162283,4.23823
162284,3.78658
162285,3.68248
162286,4.0015
162287,2.93469
162288,4.52049
162289,4.09631
162290,4.42356
162291,4.61598
162292,3.69243
162293,4.66493
162294,3.61222
162295,4.32254
162296,2.03764
162297,4.6912
162298,4.27763
162299,4.09649
162300,3.55153
162301,3.49213
162302,4.4493
162303,3.56309
162304,4.64588
162305,4.19984
162306,4.03291
162307,4.66948
162308,4.45834
162309,4.72549
162310,4.89333
162311,3.28577
162312,2.80886
162313,4.43591
162314,4.1063
162315,4.5366
162316,4.71504
162317,4.74519
162318,3.36164
162319,3.66476
162320,4.12766
162321,4.57884
162322,4.22854
162323,4.32947
162324,3.85958
162325,4.20032
162326,4.37645
162327,4.90418
162328,3.70772
162329,3.05384
162330,4.81448
162331,4.81067
162332,4.62522
162333,3.69432
162334,3.81901
162335,4.68144
162336,4.58298
162337,3.54247
162338,4.67298
162339,3.252
162340,4.12331
162341,3.51071
162342,3.18308
162343,1.98238
162344,1.81794
162345,3.16505
162346,2.19794
162347,3.04855
162348,3.67032
162349,2.09185
162350,3.80715
162351,2.84515
162352,4.79487
162353,2.9495
162354,2.70329
162355,3.37508
162356,2.62766
162357,2.60239
162358,2.21919
162359,3.20031
162360,2.96933
162361,2.8279
162362,3.65947
162363,2.62299
162364,4.02756
162365,3.14601
162366,1.51178
162367,2.80313
162368,1.96558
162369,1.70399
162370,3.08129
162371,2.91256
162372,2.12063
162373,1.72985
162374,3.14506
162375,2.77194
162376,2.11421
162377,2.02775
162378,2.6122
162379,1.77789
162380,1.54044
162381,3.26368
162382,3.63821
162383,3.52626
162384,2.96488
162385,1.6233
162386,4.26773
162387,2.95552
162388,3.80818
162389,4.72395
162390,2.9747
162391,3.93982
162392,3.70535
162393,3.17389
162394,1.87428
162395,3.589
162396,3.56262
162397,2.27236
162398,3.03088
162399,2.84857
162400,3.44797
162401,4.12182
162402,3.78066
162403,2.71967
162404,3.50426
162405,3.39645
162406,3.29751
162407,4.50179
162408,3.13674
162409,3.02716
162410,4.63924
162411,3.22613
162412,3.96731
162413,2.7319
162414,3.07516
162415,4.02798
162416,3.47754
162417,1.88649
162418,3.74389
162419,3.37629
162420,3.35459
162421,2.62885
162422,3.04265
162423,3.54659
162424,3.81483
162425,3.77259
162426,2.6079
162427,3.90111
162428,4.32836
162429,3.378
162430,4.95329
162431,4.02876
162432,3.90018
162433,3.74225
162434,4.12002
162435,4.0892
162436,3.61886
162437,4.43938
162438,3.97111
162439,3.14692
162440,3.43415
162441,4.26811
162442,4.22495
162443,4.07153
162444,3.58575
162445,3.49335
162446,3.46517
162447,3.98687
162448,2.61774
162449,1.85321
162450,3.69778
162451,3.68047
162452,4.70671
162453,4.38813
162454,3.66916
162455,4.49264
162456,3.28796
162457,2.62617
162458,2.2111
162459,1.49416
162460,3.46528
162461,3.81811
162462,3.32955
162463,3.18886
162464,2.38775
162465,2.34516
162466,2.23456
162467,2.83078
162468,2.91746
162469,3.28917
162470,2.11045
162471,3.11812
162472,2.97038
162473,2.77462
162474,2.27873
162475,3.1273
162476,2.97855
162477,3.219
162478,3.84179
162479,2.88549
162480,3.43118
162481,2.90249
162482,3.29175
162483,3.10655
162484,2.63253
162485,1.41653
162486,1.97302
162487,2.80083
162488,2.1081
162489,3.39783
162490,3.72122
162491,2.3465
162492,2.04744
162493,2.71341
162494,2.48549
162495,3.2117
162496,3.76712
162497,3.49425
162498,3.17576
162499,2.86562
162500,1.90688
162501,2.80934
162502,2.91006
162503,1.97311
162504,1.63509
162505,3.70576
162506,3.49299
162507,3.54111
162508,2.39838
162509,2.50733
162510,2.7185
162511,3.23706
162512,2.24668
162513,2.47929
162514,2.30459
162515,1.65381
162516,2.88402
162517,2.63548
162518,2.12016
162519,2.09913
162520,2.61426
162521,2.26216
162522,2.99094
162523,3.08531
162524,3.64636
162525,1.89826
162526,2.46642
162527,1.82365
162528,2.00211
162529,2.42394
162530,2.94607
162531,3.7106
162532,2.36256
162533,3.37793
162534,2.98137
162535,3.0412
162536,3.13997
162537,3.10105
162538,2.85351
162539,1.13488
162540,2.34843
162541,1.45745
162542,2.40369
162543,2.63382
162544,2.08765
162545,4.26489
162546,3.47845
162547,3.74539
162548,2.26453
162549,1.78546
162550,2.24541
162551,1.64031
162552,4.01189
162553,4.19656
162554,3.25362
162555,3.77713
162556,4.15284
162557,4.84457
162558,4.46891
162559,4.40056
162560,4.52233
162561,4.52326
162562,4.25674
162563,4.2963
162564,4.13165
162565,3.31885
162566,3.78573
162567,4.81707
162568,4.07639
162569,4.06749
162570,4.56549
162571,4.38597
162572,4.35776
162573,4.34102
162574,4.43472
162575,4.11946
162576,4.72203
162577,4.42996
162578,4.00752
162579,4.22755
162580,4.14707
162581,4.55051
162582,3.69933
162583,4.71193
162584,5.0
162585,4.88755
162586,3.90816
162587,5.0
162588,4.32721
162589,4.21964
162590,4.47511
162591,4.36242
162592,3.86147
162593,4.42173
162594,3.07501
162595,1.53654
162596,2.89897
162597,3.97521
162598,2.39023
162599,4.60531
162600,3.64795
162601,3.59913
162602,3.32983
162603,3.65448
162604,4.23801
162605,3.76789
162606,2.66749
162607,2.65039
162608,2.37895
162609,2.61863
162610,3.20378
162611,4.37877
162612,3.44492
162613,3.64972
162614,4.2918
162615,4.03766
162616,4.20746
162617,3.9937
162618,3.06469
162619,4.33532
162620,3.2435
162621,4.52203
162622,5.0
162623,4.0917
162624,4.35292
162625,5.0
162626,5.0
162627,5.0
162628,4.24924
162629,4.10087
162630,4.01797
162631,3.89642
162632,3.79228
162633,4.8682
162634,3.48403
162635,4.60578
162636,3.74351
162637,4.34814
162638,4.79981
162639,4.1374
162640,5.0
162641,4.724
162642,3.09161
162643,4.53843
162644,2.87405
162645,4.27712
162646,4.22496
162647,4.92178
162648,3.64534
162649,3.03667
162650,3.80589
162651,3.28658
162652,3.27181
162653,1.93304
162654,3.02741
162655,3.5887
162656,3.63202
162657,3.10859
162658,3.31486
162659,2.96044
162660,3.47195
162661,2.84085
162662,4.83243
162663,2.95477
162664,3.92975
162665,3.86103
162666,3.44167
162667,2.93583
162668,3.28988
162669,4.14844
162670,3.82191
162671,2.67944
162672,1.8373
162673,4.4185
162674,2.92703
162675,4.67425
162676,3.05462
162677,3.89498
162678,3.6226
162679,3.39518
162680,3.06434
162681,3.94935
162682,3.6522
162683,2.40726
162684,2.51791
162685,2.02124
162686,3.43081
162687,5.0
162688,4.31227
162689,3.36469
162690,3.82749
162691,3.84013
162692,3.57155
162693,3.98109
162694,3.40773
162695,3.92456
162696,2.65075
162697,3.44918
162698,3.63541
162699,3.52347
162700,5.0
162701,3.56515
162702,4.4626
162703,3.87895
162704,3.48275
162705,2.44311
162706,3.52821
162707,4.54703
162708,2.59402
162709,2.85121
162710,4.17004
162711,2.3388
162712,3.65394
162713,2.50097
162714,3.07155
162715,3.67169
162716,1.96991
162717,4.81164
162718,4.13533
162719,3.23662
162720,1.99064
162721,4.1788
162722,2.76181
162723,3.32455
162724,3.20396
162725,3.23026
162726,2.45091
162727,3.96985
162728,4.17639
162729,2.56545
162730,5.0
162731,3.26843
162732,3.09591
162733,1.99059
162734,4.24641
162735,4.00711
162736,4.61072
162737,5.0
162738,3.01803
162739,4.40684
162740,2.76977
162741,3.44147
162742,3.61382
162743,3.77449
162744,3.7826
162745,3.55804
162746,1.8656
162747,4.07598
162748,2.25249
162749,3.40616
162750,2.6716
162751,4.75994
162752,3.9
162753,3.32501
162754,3.20579
162755,1.03697
162756,2.08129
162757,5.0
162758,3.76034
162759,3.24775
162760,3.98074
162761,3.12351
162762,4.34661
162763,3.4195
162764,3.53425
162765,4.74691
162766,4.5495
162767,3.67221
162768,4.11232
162769,3.79285
162770,4.43983
162771,4.24668
162772,3.96997
162773,2.87256
162774,2.68021
162775,3.80364
162776,4.38571
162777,4.06588
162778,4.04522
162779,4.4525
162780,4.16897
162781,4.4086
162782,4.58424
162783,4.2619
162784,4.16502
162785,3.42553
162786,4.33758
162787,2.40456
162788,3.84028
162789,3.67633
162790,4.1296
162791,3.06042
162792,4.10606
162793,4.56264
162794,3.9464
162795,3.55743
162796,4.06503
162797,2.57371
162798,4.24409
162799,4.47472
162800,2.9241
162801,4.95776
162802,3.3714
162803,3.40553
162804,3.39618
162805,3.42261
162806,3.58838
162807,3.55035
162808,3.64357
162809,4.3505
162810,3.50195
162811,3.44958
162812,3.46216
162813,4.86761
162814,4.75382
162815,3.87494
162816,4.23558
162817,4.20049
162818,4.8094
162819,3.95725
162820,4.50028
162821,4.25614
162822,4.23548
162823,2.72687
162824,3.84035
162825,4.14767
162826,4.12799
162827,3.20458
162828,3.53194
162829,2.17623
162830,4.20859
162831,4.21885
162832,3.65958
162833,5.0
162834,2.67436
162835,3.75287
162836,1.72229
162837,4.0301
162838,5.0
162839,5.0
162840,4.15621
162841,3.61797
162842,3.84124
162843,2.92129
162844,3.87578
162845,5.0
162846,5.0
162847,4.16509
162848,3.60294
162849,5.0
162850,3.33988
162851,3.12653
162852,2.7886
162853,3.26049
162854,3.48865
162855,2.40011
162856,3.47086
162857,3.72416
162858,2.95759
162859,3.36946
162860,2.70582
162861,2.9121
162862,2.31258
162863,3.68504
162864,3.48738
162865,2.61378
162866,2.40371
162867,4.87294
162868,3.83655
162869,4.80059
162870,3.0654
162871,3.53164
162872,3.55094
162873,4.59614
162874,4.44531
162875,2.73552
162876,3.12598
162877,2.99752
162878,3.11788
162879,2.5639
162880,3.16901
162881,3.39844
162882,3.43655
162883,2.30148
162884,2.4618
162885,3.28406
162886,2.32357
162887,2.89844
162888,1.50041
162889,3.19381
162890,4.00352
162891,4.25878
162892,2.42705
162893,4.73966
162894,2.63838
162895,3.48607
162896,2.07853
162897,3.87624
162898,3.61702
162899,3.16198
162900,3.07697
162901,2.89084
162902,2.28089
162903,4.16387
162904,5.0
162905,3.71339
162906,3.41524
162907,2.96331
162908,4.09994
162909,1.91406
162910,2.86342
162911,3.58228
162912,3.69814
162913,4.10495
162914,3.56584
162915,2.73705
162916,3.03609
162917,3.07108
162918,4.56228
162919,2.90311
162920,3.53074
162921,3.48242
162922,1.5073
162923,1.87076
162924,3.28351
162925,2.0307
162926,2.8922
162927,2.3581
162928,3.01153
162929,4.1558
162930,3.13579
162931,3.47264
162932,2.85379
162933,3.99377
162934,2.68692
162935,3.14757
162936,3.54152
162937,1.46711
162938,4.07335
162939,2.17738
162940,3.57574
162941,2.84232
162942,1.30868
162943,2.40089
162944,2.41154
162945,1.76752
162946,3.04305
162947,1.98144
162948,1.95381
162949,1.37247
162950,3.48646
162951,1.9263
162952,3.35529
162953,3.12629
162954,3.8723
162955,2.34128
162956,1.94804
162957,3.22256
162958,2.90902
162959,4.53616
162960,3.0756
162961,2.85167
162962,2.84721
162963,2.37794
162964,3.91149
162965,3.7597
162966,1.12016
162967,2.27074
162968,4.43737
162969,2.10555
162970,1.34467
162971,4.24672
162972,3.74819
162973,2.18063
162974,2.61376
162975,3.00488
162976,1.0
162977,3.23566
162978,3.31817
162979,2.62672
162980,4.44802
162981,2.01669
162982,3.47999
162983,2.2731
162984,4.03846
162985,2.93577
162986,1.32261
162987,3.86201
162988,1.70189
162989,3.92151
162990,3.04611
162991,4.04197
162992,3.30418
162993,5.0
162994,1.7112
162995,1.70718
162996,2.87553
162997,3.17714
162998,2.52613
162999,2.46446
163000,3.44995
163001,2.87228
163002,3.26931
163003,4.39722
163004,3.71495
163005,3.13736
163006,2.63846
163007,3.15671
163008,4.76622
163009,3.6287
163010,2.70505
163011,3.03635
163012,1.90425
163013,2.02149
163014,1.74103
163015,2.1551
163016,2.6777
163017,1.83796
163018,2.84767
163019,5.0
163020,4.20501
163021,3.19344
163022,4.34208
163023,2.12682
163024,2.3224
163025,3.21436
163026,5.0
163027,3.85306
163028,2.98368
163029,3.88603
163030,3.48563
163031,3.42015
163032,4.89701
163033,4.48807
163034,4.31447
163035,4.65779
163036,4.62835
163037,3.58251
163038,4.26383
163039,3.55885
163040,4.65167
163041,3.07923
163042,4.21657
163043,4.07235
163044,3.66552
163045,3.89643
163046,4.64579
163047,4.06271
163048,3.62286
163049,4.53799
163050,3.20025
163051,4.3276
163052,3.2302
163053,4.02261
163054,2.41262
163055,2.73653
163056,3.28261
163057,3.14739
163058,3.37242
163059,2.34598
163060,2.93333
163061,3.77181
163062,3.31613
163063,2.19504
163064,4.48418
163065,4.4687
163066,4.3269
163067,4.75671
163068,5.0
163069,4.74642
163070,3.94561
163071,4.22113
163072,2.96137
163073,3.85896
163074,4.31364
163075,4.84188
163076,4.39468
163077,4.33284
163078,4.48684
163079,4.46499
163080,4.31767
163081,4.359
163082,4.91495
163083,4.54744
163084,4.64125
163085,4.52305
163086,4.99045
163087,2.39033
163088,4.16816
163089,3.9592
163090,4.21082
163091,3.20869
163092,3.61138
163093,3.71507
163094,3.60107
163095,3.86046
163096,4.06321
163097,3.54492
163098,3.80911
163099,3.62874
163100,4.81029
163101,4.30679
163102,4.37146
163103,4.27688
163104,4.1251
163105,3.75136
163106,3.77555
163107,3.52666
163108,4.57596
163109,2.89664
163110,3.44078
163111,4.1557
163112,3.9703
163113,4.48206
163114,4.43386
163115,4.27847
163116,4.13276
163117,3.19069
163118,4.35112
163119,3.37065
163120,4.66556
163121,3.04476
163122,3.35052
163123,4.88489
163124,3.39738
163125,4.41202
163126,4.43015
163127,5.0
163128,4.56064
163129,4.44524
163130,3.71204
163131,3.75123
163132,3.87745
163133,3.99453
163134,4.65856
163135,4.08286
163136,5.0
163137,4.20785
163138,4.08884
163139,4.30414
163140,4.10447
163141,5.0
163142,3.04478
163143,5.0
163144,3.69942
163145,3.42249
163146,3.55451
163147,2.45344
163148,3.62821
163149,3.3647
163150,4.29221
163151,3.78007
163152,2.87931
163153,2.11153
163154,2.60275
163155,3.87739
163156,2.48374
163157,2.23889
163158,2.1751
163159,3.32435
163160,2.93743
163161,2.37396
163162,3.33197
163163,2.14217
163164,2.29224
163165,4.05403
163166,3.28464
163167,2.53976
163168,1.72417
163169,2.87007
163170,2.58396
163171,3.1969
163172,1.30872
163173,2.67079
163174,3.127
163175,3.04433
163176,2.97654
163177,4.13175
163178,3.75222
163179,1.67041
163180,3.12697
163181,3.4045
163182,3.17168
163183,2.80118
163184,1.54688
163185,3.68388
163186,2.87935
163187,2.40748
163188,3.17361
163189,1.79508
163190,2.78153
163191,2.20256
163192,3.06709
163193,3.74852
163194,2.95695
163195,3.28939
163196,2.57453
163197,2.9987
163198,3.88993
163199,3.13004
163200,2.57249
163201,3.91117
163202,3.08497
163203,2.8203
163204,3.08419
163205,3.46219
163206,2.02389
163207,3.53518
163208,3.72145
163209,1.7743
163210,3.95301
163211,2.28453
163212,2.36563
163213,3.83869
163214,2.30137
163215,3.19583
163216,2.40954
163217,3.37909
163218,3.48849
163219,2.52546
163220,2.93181
163221,3.67137
163222,2.79942
163223,3.66187
163224,2.81078
163225,3.8109
163226,3.41051
163227,3.89738
163228,3.32577
163229,3.8377
163230,3.57167
163231,4.6956
163232,4.79854
163233,3.05857
163234,3.51042
163235,2.9532
163236,3.88313
163237,4.47758
163238,3.87319
163239,4.09972
163240,3.54965
163241,4.04373
163242,4.20936
163243,4.26842
163244,4.43136
163245,4.03753
163246,3.78891
163247,3.31994
163248,3.65911
163249,4.58575
163250,3.81949
163251,3.86149
163252,3.26786
163253,4.29784
163254,4.3147
163255,4.55103
163256,3.56803
163257,4.73688
163258,4.34804
163259,3.63933
163260,4.38496
163261,4.43379
163262,4.23756
163263,4.51047
163264,2.97796
163265,4.73767
163266,3.28972
163267,3.65955
163268,4.45419
163269,4.57032
163270,3.13395
163271,4.40647
163272,4.02522
163273,4.08703
163274,3.32109
163275,4.44848
163276,3.92544
163277,4.83757
163278,3.86084
163279,3.83221
163280,4.35056
163281,3.91182
163282,3.6547
163283,4.31776
163284,3.50334
163285,4.74196
163286,3.25524
163287,3.73023
163288,3.77242
163289,3.45239
163290,4.43431
163291,3.85183
163292,4.51838
163293,4.99547
163294,3.12312
163295,4.37604
163296,4.11302
163297,3.06091
163298,4.3619
163299,2.22349
163300,3.8258
163301,2.60073
163302,3.38999
163303,4.02681
163304,3.0625
163305,2.90325
163306,3.03083
163307,2.98285
163308,2.2824
163309,3.099
163310,2.66617
163311,1.3
163312,4.24482
163313,3.82976
163314,3.37829
163315,2.74579
163316,3.27377
163317,2.74585
163318,3.31377
163319,3.07519
163320,2.93066
163321,3.79246
163322,3.20174
163323,2.10654
163324,3.16732
163325,3.77715
163326,2.59162
163327,2.90249
163328,1.96739
163329,3.15714
163330,2.68469
163331,2.76968
163332,2.74919
163333,3.12026
163334,2.84306
163335,2.74172
163336,3.31575
163337,3.15232
163338,2.83908
163339,2.60367
163340,2.91069
163341,2.07487
163342,2.71076
163343,2.82535
163344,3.34415
163345,3.90869
163346,2.49161
163347,2.91891
163348,3.63802
163349,3.12167
163350,2.81743
163351,3.59801
163352,3.57668
163353,2.9774
163354,3.56364
163355,2.79273
163356,1.38811
163357,3.26234
163358,3.02163
163359,3.64899
163360,3.32009
163361,3.50914
163362,1.69044
163363,2.60718
163364,3.69617
163365,3.70376
163366,2.1626
163367,3.26526
163368,2.57787
163369,3.21584
163370,2.57501
163371,2.46299
163372,1.82754
163373,3.45319
163374,2.5348
163375,2.14321
163376,2.48252
163377,3.13212
163378,3.09142
163379,2.43969
163380,2.99564
163381,3.4914
163382,3.14165
163383,3.18079
163384,2.76915
163385,2.73874
163386,1.75778
163387,4.12431
163388,3.43164
163389,3.39541
163390,3.03599
163391,3.89807
163392,3.0644
163393,4.2276
163394,1.91173
163395,4.0139
163396,3.51081
163397,2.71839
163398,3.69897
163399,3.1743
163400,2.82591
163401,1.86706
163402,3.08352
163403,3.96758
163404,3.8114
163405,2.28771
163406,3.50591
163407,3.21499
163408,3.64085
163409,3.02111
163410,2.3537
163411,2.96708
163412,2.71514
163413,2.89413
163414,3.75262
163415,3.39651
163416,2.64459
163417,3.74625
163418,2.22501
163419,1.81777
163420,2.13991
163421,2.91116
163422,4.34033
163423,2.72752
163424,2.86173
163425,3.61946
163426,3.95183
163427,4.21503
163428,2.58136
163429,1.82805
163430,3.05968
163431,3.17258
163432,3.65448
163433,3.86691
163434,4.07963
163435,1.13422
163436,2.53361
163437,3.15079
163438,2.81569
163439,3.72674
163440,3.67952
163441,4.19108
163442,2.90141
163443,1.04493
163444,2.81105
163445,3.93967
163446,2.60505
163447,4.17046
163448,3.9214
163449,3.77099
163450,4.31452
163451,3.97681
163452,3.37908
163453,3.99011
163454,2.79245
163455,4.61232
163456,4.14749
163457,3.51339
163458,4.07693
163459,3.94704
163460,4.32998
163461,3.61721
163462,2.65456
163463,4.17851
163464,4.04311
163465,3.04243
163466,4.24178
163467,3.37467
163468,3.37958
163469,4.89241
163470,4.43368
163471,4.81103
163472,3.72753
163473,3.74234
163474,4.40073
163475,3.03748
163476,3.29218
163477,2.49613
163478,2.53512
163479,2.51797
163480,2.30933
163481,1.50977
163482,3.75113
163483,2.58734
163484,2.40598
163485,2.65397
163486,3.95992
163487,2.80846
163488,2.42871
163489,1.8518
163490,2.14062
163491,2.01972
163492,2.30409
163493,3.76895
163494,2.45304
163495,3.01862
163496,3.03407
163497,3.47267
163498,2.72516
163499,1.48071
163500,4.12863
163501,2.85299
163502,3.29938
163503,2.16572
163504,3.00416
163505,2.04127
163506,3.94031
163507,3.41311
163508,3.02293
163509,3.955
163510,3.68388
163511,3.07974
163512,4.29396
163513,3.76277
163514,2.48144
163515,2.97107
163516,3.12421
163517,2.28187
163518,3.82573
163519,2.56394
163520,3.74401
163521,3.1251
163522,2.60993
163523,3.18896
163524,3.32985
163525,2.85201
163526,2.3101
163527,3.1685
163528,2.94224
163529,2.13081
163530,2.32532
163531,2.71893
163532,3.31862
163533,1.8561
163534,3.06299
163535,1.81618
163536,3.04202
163537,1.94116
163538,3.92583
163539,2.02769
163540,3.9698
163541,1.19939
163542,2.41572
163543,1.25233
163544,2.08027
163545,4.41273
163546,2.6635
163547,2.77486
163548,4.215
163549,1.71386
163550,4.09243
163551,1.55845
163552,3.45665
163553,2.06948
163554,4.44719
163555,3.60922
163556,2.73041
163557,4.55739
163558,4.05011
163559,4.06731
163560,4.04564
163561,2.47572
163562,3.17708
163563,4.6469
163564,3.7967
163565,3.62246
163566,2.99494
163567,4.39062
163568,2.8635
163569,4.04631
163570,4.95768
163571,4.70244
163572,3.11191
163573,3.12609
163574,2.78778
163575,2.63882
163576,4.81752
163577,3.59223
163578,3.00691
163579,4.26697
163580,2.86622
163581,3.9887
163582,3.58087
163583,4.7058
163584,4.6453
163585,4.60182
163586,4.76354
163587,3.83414
163588,4.14869
163589,4.46798
163590,4.78788
163591,4.69454
163592,4.19154
163593,4.95816
163594,3.84013
163595,4.23627
163596,2.39146
163597,4.74203
163598,3.96423
163599,4.08387
163600,3.44579
163601,3.5836
163602,2.9808
163603,3.75726
163604,4.35929
163605,3.32841
163606,4.2647
163607,3.71322
163608,3.00266
163609,3.2366
163610,3.50298
163611,5.0
163612,3.52457
163613,4.31323
163614,4.10377
163615,3.83381
163616,3.64826
163617,3.2492
163618,4.02495
163619,3.17396
163620,3.4569
163621,2.56441
163622,3.10102
163623,4.53474
163624,2.6284
163625,4.02239
163626,4.80996
163627,4.48068
163628,4.04944
163629,4.02934
163630,3.91566
163631,3.78959
163632,4.35812
163633,4.34119
163634,3.40867
163635,4.19741
163636,3.59349
163637,4.37467
163638,4.36924
163639,4.15479
163640,4.27266
163641,4.20108
163642,4.68275
163643,4.90258
163644,4.07121
163645,4.13634
163646,4.43676
163647,3.58461
163648,3.8742
163649,4.67791
163650,4.79314
163651,3.51162
163652,4.12147
163653,3.92921
163654,4.53061
163655,4.10156
163656,4.64586
163657,4.78021
163658,3.78056
163659,4.88368
163660,4.62242
163661,3.99179
163662,4.44555
163663,3.71131
163664,4.16816
163665,4.74392
163666,4.38198
163667,4.5759
163668,4.10387
163669,4.19387
163670,4.14961
163671,4.7632
163672,3.45835
163673,3.33709
163674,3.28584
163675,2.77461
163676,4.27949
163677,4.03668
163678,3.74444
163679,3.5764
163680,3.83135
163681,4.39792
163682,4.31384
163683,4.24847
163684,4.04031
163685,4.77633
163686,4.0992
163687,3.70686
163688,3.89308
163689,4.26773
163690,3.91814
163691,2.55879
163692,3.39833
163693,4.41294
163694,3.71116
163695,4.00392
163696,3.42442
163697,4.61487
163698,2.84284
163699,3.34435
163700,3.85098
163701,3.49602
163702,4.25151
163703,3.65402
163704,3.20692
163705,3.2529
163706,3.47262
163707,4.37698
163708,3.92145
163709,4.34572
163710,2.80066
163711,2.62308
163712,3.58
163713,3.28071
163714,3.46171
163715,2.78268
163716,3.89813
163717,4.75755
163718,2.9277
163719,3.8304
163720,2.6527
163721,3.18818
163722,2.93679
163723,2.26901
163724,3.50637
163725,4.6286
163726,3.63445
163727,2.74297
163728,3.95873
163729,3.62496
163730,4.33304
163731,3.87134
163732,2.43562
163733,4.1722
163734,3.85123
163735,3.92521
163736,2.09651
163737,4.13422
163738,2.47844
163739,4.92195
163740,4.05647
163741,4.52147
163742,2.99619
163743,4.05328
163744,4.1422
163745,3.3679
163746,3.79761
163747,4.36354
163748,4.01885
163749,4.07597
163750,3.79194
163751,5.0
163752,3.74215
163753,4.36031
163754,3.95254
163755,3.45704
163756,3.68771
163757,4.46492
163758,2.70485
163759,3.66731
163760,3.70295
163761,2.59964
163762,3.43828
163763,4.00439
163764,1.92885
163765,1.84728
163766,3.50578
163767,2.85374
163768,4.18197
163769,3.93501
163770,2.50615
163771,3.40632
163772,4.33343
163773,3.82933
163774,3.71273
163775,4.05049
163776,3.84806
163777,5.0
163778,5.0
163779,3.77107
163780,4.23954
163781,2.14601
163782,3.3582
163783,4.10421
163784,3.98646
163785,1.92502
163786,2.91334
163787,2.69233
163788,3.75138
163789,4.24333
163790,2.92312
163791,3.83609
163792,2.30948
163793,3.97718
163794,3.43716
163795,3.80671
163796,3.16509
163797,3.58743
163798,2.37404
163799,3.56399
163800,3.49932
163801,3.51549
163802,2.70846
163803,1.96057
163804,2.22245
163805,3.18971
163806,2.58762
163807,3.3656
163808,3.82315
163809,3.81633
163810,3.06427
163811,3.57462
163812,1.98499
163813,4.34786
163814,3.99656
163815,2.96683
163816,4.29723
163817,2.50855
163818,3.45876
163819,3.51768
163820,2.75605
163821,3.21285
163822,3.41149
163823,3.48853
163824,2.72115
163825,2.96216
163826,3.8214
163827,2.20329
163828,3.64323
163829,3.3059
163830,2.81291
163831,3.12289
163832,3.31223
163833,2.35802
163834,3.83126
163835,3.6003
163836,1.99
163837,2.84819
163838,3.51703
163839,3.68631
163840,4.04073
163841,3.39135
163842,2.83821
163843,2.42651
163844,2.10452
163845,3.9069
163846,2.88737
163847,3.63768
163848,4.79675
163849,2.66818
163850,4.10793
163851,1.28666
163852,4.14031
163853,3.6311
163854,3.87475
163855,3.35938
163856,4.74579
163857,3.72198
163858,3.20947
163859,3.67388
163860,2.73162
163861,3.53541
163862,4.34312
163863,3.75273
163864,3.01796
163865,3.23625
163866,1.83032
163867,3.38864
163868,3.25237
163869,2.30793
163870,3.89453
163871,3.3901
163872,3.96399
163873,3.43038
163874,3.18958
163875,2.56537
163876,4.31434
163877,3.14324
163878,2.05715
163879,2.49038
163880,3.92622
163881,3.84035
163882,2.8865
163883,3.35946
163884,1.65276
163885,4.39922
163886,2.19557
163887,2.35994
163888,3.04628
163889,3.02392
163890,4.37766
163891,2.88513
163892,4.62004
163893,2.61202
163894,2.86002
163895,3.68951
163896,4.6439
163897,3.02217
163898,3.42033
163899,4.53265
163900,2.70555
163901,4.42487
163902,3.35612
163903,2.87797
163904,4.11399
163905,4.29765
163906,4.50357
163907,4.39973
163908,3.78466
163909,4.83539
163910,2.91856
163911,3.98988
163912,3.61582
163913,2.65947
163914,4.21358
163915,2.96075
163916,2.14315
163917,4.03111
163918,3.15777
163919,4.21226
163920,3.80592
163921,4.67477
163922,1.88374
163923,4.28564
163924,3.38126
163925,3.91979
163926,2.71626
163927,3.39039
163928,3.92269
163929,3.76089
163930,3.55437
163931,3.25346
163932,2.87755
163933,4.08617
163934,3.17945
163935,3.20704
163936,3.86371
163937,3.02888
163938,3.71511
163939,4.1484
163940,1.86183
163941,3.32107
163942,4.51878
163943,3.88291
163944,4.21868
163945,4.21751
163946,3.20023
163947,3.46138
163948,3.2324
163949,3.82705
163950,4.27363
163951,3.34641
163952,4.3388
163953,2.5967
163954,3.62411
163955,3.52524
163956,3.07536
163957,4.45813
163958,2.64238
163959,3.41975
163960,4.27773
163961,3.07651
163962,3.39957
163963,4.56005
163964,3.30868
163965,3.7525
163966,4.27242
163967,4.4739
163968,3.00024
163969,1.0
163970,3.0984
163971,2.96763
163972,2.92318
163973,3.43031
163974,4.18652
163975,4.42044
163976,3.82673
163977,4.62658
163978,4.08637
163979,2.60596
163980,5.0
163981,3.59821
163982,3.76567
163983,4.45013
163984,3.78699
163985,4.1577
163986,3.93759
163987,3.36177
163988,4.16661
163989,3.25758
163990,5.0
163991,4.38002
163992,3.93807
163993,3.65248
163994,4.63091
163995,3.9651
163996,3.39686
163997,2.99436
163998,5.0
163999,3.83497
164000,3.90015
164001,4.90562
164002,3.5095
164003,3.09669
164004,3.51707
164005,3.73527
164006,3.1001
164007,2.0473
164008,1.86352
164009,2.38122
164010,2.43089
164011,2.53848
164012,2.38133
164013,3.1708
164014,2.56578
164015,2.43528
164016,2.48962
164017,3.2476
164018,2.13876
164019,1.83866
164020,2.90006
164021,2.83928
164022,1.63092
164023,2.63668
164024,1.91867
164025,2.88096
164026,3.00931
164027,3.1546
164028,4.03152
164029,2.14622
164030,2.95937
164031,2.55996
164032,3.1389
164033,2.12381
164034,2.00758
164035,2.40249
164036,3.27567
164037,3.89835
164038,2.48074
164039,3.87784
164040,2.63522
164041,3.83123
164042,1.97681
164043,1.63477
164044,1.45071
164045,4.13508
164046,3.13042
164047,3.82471
164048,4.56644
164049,5.0
164050,5.0
164051,4.62006
164052,4.24861
164053,3.31576
164054,3.65498
164055,2.87725
164056,2.80233
164057,1.91204
164058,3.41613
164059,4.14583
164060,4.10227
164061,4.11372
164062,3.65432
164063,3.99075
164064,4.26496
164065,3.8849
164066,3.88171
164067,4.27136
164068,3.23849
164069,3.79048
164070,2.76716
164071,3.89096
164072,4.19627
164073,3.76505
164074,3.71966
164075,3.05244
164076,3.56017
164077,4.24362
164078,3.71511
164079,3.62497
164080,4.16753
164081,3.77402
164082,3.37275
164083,3.80824
164084,3.29707
164085,2.79005
164086,4.24241
164087,3.64902
164088,3.85341
164089,3.94826
164090,3.66047
164091,3.9341
164092,4.59526
164093,3.66126
164094,3.37798
164095,3.12726
164096,4.67425
164097,3.8732
164098,4.13754
164099,3.15746
164100,2.5042
164101,2.26447
164102,3.69798
164103,2.76296
164104,2.03034
164105,3.23063
164106,5.0
164107,5.0
164108,3.89466
164109,5.0
164110,4.38026
164111,4.87447
164112,4.66525
164113,4.94816
164114,3.4124
164115,4.78168
164116,3.37269
164117,4.98499
164118,4.32038
164119,3.69485
164120,4.55298
164121,3.87671
164122,3.88879
164123,4.15348
164124,3.89995
164125,4.61676
164126,3.01444
164127,4.00716
164128,4.18111
164129,4.33211
164130,3.9434
164131,4.76772
164132,2.80924
164133,4.57769
164134,4.43372
164135,4.47936
164136,4.5319
164137,3.47922
164138,4.47016
164139,4.32887
164140,3.72159
164141,4.75058
164142,3.56236
164143,3.1311
164144,3.90083
164145,4.1665
164146,4.5783
164147,4.33012
164148,3.78293
164149,3.50132
164150,3.56005
164151,3.58355
164152,3.62719
164153,3.38721
164154,3.58382
164155,3.92898
164156,3.13595
164157,3.42117
164158,3.611
164159,3.3365
164160,3.27039
164161,4.7208
164162,4.90408
164163,2.30702
164164,4.06545
164165,2.86018
164166,3.68399
164167,5.0
164168,3.55224
164169,3.69039
164170,3.09546
164171,3.31214
164172,4.37498
164173,4.79889
164174,5.0
164175,5.0
164176,3.8194
164177,4.60192
164178,4.14113
164179,4.30058
164180,3.79757
164181,4.68908
164182,3.97065
164183,4.33108
164184,3.58334
164185,3.55753
164186,3.41221
164187,4.3863
164188,3.60438
164189,3.68904
164190,2.71145
164191,2.84085
164192,3.70549
164193,2.73928
164194,2.87595
164195,2.931
164196,3.34421
164197,3.2268
164198,3.42437
164199,3.73818
164200,3.08802
164201,3.34299
164202,4.0475
164203,3.23347
164204,4.04401
164205,3.82927
164206,3.85212
164207,2.9584
164208,3.8827
164209,3.27945
164210,4.02581
164211,3.8123
164212,3.39705
164213,3.44709
164214,3.09706
164215,3.24118
164216,3.86163
164217,3.70355
164218,3.61978
164219,4.32784
164220,2.62612
164221,3.8485
164222,3.65809
164223,4.13231
164224,3.49737
164225,3.0195
164226,4.09788
164227,1.0
164228,4.67518
164229,3.67211
164230,3.53849
164231,3.39793
164232,3.24195
164233,3.40611
164234,4.03289
164235,4.36478
164236,3.59438
164237,3.34044
164238,4.51181
164239,3.80626
164240,4.89614
164241,1.83787
164242,2.8284
164243,3.81894
164244,4.36965
164245,1.73913
164246,4.96001
164247,4.30914
164248,3.66764
164249,5.0
164250,4.37611
164251,3.93804
164252,4.05806
164253,4.91087
164254,4.29812
164255,4.82147
164256,5.0
164257,4.23262
164258,4.06177
164259,4.6234
164260,4.89977
164261,4.51617
164262,4.33858
164263,4.35163
164264,5.0
164265,4.59606
164266,3.50362
164267,2.47271
164268,3.93052
164269,2.62716
164270,3.61299
164271,3.50313
164272,3.793
164273,3.67492
164274,3.96128
164275,3.94424
164276,3.92003
164277,2.80148
164278,3.43843
164279,3.71726
164280,4.25375
164281,4.60877
164282,4.24783
164283,4.13225
164284,3.94706
164285,3.49809
164286,3.25678
164287,3.83349
164288,3.49892
164289,3.14296
164290,3.24862
164291,3.86701
164292,4.08673
164293,3.62045
164294,3.26808
164295,2.71061
164296,3.99204
164297,3.57031
164298,2.5168
164299,2.76357
164300,2.93522
164301,1.85515
164302,2.99586
164303,3.30124
164304,3.53729
164305,4.47377
164306,2.39783
164307,3.78889
164308,4.0487
164309,3.53527
164310,3.07782
164311,4.13118
164312,3.60094
164313,2.60099
164314,1.77195
164315,2.36879
164316,3.12429
164317,1.93775
164318,3.66899
164319,5.0
164320,3.58588
164321,3.78143
164322,2.68708
164323,2.37652
164324,2.48822
164325,2.75948
164326,2.63797
164327,2.92929
164328,2.85714
164329,3.09067
164330,2.60007
164331,4.58416
164332,3.50762
164333,4.72019
164334,5.0
164335,5.0
164336,4.41025
164337,2.27579
164338,3.72217
164339,3.33546
164340,4.47068
164341,3.1076
164342,4.87675
164343,4.31648
164344,2.92736
164345,4.01488
164346,3.83088
164347,3.84147
164348,3.00166
164349,3.30843
164350,4.0611
164351,5.0
164352,3.73364
164353,3.67384
164354,4.17906
164355,3.54236
164356,3.14655
164357,4.84444
164358,4.63169
164359,3.12195
164360,1.7398
164361,1.91819
164362,2.81166
164363,4.18254
164364,4.35108
164365,3.92826
164366,4.79342
164367,5.0
164368,3.86537
164369,2.75465
164370,4.09043
164371,3.81176
164372,4.46887
164373,3.30337
164374,4.18889
164375,4.38493
164376,4.11656
164377,4.19692
164378,2.68209
164379,3.55365
164380,3.56098
164381,3.50403
164382,4.99437
164383,5.0
164384,3.98846
164385,3.67729
164386,3.9105
164387,4.35565
164388,3.9335
164389,3.80515
164390,4.55986
164391,3.65559
164392,3.07778
164393,4.37883
164394,2.72865
164395,3.89944
164396,3.9198
164397,4.25954
164398,4.17142
164399,2.5595
164400,3.31757
164401,4.65981
164402,4.74272
164403,4.45974
164404,2.82664
164405,3.25883
164406,4.80739
164407,5.0
164408,4.83936
164409,4.25503
164410,4.50258
164411,4.80276
164412,4.90138
164413,4.46117
164414,3.38373
164415,3.39396
164416,3.46498
164417,2.42486
164418,2.63544
164419,3.08457
164420,3.27432
164421,4.04901
164422,3.27919
164423,4.46951
164424,2.92179
164425,2.48172
164426,4.01312
164427,1.87927
164428,4.23259
164429,2.21961
164430,2.82388
164431,3.58813
164432,4.20352
164433,2.51815
164434,3.53459
164435,3.46952
164436,4.06109
164437,2.92791
164438,2.3635
164439,3.83286
164440,4.19238
164441,3.85741
164442,3.72061
164443,3.21041
164444,3.94355
164445,2.52871
164446,2.85649
164447,4.226
164448,4.29509
164449,3.4174
164450,3.56672
164451,3.66066
164452,4.87128
164453,3.41338
164454,4.56195
164455,3.77258
164456,2.67866
164457,3.45866
164458,2.16982
164459,3.63565
164460,3.59677
164461,3.21171
164462,3.16706
164463,3.8426
164464,3.09073
164465,3.08696
164466,2.52029
164467,4.03439
164468,2.91864
164469,2.55724
164470,1.3515
164471,3.64766
164472,3.3133
164473,1.63799
164474,1.50227
164475,3.42795
164476,1.83946
164477,3.08958
164478,2.73597
164479,1.62791
164480,3.91349
164481,2.10939
164482,2.66915
164483,2.94492
164484,2.2831
164485,2.65983
164486,3.07328
164487,3.27967
164488,2.13064
164489,1.76806
164490,3.97769
164491,2.10522
164492,2.78876
164493,2.96131
164494,2.94456
164495,2.01163
164496,2.25265
164497,2.43974
164498,2.90592
164499,2.71642
164500,1.77747
164501,2.67427
164502,2.99483
164503,3.10512
164504,2.4669
164505,3.56155
164506,2.14789
164507,2.9936
164508,2.35071
164509,3.08318
164510,3.73905
164511,3.2167
164512,3.4713
164513,3.46097
164514,2.28436
164515,3.61264
164516,3.73631
164517,3.53328
164518,1.6595
164519,2.14071
164520,3.72033
164521,4.29198
164522,4.28557
164523,3.91201
164524,4.24749
164525,4.87737
164526,5.0
164527,3.7331
164528,4.85404
164529,3.62895
164530,4.43425
164531,4.86567
164532,4.35505
164533,3.44506
164534,3.02237
164535,4.5167
164536,2.56317
164537,4.71196
164538,3.05975
164539,2.9631
164540,2.58754
164541,3.89675
164542,3.27195
164543,4.64911
164544,4.78395
164545,3.6285
164546,3.86945
164547,4.09126
164548,3.69366
164549,3.92025
164550,3.61245
164551,3.55427
164552,3.00427
164553,2.69099
164554,4.23632
164555,3.33621
164556,2.08198
164557,2.80853
164558,4.28354
164559,3.27067
164560,3.94701
164561,3.12389
164562,2.62085
164563,4.4313
164564,3.68956
164565,4.30631
164566,3.31005
164567,2.29975
164568,3.90803
164569,4.68971
164570,3.87702
164571,4.43229
164572,2.66735
164573,4.10014
164574,4.41354
164575,4.22074
164576,5.0
164577,4.67979
164578,4.13072
164579,4.04416
164580,4.03574
164581,4.46895
164582,3.4929
164583,3.48123
164584,4.29426
164585,3.40413
164586,3.97858
164587,4.5834
164588,4.084
164589,3.37916
164590,3.838
164591,4.89176
164592,3.08663
164593,3.28804
164594,4.15065
164595,3.68935
164596,1.49764
164597,2.21116
164598,2.65679
164599,2.88534
164600,3.21124
164601,1.98699
164602,3.38044
164603,1.50247
164604,2.50473
164605,2.5608
164606,2.9984
164607,4.29192
164608,2.97544
164609,1.62109
164610,3.39983
164611,3.80782
164612,3.74171
164613,3.71628
164614,3.65135
164615,3.55091
164616,3.08068
164617,4.52855
164618,3.79915
164619,2.35311
164620,3.66297
164621,4.07098
164622,4.62341
164623,4.26304
164624,2.9672
164625,4.0792
164626,4.05851
164627,3.36537
164628,2.78609
164629,4.1484
164630,3.24742
164631,4.01439
164632,3.3651
164633,3.39211
164634,3.37579
164635,4.15634
164636,4.64285
164637,4.53894
164638,4.13997
164639,4.73543
164640,3.38392
164641,4.7009
164642,4.48747
164643,4.18452
164644,4.31164
164645,3.9049
164646,3.93329
164647,5.0
164648,4.49986
164649,3.77163
164650,3.88916
164651,3.20708
164652,4.05107
164653,3.49764
164654,4.34539
164655,3.86154
164656,3.26796
164657,3.93682
164658,3.82335
164659,3.28669
164660,5.0
164661,4.42077
164662,3.74547
164663,3.57179
164664,4.80204
164665,3.61942
164666,3.7348
164667,4.0155
164668,4.02745
164669,4.53774
164670,2.79913
164671,3.20738
164672,4.7852
164673,4.71676
164674,2.00306
164675,3.46411
164676,2.99928
164677,4.63025
164678,3.60556
164679,3.42518
164680,3.95623
164681,3.77394
164682,1.76167
164683,2.26063
164684,3.52293
164685,4.38992
164686,2.99133
164687,4.23398
164688,2.7567
164689,4.686
164690,3.06659
164691,3.58906
164692,2.59882
164693,3.33473
164694,3.49447
164695,4.12624
164696,2.3301
164697,2.51936
164698,3.3871
164699,3.41241
164700,2.06061
164701,4.11551
164702,4.2156
164703,4.01494
164704,3.84491
164705,2.5968
164706,4.03701
164707,2.88562
164708,4.85536
164709,4.98396
164710,4.23552
164711,3.96114
164712,2.81939
164713,1.34165
164714,2.01913
164715,3.01209
164716,1.7515
164717,1.40453
164718,4.71025
164719,4.08643
164720,3.76722
164721,4.19787
164722,3.49422
164723,3.84877
164724,2.12624
164725,3.69224
164726,4.44272
164727,2.92
164728,2.72726
164729,4.09779
164730,3.19672
164731,4.22462
164732,3.79436
164733,4.23293
164734,3.92343
164735,2.34558
164736,3.23307
164737,3.47611
164738,4.05546
164739,4.06901
164740,3.88432
164741,3.97639
164742,3.32184
164743,3.88028
164744,2.67424
164745,3.53666
164746,3.23678
164747,3.00561
164748,3.81994
164749,2.52459
164750,3.0673
164751,2.38553
164752,2.94612
164753,3.0465
164754,3.09986
164755,2.86806
164756,4.49217
164757,3.74395
164758,3.2688
164759,4.59856
164760,2.65432
164761,3.98695
164762,2.46099
164763,3.81623
164764,3.25658
164765,3.13704
164766,4.05544
164767,3.66125
164768,3.70127
164769,3.41462
164770,3.54591
164771,2.76673
164772,4.15534
164773,2.1435
164774,4.7837
164775,3.81022
164776,4.12047
164777,3.13361
164778,3.70037
164779,4.056
164780,4.34523
164781,4.00128
164782,4.28396
164783,3.86378
164784,2.83354
164785,3.78778
164786,3.179
164787,3.79913
164788,3.12559
164789,4.70799
164790,4.28354
164791,5.0
164792,2.7331
164793,4.18709
164794,3.62439
164795,4.70356
164796,2.2237
164797,3.5366
164798,1.85077
164799,4.0117
164800,2.86718
164801,2.26692
164802,5.0
164803,3.80558
164804,2.90967
164805,3.13739
164806,5.0
164807,3.32716
164808,2.97816
164809,4.83998
164810,5.0
164811,3.47162
164812,3.51735
164813,4.34855
164814,3.66062
164815,3.92191
164816,3.80438
164817,3.16038
164818,3.87008
164819,3.03474
164820,3.61795
164821,3.11946
164822,4.78293
164823,4.99308
164824,4.90082
164825,5.0
164826,4.65988
164827,5.0
164828,4.98216
164829,5.0
164830,5.0
164831,4.89382
164832,4.87081
164833,4.35608
164834,4.09882
164835,5.0
164836,5.0
164837,4.54143
164838,2.33028
164839,3.0235
164840,3.27138
164841,2.26109
164842,2.71722
164843,3.3737
164844,3.6272
164845,2.32926
164846,2.98643
164847,2.87148
164848,3.40659
164849,3.39639
164850,4.28039
164851,3.70384
164852,4.30377
164853,3.02586
164854,3.50564
164855,4.127
164856,4.128
164857,4.36744
164858,3.71774
164859,3.68585
164860,3.15504
164861,4.73437
164862,3.4259
164863,4.30239
164864,3.99821
164865,3.53019
164866,4.46513
164867,4.86911
164868,4.44797
164869,2.72125
164870,3.48862
164871,3.23835
164872,4.52393
164873,3.90912
164874,2.30121
164875,3.95208
164876,3.78955
164877,3.97467
164878,4.02881
164879,3.38476
164880,3.18996
164881,3.72106
164882,3.66421
164883,4.67827
164884,1.97328
164885,2.35916
164886,3.56136
164887,4.00286
164888,3.88178
164889,2.63237
164890,3.31894
164891,2.7265
164892,4.15329
164893,3.52962
164894,2.63245
164895,4.39202
164896,4.69494
164897,3.73449
164898,2.31378
164899,3.55952
164900,2.7033
164901,3.61673
164902,3.37591
164903,3.20672
164904,3.88564
164905,4.4072
164906,2.08158
164907,3.96275
164908,2.66127
164909,3.67248
164910,3.63387
164911,2.76939
164912,2.90036
164913,2.56425
164914,4.56947
164915,2.62595
164916,2.41138
164917,4.51415
164918,2.33111
164919,2.94949
164920,3.34417
164921,4.08116
164922,4.30662
164923,3.66176
164924,3.88112
164925,2.86559
164926,1.0
164927,3.2154
164928,4.25854
164929,3.68689
164930,3.71616
164931,4.62363
164932,2.50006
164933,3.2168
164934,4.32112
164935,3.15558
164936,3.14172
164937,4.79028
164938,5.0
164939,4.0971
164940,4.39771
164941,3.87392
164942,4.41824
164943,3.82296
164944,4.49703
164945,4.42517
164946,4.27047
164947,3.71041
164948,3.5504
164949,3.91032
164950,1.28523
164951,2.87379
164952,3.89666
164953,3.64393
164954,4.66312
164955,3.94175
164956,4.99198
164957,5.0
164958,5.0
164959,3.09392
164960,5.0
164961,4.01083
164962,3.20532
164963,3.63504
164964,4.00161
164965,3.44608
164966,1.81726
164967,3.06417
164968,3.11965
164969,3.98772
164970,2.1079
164971,3.71654
164972,4.27685
164973,3.7947
164974,3.74129
164975,4.53613
164976,4.89327
164977,3.17598
164978,3.10976
164979,5.0
164980,3.14402
164981,4.70541
164982,4.44957
164983,4.94759
164984,3.28054
164985,3.0986
164986,3.80011
164987,4.51682
164988,2.6889
164989,3.40889
164990,4.05856
164991,2.96218
164992,4.49278
164993,1.83456
164994,1.64876
164995,4.40451
164996,4.21203
164997,2.38042
164998,3.76998
164999,2.86148
165000,2.33789
165001,3.40412
165002,4.82565
165003,4.52472
165004,4.43477
165005,4.62989
165006,4.30912
165007,3.75324
165008,4.98976
165009,3.21284
165010,4.43746
165011,2.79954
165012,3.0932
165013,3.46986
165014,3.42664
165015,5.0
165016,3.26842
165017,4.70797
165018,2.72139
165019,4.5383
165020,4.75979
165021,2.56704
165022,4.97345
165023,2.87731
165024,3.11449
165025,3.93106
165026,4.05553
165027,5.0
165028,2.2815
165029,4.80221
165030,3.91434
165031,4.03579
165032,2.78939
165033,3.27576
165034,4.28732
165035,2.60828
165036,3.49905
165037,3.69045
165038,3.61113
165039,4.03773
165040,3.45196
165041,2.84458
165042,3.54731
165043,4.77787
165044,2.79605
165045,4.47936
165046,4.36055
165047,4.27029
165048,4.35658
165049,3.00586
165050,3.07757
165051,4.43568
165052,4.60185
165053,4.48852
165054,3.34892
165055,4.81142
165056,4.76106
165057,3.55383
165058,4.052
165059,3.62167
165060,3.21273
165061,4.43668
165062,4.67975
165063,3.61373
165064,3.33687
165065,1.75214
165066,2.12093
165067,3.29883
165068,2.60255
165069,1.38043
165070,2.25327
165071,2.84195
165072,2.73404
165073,2.60669
165074,2.19904
165075,3.72159
165076,3.85005
165077,1.59142
165078,3.59465
165079,3.09082
165080,2.45391
165081,3.07264
165082,3.05024
165083,3.62764
165084,3.83733
165085,3.88088
165086,2.90207
165087,3.57391
165088,3.30327
165089,4.29089
165090,3.83041
165091,4.39747
165092,3.85809
165093,3.9747
165094,4.49406
165095,4.16355
165096,4.21742
165097,3.6499
165098,3.9626
165099,2.98504
165100,3.03746
165101,4.85188
165102,3.8683
165103,1.77434
165104,4.49505
165105,4.1459
165106,5.0
165107,4.04038
165108,4.65789
165109,3.91025
165110,3.06985
165111,3.37389
165112,3.25363
165113,3.47709
165114,4.35853
165115,4.36107
165116,3.13985
165117,3.84381
165118,4.06611
165119,3.43163
165120,4.28187
165121,3.99669
165122,3.92578
165123,3.65803
165124,4.35131
165125,2.65012
165126,3.94553
165127,3.50932
165128,4.07791
165129,4.14791
165130,4.13778
165131,3.3102
165132,1.52802
165133,3.57381
165134,3.15481
165135,3.58688
165136,2.8245
165137,3.4159
165138,2.89599
165139,1.14287
165140,2.86566
165141,1.93796
165142,3.86307
165143,3.16637
165144,2.11094
165145,3.90168
165146,2.71927
165147,3.36041
165148,2.55811
165149,3.29213
165150,2.1833
165151,3.76832
165152,2.70224
165153,2.42978
165154,5.0
165155,2.67442
165156,2.31529
165157,2.1132
165158,3.5134
165159,3.18353
165160,3.34914
165161,2.81096
165162,2.89299
165163,2.47112
165164,5.0
165165,3.26354
165166,3.02684
165167,4.39142
165168,2.72983
165169,1.45806
165170,2.89892
165171,2.0855
165172,2.58916
165173,4.27006
165174,3.00578
165175,3.38881
165176,3.52113
165177,3.00998
165178,3.14867
165179,2.79321
165180,2.45994
165181,2.36904
165182,3.38362
165183,2.46314
165184,3.97708
165185,2.89421
165186,1.11392
165187,3.39732
165188,1.04267
165189,5.0
165190,2.42246
165191,3.98508
165192,3.43258
165193,3.16067
165194,3.90438
165195,3.04508
165196,4.16758
165197,4.55558
165198,4.65333
165199,4.49789
165200,4.42951
165201,4.53434
165202,4.43103
165203,4.2107
165204,4.17949
165205,4.47918
165206,4.63101
165207,3.52776
165208,3.80259
165209,4.21992
165210,4.53289
165211,3.63742
165212,5.0
165213,4.41217
165214,3.2783
165215,2.72774
165216,3.0142
165217,3.43921
165218,3.47938
165219,3.73471
165220,3.51455
165221,3.37501
165222,3.26263
165223,3.11354
165224,2.89002
165225,2.64114
165226,4.01156
165227,3.12996
165228,3.27808
165229,3.40592
165230,3.67147
165231,3.31673
165232,3.209
165233,3.21672
165234,4.3015
165235,3.84558
165236,4.10335
165237,3.28084
165238,3.58729
165239,4.06724
165240,3.61267
165241,3.48582
165242,4.48413
165243,4.63683
165244,2.41244
165245,2.23749
165246,2.27344
165247,3.71385
165248,3.67634
165249,3.21471
165250,3.53972
165251,3.39565
165252,2.83276
165253,2.72851
165254,2.44553
165255,3.27574
165256,1.93849
165257,3.00652
165258,2.05558
165259,1.67821
165260,2.45911
165261,2.27573
165262,2.25981
165263,2.52994
165264,2.87524
165265,3.3495
165266,2.96496
165267,2.5051
165268,1.79805
165269,1.99207
165270,2.54719
165271,3.38027
165272,2.7263
165273,1.79136
165274,2.23348
165275,2.63599
165276,3.00126
165277,2.81963
165278,3.22984
165279,2.82496
165280,2.38641
165281,2.98888
165282,1.92372
165283,2.94129
165284,2.56262
165285,3.14852
165286,2.36821
165287,2.44411
165288,4.0124
165289,2.0973
165290,3.09449
165291,2.92812
165292,2.39029
165293,3.00961
165294,4.07438
165295,1.94263
165296,2.36254
165297,1.97986
165298,2.03073
165299,2.00617
165300,3.13204
165301,3.57064
165302,2.99546
165303,2.15233
165304,2.38333
165305,2.3541
165306,3.82387
165307,1.92051
165308,3.01522
165309,2.35741
165310,1.34715
165311,2.25764
165312,2.8209
165313,2.6146
165314,3.04414
165315,3.99556
165316,3.88215
165317,3.15916
165318,2.2694
165319,2.89483
165320,3.35682
165321,4.3172
165322,3.50898
165323,4.33128
165324,2.38704
165325,3.36206
165326,2.77569
165327,3.04619
165328,3.385
165329,3.29209
165330,3.663
165331,4.45995
165332,4.36229
165333,4.66994
165334,4.05434
165335,4.03243
165336,4.74167
165337,3.67478
165338,4.9528
165339,4.28993
165340,4.09688
165341,4.28148
165342,3.87289
165343,4.1802
165344,4.56368
165345,4.39681
165346,4.50892
165347,4.41745
165348,3.74312
165349,3.54639
165350,4.98586
165351,4.143
165352,4.6847
165353,4.73478
165354,4.5648
165355,3.4277
165356,3.57736
165357,4.0071
165358,3.63823
165359,3.5914
165360,2.97522
165361,4.19429
165362,4.77908
165363,3.83745
165364,3.90293
165365,3.15199
165366,4.57079
165367,4.18994
165368,4.09894
165369,2.54318
165370,2.10249
165371,4.75677
165372,4.44256
165373,3.2638
165374,2.52622
165375,4.18904
165376,2.76593
165377,1.8068
165378,4.02374
165379,3.56025
165380,3.56906
165381,3.79209
165382,2.1184
165383,3.62132
165384,4.41937
165385,4.26658
165386,3.03126
165387,2.82783
165388,4.1451
165389,4.09904
165390,3.35338
165391,4.45132
165392,3.93518
165393,4.30208
165394,4.09325
165395,3.88621
165396,4.21451
165397,4.10064
165398,4.3423
165399,2.07978
165400,4.04227
165401,3.9712
165402,3.14772
165403,2.64456
165404,3.08656
165405,1.75787
165406,1.85241
165407,3.55592
165408,3.54396
165409,1.90011
165410,2.90518
165411,2.43335
165412,1.56325
165413,3.58503
165414,3.45424
165415,3.52506
165416,2.04693
165417,1.3445
165418,1.78388
165419,3.34317
165420,2.53441
165421,2.73157
165422,1.39282
165423,1.6442
165424,2.95698
165425,1.09142
165426,2.53729
165427,2.63365
165428,2.81043
165429,1.24497
165430,3.27015
165431,2.8993
165432,1.92278
165433,2.85064
165434,2.84421
165435,2.70861
165436,3.02881
165437,1.19883
165438,1.79946
165439,2.21325
165440,4.33199
165441,3.09252
165442,3.34189
165443,2.5016
165444,1.96483
165445,2.92443
165446,4.18396
165447,1.0
165448,3.90824
165449,1.93019
165450,4.08751
165451,4.08735
165452,1.92159
165453,3.02739
165454,1.84089
165455,3.53222
165456,2.25306
165457,2.81516
165458,1.65788
165459,2.38188
165460,2.02015
165461,1.44125
165462,2.75036
165463,3.13429
165464,2.86647
165465,3.96018
165466,3.29176
165467,2.95961
165468,3.46088
165469,4.39405
165470,5.0
165471,3.19208
165472,5.0
165473,4.01574
165474,4.10724
165475,2.98002
165476,3.93694
165477,3.16308
165478,3.81327
165479,3.91543
165480,2.50887
165481,3.29086
165482,4.37483
165483,3.59956
165484,2.5009
165485,4.26312
165486,2.31136
165487,2.88271
165488,3.45985
165489,3.8487
165490,4.27675
165491,3.96358
165492,3.91292
165493,2.43882
165494,3.3982
165495,2.25664
165496,3.65517
165497,3.11349
165498,2.28961
165499,3.40888
165500,3.49663
165501,3.53855
165502,3.71269
165503,3.42394
165504,4.06798
165505,3.62996
165506,3.62405
165507,3.84977
165508,3.94465
165509,3.14516
165510,4.5162
165511,3.32249
165512,4.48938
165513,3.78952
165514,2.76291
165515,4.1126
165516,3.95947
165517,2.28881
165518,2.42136
165519,4.33587
165520,4.05882
165521,3.42931
165522,4.13173
165523,3.97543
165524,4.4891
165525,3.50747
165526,3.94939
165527,3.69519
165528,3.92562
165529,3.80424
165530,3.71052
165531,3.41228
165532,4.15336
165533,3.61739
165534,4.14233
165535,3.24527
165536,4.13449
165537,3.28528
165538,3.39384
165539,3.94399
165540,2.89834
165541,3.47072
165542,3.50118
165543,3.86399
165544,3.96456
165545,3.81431
165546,4.21229
165547,2.94002
165548,3.50859
165549,2.88315
165550,2.14202
165551,3.23408
165552,3.45132
165553,3.29442
165554,3.27625
165555,3.57382
165556,3.11987
165557,4.24081
165558,3.72495
165559,2.94608
165560,2.8842
165561,4.80216
165562,4.63228
165563,4.20307
165564,3.72464
165565,4.28762
165566,4.66734
165567,2.84264
165568,3.66408
165569,4.18242
165570,3.65924
165571,3.73795
165572,3.28705
165573,3.73391
165574,3.28815
165575,2.69994
165576,4.17183
165577,2.60591
165578,4.97768
165579,4.20733
165580,4.25872
165581,4.45635
165582,4.43427
165583,2.26846
165584,1.76333
165585,3.5618
165586,2.78429
165587,3.34625
165588,2.82754
165589,3.08662
165590,3.62031
165591,3.38356
165592,3.28278
165593,2.8709
165594,3.3414
165595,3.74114
165596,4.15739
165597,3.99882
165598,3.97682
165599,3.24127
165600,2.38429
165601,3.49912
165602,3.25492
165603,3.98898
165604,3.35142
165605,2.71775
165606,4.57476
165607,4.73321
165608,2.978
165609,3.93392
165610,3.63872
165611,4.29595
165612,2.71863
165613,3.77362
165614,4.1731
165615,4.18937
165616,4.07759
165617,4.54309
165618,3.94674
165619,3.55341
165620,3.47742
165621,4.07717
165622,3.59338
165623,1.94369
165624,4.31229
165625,3.59876
165626,3.35568
165627,2.97238
165628,3.58909
165629,2.88734
165630,3.35983
165631,3.56655
165632,3.41272
165633,2.9904
165634,4.41106
165635,3.44838
165636,3.73398
165637,3.97379
165638,2.85365
165639,4.21665
165640,3.97236
165641,3.71768
165642,3.94819
165643,3.7682
165644,5.0
165645,4.18131
165646,3.91504
165647,3.344
165648,4.10747
165649,3.71079
165650,3.14204
165651,3.9841
165652,3.64921
165653,4.12358
165654,2.21113
165655,3.19863
165656,2.75519
165657,4.41486
165658,3.64009
165659,3.55592
165660,3.78521
165661,3.347
165662,3.46646
165663,3.50277
165664,4.07186
165665,2.55571
165666,4.67497
165667,4.57234
165668,4.81052
165669,3.61998
165670,3.92386
165671,3.99259
165672,4.25893
165673,1.93983
165674,4.59784
165675,3.88433
165676,3.19921
165677,3.37915
165678,3.52635
165679,3.61827
165680,3.98975
165681,3.28516
165682,3.12526
165683,3.58597
165684,4.3583
165685,2.47055
165686,2.68679
165687,3.74022
165688,2.97441
165689,4.62749
165690,3.0858
165691,3.28438
165692,4.51566
165693,3.51223
165694,4.11093
165695,3.91966
165696,4.49116
165697,4.82363
165698,3.20036
165699,4.45625
165700,4.05378
165701,4.86812
165702,3.29268
165703,2.77182
165704,3.4944
165705,2.95752
165706,3.8411
165707,2.70681
165708,4.2956
165709,3.94712
165710,4.65769
165711,3.25407
165712,2.45349
165713,3.013
165714,2.94308
165715,4.31031
165716,3.3061
165717,1.5751
165718,1.85568
165719,2.61467
165720,4.85363
165721,4.51976
165722,4.09479
165723,4.06915
165724,3.73212
165725,5.0
165726,4.13512
165727,2.71668
165728,3.21441
165729,4.56749
165730,5.0
165731,4.25728
165732,3.49578
165733,2.68285
165734,3.67362
165735,2.88583
165736,2.4849
165737,3.08609
165738,2.15415
165739,3.85063
165740,3.11194
165741,3.56361
165742,2.77436
165743,5.0
165744,3.73711
165745,4.45881
165746,4.44749
165747,2.98943
165748,3.77164
165749,4.20284
165750,2.86504
165751,4.29233
165752,3.73537
165753,4.3322
165754,4.87209
165755,4.44381
165756,4.14693
165757,4.47986
165758,4.52027
165759,4.49598
165760,4.07879
165761,4.37042
165762,4.31422
165763,3.42032
165764,3.61481
165765,2.3376
165766,4.07647
165767,3.0446
165768,4.34915
165769,2.66057
165770,3.70814
165771,4.15193
165772,3.66174
165773,3.69132
165774,4.06671
165775,3.78534
165776,4.27586
165777,3.67732
165778,4.53544
165779,3.57019
165780,3.30812
165781,4.14064
165782,1.93001
165783,4.04595
165784,3.38951
165785,4.26147
165786,4.14887
165787,3.66186
165788,3.27008
165789,4.27554
165790,4.33258
165791,4.4019
165792,3.54231
165793,3.86224
165794,4.50621
165795,3.8733
165796,3.34871
165797,3.41126
165798,4.34624
165799,3.19818
165800,3.83517
165801,3.64955
165802,4.02305
165803,3.52569
165804,3.85894
165805,3.94778
165806,4.7448
165807,2.68331
165808,4.54746
165809,4.48159
165810,4.52239
165811,3.45458
165812,4.09405
165813,3.99807
165814,3.4723
165815,3.78147
165816,4.44256
165817,4.37424
165818,3.04676
165819,4.32935
165820,4.67782
165821,3.9982
165822,5.0
165823,3.14777
165824,3.26648
165825,3.66086
165826,2.69262
165827,3.84539
165828,3.87264
165829,4.06735
165830,3.93869
165831,4.26942
165832,4.67603
165833,3.879
165834,3.48442
165835,2.94491
165836,3.31895
165837,5.0
165838,4.21426
165839,1.44482
165840,2.20963
165841,2.90665
165842,1.99042
165843,2.84963
165844,2.68841
165845,3.07779
165846,1.66928
165847,2.68938
165848,1.91424
165849,2.44091
165850,2.74554
165851,2.88672
165852,2.13342
165853,3.18938
165854,3.10696
165855,2.10036
165856,2.4861
165857,1.83192
165858,3.51861
165859,2.41528
165860,2.58308
165861,3.32699
165862,2.44203
165863,2.27429
165864,2.62708
165865,3.12581
165866,2.29143
165867,2.28209
165868,3.41649
165869,2.73776
165870,3.25256
165871,3.10937
165872,3.03517
165873,3.16269
165874,2.1499
165875,2.30675
165876,2.66914
165877,2.76835
165878,2.57218
165879,3.08089
165880,4.15682
165881,3.22831
165882,2.71666
165883,3.67028
165884,2.45478
165885,2.94434
165886,3.57417
165887,4.32294
165888,4.30104
165889,4.65131
165890,4.02768
165891,4.44247
165892,3.68184
165893,3.55078
165894,3.54017
165895,3.43978
165896,4.66821
165897,3.02156
165898,3.21518
165899,3.32136
165900,3.37439
165901,3.1863
165902,3.19369
165903,3.84802
165904,3.59258
165905,3.45372
165906,2.43662
165907,4.20243
165908,2.14936
165909,3.47668
165910,3.60708
165911,3.27922
165912,4.0658
165913,2.40532
165914,2.75171
165915,3.94961
165916,3.63954
165917,2.67009
165918,3.89465
165919,3.68146
165920,3.59835
165921,3.22712
165922,3.14403
165923,3.09464
165924,3.83466
165925,3.68097
165926,2.40314
165927,3.16686
165928,3.91744
165929,3.08747
165930,3.44948
165931,3.29837
165932,3.65607
165933,2.81406
165934,3.28441
165935,3.77228
165936,4.02456
165937,3.48197
165938,3.37619
165939,4.33886
165940,3.70507
165941,3.47959
165942,3.26908
165943,3.67454
165944,3.87489
165945,3.6968
165946,3.90897
165947,3.22173
165948,4.03224
165949,3.44583
165950,3.15824
165951,3.74795
165952,3.21654
165953,3.4144
165954,3.53764
165955,3.61676
165956,4.09143
165957,3.86005
165958,3.16869
165959,2.76273
165960,4.1698
165961,3.84674
165962,3.73347
165963,2.91208
165964,4.25177
165965,4.46776
165966,4.13542
165967,4.77013
165968,4.99256
165969,3.35706
165970,3.06113
165971,3.67154
165972,4.4057
165973,3.77604
165974,4.2996
165975,3.30172
165976,3.0328
165977,3.20783
165978,4.53071
165979,3.87475
165980,3.76824
165981,3.63201
165982,3.62854
165983,3.72835
165984,4.59682
165985,4.00555
165986,3.86692
165987,4.04179
165988,3.03839
165989,3.71628
165990,4.17944
165991,4.28629
165992,3.94889
165993,3.36306
165994,3.67991
165995,3.89707
165996,2.60629
165997,3.72386
165998,2.01435
165999,3.15252
166000,2.43776
166001,4.26691
166002,4.76563
166003,3.81474
166004,3.43541
166005,4.28043
166006,3.24124
166007,4.57474
166008,2.53865
166009,4.31735
166010,1.3931
166011,4.04311
166012,4.11366
166013,3.56133
166014,4.2178
166015,3.40258
166016,2.31326
166017,3.91382
166018,2.47238
166019,4.40536
166020,5.0
166021,2.38258
166022,4.97857
166023,3.51575
166024,4.117
166025,3.85471
166026,4.98642
166027,3.76472
166028,4.36268
166029,4.18247
166030,4.01624
166031,3.45359
166032,4.0378
166033,5.0
166034,4.84285
166035,3.54388
166036,4.76594
166037,4.50549
166038,4.92707
166039,4.82866
166040,2.43319
166041,3.12375
166042,2.72438
166043,3.90662
166044,3.52747
166045,1.68593
166046,2.76977
166047,2.64057
166048,2.29214
166049,2.24947
166050,4.1873
166051,4.14549
166052,3.64163
166053,3.59289
166054,4.06752
166055,3.70432
166056,4.68978
166057,3.9991
166058,3.792
166059,4.04129
166060,2.61292
166061,3.69421
166062,3.40682
166063,2.67781
166064,2.90002
166065,3.93776
166066,4.11266
166067,3.81889
166068,3.57936
166069,4.1916
166070,3.6045
166071,3.09775
166072,4.17306
166073,3.49431
166074,3.23819
166075,4.05484
166076,3.91748
166077,1.61953
166078,3.90407
166079,3.39206
166080,3.37268
166081,2.94833
166082,3.26312
166083,2.78119
166084,3.25627
166085,4.10179
166086,3.16398
166087,2.89291
166088,3.70918
166089,3.70882
166090,3.11329
166091,3.61762
166092,4.17543
166093,4.38337
166094,4.4295
166095,4.72704
166096,4.33078
166097,4.34119
166098,2.39954
166099,3.17038
166100,4.16763
166101,4.06749
166102,3.89935
166103,3.37621
166104,4.10586
166105,3.74905
166106,3.28958
166107,3.77844
166108,3.79267
166109,3.82086
166110,3.17713
166111,3.40225
166112,3.8969
166113,3.00641
166114,2.68401
166115,3.77396
166116,4.28849
166117,3.56676
166118,4.29419
166119,2.53083
166120,4.3931
166121,3.71769
166122,3.8548
166123,3.74874
166124,3.71211
166125,3.8355
166126,2.91745
166127,3.6255
166128,3.34893
166129,2.89267
166130,3.85597
166131,3.74094
166132,4.24299
166133,4.75714
166134,3.33911
166135,4.36824
166136,3.97086
166137,3.18099
166138,2.38107
166139,3.47234
166140,3.21258
166141,3.13017
166142,3.6779
166143,4.20427
166144,2.80856
166145,3.91739
166146,3.23875
166147,3.67015
166148,3.39969
166149,2.85259
166150,2.82204
166151,3.16608
166152,4.84932
166153,3.53447
166154,3.75881
166155,4.06443
166156,4.02336
166157,3.32236
166158,3.94905
166159,3.57819
166160,2.52714
166161,3.80984
166162,4.1785
166163,4.19359
166164,4.33134
166165,4.06767
166166,3.54358
166167,4.69911
166168,2.85931
166169,4.15458
166170,3.76327
166171,4.27414
166172,4.29307
166173,4.14192
166174,4.21692
166175,4.39728
166176,3.99934
166177,2.57784
166178,3.70551
166179,4.72859
166180,4.20668
166181,3.60845
166182,3.40936
166183,4.38162
166184,4.85562
166185,3.46804
166186,3.42446
166187,3.52118
166188,2.71625
166189,4.41035
166190,2.41698
166191,3.69273
166192,3.94902
166193,2.17037
166194,2.76209
166195,4.11678
166196,2.71529
166197,3.08936
166198,4.21023
166199,3.96956
166200,4.07042
166201,3.7566
166202,3.28343
166203,3.5765
166204,4.29864
166205,4.14411
166206,3.81793
166207,3.1124
166208,3.55961
166209,4.27725
166210,3.84605
166211,3.27742
166212,3.60923
166213,2.99857
166214,3.77884
166215,3.85515
166216,3.20262
166217,3.48518
166218,4.05497
166219,2.87795
166220,3.83719
166221,3.89818
166222,4.147
166223,4.04954
166224,3.38933
166225,3.45432
166226,3.68577
166227,3.68626
166228,3.53899
166229,4.26762
166230,3.39278
166231,3.86085
166232,3.57918
166233,3.85122
166234,3.32551
166235,4.02951
166236,3.60713
166237,3.86228
166238,3.26535
166239,4.15903
166240,3.50047
166241,3.99926
166242,3.25409
166243,2.55311
166244,2.55255
166245,2.66872
166246,2.03631
166247,4.87929
166248,4.04028
166249,2.906
166250,2.47403
166251,3.05218
166252,3.86488
166253,1.50921
166254,3.02497
166255,2.68123
166256,2.84696
166257,3.12458
166258,3.31154
166259,3.29814
166260,3.60698
166261,2.83279
166262,3.13621
166263,3.01344
166264,3.01251
166265,3.31939
166266,3.86965
166267,3.90308
166268,4.78001
166269,4.83868
166270,4.44144
166271,3.34113
166272,3.49519
166273,2.88376
166274,2.55622
166275,3.74017
166276,4.37666
166277,4.30672
166278,4.29211
166279,3.59962
166280,3.92346
166281,4.22112
166282,4.0572
166283,4.31167
166284,3.66717
166285,4.31398
166286,4.92371
166287,3.57381
166288,4.84919
166289,3.30031
166290,4.06241
166291,4.0455
166292,4.00654
166293,3.72348
166294,4.34754
166295,3.91545
166296,4.32167
166297,4.21029
166298,3.06376
166299,3.14851
166300,3.25825
166301,3.36003
166302,3.19695
166303,3.17741
166304,3.1421
166305,3.84808
166306,2.63698
166307,3.1797
166308,3.5708
166309,3.91021
166310,3.8399
166311,4.22341
166312,3.45401
166313,3.97183
166314,3.34357
166315,4.34931
166316,4.88149
166317,3.67667
166318,3.71122
166319,3.8404
166320,3.79536
166321,4.59291
166322,3.95726
166323,4.33596
166324,3.73317
166325,3.82752
166326,2.74642
166327,2.53447
166328,3.74622
166329,2.75145
166330,3.29617
166331,4.38164
166332,2.72942
166333,4.38654
166334,3.09343
166335,3.95456
166336,2.64973
166337,2.88453
166338,4.87338
166339,3.62912
166340,3.7647
166341,3.93818
166342,2.72843
166343,4.64528
166344,4.50639
166345,4.56327
166346,4.27857
166347,3.43913
166348,3.2797
166349,4.022
166350,2.34039
166351,2.65797
166352,2.08286
166353,2.60181
166354,3.22094
166355,4.96826
166356,3.60178
166357,3.29141
166358,2.62017
166359,2.74651
166360,2.71092
166361,3.83121
166362,3.6602
166363,2.93328
166364,1.92254
166365,1.77442
166366,2.51371
166367,2.19792
166368,2.50716
166369,3.95268
166370,4.67139
166371,2.97466
166372,1.86847
166373,4.83225
166374,5.0
166375,2.25619
166376,3.38539
166377,3.20434
166378,2.32084
166379,3.11336
166380,2.68848
166381,3.20756
166382,3.24649
166383,3.28049
166384,1.92093
166385,4.42856
166386,4.25189
166387,3.09455
166388,3.492
166389,3.21131
166390,4.29533
166391,4.96086
166392,4.16995
166393,4.59506
166394,2.74217
166395,3.33095
166396,3.96885
166397,3.70028
166398,3.69697
166399,3.5814
166400,2.52089
166401,2.93692
166402,3.47767
166403,3.08203
166404,3.31541
166405,2.98685
166406,2.74592
166407,2.45893
166408,3.14785
166409,2.80243
166410,3.13472
166411,3.14824
166412,2.25076
166413,3.79288
166414,3.29879
166415,3.73027
166416,3.77386
166417,3.94136
166418,3.44197
166419,3.45399
166420,2.45449
166421,3.565
166422,2.9541
166423,3.26002
166424,3.74167
166425,2.4047
166426,3.23483
166427,5.0
166428,4.22931
166429,3.56054
166430,2.7851
166431,3.69571
166432,4.92877
166433,2.58967
166434,3.18987
166435,4.20914
166436,2.66761
166437,2.82806
166438,4.03115
166439,1.79755
166440,2.70295
166441,2.63128
166442,3.8296
166443,4.07998
166444,1.93848
166445,3.88807
166446,3.41336
166447,4.29996
166448,3.58806
166449,4.13863
166450,3.05962
166451,3.17994
166452,2.21368
166453,2.47495
166454,3.14267
166455,3.81167
166456,4.45701
166457,4.01911
166458,4.15665
166459,3.55948
166460,4.05173
166461,3.22031
166462,4.15842
166463,2.72153
166464,3.69136
166465,3.24165
166466,3.88585
166467,3.80245
166468,2.72557
166469,3.55214
166470,4.15289
166471,3.80495
166472,4.22523
166473,2.04083
166474,4.65095
166475,3.23932
166476,3.13388
166477,3.37045
166478,4.4904
166479,3.76059
166480,3.6369
166481,3.86879
166482,3.68768
166483,3.73944
166484,3.7235
166485,3.12106
166486,2.86584
166487,4.26395
166488,4.05245
166489,4.1461
166490,3.18354
166491,4.11465
166492,3.54678
166493,1.68434
166494,2.95487
166495,3.6578
166496,3.69588
166497,3.20749
166498,3.23001
166499,3.23821
166500,3.47475
166501,3.48934
166502,3.81292
166503,4.11902
166504,3.72545
166505,4.07487
166506,3.46311
166507,3.56256
166508,3.95186
166509,3.66996
166510,2.06447
166511,3.9931
166512,3.81127
166513,3.98166
166514,4.37282
166515,1.88829
166516,2.33849
166517,4.62279
166518,4.26712
166519,3.56217
166520,3.95426
166521,3.87685
166522,2.8397
166523,2.88656
166524,3.0045
166525,2.21554
166526,2.37436
166527,1.5273
166528,2.26511
166529,2.60236
166530,1.69322
166531,2.59676
166532,2.81477
166533,2.7152
166534,1.1531
166535,3.98288
166536,3.40748
166537,3.96036
166538,3.91181
166539,4.03888
166540,4.25691
166541,4.36097
166542,4.54424
166543,4.21874
166544,3.7435
166545,3.74636
166546,4.23409
166547,4.11504
166548,4.08041
166549,3.22753
166550,3.4723
166551,3.59307
166552,4.64354
166553,3.63592
166554,4.24748
166555,4.23776
166556,4.1205
166557,3.71092
166558,3.48274
166559,4.36907
166560,3.98893
166561,3.56174
166562,2.95804
166563,3.28303
166564,4.29233
166565,4.14126
166566,3.87519
166567,2.96462
166568,3.78057
166569,2.91445
166570,3.81299
166571,4.35962
166572,4.3845
166573,3.31331
166574,3.09752
166575,3.07674
166576,3.43619
166577,2.79803
166578,3.44245
166579,3.5227
166580,3.61042
166581,3.72456
166582,3.65991
166583,3.44658
166584,3.35524
166585,3.223
166586,2.8723
166587,3.07074
166588,2.09039
166589,2.6281
166590,1.94368
166591,3.4938
166592,2.596
166593,3.53442
166594,3.20058
166595,1.73767
166596,2.74719
166597,2.3904
166598,2.59117
166599,3.22321
166600,2.2263
166601,2.1672
166602,2.5375
166603,2.44609
166604,4.16147
166605,2.65312
166606,3.03724
166607,2.46231
166608,3.35114
166609,2.11544
166610,2.68591
166611,2.2019
166612,2.38036
166613,3.1332
166614,3.1408
166615,3.09108
166616,3.5315
166617,2.65551
166618,1.52639
166619,2.65281
166620,3.29902
166621,2.05014
166622,3.09293
166623,2.01328
166624,3.66168
166625,1.50039
166626,2.28205
166627,3.13933
166628,3.62696
166629,3.51512
166630,3.94494
166631,1.25692
166632,4.13392
166633,3.76121
166634,3.38151
166635,2.8129
166636,1.90137
166637,1.81973
166638,2.01743
166639,1.37675
166640,3.47804
166641,1.54302
166642,1.00953
166643,2.63442
166644,1.29575
166645,1.64422
166646,4.99083
166647,2.31295
166648,2.06344
166649,2.53971
166650,2.98796
166651,4.24012
166652,2.47453
166653,3.304
166654,2.22041
166655,2.87443
166656,3.4803
166657,2.72569
166658,4.04464
166659,1.74792
166660,2.56489
166661,2.15634
166662,2.06356
166663,2.24136
166664,1.0
166665,4.76765
166666,4.56254
166667,4.56434
166668,3.2389
166669,3.47513
166670,3.43934
166671,2.05171
166672,1.65666
166673,3.02175
166674,2.89191
166675,3.89277
166676,2.77883
166677,3.67903
166678,2.7625
166679,2.21931
166680,2.98434
166681,2.75072
166682,2.84797
166683,3.53737
166684,2.95941
166685,2.41138
166686,3.07748
166687,2.78936
166688,3.34429
166689,2.58718
166690,2.94435
166691,3.52886
166692,2.47206
166693,1.61906
166694,2.57544
166695,2.53452
166696,4.07612
166697,2.98113
166698,1.46599
166699,3.24477
166700,3.57713
166701,3.68951
166702,4.21426
166703,3.81253
166704,4.0287
166705,2.98546
166706,4.65189
166707,3.10046
166708,3.87369
166709,3.33048
166710,2.40722
166711,2.30811
166712,4.30768
166713,3.10168
166714,3.92984
166715,3.39391
166716,2.97443
166717,4.1444
166718,3.60695
166719,3.42776
166720,2.83283
166721,3.05438
166722,4.37811
166723,4.10517
166724,2.87169
166725,1.60838
166726,4.02788
166727,2.75248
166728,2.56147
166729,3.95161
166730,3.32716
166731,4.26894
166732,2.50771
166733,3.68693
166734,3.60281
166735,2.59907
166736,4.1626
166737,4.05753
166738,3.40055
166739,2.97818
166740,2.82969
166741,3.72235
166742,3.51381
166743,2.33525
166744,4.33273
166745,2.86188
166746,2.38686
166747,2.82232
166748,3.79699
166749,2.68033
166750,2.25217
166751,3.52148
166752,3.40106
166753,3.47043
166754,2.88975
166755,1.90419
166756,2.84041
166757,3.31237
166758,3.07875
166759,3.83368
166760,3.17966
166761,2.25072
166762,2.6775
166763,3.35425
166764,3.44447
166765,3.18498
166766,2.03594
166767,2.94396
166768,2.97312
166769,3.75092
166770,3.67365
166771,3.33423
166772,3.85209
166773,2.73622
166774,4.94892
166775,2.6431
166776,3.55875
166777,3.27266
166778,1.60155
166779,3.07382
166780,2.94785
166781,3.62918
166782,3.10168
166783,3.48176
166784,1.0
166785,2.31612
166786,3.59498
166787,2.99906
166788,2.67677
166789,3.3703
166790,3.7739
166791,3.41887
166792,2.92465
166793,2.35191
166794,2.43089
166795,3.67946
166796,4.27875
166797,3.27857
166798,3.86083
166799,1.44574
166800,3.21744
166801,3.70166
166802,1.74532
166803,2.83026
166804,3.51972
166805,2.65268
166806,3.5328
166807,4.28282
166808,3.36358
166809,3.74726
166810,3.49034
166811,4.50445
166812,3.5335
166813,3.33662
166814,4.90795
166815,3.79037
166816,3.0741
166817,4.31524
166818,3.46526
166819,4.10645
166820,4.96432
166821,3.9443
166822,2.93054
166823,3.11776
166824,3.92612
166825,3.71944
166826,3.72639
166827,2.77126
166828,2.76724
166829,3.1044
166830,3.27937
166831,4.71173
166832,3.77815
166833,3.1806
166834,4.12835
166835,4.24926
166836,4.20472
166837,3.62126
166838,4.65696
166839,3.36184
166840,3.79145
166841,4.39662
166842,3.75761
166843,4.39565
166844,4.05705
166845,4.58785
166846,4.04751
166847,4.76694
166848,4.79656
166849,3.6515
166850,3.95771
166851,2.64834
166852,3.19496
166853,4.08804
166854,4.46664
166855,3.08039
166856,3.70599
166857,4.25095
166858,3.65814
166859,3.39693
166860,2.43367
166861,2.96472
166862,2.74401
166863,2.88716
166864,3.91939
166865,4.58425
166866,4.0467
166867,3.66935
166868,3.73026
166869,3.5742
166870,4.09402
166871,2.48506
166872,3.4892
166873,3.43222
166874,3.20831
166875,4.35255
166876,4.26504
166877,2.11731
166878,4.01513
166879,3.72333
166880,3.53334
166881,4.01366
166882,2.89241
166883,4.04039
166884,3.91884
166885,4.03835
166886,2.7186
166887,3.85436
166888,3.8044
166889,3.69731
166890,2.68525
166891,3.93948
166892,4.10109
166893,4.08387
166894,3.82973
166895,4.04284
166896,3.8424
166897,3.12821
166898,1.96126
166899,3.60049
166900,4.37
166901,4.49205
166902,3.33342
166903,4.61807
166904,4.293
166905,4.47879
166906,3.56777
166907,4.11372
166908,3.33574
166909,2.99979
166910,3.75749
166911,3.5882
166912,4.02937
166913,3.567
166914,4.04988
166915,4.24971
166916,2.65196
166917,3.18952
166918,2.25596
166919,2.11755
166920,2.9012
166921,2.56682
166922,3.19034
166923,1.52392
166924,2.59758
166925,3.11128
166926,3.33758
166927,4.4956
166928,3.07063
166929,3.3154
166930,4.09909
166931,3.0839
166932,3.10719
166933,1.83526
166934,1.95308
166935,2.165
166936,3.15772
166937,3.2099
166938,2.05785
166939,2.82865
166940,2.71949
166941,2.11191
166942,2.92017
166943,3.28424
166944,3.102
166945,3.2115
166946,3.21195
166947,3.19747
166948,2.86255
166949,3.9866
166950,2.56357
166951,1.94282
166952,2.56835
166953,3.9481
166954,3.27703
166955,3.52669
166956,2.11363
166957,2.91769
166958,1.58696
166959,2.68612
166960,3.93921
166961,2.36534
166962,3.53149
166963,2.46198
166964,3.71021
166965,1.97249
166966,2.8109
166967,3.91169
166968,3.1587
166969,1.65153
166970,4.12987
166971,4.2644
166972,2.59782
166973,3.12962
166974,4.10038
166975,2.26147
166976,4.43474
166977,2.44551
166978,3.5679
166979,2.69551
166980,3.18257
166981,3.07095
166982,3.55815
166983,3.81063
166984,3.61906
166985,3.9352
166986,3.85797
166987,3.22106
166988,3.45673
166989,3.35736
166990,2.37708
166991,3.44191
166992,3.74947
166993,3.55801
166994,3.38927
166995,3.04287
166996,2.78094
166997,3.4826
166998,4.25192
166999,3.74861
167000,3.42734
167001,3.47079
167002,2.79196
167003,3.42184
167004,3.8014
167005,3.39672
167006,3.13764
167007,3.12455
167008,3.57604
167009,3.95192
167010,3.2667
167011,3.09137
167012,3.68439
167013,3.6168
167014,3.38778
167015,3.44366
167016,3.62626
167017,4.1914
167018,5.0
167019,4.6907
167020,4.32797
167021,4.14475
167022,1.0
167023,2.15089
167024,4.49578
167025,3.22876
167026,4.4162
167027,1.49737
167028,3.73287
167029,5.0
167030,4.0992
167031,3.57142
167032,1.32547
167033,5.0
167034,2.64224
167035,5.0
167036,4.38285
167037,5.0
167038,3.32954
167039,3.54368
167040,4.81547
167041,4.53947
167042,3.27832
167043,4.35309
167044,2.90973
167045,1.0
167046,3.58301
167047,3.89641
167048,5.0
167049,1.0
167050,3.31943
167051,5.0
167052,2.54125
167053,2.79878
167054,5.0
167055,5.0
167056,3.77316
167057,4.34276
167058,2.50381
167059,3.28641
167060,3.06315
167061,3.9315
167062,5.0
167063,5.0
167064,2.35535
167065,3.31772
167066,1.28963
167067,4.74615
167068,3.83886
167069,4.45278
167070,5.0
167071,3.11967
167072,2.3892
167073,3.61667
167074,2.06035
167075,3.94596
167076,4.09435
167077,3.81653
167078,4.00769
167079,3.05214
167080,4.33809
167081,4.03688
167082,3.96429
167083,3.24104
167084,3.69637
167085,3.33648
167086,2.69238
167087,3.18473
167088,3.80211
167089,2.78469
167090,3.30659
167091,3.04646
167092,3.44362
167093,2.63127
167094,3.15935
167095,3.25298
167096,4.23929
167097,3.91655
167098,4.51548
167099,3.51964
167100,4.76778
167101,5.0
167102,4.46547
167103,4.35603
167104,4.17219
167105,3.84895
167106,4.4445
167107,4.80445
167108,4.74346
167109,4.42342
167110,4.0904
167111,3.11759
167112,4.55124
167113,4.36239
167114,4.74075
167115,4.5777
167116,3.57036
167117,4.69652
167118,4.94331
167119,5.0
167120,4.6326
167121,2.00245
167122,3.27473
167123,3.57274
167124,3.62684
167125,3.85111
167126,3.80154
167127,4.18192
167128,4.10844
167129,3.44594
167130,4.19846
167131,3.21995
167132,3.90789
167133,4.23278
167134,3.60701
167135,3.45612
167136,2.89251
167137,3.39806
167138,3.48721
167139,3.44744
167140,4.46393
167141,4.48298
167142,3.4515
167143,4.13107
167144,2.83202
167145,3.57697
167146,4.43319
167147,3.20868
167148,3.40072
167149,4.47881
167150,2.87363
167151,2.6753
167152,4.67001
167153,4.21691
167154,2.444
167155,4.27621
167156,2.68666
167157,4.23204
167158,4.03716
167159,4.40472
167160,4.10089
167161,4.82018
167162,4.03434
167163,2.63067
167164,4.22448
167165,2.83452
167166,3.17979
167167,3.3442
167168,3.7819
167169,3.78251
167170,3.22297
167171,4.51287
167172,3.8095
167173,4.649
167174,3.4607
167175,3.26302
167176,4.01838
167177,3.08925
167178,3.69271
167179,5.0
167180,2.9764
167181,4.86321
167182,4.65064
167183,4.23253
167184,3.94478
167185,4.49519
167186,4.41721
167187,4.17511
167188,4.14791
167189,4.76374
167190,4.15162
167191,3.71998
167192,4.50927
167193,4.42611
167194,3.61291
167195,4.26255
167196,5.0
167197,2.41336
167198,4.46306
167199,3.31871
167200,2.55525
167201,4.2625
167202,2.00681
167203,2.88674
167204,3.13126
167205,4.0662
167206,2.98554
167207,2.51142
167208,2.80414
167209,3.47922
167210,3.629
167211,3.28298
167212,4.45513
167213,3.89829
167214,3.38912
167215,3.57073
167216,3.87097
167217,4.02175
167218,4.55703
167219,3.35511
167220,3.83376
167221,4.06277
167222,4.44496
167223,3.67012
167224,1.59216
167225,4.95059
167226,2.68379
167227,2.49859
167228,2.76954
167229,2.42662
167230,4.5793
167231,3.75402
167232,3.92099
167233,2.86768
167234,1.00365
167235,3.54573
167236,4.61959
167237,3.71228
167238,3.91276
167239,1.39573
167240,3.29985
167241,4.55164
167242,4.6262
167243,2.95606
167244,4.43156
167245,3.38839
167246,3.95721
167247,4.12026
167248,3.20984
167249,2.9954
167250,2.4662
167251,3.40833
167252,3.0648
167253,3.84389
167254,2.79289
167255,2.78791
167256,3.66425
167257,3.93576
167258,3.3405
167259,3.892
167260,3.56462
167261,2.70142
167262,3.08512
167263,3.0327
167264,3.10687
167265,2.3676
167266,4.31431
167267,2.42332
167268,3.36202
167269,2.99591
167270,3.16911
167271,2.51489
167272,3.61602
167273,4.07483
167274,3.12143
167275,3.43003
167276,2.80296
167277,2.78418
167278,2.56753
167279,3.42342
167280,2.80228
167281,3.15424
167282,4.58768
167283,3.66375
167284,2.9608
167285,3.3896
167286,2.61647
167287,3.41486
167288,3.71877
167289,3.06316
167290,3.62181
167291,3.28409
167292,3.71889
167293,4.21256
167294,3.23608
167295,2.42742
167296,3.74589
167297,3.49028
167298,2.82676
167299,3.98374
167300,2.93221
167301,3.19819
167302,4.64414
167303,2.93855
167304,4.33763
167305,2.64433
167306,2.38702
167307,3.51642
167308,3.75108
167309,3.25214
167310,3.72598
167311,3.38506
167312,2.77914
167313,3.14779
167314,2.59344
167315,3.40853
167316,3.61824
167317,2.48841
167318,3.25065
167319,2.07575
167320,3.09619
167321,3.61148
167322,5.0
167323,2.35832
167324,4.20985
167325,2.67578
167326,3.04049
167327,2.93509
167328,4.29829
167329,3.95139
167330,3.3664
167331,4.40413
167332,4.01743
167333,3.87245
167334,3.98474
167335,3.06281
167336,3.17861
167337,2.79992
167338,3.00015
167339,4.13864
167340,3.07004
167341,2.32637
167342,3.59898
167343,3.43159
167344,2.60531
167345,3.65705
167346,3.09979
167347,4.07117
167348,2.61824
167349,3.96948
167350,2.32781
167351,3.30368
167352,3.80747
167353,3.07162
167354,2.14627
167355,2.27303
167356,3.72237
167357,1.94032
167358,2.04299
167359,2.44986
167360,3.40849
167361,3.57347
167362,4.08896
167363,3.06825
167364,3.62824
167365,2.50061
167366,3.40985
167367,3.51004
167368,4.20948
167369,3.17749
167370,3.05387
167371,3.53048
167372,4.54066
167373,4.04559
167374,3.11318
167375,4.19152
167376,3.68796
167377,4.06042
167378,4.25748
167379,3.13076
167380,3.69112
167381,2.25266
167382,3.77025
167383,4.49948
167384,3.54043
167385,4.24132
167386,4.48859
167387,3.49529
167388,3.30315
167389,4.02787
167390,4.04661
167391,2.93775
167392,4.64671
167393,4.06798
167394,2.77834
167395,3.35323
167396,3.31859
167397,1.0
167398,1.0
167399,4.32074
167400,3.57035
167401,3.35075
167402,4.03597
167403,4.25899
167404,4.02439
167405,3.876
167406,4.24186
167407,4.61444
167408,4.41339
167409,5.0
167410,4.79484
167411,4.56627
167412,3.96524
167413,3.21399
167414,3.75946
167415,4.60633
167416,4.41605
167417,3.7446
167418,4.66966
167419,4.41059
167420,1.35895
167421,3.46233
167422,3.58479
167423,3.64498
167424,3.20492
167425,3.43002
167426,3.66632
167427,4.28291
167428,4.25362
167429,4.56641
167430,3.33233
167431,2.72557
167432,3.1244
167433,3.56437
167434,3.14709
167435,3.60393
167436,3.7566
167437,3.01906
167438,3.58734
167439,4.12601
167440,3.85656
167441,4.45056
167442,3.85846
167443,4.08448
167444,4.68106
167445,3.52975
167446,3.15215
167447,3.49489
167448,4.56018
167449,3.90638
167450,4.34688
167451,3.54573
167452,4.0349
167453,4.47154
167454,4.21888
167455,3.25287
167456,3.83506
167457,3.9262
167458,3.29003
167459,4.90256
167460,4.27487
167461,3.98897
167462,4.60909
167463,3.71887
167464,3.69813
167465,3.12078
167466,3.54647
167467,3.65501
167468,4.0204
167469,4.81417
167470,4.60998
167471,3.94078
167472,1.26568
167473,3.15269
167474,3.21452
167475,3.3383
167476,3.87996
167477,3.80985
167478,3.80222
167479,4.49072
167480,3.76088
167481,2.71521
167482,2.44077
167483,1.99206
167484,3.40981
167485,3.09284
167486,3.17357
167487,2.24991
167488,1.8786
167489,3.83211
167490,2.23031
167491,4.16525
167492,2.78311
167493,4.39441
167494,4.02413
167495,3.13028
167496,3.46588
167497,2.54125
167498,3.90051
167499,4.90028
167500,3.71969
167501,2.12637
167502,1.86559
167503,2.4005
167504,1.92379
167505,1.92401
167506,3.51889
167507,2.03068
167508,3.6688
167509,3.25298
167510,4.00974
167511,2.83965
167512,3.74136
167513,3.54884
167514,4.50359
167515,4.14661
167516,4.07521
167517,4.42275
167518,4.96764
167519,4.46672
167520,4.43213
167521,4.45378
167522,3.87387
167523,4.52473
167524,4.63387
167525,4.99162
167526,4.18991
167527,4.44865
167528,4.49116
167529,3.56015
167530,4.24812
167531,2.65373
167532,2.77014
167533,2.5463
167534,1.86829
167535,2.49698
167536,2.48623
167537,2.85161
167538,2.87466
167539,1.9878
167540,3.08553
167541,2.71426
167542,4.44677
167543,4.45549
167544,3.53213
167545,3.14563
167546,3.10505
167547,2.97442
167548,3.77413
167549,3.5526
167550,3.15452
167551,2.90097
167552,4.23271
167553,3.14648
167554,4.31787
167555,3.41586
167556,3.78116
167557,3.68733
167558,3.14224
167559,3.39835
167560,4.47622
167561,3.78204
167562,4.0042
167563,3.52557
167564,3.53829
167565,3.44028
167566,3.64599
167567,3.9722
167568,1.9032
167569,3.50512
167570,4.27782
167571,2.73672
167572,3.04594
167573,2.82779
167574,3.22913
167575,2.81754
167576,4.10195
167577,3.07204
167578,3.98726
167579,3.08203
167580,3.50285
167581,3.94191
167582,3.58477
167583,3.9634
167584,3.14961
167585,3.97884
167586,4.43383
167587,3.36675
167588,4.10037
167589,3.97145
167590,3.39203
167591,3.36601
167592,3.74862
167593,3.31575
167594,4.21343
167595,4.68362
167596,3.93148
167597,3.64955
167598,2.5308
167599,3.99144
167600,3.89582
167601,4.33682
167602,3.72718
167603,3.78529
167604,3.44015
167605,3.58455
167606,3.42228
167607,3.792
167608,3.97746
167609,3.3607
167610,3.6328
167611,3.98426
167612,3.47804
167613,4.311
167614,3.44138
167615,3.29192
167616,3.65034
167617,3.41149
167618,3.90027
167619,3.8346
167620,3.97238
167621,3.64699
167622,3.10985
167623,3.39287
167624,3.09246
167625,3.53737
167626,4.04173
167627,3.78062
167628,3.92742
167629,2.45023
167630,3.39841
167631,2.82822
167632,2.89506
167633,4.38056
167634,3.58466
167635,3.93844
167636,3.50727
167637,4.06887
167638,2.79947
167639,3.73534
167640,3.75183
167641,3.19255
167642,3.26423
167643,4.04064
167644,3.70399
167645,3.48977
167646,4.19803
167647,4.12449
167648,4.32657
167649,2.84649
167650,2.76269
167651,4.23901
167652,3.87911
167653,4.14065
167654,4.4583
167655,3.13502
167656,3.11906
167657,4.1492
167658,1.0296
167659,1.8935
167660,2.13305
167661,4.18369
167662,3.92397
167663,3.07424
167664,4.27479
167665,2.97443
167666,2.37761
167667,3.64805
167668,1.93713
167669,2.23449
167670,2.87558
167671,2.60359
167672,2.82056
167673,3.50927
167674,2.74537
167675,1.04803
167676,3.11988
167677,2.33463
167678,2.02699
167679,1.50262
167680,3.72683
167681,1.51192
167682,3.69272
167683,1.0
167684,2.31494
167685,1.7432
167686,2.05663
167687,1.83581
167688,3.42975
167689,3.71455
167690,4.02575
167691,4.76467
167692,3.08342
167693,2.89532
167694,5.0
167695,4.02851
167696,3.59884
167697,2.1579
167698,1.65476
167699,1.0
167700,2.85049
167701,4.06039
167702,2.24772
167703,3.46549
167704,4.13689
167705,3.60982
167706,3.47297
167707,3.5523
167708,4.07503
167709,2.72094
167710,3.0903
167711,2.009
167712,4.06159
167713,4.04349
167714,2.06146
167715,3.45062
167716,1.55564
167717,3.52541
167718,3.64042
167719,1.90295
167720,3.67188
167721,3.19239
167722,3.46438
167723,3.17698
167724,4.39465
167725,2.85439
167726,4.66178
167727,3.39961
167728,3.98888
167729,3.16202
167730,3.65507
167731,4.3235
167732,3.04556
167733,2.69596
167734,5.0
167735,3.39911
167736,4.6152
167737,3.96039
167738,3.01623
167739,4.1308
167740,2.04149
167741,4.9699
167742,2.55993
167743,5.0
167744,3.46911
167745,3.90738
167746,3.92063
167747,3.40001
167748,4.25528
167749,3.97406
167750,2.07942
167751,3.86729
167752,3.66055
167753,3.67364
167754,3.58657
167755,3.55213
167756,4.36481
167757,2.46939
167758,3.95815
167759,3.74995
167760,3.75332
167761,3.67541
167762,4.19164
167763,3.53144
167764,3.53702
167765,3.40231
167766,4.14296
167767,3.97537
167768,3.58959
167769,2.98301
167770,3.99197
167771,4.10666
167772,3.57721
167773,3.661
167774,3.77065
167775,3.40406
167776,3.82417
167777,4.62342
167778,4.49108
167779,4.24783
167780,4.14408
167781,4.06408
167782,3.78371
167783,3.14715
167784,2.83397
167785,2.78553
167786,2.313
167787,2.40282
167788,3.68659
167789,3.0795
167790,2.69372
167791,3.92788
167792,3.89595
167793,3.72236
167794,3.79399
167795,2.35881
167796,3.38381
167797,3.52747
167798,3.43339
167799,4.40846
167800,3.59783
167801,3.04397
167802,3.33959
167803,3.38817
167804,3.73387
167805,3.52848
167806,3.16653
167807,3.32489
167808,3.81893
167809,2.99761
167810,3.75978
167811,3.71161
167812,4.7702
167813,3.24473
167814,3.70206
167815,4.9019
167816,4.10575
167817,3.79005
167818,3.87742
167819,1.09943
167820,4.56849
167821,1.53069
167822,5.0
167823,5.0
167824,2.60561
167825,2.40309
167826,3.96718
167827,2.81373
167828,3.73753
167829,3.28266
167830,3.75249
167831,3.85587
167832,2.57964
167833,2.39605
167834,3.81267
167835,3.7225
167836,2.86933
167837,3.6244
167838,2.67686
167839,3.0682
167840,2.95768
167841,2.55415
167842,1.67952
167843,2.29345
167844,4.15458
167845,4.0958
167846,3.66654
167847,3.24075
167848,3.03143
167849,2.83415
167850,3.57612
167851,3.57429
167852,1.86393
167853,2.75109
167854,3.87661
167855,3.0717
167856,2.0252
167857,2.75039
167858,2.78993
167859,3.42596
167860,1.57253
167861,1.4714
167862,3.94993
167863,3.12473
167864,3.311
167865,4.33831
167866,4.466
167867,3.10671
167868,3.23962
167869,3.79117
167870,2.75511
167871,2.64075
167872,4.02775
167873,3.54458
167874,2.55782
167875,3.30901
167876,3.30981
167877,1.72442
167878,2.63022
167879,3.72332
167880,3.7609
167881,3.63257
167882,3.16594
167883,1.39665
167884,3.31499
167885,3.21527
167886,3.86038
167887,3.36485
167888,1.95717
167889,2.82476
167890,1.8491
167891,2.6205
167892,3.66122
167893,2.44445
167894,1.84713
167895,3.24469
167896,2.98954
167897,4.10397
167898,2.74641
167899,3.63381
167900,3.38944
167901,2.68049
167902,3.22899
167903,3.21263
167904,3.99201
167905,2.99941
167906,3.65474
167907,3.30496
167908,2.63918
167909,2.83211
167910,2.90308
167911,3.42076
167912,1.66911
167913,2.89209
167914,2.39397
167915,3.99409
167916,3.53584
167917,2.33677
167918,3.30872
167919,4.49308
167920,2.24083
167921,3.86362
167922,2.24529
167923,3.69992
167924,4.02427
167925,2.78751
167926,3.98178
167927,3.54306
167928,3.69682
167929,3.268
167930,3.24004
167931,3.31756
167932,3.6686
167933,3.3902
167934,2.70702
167935,4.29784
167936,2.34619
167937,3.31894
167938,2.58272
167939,1.48194
167940,1.29581
167941,3.60156
167942,3.72757
167943,3.90325
167944,2.37301
167945,4.14505
167946,4.14166
167947,3.75868
167948,4.55984
167949,2.89056
167950,2.31084
167951,4.48073
167952,4.47636
167953,1.97153
167954,3.50162
167955,3.56892
167956,4.90759
167957,4.29842
167958,3.21847
167959,3.29089
167960,3.09791
167961,3.94138
167962,4.03142
167963,4.63876
167964,5.0
167965,2.79724
167966,3.69832
167967,3.82131
167968,2.71289
167969,4.31899
167970,4.95047
167971,2.51388
167972,4.70783
167973,5.0
167974,4.08382
167975,4.23877
167976,4.13916
167977,4.82875
167978,3.72286
167979,4.24046
167980,4.45308
167981,3.30409
167982,4.51952
167983,4.49236
167984,4.37894
167985,4.32956
167986,3.83151
167987,4.20442
167988,2.84883
167989,3.06732
167990,3.71102
167991,3.12496
167992,3.06483
167993,4.27002
167994,3.28225
167995,4.31062
167996,4.16872
167997,2.98923
167998,4.19007
167999,1.73468
168000,3.74444
168001,3.475
168002,3.98817
168003,2.1094
168004,3.09681
168005,3.95394
168006,2.84283
168007,4.40435
168008,3.47325
168009,3.33261
168010,3.41141
168011,4.16777
168012,3.8463
168013,3.42836
168014,4.99533
168015,4.19763
168016,4.11496
168017,4.13289
168018,3.94975
168019,3.67879
168020,4.13442
168021,3.19211
168022,3.06336
168023,4.55442
168024,3.33327
168025,3.66618
168026,3.7224
168027,4.40419
168028,3.45915
168029,3.78027
168030,3.19583
168031,3.63774
168032,3.50406
168033,3.87177
168034,3.83916
168035,3.45587
168036,4.12353
168037,3.59642
168038,3.49495
168039,3.74598
168040,3.62176
168041,3.20834
168042,1.9151
168043,2.5467
168044,4.0425
168045,4.70394
168046,3.32741
168047,3.82711
168048,3.79705
168049,2.60363
168050,4.19329
168051,2.3883
168052,3.24196
168053,4.13332
168054,3.31917
168055,4.3603
168056,3.82171
168057,3.34691
168058,3.01907
168059,3.87369
168060,5.0
168061,3.03409
168062,3.55384
168063,3.97074
168064,3.87883
168065,3.66377
168066,4.39454
168067,4.75289
168068,4.31808
168069,4.07221
168070,4.31755
168071,4.45921
168072,4.35301
168073,4.75569
168074,4.15066
168075,4.40907
168076,4.46248
168077,3.46831
168078,4.5723
168079,4.72683
168080,3.07675
168081,3.2908
168082,2.49867
168083,4.63448
168084,3.74319
168085,4.53835
168086,2.58605
168087,2.79982
168088,3.40157
168089,4.65748
168090,4.05914
168091,3.89286
168092,3.4458
168093,4.29112
168094,4.06387
168095,5.0
168096,3.67762
168097,3.47639
168098,3.60113
168099,4.057
168100,3.62937
168101,3.65729
168102,4.18173
168103,2.72979
168104,4.33436
168105,3.74463
168106,3.7464
168107,4.9791
168108,4.84297
168109,4.58091
168110,3.63999
168111,4.61054
168112,4.83436
168113,4.29535
168114,4.16441
168115,4.15498
168116,4.54238
168117,1.14529
168118,3.48468
168119,5.0
168120,3.24627
168121,4.42185
168122,4.18155
168123,3.91248
168124,3.65671
168125,3.63753
168126,3.4731
168127,4.60354
168128,4.69345
168129,3.6556
168130,4.51205
168131,3.61085
168132,3.75869
168133,2.55202
168134,2.74894
168135,3.54178
168136,2.76166
168137,3.4355
168138,3.93883
168139,3.67722
168140,2.97705
168141,3.72614
168142,1.6605
168143,2.25785
168144,1.62499
168145,3.51046
168146,3.30463
168147,1.11514
168148,3.13509
168149,1.42232
168150,3.61662
168151,4.34215
168152,2.83793
168153,2.66656
168154,2.0334
168155,3.00309
168156,2.80744
168157,2.52561
168158,2.9189
168159,2.92959
168160,3.79833
168161,2.50614
168162,2.58519
168163,2.70988
168164,1.52076
168165,3.80982
168166,3.26505
168167,3.44843
168168,1.99411
168169,5.0
168170,1.97334
168171,3.7276
168172,3.4484
168173,3.4839
168174,1.83987
168175,2.83351
168176,2.48628
168177,3.48227
168178,2.33528
168179,3.34256
168180,2.84371
168181,1.0
168182,3.62585
168183,2.31796
168184,2.05683
168185,2.51073
168186,3.50887
168187,2.6039
168188,1.65703
168189,2.18114
168190,2.57118
168191,3.39206
168192,2.79144
168193,1.8929
168194,2.91897
168195,2.92127
168196,3.27733
168197,1.86636
168198,3.25473
168199,2.6112
168200,2.53571
168201,4.13005
168202,3.33993
168203,3.88651
168204,3.48076
168205,2.48945
168206,3.34539
168207,1.80383
168208,2.2463
168209,4.22752
168210,4.35764
168211,4.46829
168212,3.85254
168213,4.4254
168214,4.9544
168215,3.6608
168216,4.92095
168217,4.53176
168218,2.98448
168219,4.90168
168220,4.2017
168221,3.26321
168222,4.73748
168223,4.24337
168224,4.61933
168225,3.83595
168226,4.77494
168227,4.73801
168228,3.38229
168229,2.88998
168230,3.44121
168231,3.75099
168232,3.20475
168233,3.41556
168234,3.92048
168235,3.73528
168236,4.0753
168237,3.32982
168238,3.89216
168239,3.28096
168240,3.92093
168241,4.01319
168242,3.74876
168243,3.1813
168244,3.19648
168245,3.33841
168246,3.62887
168247,3.81088
168248,2.46174
168249,3.70759
168250,3.21819
168251,3.56094
168252,3.94929
168253,3.19612
168254,3.35258
168255,3.69873
168256,3.51236
168257,3.53792
168258,3.51413
168259,3.99577
168260,3.005
168261,3.55657
168262,4.13379
168263,3.75059
168264,4.0105
168265,3.72254
168266,3.49014
168267,3.69706
168268,3.72849
168269,3.42714
168270,4.07778
168271,3.59405
168272,3.16195
168273,3.74181
168274,3.6816
168275,3.2157
168276,3.48804
168277,3.49085
168278,3.68021
168279,4.23398
168280,3.26948
168281,3.97537
168282,3.61858
168283,3.85716
168284,4.20643
168285,3.65511
168286,3.4148
168287,3.61385
168288,3.03668
168289,3.61904
168290,3.36514
168291,2.90596
168292,3.34909
168293,3.23045
168294,3.94012
168295,3.73071
168296,3.17923
168297,3.53538
168298,2.56992
168299,3.32275
168300,3.42088
168301,3.66082
168302,3.43724
168303,2.85318
168304,3.69798
168305,3.67182
168306,3.3957
168307,3.42993
168308,3.8327
168309,2.67773
168310,4.09824
168311,5.0
168312,4.91752
168313,4.80918
168314,5.0
168315,5.0
168316,4.60517
168317,4.63382
168318,4.97154
168319,4.40283
168320,4.41913
168321,4.9828
168322,4.48123
168323,4.9977
168324,4.00268
168325,5.0
168326,3.10869
168327,5.0
168328,4.47362
168329,4.06958
168330,4.61383
168331,4.60595
168332,4.46462
168333,4.99775
168334,4.07108
168335,4.72224
168336,4.11629
168337,5.0
168338,4.63408
168339,4.87609
168340,4.96704
168341,4.76955
168342,3.44932
168343,3.2914
168344,2.60031
168345,3.13456
168346,3.27226
168347,3.4997
168348,2.11794
168349,4.18462
168350,1.57488
168351,3.6018
168352,2.22677
168353,3.2239
168354,3.07469
168355,4.22342
168356,4.23665
168357,2.48383
168358,3.68703
168359,4.83456
168360,1.76993
168361,1.98572
168362,2.88758
168363,3.1437
168364,3.8803
168365,4.43766
168366,2.85817
168367,2.96745
168368,4.62428
168369,3.43552
168370,2.2504
168371,4.80383
168372,3.80507
168373,3.11005
168374,3.27147
168375,3.37111
168376,3.49927
168377,3.76075
168378,4.58272
168379,4.63861
168380,2.07693
168381,2.7456
168382,4.8897
168383,2.97253
168384,3.39175
168385,4.74081
168386,3.1785
168387,2.6905
168388,1.53222
168389,3.70603
168390,3.85862
168391,3.39723
168392,4.18436
168393,3.80717
168394,3.58849
168395,4.10282
168396,3.60983
168397,3.81491
168398,3.412
168399,4.03495
168400,3.83092
168401,4.28183
168402,3.38834
168403,4.17007
168404,2.89616
168405,4.17775
168406,3.83421
168407,3.69991
168408,3.19992
168409,3.54678
168410,4.09718
168411,3.84805
168412,3.30703
168413,3.63846
168414,3.93075
168415,4.01862
168416,3.41815
168417,3.26326
168418,3.6738
168419,2.95789
168420,3.82874
168421,4.38571
168422,3.42893
168423,3.62768
168424,4.09301
168425,4.19902
168426,3.91144
168427,4.33039
168428,3.96325
168429,2.99982
168430,3.87694
168431,3.75995
168432,3.8488
168433,4.1153
168434,2.87916
168435,3.16202
168436,3.2578
168437,3.71866
168438,2.93113
168439,4.0503
168440,3.47132
168441,3.9173
168442,4.32361
168443,4.06081
168444,3.50067
168445,3.66804
168446,3.84151
168447,4.78871
168448,3.44254
168449,3.27088
168450,4.17429
168451,4.16876
168452,3.96765
168453,4.0467
168454,3.86779
168455,3.34399
168456,4.685
168457,4.18885
168458,3.30859
168459,4.36945
168460,4.54206
168461,4.03414
168462,4.25866
168463,4.02323
168464,4.38299
168465,4.47728
168466,4.41314
168467,3.37678
168468,2.23541
168469,4.29912
168470,4.02463
168471,4.17886
168472,3.92316
168473,4.04552
168474,4.20243
168475,4.22295
168476,3.961
168477,4.34748
168478,5.0
168479,3.66618
168480,2.2072
168481,3.72236
168482,3.81929
168483,4.19116
168484,4.13176
168485,2.49437
168486,1.8637
168487,3.41251
168488,4.88742
168489,3.71004
168490,4.08095
168491,2.71515
168492,2.44934
168493,3.66846
168494,4.08743
168495,4.56561
168496,3.26543
168497,4.7417
168498,4.16329
168499,3.82277
168500,4.31672
168501,4.69402
168502,4.31825
168503,4.26598
168504,4.39366
168505,3.84799
168506,4.18634
168507,4.31878
168508,4.33376
168509,4.26416
168510,3.97257
168511,4.7942
168512,4.07353
168513,4.45869
168514,5.0
168515,3.72484
168516,4.40667
168517,3.80473
168518,4.21198
168519,4.05398
168520,4.35504
168521,3.88219
168522,3.94602
168523,3.98895
168524,3.8964
168525,4.20165
168526,4.08601
168527,4.3087
168528,3.70799
168529,3.51462
168530,3.77103
168531,2.96253
168532,3.99452
168533,4.27517
168534,4.9927
168535,3.68386
168536,4.81323
168537,3.70792
168538,4.34329
168539,3.88008
168540,3.4633
168541,3.80044
168542,3.6134
168543,3.86767
168544,3.27868
168545,3.50365
168546,2.03512
168547,2.37979
168548,4.12616
168549,3.56179
168550,2.35698
168551,3.78798
168552,2.39921
168553,3.94545
168554,3.54553
168555,4.05722
168556,1.83428
168557,1.77828
168558,2.67636
168559,3.71688
168560,4.13572
168561,4.46716
168562,3.92306
168563,2.26313
168564,4.31876
168565,4.0774
168566,4.60129
168567,3.44468
168568,4.06622
168569,2.71529
168570,3.63212
168571,3.69998
168572,3.98768
168573,4.06264
168574,4.23927
168575,3.96535
168576,4.91886
168577,4.3035
168578,3.59061
168579,4.27281
168580,3.57933
168581,4.28013
168582,4.46018
168583,3.62823
168584,3.61623
168585,3.90738
168586,3.79841
168587,3.8391
168588,4.37166
168589,4.21923
168590,4.08486
168591,3.28565
168592,3.91695
168593,2.99227
168594,4.12555
168595,4.37512
168596,3.62325
168597,4.17118
168598,4.77027
168599,4.81859
168600,3.56096
168601,3.1571
168602,3.66122
168603,4.22358
168604,2.73565
168605,4.21306
168606,3.32079
168607,3.88298
168608,4.22417
168609,4.60059
168610,4.27415
168611,4.3702
168612,2.30032
168613,1.83968
168614,2.39149
168615,2.95128
168616,1.86505
168617,3.61877
168618,3.92675
168619,3.23261
168620,3.10374
168621,3.96786
168622,3.56146
168623,2.59745
168624,2.93981
168625,2.41763
168626,1.28773
168627,4.77211
168628,4.53813
168629,3.77467
168630,3.85498
168631,4.1673
168632,3.64419
168633,4.13776
168634,3.431
168635,3.64501
168636,4.03972
168637,3.01863
168638,3.36237
168639,3.62587
168640,3.11507
168641,3.3654
168642,3.88532
168643,3.92989
168644,3.73652
168645,3.81818
168646,3.51645
168647,3.07218
168648,2.46374
168649,2.24243
168650,1.6425
168651,2.7002
168652,2.54117
168653,2.39428
168654,2.98688
168655,2.14083
168656,4.64075
168657,3.67978
168658,4.24201
168659,4.16455
168660,5.0
168661,4.34927
168662,3.23564
168663,4.24519
168664,4.73862
168665,3.99509
168666,4.03384
168667,3.95507
168668,3.7347
168669,5.0
168670,3.71751
168671,4.44152
168672,4.41464
168673,3.56215
168674,4.6299
168675,3.90415
168676,4.48713
168677,5.0
168678,3.62954
168679,3.01641
168680,4.02449
168681,4.43329
168682,3.91779
168683,3.64525
168684,4.37458
168685,4.21397
168686,3.13757
168687,3.37725
168688,3.94852
168689,3.94627
168690,4.84891
168691,4.99293
168692,4.86208
168693,4.24008
168694,4.08097
168695,2.54912
168696,3.93689
168697,3.1972
168698,5.0
168699,3.92867
168700,3.70495
168701,3.69342
168702,3.15612
168703,3.78725
168704,2.96826
168705,3.81133
168706,4.36723
168707,4.58609
168708,4.41681
168709,4.59766
168710,4.22485
168711,4.49702
168712,4.0695
168713,3.59066
168714,3.95995
168715,3.96421
168716,3.99994
168717,4.61194
168718,3.84713
168719,2.98573
168720,4.28707
168721,4.19638
168722,4.36306
168723,3.30461
168724,3.88762
168725,4.46849
168726,4.19855
168727,3.98047
168728,4.30096
168729,4.22577
168730,3.78952
168731,3.98748
168732,3.77777
168733,4.01807
168734,4.1816
168735,4.69601
168736,4.26172
168737,3.46587
168738,3.12269
168739,3.49648
168740,4.2644
168741,4.36726
168742,3.12403
168743,3.66596
168744,3.74394
168745,4.36106
168746,3.72921
168747,4.1891
168748,4.05087
168749,4.2365
168750,3.40333
168751,3.85452
168752,4.02179
168753,3.08847
168754,4.92382
168755,4.01661
168756,5.0
168757,3.97599
168758,4.65299
168759,4.4793
168760,2.73532
168761,4.00966
168762,3.40686
168763,3.68538
168764,4.19731
168765,4.04096
168766,4.06656
168767,4.15925
168768,3.4362
168769,4.40744
168770,3.91535
168771,3.33502
168772,4.14188
168773,3.34357
168774,3.69407
168775,3.02249
168776,4.06505
168777,2.14739
168778,3.1695
168779,4.02569
168780,3.40301
168781,3.24118
168782,2.92526
168783,4.45699
168784,3.33766
168785,2.48447
168786,4.4502
168787,4.92246
168788,4.84519
168789,4.94005
168790,3.72112
168791,4.04356
168792,3.15963
168793,3.34657
168794,4.19275
168795,3.49211
168796,4.34319
168797,4.12289
168798,4.41313
168799,2.94488
168800,4.35481
168801,4.66933
168802,2.93081
168803,4.6522
168804,4.04382
168805,4.67563
168806,2.79719
168807,4.1291
168808,3.00781
168809,3.1107
168810,4.0608
168811,3.8442
168812,4.19818
168813,4.36102
168814,3.59895
168815,4.24911
168816,4.09525
168817,4.30842
168818,3.51952
168819,4.28607
168820,3.62547
168821,3.73158
168822,1.29353
168823,3.01397
168824,4.14083
168825,4.31103
168826,2.57269
168827,4.23455
168828,4.27747
168829,4.07563
168830,3.78589
168831,4.04808
168832,3.89031
168833,3.71151
168834,3.42628
168835,3.65538
168836,3.95012
168837,3.66938
168838,3.75256
168839,3.72709
168840,3.93088
168841,4.62146
168842,4.23885
168843,4.57236
168844,3.51982
168845,3.47901
168846,3.77688
168847,2.47769
168848,3.51877
168849,3.89525
168850,3.8074
168851,4.41007
168852,2.984
168853,4.32536
168854,3.35199
168855,3.5545
168856,3.67995
168857,3.56251
168858,5.0
168859,4.25732
168860,3.74794
168861,4.69051
168862,3.94693
168863,4.64074
168864,5.0
168865,3.68277
168866,4.68487
168867,4.46167
168868,4.70054
168869,4.01968
168870,3.93716
168871,4.84789
168872,4.53412
168873,4.47768
168874,4.19307
168875,5.0
168876,4.30422
168877,4.38473
168878,4.90201
168879,4.23333
168880,3.90057
168881,4.37987
168882,4.27609
168883,3.96641
168884,4.40643
168885,4.21988
168886,4.60585
168887,4.87269
168888,2.76563
168889,2.82
168890,4.28456
168891,2.8839
168892,3.76787
168893,2.9854
168894,2.72944
168895,2.82714
168896,2.96172
168897,4.15669
168898,3.77649
168899,4.21517
168900,4.06138
168901,2.75062
168902,2.40114
168903,4.34454
168904,4.12569
168905,3.36976
168906,2.66214
168907,4.37266
168908,3.01303
168909,4.49361
168910,3.51268
168911,4.29217
168912,3.02297
168913,3.43428
168914,3.39516
168915,3.97239
168916,4.47964
168917,2.7763
168918,2.61945
168919,2.79409
168920,4.20774
168921,1.41863
168922,4.23442
168923,3.34907
168924,4.16038
168925,3.76737
168926,3.60679
168927,3.29758
168928,3.5349
168929,4.52084
168930,3.12289
168931,1.61918
168932,4.02068
168933,1.90282
168934,1.82821
168935,1.45097
168936,2.78852
168937,3.58217
168938,3.98789
168939,3.58524
168940,3.69669
168941,2.78118
168942,3.9939
168943,3.68849
168944,4.1368
168945,3.52758
168946,3.37487
168947,3.59762
168948,2.8176
168949,3.54867
168950,4.33282
168951,3.83031
168952,3.42067
168953,3.69893
168954,2.61138
168955,4.39188
168956,4.5907
168957,2.70657
168958,3.67798
168959,3.68408
168960,3.02226
168961,3.07277
168962,3.49374
168963,2.46378
168964,3.59365
168965,3.38891
168966,3.466
168967,3.08898
168968,3.69267
168969,3.96237
168970,2.45684
168971,3.24829
168972,3.94729
168973,3.74475
168974,3.4522
168975,2.45895
168976,4.7214
168977,2.87594
168978,3.72914
168979,4.14724
168980,2.66302
168981,3.11232
168982,3.15049
168983,3.50491
168984,3.70596
168985,3.51293
168986,1.564
168987,1.42443
168988,2.21293
168989,3.28291
168990,2.977
168991,4.53004
168992,4.1359
168993,3.40355
168994,2.38315
168995,3.657
168996,2.86785
168997,3.33003
168998,3.19118
168999,3.16162
169000,3.09452
169001,3.21166
169002,4.10543
169003,2.5749
169004,2.84239
169005,3.3182
169006,3.28145
169007,4.27466
169008,3.25762
169009,3.51029
169010,3.30935
169011,3.55009
169012,2.73489
169013,3.62725
169014,2.74042
169015,4.59608
169016,2.32471
169017,2.96155
169018,2.23353
169019,4.1611
169020,3.54768
169021,3.04251
169022,3.59012
169023,2.9676
169024,4.10235
169025,3.6794
169026,3.67752
169027,2.94009
169028,3.51512
169029,5.0
169030,5.0
169031,3.50781
169032,4.43634
169033,4.251
169034,4.42214
169035,3.37834
169036,1.78538
169037,4.2555
169038,3.789
169039,3.44006
169040,3.35709
169041,4.6184
169042,4.83985
169043,3.50963
169044,3.04183
169045,2.97078
169046,4.02123
169047,2.98128
169048,5.0
169049,4.0621
169050,4.25566
169051,2.97268
169052,2.69091
169053,3.60732
169054,3.62242
169055,3.84065
169056,3.55775
169057,3.7332
169058,4.64875
169059,2.98063
169060,4.17632
169061,3.57947
169062,4.06653
169063,4.10793
169064,2.75121
169065,4.9232
169066,4.1769
169067,4.36139
169068,3.73467
169069,3.12573
169070,3.9966
169071,4.63062
169072,3.92192
169073,3.60033
169074,3.30816
169075,2.87996
169076,3.88747
169077,4.3964
169078,5.0
169079,2.65263
169080,3.69598
169081,5.0
169082,3.77596
169083,2.99075
169084,4.00195
169085,5.0
169086,3.88992
169087,4.10246
169088,3.24778
169089,3.9155
169090,1.75021
169091,3.21226
169092,2.99481
169093,3.3974
169094,4.10505
169095,3.72633
169096,3.54418
169097,2.80126
169098,3.91003
169099,4.32296
169100,4.35805
169101,4.24189
169102,3.16385
169103,3.2447
169104,4.08764
169105,2.38476
169106,3.72528
169107,3.92858
169108,3.05755
169109,3.8684
169110,3.54364
169111,4.0788
169112,4.16632
169113,5.0
169114,5.0
169115,3.92525
169116,5.0
169117,5.0
169118,4.47724
169119,4.33832
169120,4.53363
169121,3.2306
169122,4.43915
169123,3.88599
169124,3.92016
169125,4.94432
169126,2.82812
169127,3.77246
169128,3.91618
169129,3.82786
169130,5.0
169131,4.15629
169132,3.89155
169133,4.2651
169134,3.50869
169135,4.29184
169136,5.0
169137,4.80338
169138,3.25408
169139,3.28697
169140,3.9319
169141,3.69146
169142,4.01038
169143,2.64765
169144,4.56481
169145,3.61033
169146,3.40873
169147,1.79236
169148,3.2141
169149,3.00404
169150,3.93011
169151,3.63976
169152,3.55982
169153,3.12739
169154,4.58272
169155,3.47986
169156,3.61906
169157,3.71594
169158,3.59009
169159,2.88519
169160,3.70397
169161,2.41043
169162,3.52041
169163,3.91155
169164,3.26704
169165,3.98947
169166,3.78824
169167,3.82085
169168,3.79543
169169,3.69547
169170,2.72114
169171,2.34244
169172,2.61677
169173,4.2374
169174,3.85582
169175,3.48446
169176,2.40948
169177,2.73725
169178,2.82962
169179,1.30093
169180,2.83912
169181,2.17423
169182,3.86792
169183,3.12861
169184,3.21515
169185,3.25086
169186,1.65632
169187,1.83516
169188,1.23011
169189,3.0231
169190,2.28556
169191,2.8872
169192,3.70036
169193,3.40059
169194,3.38648
169195,4.27772
169196,2.02914
169197,3.57122
169198,3.16342
169199,4.6022
169200,1.47257
169201,2.55214
169202,2.97576
169203,1.52014
169204,3.36049
169205,2.73125
169206,3.04419
169207,2.63229
169208,4.5682
169209,3.28082
169210,2.52741
169211,2.51216
169212,3.83134
169213,3.58099
169214,1.69887
169215,3.24697
169216,2.92277
169217,5.0
169218,2.14175
169219,3.3682
169220,4.45748
169221,3.24517
169222,3.0932
169223,5.0
169224,2.97302
169225,3.71053
169226,4.20677
169227,3.76477
169228,3.36196
169229,4.06995
169230,5.0
169231,3.1877
169232,2.34759
169233,2.73743
169234,3.39466
169235,5.0
169236,4.3117
169237,4.05053
169238,5.0
169239,3.73129
169240,4.98633
169241,2.91988
169242,3.91532
169243,4.24533
169244,4.13398
169245,4.42502
169246,4.44005
169247,4.05886
169248,4.08061
169249,2.92596
169250,3.80319
169251,3.76222
169252,4.5176
169253,3.10975
169254,3.99911
169255,3.56454
169256,3.76104
169257,4.32128
169258,3.89888
169259,3.44715
169260,2.53577
169261,3.29018
169262,4.2091
169263,3.88351
169264,3.36467
169265,3.58401
169266,2.82505
169267,3.03735
169268,2.69855
169269,4.08557
169270,4.09606
169271,4.12764
169272,4.07944
169273,3.40804
169274,3.0607
169275,3.8692
169276,3.51618
169277,3.7976
169278,3.54786
169279,3.77132
169280,2.70368
169281,3.31148
169282,3.66771
169283,3.84487
169284,3.98264
169285,4.54399
169286,3.56303
169287,4.71138
169288,5.0
169289,5.0
169290,4.42416
169291,4.3823
169292,3.8564
169293,4.468
169294,4.60565
169295,4.93105
169296,4.08485
169297,3.72214
169298,4.67501
169299,2.70319
169300,4.70779
169301,3.79953
169302,3.62798
169303,4.13158
169304,4.06626
169305,3.58353
169306,4.01856
169307,3.55127
169308,3.536
169309,3.54943
169310,4.13131
169311,4.21783
169312,2.43491
169313,2.50753
169314,2.36384
169315,3.31258
169316,2.4397
169317,3.45452
169318,3.00079
169319,3.21141
169320,2.26769
169321,3.75351
169322,3.73124
169323,4.25286
169324,3.12217
169325,3.45568
169326,3.2828
169327,4.06602
169328,3.31266
169329,4.02553
169330,3.96502
169331,3.44465
169332,2.8294
169333,3.5483
169334,1.94817
169335,2.58583
169336,4.63413
169337,4.21589
169338,3.36499
169339,2.58446
169340,3.66815
169341,3.47701
169342,3.78103
169343,2.76766
169344,2.90519
169345,3.7632
169346,3.13725
169347,3.07079
169348,2.85078
169349,4.36515
169350,3.7496
169351,2.44643
169352,3.20083
169353,4.19908
169354,4.23144
169355,4.60271
169356,4.40914
169357,3.12398
169358,1.54197
169359,3.47296
169360,4.56102
169361,4.43231
169362,2.87334
169363,4.03696
169364,2.91996
169365,3.71763
169366,4.10494
169367,3.69289
169368,4.65016
169369,4.04534
169370,3.91103
169371,3.96978
169372,4.22466
169373,4.32956
169374,3.0261
169375,3.16138
169376,4.81836
169377,3.88277
169378,2.59574
169379,3.424
169380,4.36444
169381,3.99214
169382,2.75507
169383,4.17273
169384,4.18927
169385,4.11262
169386,3.22038
169387,4.66317
169388,3.32761
169389,4.55129
169390,3.62419
169391,3.50732
169392,4.11427
169393,4.49094
169394,3.22054
169395,3.5124
169396,4.2245
169397,4.35561
169398,4.31528
169399,4.15631
169400,3.68975
169401,3.90442
169402,3.62799
169403,3.87105
169404,4.26798
169405,3.34662
169406,3.87732
169407,2.62869
169408,3.79735
169409,3.50895
169410,3.70779
169411,3.7366
169412,3.60326
169413,3.27353
169414,4.13184
169415,3.50678
169416,3.1335
169417,4.06427
169418,3.93823
169419,3.74035
169420,3.83744
169421,3.72312
169422,3.89208
169423,3.71924
169424,3.4138
169425,4.09048
169426,4.10009
169427,4.16345
169428,4.49018
169429,3.92878
169430,4.0026
169431,4.20377
169432,4.27027
169433,3.73846
169434,3.62009
169435,3.61748
169436,3.86407
169437,3.65526
169438,3.18817
169439,3.01963
169440,3.42751
169441,1.04581
169442,3.74851
169443,5.0
169444,4.94659
169445,3.43499
169446,3.54037
169447,2.96335
169448,2.9081
169449,3.4003
169450,1.44583
169451,2.40563
169452,3.70634
169453,2.52999
169454,3.2324
169455,3.41707
169456,3.00434
169457,2.67023
169458,3.54643
169459,3.03383
169460,4.38514
169461,4.02444
169462,4.28606
169463,2.67209
169464,2.0789
169465,2.31291
169466,1.72022
169467,2.81728
169468,3.17318
169469,1.36485
169470,2.79546
169471,2.31657
169472,1.0
169473,3.4753
169474,1.72253
169475,3.72499
169476,1.35135
169477,1.81536
169478,3.72416
169479,2.40589
169480,1.88694
169481,2.12091
169482,2.54768
169483,2.01341
169484,2.59341
169485,2.42948
169486,3.12535
169487,1.15736
169488,1.0
169489,1.0
169490,2.00354
169491,1.69812
169492,3.60077
169493,2.4606
169494,2.99528
169495,4.20477
169496,1.88349
169497,3.94892
169498,2.08136
169499,3.12733
169500,3.70859
169501,4.24611
169502,1.61016
169503,4.56267
169504,4.06732
169505,4.47694
169506,3.91839
169507,4.65169
169508,2.89825
169509,4.61713
169510,3.53221
169511,4.27944
169512,4.1448
169513,4.61594
169514,4.40954
169515,4.33154
169516,3.75348
169517,2.66823
169518,4.14982
169519,3.48117
169520,2.32559
169521,4.00896
169522,3.85464
169523,3.909
169524,2.629
169525,4.44074
169526,4.58283
169527,4.69454
169528,2.94424
169529,3.22512
169530,4.52642
169531,4.07279
169532,4.25058
169533,4.55278
169534,3.03528
169535,4.18003
169536,4.76625
169537,3.27464
169538,3.85816
169539,3.51605
169540,4.22278
169541,4.20264
169542,2.3439
169543,1.49954
169544,2.44175
169545,3.49371
169546,4.38095
169547,4.11881
169548,4.22936
169549,3.99052
169550,3.9633
169551,4.58529
169552,3.98794
169553,4.49819
169554,2.74049
169555,3.49657
169556,3.88807
169557,4.55472
169558,2.88504
169559,3.70806
169560,3.95957
169561,4.01142
169562,3.64633
169563,3.69128
169564,2.65126
169565,3.8463
169566,4.22687
169567,2.13727
169568,3.4192
169569,5.0
169570,3.60701
169571,4.52085
169572,4.54629
169573,3.97635
169574,4.40836
169575,3.33371
169576,4.32295
169577,3.95352
169578,4.78006
169579,3.81729
169580,4.64536
169581,4.73775
169582,4.47566
169583,3.3731
169584,3.89144
169585,2.86556
169586,4.12923
169587,3.65709
169588,3.35999
169589,4.65061
169590,5.0
169591,3.02087
169592,3.78615
169593,3.72534
169594,2.20144
169595,3.26051
169596,4.54507
169597,4.03199
169598,4.66196
169599,5.0
169600,4.77183
169601,3.79269
169602,2.92475
169603,4.13439
169604,4.48416
169605,4.81951
169606,4.39353
169607,3.75242
169608,4.97577
169609,3.47437
169610,3.71572
169611,3.49396
169612,4.14334
169613,2.56294
169614,3.53023
169615,2.6925
169616,4.13757
169617,3.59146
169618,2.82573
169619,3.95584
169620,4.02659
169621,4.87928
169622,5.0
169623,2.84342
169624,3.60798
169625,4.32249
169626,3.77638
169627,3.03535
169628,3.4691
169629,4.57972
169630,3.61658
169631,4.23853
169632,2.16584
169633,2.64486
169634,3.19404
169635,3.05022
169636,3.05209
169637,3.94348
169638,1.86575
169639,3.51016
169640,3.17777
169641,4.7013
169642,3.63766
169643,4.11021
169644,2.67283
169645,3.45968
169646,3.87666
169647,1.0
169648,3.61531
169649,3.52518
169650,4.56522
169651,4.64571
169652,5.0
169653,3.64604
169654,4.23634
169655,2.84219
169656,4.38393
169657,3.60779
169658,3.86261
169659,2.49893
169660,3.96018
169661,4.0315
169662,3.71073
169663,3.77287
169664,3.62087
169665,3.06046
169666,3.53162
169667,4.72945
169668,3.52098
169669,3.17518
169670,2.04197
169671,4.62146
169672,2.2385
169673,3.91212
169674,3.57093
169675,3.55704
169676,3.4187
169677,1.0
169678,3.19104
169679,4.57142
169680,2.93818
169681,4.33773
169682,1.95227
169683,4.36716
169684,3.21599
169685,4.15181
169686,3.44573
169687,3.37268
169688,4.39252
169689,4.22458
169690,4.37877
169691,5.0
169692,3.45853
169693,3.39843
169694,3.8019
169695,3.97053
169696,4.3674
169697,3.50668
169698,3.48246
169699,4.33464
169700,2.14021
169701,2.57142
169702,3.8992
169703,3.8231
169704,3.44064
169705,3.0728
169706,3.18931
169707,4.41114
169708,4.03686
169709,4.30644
169710,4.09724
169711,4.79752
169712,4.07301
169713,2.81076
169714,4.79135
169715,3.98764
169716,3.93126
169717,4.40795
169718,3.76696
169719,4.27284
169720,3.6311
169721,4.88227
169722,3.98737
169723,5.0
169724,4.27483
169725,2.05844
169726,4.08178
169727,4.22234
169728,3.61979
169729,3.67176
169730,3.70875
169731,3.12614
169732,2.4777
169733,2.88164
169734,2.86421
169735,3.1531
169736,2.60734
169737,2.99723
169738,4.31011
169739,4.00919
169740,4.18701
169741,3.22615
169742,2.8855
169743,3.39329
169744,4.11468
169745,4.15576
169746,3.41679
169747,4.47841
169748,2.2824
169749,3.03354
169750,2.44517
169751,3.56526
169752,4.5515
169753,2.32126
169754,3.7899
169755,2.6153
169756,4.45631
169757,4.91403
169758,2.79661
169759,3.35454
169760,4.43284
169761,3.8329
169762,3.49337
169763,3.20981
169764,3.16814
169765,2.34486
169766,3.81012
169767,3.30867
169768,3.42263
169769,3.93508
169770,4.77239
169771,3.39478
169772,4.18235
169773,3.94612
169774,3.63195
169775,2.46814
169776,2.47574
169777,4.22618
169778,3.37052
169779,4.03079
169780,4.25216
169781,3.59722
169782,3.7193
169783,4.33137
169784,2.65029
169785,3.02295
169786,4.41867
169787,2.78154
169788,3.82603
169789,4.25821
169790,2.07692
169791,3.94281
169792,3.86466
169793,4.36374
169794,3.07447
169795,4.14674
169796,3.4785
169797,3.08115
169798,3.05855
169799,2.70166
169800,3.94303
169801,2.95399
169802,3.82124
169803,4.00967
169804,4.84917
169805,3.02147
169806,2.95847
169807,3.11977
169808,4.04753
169809,3.54536
169810,2.7247
169811,4.27036
169812,3.63366
169813,3.56651
169814,3.50758
169815,3.50627
169816,4.64818
169817,4.23711
169818,3.3504
169819,1.75551
169820,4.50755
169821,4.05163
169822,3.4539
169823,3.72946
169824,3.92671
169825,2.74528
169826,3.20888
169827,3.38384
169828,3.3512
169829,4.15718
169830,3.6085
169831,1.45998
169832,3.47008
169833,2.53116
169834,3.89718
169835,4.18296
169836,4.3021
169837,4.61845
169838,4.3802
169839,3.30735
169840,4.41778
169841,5.0
169842,4.37092
169843,4.58039
169844,3.96055
169845,5.0
169846,4.84438
169847,4.72654
169848,4.76797
169849,3.60312
169850,4.45019
169851,3.002
169852,3.33794
169853,4.13561
169854,4.48044
169855,4.25237
169856,4.58903
169857,3.86329
169858,4.19259
169859,3.29528
169860,4.54394
169861,4.56059
169862,4.53372
169863,3.32619
169864,4.77149
169865,3.69044
169866,5.0
169867,3.23558
169868,4.50138
169869,4.33619
169870,4.6307
169871,4.92469
169872,3.60835
169873,4.69103
169874,4.34396
169875,3.6519
169876,5.0
169877,4.62052
169878,3.86224
169879,4.12257
169880,4.39044
169881,4.2083
169882,4.35774
169883,3.83187
169884,3.65133
169885,3.67142
169886,5.0
169887,4.5154
169888,2.41441
169889,4.68032
169890,4.14156
169891,4.9451
169892,4.47176
169893,4.39897
169894,4.70239
169895,4.8345
169896,3.86342
169897,4.70378
169898,4.96489
169899,4.49821
169900,4.03691
169901,3.52985
169902,3.25117
169903,2.9195
169904,2.81578
169905,3.20819
169906,2.12937
169907,2.96534
169908,3.61743
169909,3.76899
169910,2.65649
169911,3.11254
169912,3.41926
169913,3.85222
169914,2.1773
169915,2.06306
169916,3.60252
169917,3.05906
169918,4.3997
169919,1.56055
169920,4.78468
169921,3.72637
169922,2.71479
169923,3.98383
169924,5.0
169925,5.0
169926,2.98798
169927,2.66888
169928,4.28526
169929,2.91365
169930,1.52775
169931,3.3702
169932,2.3723
169933,2.68968
169934,3.44873
169935,2.57383
169936,3.10528
169937,2.39594
169938,2.35715
169939,3.56253
169940,3.51373
169941,3.16064
169942,2.89881
169943,3.4002
169944,2.18447
169945,4.1662
169946,4.05786
169947,2.8539
169948,3.69378
169949,3.01494
169950,3.38415
169951,2.48296
169952,3.05206
169953,1.70931
169954,2.96873
169955,2.26243
169956,2.49544
169957,2.61048
169958,2.75166
169959,1.75934
169960,2.58369
169961,3.47797
169962,2.62799
169963,3.56781
169964,3.39393
169965,3.14604
169966,3.13896
169967,3.15554
169968,3.9725
169969,3.59922
169970,3.63102
169971,3.96399
169972,3.25856
169973,3.24351
169974,2.81049
169975,1.77276
169976,2.88657
169977,4.13813
169978,2.95474
169979,3.77442
169980,3.79083
169981,2.64196
169982,2.46435
169983,3.80052
169984,2.38819
169985,3.87465
169986,2.81394
169987,1.97921
169988,2.49597
169989,3.32847
169990,3.31268
169991,3.37279
169992,3.87792
169993,2.40854
169994,2.38427
169995,3.5066
169996,2.20311
169997,3.37112
169998,3.71311
169999,2.63327
170000,2.67625
170001,2.84252
170002,3.28654
170003,3.10836
170004,2.90404
170005,2.71818
170006,3.73918
170007,3.69339
170008,3.79543
170009,2.56272
170010,3.72876
170011,2.32936
170012,2.32132
170013,1.67377
170014,2.41538
170015,1.63204
170016,2.30874
170017,2.7003
170018,2.5507
170019,2.46372
170020,2.84876
170021,3.29799
170022,2.20512
170023,2.93927
170024,2.15168
170025,3.91841
170026,2.68212
170027,2.62031
170028,1.62697
170029,3.3276
170030,2.70765
170031,4.00203
170032,1.7174
170033,2.93556
170034,1.91055
170035,2.58884
170036,4.9037
170037,2.76695
170038,4.39381
170039,4.82476
170040,4.96519
170041,3.77711
170042,3.56692
170043,2.76416
170044,3.3437
170045,2.08726
170046,3.6345
170047,4.54647
170048,4.9024
170049,3.75242
170050,4.10291
170051,3.2885
170052,2.22318
170053,2.00124
170054,3.23998
170055,3.9658
170056,3.592
170057,3.70818
170058,3.85823
170059,3.7446
170060,3.28593
170061,3.38116
170062,2.73348
170063,3.14311
170064,3.49247
170065,3.61369
170066,3.52319
170067,4.1917
170068,3.59172
170069,3.86889
170070,3.78345
170071,3.47598
170072,3.50196
170073,3.5613
170074,3.72818
170075,3.50239
170076,3.38434
170077,4.01672
170078,4.20548
170079,3.84651
170080,3.24639
170081,3.87001
170082,3.69861
170083,3.87891
170084,3.81709
170085,3.51961
170086,4.08409
170087,3.38999
170088,3.79312
170089,4.04039
170090,3.65734
170091,4.32683
170092,4.38906
170093,4.47642
170094,4.40931
170095,3.78753
170096,3.07376
170097,2.47208
170098,3.85673
170099,3.87682
170100,4.93674
170101,3.67696
170102,3.55405
170103,4.00095
170104,2.91615
170105,4.15842
170106,3.70175
170107,4.97182
170108,4.82136
170109,1.24893
170110,4.74945
170111,3.46467
170112,4.18509
170113,4.40078
170114,4.63399
170115,4.7863
170116,3.85798
170117,4.95278
170118,3.31563
170119,3.29678
170120,3.01675
170121,3.8245
170122,4.39554
170123,3.88072
170124,3.84844
170125,4.50111
170126,3.46068
170127,3.45764
170128,3.3842
170129,3.95424
170130,4.32881
170131,3.50995
170132,4.54008
170133,3.95738
170134,3.68917
170135,4.34897
170136,4.45719
170137,4.11711
170138,4.44459
170139,3.45997
170140,2.83383
170141,4.99312
170142,4.15897
170143,3.84535
170144,4.47137
170145,3.38582
170146,3.55019
170147,3.78668
170148,3.49913
170149,3.92191
170150,3.98967
170151,4.52917
170152,3.36836
170153,3.78094
170154,3.02281
170155,3.72587
170156,4.89773
170157,4.362
170158,4.57645
170159,4.69843
170160,4.6041
170161,4.9874
170162,4.00149
170163,4.37515
170164,4.19938
170165,4.48722
170166,5.0
170167,5.0
170168,5.0
170169,3.73838
170170,4.11218
170171,4.73529
170172,4.59341
170173,4.78388
170174,4.24996
170175,4.2071
170176,4.82624
170177,3.9092
170178,4.41191
170179,4.21745
170180,4.38642
170181,3.58578
170182,2.73798
170183,3.5874
170184,2.35812
170185,4.03164
170186,4.29264
170187,4.66823
170188,3.6184
170189,5.0
170190,3.12958
170191,3.82667
170192,3.42272
170193,4.55779
170194,4.76377
170195,4.58483
170196,4.85712
170197,2.18724
170198,4.15772
170199,3.90084
170200,4.57832
170201,4.43772
170202,3.87243
170203,4.54293
170204,4.07073
170205,5.0
170206,3.92517
170207,3.45277
170208,4.83449
170209,3.82649
170210,4.80582
170211,3.19744
170212,4.03809
170213,4.4964
170214,4.29219
170215,4.86729
170216,4.22133
170217,3.90778
170218,4.32193
170219,4.61292
170220,2.42697
170221,2.96361
170222,5.0
170223,2.43752
170224,4.03902
170225,3.23595
170226,3.5678
170227,5.0
170228,3.76186
170229,3.37006
170230,3.24829
170231,3.03404
170232,4.57028
170233,4.11944
170234,3.66112
170235,3.17173
170236,3.71295
170237,2.11893
170238,4.12265
170239,3.72086
170240,3.46595
170241,3.70925
170242,2.23153
170243,4.00042
170244,3.22734
170245,3.45063
170246,4.97113
170247,3.5539
170248,3.4722
170249,2.1008
170250,3.52338
170251,3.93404
170252,4.74562
170253,4.18865
170254,4.19457
170255,3.86067
170256,3.42212
170257,3.95574
170258,3.65236
170259,4.33272
170260,4.54983
170261,3.75499
170262,4.30038
170263,4.01651
170264,3.94342
170265,4.25776
170266,4.31262
170267,3.83833
170268,4.16515
170269,4.35182
170270,3.84933
170271,4.01946
170272,4.26986
170273,4.69292
170274,4.63752
170275,4.33745
170276,3.88346
170277,3.52642
170278,2.67436
170279,4.69613
170280,4.68141
170281,3.86219
170282,3.62254
170283,3.95264
170284,3.51635
170285,4.50047
170286,2.04168
170287,3.7738
170288,4.09153
170289,4.35632
170290,3.74357
170291,3.78584
170292,3.88801
170293,3.04129
170294,4.383
170295,2.11295
170296,2.96174
170297,4.01381
170298,3.6243
170299,3.87009
170300,3.77976
170301,3.53839
170302,4.72402
170303,4.58438
170304,2.92975
170305,4.19593
170306,4.25125
170307,4.24728
170308,4.10207
170309,3.98209
170310,3.64083
170311,4.41133
170312,4.26386
170313,4.585
170314,3.85081
170315,4.33503
170316,4.12753
170317,4.19402
170318,4.38346
170319,4.42209
170320,3.70677
170321,4.26835
170322,3.83567
170323,4.11486
170324,4.15627
170325,4.64119
170326,3.33732
170327,3.56026
170328,4.5838
170329,3.80126
170330,3.95383
170331,4.32405
170332,4.28521
170333,4.07829
170334,4.38421
170335,4.09048
170336,3.63078
170337,4.48986
170338,4.31856
170339,4.11984
170340,3.55448
170341,4.70661
170342,3.6394
170343,4.30955
170344,3.87424
170345,4.22511
170346,3.82836
170347,4.24499
170348,2.90686
170349,4.59132
170350,3.79559
170351,3.85843
170352,4.24337
170353,4.42798
170354,3.21367
170355,3.9781
170356,3.88537
170357,4.326
170358,4.92608
170359,3.52214
170360,4.20423
170361,4.14613
170362,3.86671
170363,4.06183
170364,4.14699
170365,3.76356
170366,4.14343
170367,3.24274
170368,1.58106
170369,2.47663
170370,1.587
170371,4.21914
170372,5.0
170373,3.15991
170374,4.2891
170375,4.43229
170376,3.59158
170377,4.28806
170378,2.93036
170379,4.13746
170380,3.48736
170381,4.40576
170382,3.35103
170383,3.65838
170384,4.57967
170385,4.26224
170386,3.94245
170387,3.73059
170388,3.50214
170389,4.31212
170390,3.58507
170391,3.70762
170392,3.00383
170393,3.69317
170394,2.93471
170395,2.19942
170396,3.22868
170397,3.90731
170398,3.39636
170399,4.37426
170400,3.73193
170401,3.46687
170402,3.21221
170403,3.6681
170404,3.40416
170405,3.64229
170406,4.0365
170407,3.57742
170408,3.15833
170409,4.26656
170410,4.31485
170411,3.95654
170412,3.38653
170413,5.0
170414,4.69981
170415,4.61065
170416,4.89065
170417,4.74347
170418,4.57057
170419,2.80186
170420,4.05893
170421,3.00093
170422,4.67569
170423,4.45979
170424,4.30517
170425,3.63242
170426,3.79931
170427,3.88138
170428,3.33426
170429,4.48343
170430,3.82128
170431,4.83715
170432,4.80641
170433,4.88893
170434,3.11895
170435,3.54883
170436,3.65505
170437,3.28427
170438,3.4037
170439,3.42047
170440,3.40033
170441,3.27
170442,3.53866
170443,2.35402
170444,3.45055
170445,2.93124
170446,4.17387
170447,3.02021
170448,2.07368
170449,3.79546
170450,4.14775
170451,3.31312
170452,4.47422
170453,4.19143
170454,4.92614
170455,4.10446
170456,4.83363
170457,4.24985
170458,2.81262
170459,3.82589
170460,2.49867
170461,5.0
170462,3.54965
170463,3.14062
170464,4.22508
170465,4.40824
170466,3.51954
170467,3.80312
170468,4.12223
170469,3.75597
170470,4.23281
170471,2.96441
170472,3.9925
170473,4.11024
170474,3.74934
170475,3.32215
170476,4.40803
170477,5.0
170478,3.92901
170479,2.92771
170480,2.51717
170481,5.0
170482,3.36236
170483,3.66248
170484,2.50248
170485,2.62517
170486,3.16941
170487,2.88878
170488,3.36288
170489,3.24184
170490,3.43696
170491,3.63866
170492,4.17641
170493,3.2453
170494,4.07507
170495,2.78618
170496,3.70621
170497,4.41511
170498,4.66775
170499,4.07566
170500,1.74127
170501,1.58936
170502,2.32765
170503,4.64037
170504,3.5187
170505,1.29177
170506,2.86538
170507,3.97435
170508,5.0
170509,3.67101
170510,2.24396
170511,1.24702
170512,3.61232
170513,1.5376
170514,4.86082
170515,2.57409
170516,1.55212
170517,3.05535
170518,3.99616
170519,3.36043
170520,1.51944
170521,2.91361
170522,2.97052
170523,2.80316
170524,2.01694
170525,2.72111
170526,2.73652
170527,3.67105
170528,3.70253
170529,2.78627
170530,3.29997
170531,2.94219
170532,2.1417
170533,2.45186
170534,3.4293
170535,2.80278
170536,4.33864
170537,2.13236
170538,1.89826
170539,1.14489
170540,3.03707
170541,2.34492
170542,1.94713
170543,1.0
170544,4.16952
170545,1.2848
170546,1.68072
170547,4.01519
170548,1.23584
170549,1.47343
170550,3.65479
170551,2.38256
170552,2.80018
170553,2.33689
170554,1.52655
170555,4.92417
170556,2.57385
170557,3.28298
170558,2.12716
170559,4.36893
170560,5.0
170561,4.91926
170562,2.08577
170563,3.48798
170564,1.91733
170565,4.61445
170566,2.54654
170567,3.65069
170568,4.81092
170569,4.67806
170570,1.59331
170571,1.0
170572,2.05706
170573,3.60768
170574,2.42987
170575,2.02793
170576,3.24558
170577,3.36747
170578,2.17504
170579,1.78826
170580,1.55889
170581,3.19091
170582,3.74786
170583,1.96545
170584,1.21867
170585,2.0436
170586,3.19404
170587,1.93361
170588,2.36275
170589,3.32077
170590,1.91549
170591,2.76288
170592,2.79121
170593,3.06144
170594,2.68765
170595,4.11022
170596,3.48504
170597,3.70236
170598,2.46783
170599,1.54158
170600,4.33475
170601,1.87806
170602,2.82352
170603,4.01213
170604,1.76838
170605,3.6388
170606,2.23854
170607,1.0
170608,1.38404
170609,2.53015
170610,4.57432
170611,2.54967
170612,1.50689
170613,1.44206
170614,2.16348
170615,2.81872
170616,1.24567
170617,3.38577
170618,3.70436
170619,2.0959
170620,4.03196
170621,2.24012
170622,3.0909
170623,3.22462
170624,4.50457
170625,3.12173
170626,3.73472
170627,2.42664
170628,3.26078
170629,3.67937
170630,3.32509
170631,3.50231
170632,3.65307
170633,5.0
170634,2.04829
170635,5.0
170636,2.57867
170637,2.11184
170638,3.61892
170639,3.40727
170640,3.19949
170641,4.34506
170642,4.8996
170643,2.86865
170644,4.24422
170645,3.84981
170646,4.42165
170647,3.37457
170648,4.41136
170649,4.05619
170650,4.43454
170651,4.30288
170652,3.309
170653,3.21963
170654,4.1947
170655,2.72252
170656,3.76031
170657,4.41198
170658,4.83478
170659,4.4221
170660,3.36794
170661,3.12751
170662,3.44859
170663,3.74994
170664,3.73835
170665,3.80964
170666,4.09706
170667,3.73942
170668,3.19878
170669,3.81622
170670,4.22999
170671,4.1903
170672,3.41372
170673,2.51456
170674,3.37664
170675,3.60468
170676,4.65829
170677,3.1854
170678,3.60819
170679,4.12735
170680,3.78362
170681,3.59276
170682,2.9079
170683,4.71601
170684,3.89086
170685,3.72781
170686,5.0
170687,2.80264
170688,3.58177
170689,4.67291
170690,4.20466
170691,3.22885
170692,3.49829
170693,4.0679
170694,4.07532
170695,2.07458
170696,4.27173
170697,2.88818
170698,3.84313
170699,3.90674
170700,3.62631
170701,3.48684
170702,4.52584
170703,2.35621
170704,4.12767
170705,2.45043
170706,3.9626
170707,4.03344
170708,2.383
170709,3.62027
170710,3.63966
170711,2.90254
170712,3.69117
170713,3.70898
170714,2.61171
170715,3.19295
170716,4.59125
170717,2.9592
170718,3.19152
170719,3.3937
170720,4.50232
170721,3.26816
170722,3.64883
170723,3.45859
170724,2.81355
170725,2.9335
170726,3.38345
170727,3.75169
170728,3.93259
170729,3.71288
170730,3.59724
170731,3.06098
170732,4.6904
170733,3.03845
170734,4.16863
170735,3.72548
170736,1.68893
170737,2.02022
170738,4.67331
170739,2.18215
170740,2.8859
170741,4.7301
170742,3.9388
170743,3.43859
170744,4.99376
170745,4.08453
170746,4.69934
170747,4.02694
170748,3.79505
170749,2.59921
170750,3.07245
170751,4.19216
170752,3.83479
170753,4.00374
170754,2.90931
170755,4.41903
170756,3.00381
170757,2.8232
170758,2.21395
170759,3.44187
170760,4.55057
170761,3.69478
170762,3.45451
170763,3.89055
170764,3.32869
170765,3.63117
170766,4.80667
170767,2.7945
170768,3.27715
170769,1.5974
170770,3.17565
170771,2.45887
170772,4.40824
170773,3.83313
170774,3.05333
170775,2.63747
170776,4.51612
170777,3.2037
170778,4.37776
170779,1.28443
170780,3.14664
170781,2.18289
170782,3.96028
170783,4.86717
170784,3.94382
170785,4.13352
170786,3.13587
170787,3.52976
170788,4.19639
170789,4.28651
170790,2.56121
170791,4.08489
170792,3.9291
170793,3.2088
170794,3.81897
170795,4.67061
170796,3.69688
170797,4.16677
170798,4.18669
170799,4.65094
170800,5.0
170801,5.0
170802,4.80478
170803,2.29833
170804,3.09017
170805,4.43891
170806,4.5052
170807,4.85368
170808,3.76217
170809,3.46993
170810,4.04415
170811,4.22858
170812,4.48604
170813,4.13062
170814,4.38287
170815,3.47323
170816,3.28337
170817,4.41419
170818,3.497
170819,3.69802
170820,3.72282
170821,4.69189
170822,4.39277
170823,3.87723
170824,3.59242
170825,4.08036
170826,3.85378
170827,3.94738
170828,4.0765
170829,2.95083
170830,4.34886
170831,4.13355
170832,4.22586
170833,4.281
170834,3.31147
170835,2.79011
170836,4.98817
170837,3.34382
170838,5.0
170839,1.0
170840,4.18058
170841,4.96032
170842,3.60751
170843,3.41074
170844,2.82306
170845,2.53221
170846,3.8446
170847,4.07923
170848,1.43804
170849,3.38138
170850,2.7172
170851,3.38713
170852,3.57531
170853,5.0
170854,2.57686
170855,4.148
170856,2.99428
170857,2.90022
170858,3.69698
170859,3.7689
170860,3.45885
170861,3.45113
170862,3.6644
170863,2.37069
170864,3.91796
170865,3.15304
170866,2.26338
170867,2.66003
170868,4.02348
170869,1.94659
170870,3.76957
170871,3.19162
170872,2.37528
170873,2.42556
170874,3.19995
170875,2.3364
170876,3.96436
170877,4.14757
170878,3.4639
170879,3.11348
170880,3.46103
170881,3.11555
170882,3.48521
170883,3.61385
170884,4.64096
170885,3.7623
170886,2.2463
170887,3.77986
170888,2.74356
170889,2.83591
170890,3.61739
170891,3.56162
170892,4.13557
170893,4.27748
170894,3.11365
170895,4.57137
170896,3.70786
170897,2.95874
170898,4.19682
170899,2.71472
170900,4.29871
170901,4.40177
170902,3.98073
170903,4.59863
170904,4.82649
170905,4.82165
170906,3.85105
170907,4.044
170908,3.31453
170909,3.97707
170910,3.39752
170911,3.84986
170912,3.01232
170913,2.66805
170914,3.69137
170915,3.90166
170916,3.25749
170917,3.52838
170918,3.81766
170919,2.35692
170920,3.10054
170921,2.9436
170922,5.0
170923,4.90111
170924,3.52623
170925,3.76595
170926,2.42027
170927,2.11531
170928,2.65985
170929,3.72124
170930,2.73393
170931,3.49261
170932,3.87441
170933,3.87068
170934,3.92058
170935,4.2502
170936,3.05337
170937,2.34578
170938,2.77022
170939,2.50639
170940,2.97446
170941,4.14255
170942,3.31854
170943,3.26595
170944,3.87391
170945,3.19947
170946,4.20364
170947,2.63141
170948,4.44637
170949,3.14266
170950,4.01407
170951,2.43991
170952,1.81338
170953,3.84775
170954,3.58351
170955,4.19587
170956,3.5043
170957,3.79732
170958,3.40425
170959,3.09414
170960,2.68406
170961,4.11936
170962,3.53838
170963,4.96046
170964,4.82755
170965,3.91683
170966,5.0
170967,4.06062
170968,4.53855
170969,4.11578
170970,4.03538
170971,3.91872
170972,2.54308
170973,3.27771
170974,3.29546
170975,2.91074
170976,2.25443
170977,4.38138
170978,2.88183
170979,3.1729
170980,1.95558
170981,4.11595
170982,4.24548
170983,2.7534
170984,3.0674
170985,4.01035
170986,3.23994
170987,4.08255
170988,2.39566
170989,3.19383
170990,3.2795
170991,3.89657
170992,2.98755
170993,3.10127
170994,3.70493
170995,4.57067
170996,3.85807
170997,4.01891
170998,3.27233
170999,3.83175
171000,3.75985
171001,4.44743
171002,3.36267
171003,3.90693
171004,4.05461
171005,4.83425
171006,4.00279
171007,4.70582
171008,3.44718
171009,3.4054
171010,3.69728
171011,3.50651
171012,4.24783
171013,3.91945
171014,4.05204
171015,3.15436
171016,4.29337
171017,4.99476
171018,3.01318
171019,3.77205
171020,3.29327
171021,3.32621
171022,3.68821
171023,4.26189
171024,3.15851
171025,4.13303
171026,4.3001
171027,2.85763
171028,1.8794
171029,2.68719
171030,2.78565
171031,2.52123
171032,3.39923
171033,2.11826
171034,3.31384
171035,4.34104
171036,3.55707
171037,3.38328
171038,2.093
171039,3.0834
171040,3.5144
171041,2.90114
171042,4.45039
171043,2.4323
171044,2.30215
171045,3.68605
171046,3.64178
171047,3.55702
171048,3.56029
171049,3.26064
171050,3.27226
171051,2.90058
171052,3.77301
171053,2.74516
171054,3.30401
171055,2.83179
171056,3.43066
171057,3.44985
171058,2.82546
171059,3.09728
171060,2.66913
171061,3.84317
171062,4.24967
171063,3.24241
171064,2.92393
171065,2.33756
171066,3.22548
171067,4.67224
171068,2.26168
171069,3.50469
171070,2.17819
171071,2.63401
171072,2.77516
171073,3.32653
171074,4.26485
171075,3.5133
171076,4.69581
171077,3.55362
171078,4.13336
171079,3.36748
171080,3.81658
171081,3.4813
171082,3.35545
171083,4.1555
171084,2.87753
171085,2.7068
171086,2.32747
171087,1.93478
171088,3.22207
171089,3.36958
171090,4.36496
171091,4.16151
171092,3.64311
171093,3.52347
171094,4.17065
171095,3.87952
171096,4.19049
171097,4.52163
171098,4.15417
171099,4.33237
171100,4.13138
171101,2.91698
171102,3.37824
171103,3.89787
171104,3.92451
171105,4.90948
171106,4.70005
171107,4.23574
171108,1.70919
171109,4.06978
171110,3.80891
171111,4.23282
171112,4.71824
171113,3.39691
171114,3.48839
171115,4.17334
171116,3.51577
171117,3.90206
171118,3.96277
171119,3.84771
171120,3.8696
171121,3.37989
171122,3.37298
171123,3.14605
171124,1.51865
171125,3.30426
171126,4.29849
171127,3.02001
171128,1.28881
171129,1.73499
171130,3.95534
171131,3.02472
171132,4.27755
171133,3.51853
171134,3.7649
171135,4.99172
171136,3.69007
171137,2.92509
171138,2.62254
171139,2.73363
171140,1.22247
171141,3.1504
171142,3.55235
171143,3.95499
171144,2.22316
171145,1.5278
171146,4.90819
171147,3.12761
171148,2.62519
171149,3.81889
171150,2.42256
171151,2.05818
171152,4.09035
171153,3.73701
171154,3.66888
171155,4.39249
171156,4.29212
171157,2.84824
171158,4.67569
171159,2.85155
171160,4.16284
171161,3.72725
171162,3.76336
171163,4.236
171164,2.9793
171165,4.30423
171166,4.85736
171167,4.0069
171168,2.62913
171169,3.62542
171170,4.58894
171171,4.1348
171172,4.56415
171173,5.0
171174,3.8248
171175,4.52364
171176,3.14859
171177,3.76607
171178,3.0732
171179,3.89121
171180,3.66186
171181,2.95543
171182,4.08676
171183,1.9596
171184,2.43691
171185,2.82505
171186,2.43793
171187,3.19361
171188,2.48051
171189,4.75443
171190,1.31665
171191,4.07587
171192,3.4109
171193,1.68222
171194,3.88564
171195,2.25437
171196,3.13995
171197,2.51239
171198,2.02103
171199,3.6748
171200,1.55396
171201,1.63927
171202,3.3562
171203,4.20346
171204,1.85214
171205,3.29866
171206,3.54782
171207,3.31123
171208,2.70958
171209,2.10082
171210,3.98294
171211,3.42885
171212,4.0466
171213,3.96349
171214,4.42888
171215,3.90479
171216,3.66614
171217,3.18994
171218,2.20033
171219,2.78264
171220,2.84459
171221,4.09917
171222,2.30229
171223,2.37773
171224,3.42027
171225,3.23842
171226,2.81344
171227,2.35867
171228,3.08478
171229,3.25582
171230,3.84548
171231,1.37111
171232,3.85178
171233,3.54028
171234,2.56143
171235,2.88368
171236,2.55158
171237,2.68069
171238,2.58465
171239,2.47429
171240,3.36371
171241,2.80616
171242,2.48194
171243,4.54526
171244,3.33806
171245,3.81804
171246,3.09201
171247,3.97931
171248,3.35724
171249,4.13827
171250,4.53142
171251,4.17071
171252,2.15033
171253,2.45054
171254,2.98949
171255,2.82816
171256,2.57704
171257,2.81131
171258,3.30019
171259,2.47965
171260,2.87314
171261,2.96325
171262,3.27632
171263,3.24042
171264,2.6663
171265,3.0227
171266,1.9241
171267,1.92277
171268,2.86037
171269,3.81597
171270,3.76438
171271,4.36769
171272,4.10675
171273,3.92169
171274,3.65942
171275,3.90446
171276,3.98335
171277,3.93218
171278,3.70229
171279,4.48729
171280,3.58928
171281,3.75713
171282,3.84506
171283,5.0
171284,4.33548
171285,4.41306
171286,4.16325
171287,3.98763
171288,3.3608
171289,3.89231
171290,4.96191
171291,4.16283
171292,3.57979
171293,4.34034
171294,4.34468
171295,4.18529
171296,4.09384
171297,4.64683
171298,3.97351
171299,4.04285
171300,4.43484
171301,2.59519
171302,2.61268
171303,3.82301
171304,3.45859
171305,4.39932
171306,3.91767
171307,4.18683
171308,3.50757
171309,3.20228
171310,3.8793
171311,3.51095
171312,4.35271
171313,4.23803
171314,4.02964
171315,3.40344
171316,3.55472
171317,4.35494
171318,3.81383
171319,4.31233
171320,4.73221
171321,3.31319
171322,4.6369
171323,3.51308
171324,4.38263
171325,3.92083
171326,4.62422
171327,4.08669
171328,4.65495
171329,3.62055
171330,4.15602
171331,3.81469
171332,4.10528
171333,3.3951
171334,3.64727
171335,3.61459
171336,3.9478
171337,4.41734
171338,4.68466
171339,4.2207
171340,4.09159
171341,3.89452
171342,3.7498
171343,3.95098
171344,3.82332
171345,3.62122
171346,4.13834
171347,3.7283
171348,4.0093
171349,3.5359
171350,3.95477
171351,3.85081
171352,4.62717
171353,4.00128
171354,3.98625
171355,4.16035
171356,3.75905
171357,3.92861
171358,4.64641
171359,2.85633
171360,3.99106
171361,3.54394
171362,4.49246
171363,4.29884
171364,5.0
171365,4.7292
171366,2.85389
171367,4.50966
171368,5.0
171369,4.95161
171370,4.16586
171371,4.20437
171372,4.01773
171373,5.0
171374,4.49373
171375,4.31876
171376,4.46118
171377,4.63946
171378,4.49586
171379,4.43391
171380,3.97492
171381,4.12997
171382,4.00784
171383,4.00039
171384,3.97768
171385,4.44867
171386,4.59655
171387,3.46577
171388,4.09803
171389,3.95024
171390,3.81856
171391,3.63839
171392,4.14528
171393,4.6574
171394,4.68234
171395,3.80364
171396,4.60945
171397,4.66616
171398,3.14983
171399,3.80171
171400,4.01596
171401,4.12759
171402,3.76612
171403,3.66062
171404,4.11097
171405,3.74365
171406,4.92118
171407,4.07886
171408,3.97128
171409,4.42784
171410,4.51279
171411,3.67431
171412,4.13953
171413,4.29096
171414,3.82531
171415,5.0
171416,3.90129
171417,3.80511
171418,3.25005
171419,4.16577
171420,3.682
171421,4.40492
171422,5.0
171423,3.97763
171424,3.1566
171425,2.87962
171426,3.83643
171427,4.33406
171428,3.87628
171429,4.31743
171430,3.1927
171431,3.87515
171432,3.80561
171433,3.77211
171434,4.41448
171435,3.9483
171436,4.36411
171437,3.17072
171438,3.7721
171439,4.29403
171440,4.19636
171441,3.48022
171442,4.52155
171443,4.0963
171444,3.74448
171445,4.25879
171446,3.55129
171447,5.0
171448,3.85246
171449,3.74192
171450,4.89343
171451,4.16903
171452,4.07452
171453,3.72404
171454,2.80848
171455,5.0
171456,3.93236
171457,3.58699
171458,2.76363
171459,3.4791
171460,3.71771
171461,3.22339
171462,3.49651
171463,3.58666
171464,2.59219
171465,2.75322
171466,4.49117
171467,2.96414
171468,3.06137
171469,3.44929
171470,2.33497
171471,2.08727
171472,3.65473
171473,2.80451
171474,3.18122
171475,2.68989
171476,3.71848
171477,4.01613
171478,2.93918
171479,3.41662
171480,4.30096
171481,4.90975
171482,4.67728
171483,4.13273
171484,4.12153
171485,3.30316
171486,2.70268
171487,3.07557
171488,3.00586
171489,3.64535
171490,2.87986
171491,4.01155
171492,3.83288
171493,2.33409
171494,3.40195
171495,3.16427
171496,2.9683
171497,3.83598
171498,2.28435
171499,3.65005
171500,3.16651
171501,1.76644
171502,3.58645
171503,3.59919
171504,3.00528
171505,3.94484
171506,2.55847
171507,4.04603
171508,2.53902
171509,2.43898
171510,4.28232
171511,2.70864
171512,3.71094
171513,2.21011
171514,3.63038
171515,2.81579
171516,3.40422
171517,4.26669
171518,2.97772
171519,3.16499
171520,3.60917
171521,3.98607
171522,3.22523
171523,3.55325
171524,4.6901
171525,4.4609
171526,4.2627
171527,3.50969
171528,3.1269
171529,3.783
171530,3.72153
171531,2.14631
171532,4.17184
171533,3.34607
171534,3.464
171535,4.30892
171536,4.11225
171537,4.66353
171538,4.65211
171539,3.18087
171540,3.47734
171541,4.30371
171542,3.65776
171543,4.27694
171544,1.7832
171545,3.50629
171546,1.7407
171547,2.35728
171548,2.81751
171549,2.49283
171550,3.21572
171551,2.32774
171552,2.07929
171553,2.25799
171554,3.54329
171555,3.3624
171556,3.4635
171557,2.45403
171558,2.08438
171559,3.34777
171560,3.67858
171561,3.49515
171562,3.877
171563,4.18756
171564,3.59094
171565,3.27982
171566,1.60578
171567,3.7943
171568,4.4564
171569,3.71305
171570,4.0914
171571,3.05158
171572,4.27816
171573,3.57796
171574,2.85593
171575,3.99694
171576,3.95415
171577,3.51798
171578,4.26248
171579,2.95265
171580,3.49792
171581,4.34385
171582,3.45466
171583,3.99701
171584,3.55975
171585,4.42477
171586,2.79251
171587,3.76777
171588,3.67152
171589,3.28276
171590,3.32105
171591,3.36002
171592,3.26132
171593,3.8195
171594,3.24444
171595,3.66246
171596,2.51805
171597,4.92202
171598,4.37351
171599,3.58418
171600,3.89796
171601,3.50227
171602,4.52843
171603,3.7693
171604,3.59639
171605,4.58916
171606,3.62381
171607,4.55994
171608,5.0
171609,3.07537
171610,3.20126
171611,3.45502
171612,4.88123
171613,3.46573
171614,4.74928
171615,3.94195
171616,3.3678
171617,4.19923
171618,2.78689
171619,3.87043
171620,3.06171
171621,3.1072
171622,2.31375
171623,4.8974
171624,3.23246
171625,3.13192
171626,3.00998
171627,5.0
171628,3.50346
171629,3.93999
171630,3.90915
171631,2.43965
171632,3.63531
171633,3.65179
171634,2.95292
171635,4.42496
171636,4.41533
171637,3.26371
171638,4.53378
171639,4.23701
171640,4.13106
171641,4.3332
171642,4.48733
171643,3.58661
171644,1.94008
171645,4.40894
171646,4.44336
171647,2.88953
171648,3.94855
171649,3.78517
171650,4.34843
171651,2.80161
171652,4.12706
171653,3.16272
171654,4.05885
171655,4.20169
171656,2.54837
171657,4.36387
171658,4.46344
171659,3.54955
171660,3.00162
171661,3.46819
171662,4.11608
171663,4.74867
171664,3.75944
171665,3.45282
171666,3.49983
171667,4.01355
171668,3.94506
171669,4.137
171670,4.04456
171671,4.41345
171672,4.43532
171673,4.089
171674,3.80023
171675,3.9374
171676,4.78558
171677,3.4542
171678,3.42641
171679,3.82564
171680,3.95076
171681,4.53776
171682,3.34484
171683,4.25419
171684,4.62425
171685,4.68812
171686,3.11875
171687,1.81903
171688,3.19565
171689,5.0
171690,1.9632
171691,2.83365
171692,2.8523
171693,4.82223
171694,3.74323
171695,3.68891
171696,3.35226
171697,4.35787
171698,4.59101
171699,3.88299
171700,4.88428
171701,3.19844
171702,3.1248
171703,2.77793
171704,4.21289
171705,5.0
171706,2.68412
171707,2.09608
171708,2.15511
171709,2.51149
171710,2.48245
171711,1.99845
171712,3.10205
171713,5.0
171714,4.26329
171715,3.31123
171716,4.99227
171717,4.07193
171718,4.60408
171719,1.75704
171720,3.47638
171721,4.26747
171722,4.28942
171723,3.39527
171724,2.99886
171725,2.94112
171726,3.34396
171727,2.92115
171728,3.62611
171729,3.88514
171730,3.63042
171731,2.01328
171732,3.43133
171733,2.64802
171734,3.96495
171735,3.26672
171736,2.26482
171737,2.70623
171738,2.66139
171739,3.49584
171740,2.4396
171741,2.73656
171742,2.8294
171743,3.87101
171744,2.66022
171745,2.92755
171746,4.54322
171747,4.71574
171748,4.88963
171749,4.4184
171750,3.34073
171751,4.29659
171752,3.66904
171753,3.93859
171754,4.32035
171755,3.87806
171756,4.92999
171757,4.46586
171758,4.27648
171759,3.93648
171760,4.30538
171761,3.85213
171762,4.37377
171763,3.86511
171764,4.91055
171765,2.73192
171766,4.50286
171767,4.27202
171768,4.42203
171769,4.54281
171770,3.74795
171771,4.63742
171772,4.18479
171773,4.41264
171774,5.0
171775,4.13367
171776,3.93914
171777,4.96432
171778,4.12584
171779,3.97872
171780,4.17261
171781,5.0
171782,4.51024
171783,5.0
171784,4.71576
171785,3.63866
171786,3.55377
171787,4.30714
171788,5.0
171789,3.16275
171790,4.10496
171791,4.29203
171792,3.59334
171793,4.28638
171794,4.5945
171795,4.90926
171796,3.96206
171797,4.01087
171798,4.71996
171799,3.69692
171800,4.34887
171801,3.37163
171802,4.01089
171803,3.91515
171804,4.08881
171805,3.87058
171806,4.09437
171807,4.60897
171808,4.18259
171809,3.34599
171810,4.34723
171811,3.94414
171812,4.57654
171813,3.84044
171814,4.15351
171815,4.02904
171816,3.74081
171817,3.94128
171818,4.38696
171819,4.23853
171820,3.59957
171821,4.2914
171822,4.88602
171823,3.81719
171824,4.16771
171825,2.84087
171826,3.28011
171827,4.41715
171828,3.26854
171829,2.77961
171830,3.0723
171831,4.17489
171832,2.66969
171833,3.06915
171834,2.54801
171835,3.97317
171836,3.95207
171837,3.94396
171838,1.5137
171839,4.43794
171840,4.23978
171841,3.85526
171842,4.33154
171843,4.28737
171844,2.73154
171845,2.45688
171846,2.30911
171847,2.60453
171848,3.34898
171849,3.85082
171850,3.98123
171851,3.36244
171852,2.20493
171853,2.87352
171854,2.47506
171855,3.54979
171856,4.10902
171857,3.76803
171858,4.21842
171859,4.37042
171860,4.44626
171861,3.25447
171862,3.0946
171863,3.15566
171864,3.30305
171865,4.21237
171866,4.07321
171867,3.94189
171868,4.27387
171869,3.61704
171870,2.59955
171871,4.17801
171872,3.59552
171873,4.27381
171874,2.54875
171875,4.57651
171876,3.03728
171877,2.86314
171878,3.63237
171879,3.44234
171880,3.29561
171881,4.04043
171882,3.79267
171883,3.25839
171884,4.58805
171885,3.65711
171886,4.68084
171887,4.00945
171888,3.74584
171889,3.89227
171890,3.67858
171891,3.89992
171892,2.29893
171893,4.13622
171894,3.41706
171895,4.05593
171896,3.05574
171897,4.68238
171898,3.80521
171899,4.43449
171900,4.4843
171901,3.95848
171902,4.56977
171903,3.66756
171904,3.5457
171905,3.40922
171906,4.24779
171907,3.73844
171908,4.54328
171909,3.74748
171910,3.52843
171911,4.33168
171912,4.28672
171913,4.01316
171914,4.06795
171915,3.1535
171916,5.0
171917,3.53106
171918,3.07457
171919,4.6436
171920,2.6879
171921,3.94689
171922,3.60681
171923,4.20612
171924,3.86658
171925,4.1369
171926,3.61509
171927,3.42694
171928,2.9322
171929,4.27063
171930,3.44562
171931,3.81473
171932,3.38181
171933,2.02789
171934,3.4748
171935,3.41795
171936,3.9879
171937,2.90558
171938,4.342
171939,5.0
171940,5.0
171941,4.04276
171942,4.07562
171943,2.20901
171944,4.74385
171945,3.52006
171946,3.75285
171947,3.64336
171948,2.46378
171949,3.56981
171950,2.28544
171951,2.4334
171952,3.42312
171953,4.69462
171954,3.77639
171955,4.01125
171956,3.14949
171957,4.60811
171958,4.37047
171959,2.36321
171960,2.66714
171961,3.37191
171962,3.59092
171963,3.66636
171964,4.19014
171965,3.59663
171966,3.82072
171967,3.58221
171968,3.78838
171969,3.28739
171970,4.11404
171971,4.34466
171972,4.3848
171973,4.56467
171974,4.07826
171975,3.7785
171976,3.60366
171977,3.20579
171978,3.83032
171979,4.38214
171980,3.91364
171981,4.08503
171982,3.9212
171983,4.43345
171984,4.09173
171985,3.01111
171986,3.25908
171987,3.34099
171988,4.26889
171989,4.64651
171990,4.9575
171991,3.90401
171992,4.23009
171993,3.75766
171994,2.21248
171995,4.31398
171996,3.52746
171997,2.96455
171998,3.94387
171999,2.27948
172000,2.92629
172001,3.64951
172002,3.60444
172003,2.79365
172004,3.75509
172005,3.60296
172006,3.13966
172007,3.51635
172008,2.40973
172009,1.51489
172010,4.23709
172011,3.13389
172012,3.62875
172013,3.71179
172014,2.07601
172015,3.61661
172016,2.13987
172017,3.50949
172018,2.18759
172019,2.5682
172020,3.34905
172021,3.31605
172022,3.88673
172023,3.20831
172024,4.54814
172025,3.76776
172026,3.69333
172027,2.66801
172028,4.80827
172029,2.30958
172030,3.80699
172031,2.47801
172032,2.62657
172033,3.2701
172034,3.79584
172035,3.14303
172036,2.961
172037,2.6185
172038,3.30569
172039,2.7639
172040,2.56747
172041,2.26243
172042,4.66207
172043,4.74462
172044,2.76596
172045,4.97309
172046,1.81216
172047,4.15432
172048,3.95811
172049,3.84332
172050,2.7251
172051,2.7697
172052,3.82918
172053,4.02622
172054,4.01984
172055,2.99575
172056,2.50076
172057,3.07177
172058,3.31417
172059,2.77774
172060,3.79955
172061,3.18093
172062,3.51185
172063,2.96777
172064,2.88754
172065,3.54178
172066,2.91656
172067,3.21032
172068,3.94472
172069,3.90611
172070,2.14415
172071,2.1532
172072,2.81642
172073,4.21461
172074,3.36013
172075,2.64468
172076,3.11874
172077,3.03341
172078,3.89506
172079,4.15542
172080,3.92377
172081,4.16474
172082,1.76167
172083,3.82826
172084,2.75391
172085,3.39232
172086,3.6093
172087,3.32567
172088,4.77781
172089,4.08422
172090,3.7143
172091,3.32835
172092,4.37409
172093,3.38471
172094,4.07166
172095,5.0
172096,4.81098
172097,3.30115
172098,2.35925
172099,4.7127
172100,3.45702
172101,4.03751
172102,4.61112
172103,3.20793
172104,2.96428
172105,3.12266
172106,3.92753
172107,4.38564
172108,4.02644
172109,3.06516
172110,3.02958
172111,4.7712
172112,4.53323
172113,4.1984
172114,4.08693
172115,3.33835
172116,3.24796
172117,3.39104
172118,2.29769
172119,4.2601
172120,4.89397
172121,3.50462
172122,3.1436
172123,4.89253
172124,2.76411
172125,3.22699
172126,2.60554
172127,2.58216
172128,3.19563
172129,3.0121
172130,2.11619
172131,4.12446
172132,3.5399
172133,3.36631
172134,3.82805
172135,3.4159
172136,4.01965
172137,3.33176
172138,3.68632
172139,4.25434
172140,4.14138
172141,3.78206
172142,4.39196
172143,3.66249
172144,2.89028
172145,4.34698
172146,3.09919
172147,2.5182
172148,3.96616
172149,3.72007
172150,4.08029
172151,4.16049
172152,4.11484
172153,3.71286
172154,3.29776
172155,4.71562
172156,3.63268
172157,4.15431
172158,4.65231
172159,2.85974
172160,3.59636
172161,4.17955
172162,4.46183
172163,3.24903
172164,3.01316
172165,3.65693
172166,3.21481
172167,4.73823
172168,3.56201
172169,4.56602
172170,2.75125
172171,3.25917
172172,3.51936
172173,4.76765
172174,3.82942
172175,4.35843
172176,4.51513
172177,4.08216
172178,4.57638
172179,3.82772
172180,4.14878
172181,4.03375
172182,4.42216
172183,2.70986
172184,4.75984
172185,4.16624
172186,3.9279
172187,4.65928
172188,4.14016
172189,3.45156
172190,4.29686
172191,4.26177
172192,5.0
172193,3.46211
172194,4.40621
172195,2.46486
172196,5.0
172197,2.0445
172198,3.65316
172199,3.20028
172200,3.60287
172201,3.32974
172202,2.6185
172203,2.94886
172204,3.94508
172205,3.12342
172206,2.38279
172207,3.64945
172208,2.65451
172209,4.64496
172210,1.93955
172211,2.79934
172212,1.83822
172213,3.17085
172214,3.90217
172215,3.6294
172216,3.72456
172217,4.12005
172218,3.63508
172219,3.76779
172220,3.67485
172221,3.41864
172222,3.95396
172223,3.46458
172224,4.25921
172225,4.04179
172226,1.18097
172227,2.79999
172228,3.68898
172229,3.85285
172230,3.32672
172231,2.69627
172232,2.44699
172233,3.27709
172234,3.74624
172235,3.75997
172236,3.60498
172237,3.70031
172238,3.55011
172239,2.32129
172240,3.38615
172241,3.04557
172242,4.39436
172243,4.84946
172244,4.34744
172245,4.03475
172246,3.23285
172247,4.52597
172248,2.95126
172249,3.34294
172250,4.02162
172251,4.58901
172252,4.66059
172253,5.0
172254,2.32778
172255,3.36348
172256,3.7661
172257,3.25596
172258,4.01295
172259,4.10636
172260,3.37558
172261,3.30882
172262,3.33594
172263,3.4484
172264,3.34367
172265,3.60651
172266,3.71924
172267,4.67028
172268,4.01096
172269,2.5681
172270,4.79277
172271,4.29221
172272,4.83289
172273,5.0
172274,4.51497
172275,5.0
172276,4.15221
172277,3.73393
172278,4.66288
172279,4.39448
172280,4.40706
172281,4.40386
172282,4.16493
172283,3.47554
172284,4.13324
172285,4.7459
172286,4.44495
172287,4.37483
172288,2.73097
172289,3.64136
172290,2.82044
172291,3.24084
172292,4.04615
172293,1.97186
172294,3.54689
172295,3.09043
172296,3.7696
172297,3.21639
172298,3.66915
172299,2.73079
172300,4.5991
172301,4.65623
172302,3.57794
172303,4.0663
172304,3.55688
172305,3.68803
172306,2.9758
172307,2.12615
172308,3.6552
172309,4.21702
172310,3.77396
172311,4.88349
172312,1.33538
172313,3.33705
172314,2.34418
172315,4.60422
172316,3.45916
172317,3.51819
172318,3.62651
172319,3.90584
172320,3.81308
172321,3.87531
172322,3.44633
172323,3.16694
172324,3.26772
172325,2.8912
172326,3.32006
172327,3.26111
172328,4.16864
172329,3.27945
172330,3.44088
172331,3.04972
172332,5.0
172333,3.73155
172334,4.37784
172335,3.59505
172336,3.54183
172337,3.03977
172338,4.39277
172339,3.29399
172340,4.14922
172341,3.34123
172342,2.58329
172343,4.45265
172344,3.23417
172345,4.14503
172346,4.24136
172347,4.34746
172348,3.9243
172349,3.94531
172350,4.5152
172351,3.36743
172352,3.69749
172353,3.99603
172354,4.0426
172355,3.3614
172356,4.11716
172357,3.58763
172358,4.28239
172359,3.34553
172360,3.41437
172361,4.58158
172362,3.98425
172363,3.44793
172364,3.89617
172365,3.72507
172366,3.47004
172367,4.7297
172368,3.28983
172369,4.0379
172370,3.52526
172371,3.88236
172372,2.56577
172373,3.49306
172374,3.2169
172375,3.57394
172376,3.77382
172377,3.58679
172378,3.49995
172379,3.33048
172380,2.94188
172381,3.08163
172382,3.17529
172383,3.78034
172384,3.69602
172385,3.61451
172386,3.24874
172387,2.98206
172388,3.33494
172389,3.59535
172390,2.9949
172391,3.00699
172392,3.15804
172393,3.98055
172394,3.3572
172395,3.72296
172396,3.73908
172397,2.77361
172398,2.78652
172399,3.03504
172400,3.21318
172401,3.407
172402,3.40304
172403,3.34247
172404,3.77326
172405,3.73617
172406,3.84743
172407,4.0263
172408,3.13675
172409,4.70576
172410,3.54361
172411,3.77922
172412,2.64322
172413,2.83474
172414,3.97779
172415,4.39608
172416,3.3564
172417,2.64731
172418,2.55301
172419,2.80082
172420,3.56065
172421,3.35664
172422,2.98211
172423,3.85919
172424,5.0
172425,4.52729
172426,3.97487
172427,3.77472
172428,5.0
172429,4.78222
172430,4.84891
172431,2.5381
172432,3.80234
172433,4.38865
172434,3.60691
172435,2.82227
172436,3.27487
172437,4.5157
172438,3.16412
172439,3.74705
172440,3.52907
172441,4.57168
172442,4.45241
172443,3.98351
172444,3.09813
172445,4.03879
172446,4.41913
172447,2.7846
172448,4.80033
172449,4.4326
172450,3.92395
172451,4.45647
172452,4.91408
172453,3.69757
172454,4.22983
172455,3.44347
172456,4.51644
172457,3.57931
172458,2.80225
172459,3.85974
172460,4.43995
172461,4.18991
172462,4.03571
172463,3.09144
172464,2.5507
172465,2.59335
172466,3.76466
172467,2.72774
172468,3.94543
172469,3.49436
172470,3.5402
172471,3.62687
172472,4.06555
172473,3.32792
172474,2.74856
172475,4.07005
172476,3.30878
172477,3.35867
172478,3.51155
172479,4.6113
172480,3.52795
172481,4.54991
172482,4.44285
172483,4.08611
172484,4.46069
172485,3.74922
172486,4.61917
172487,3.79852
172488,4.05817
172489,5.0
172490,5.0
172491,5.0
172492,4.56022
172493,3.93034
172494,5.0
172495,4.16244
172496,4.29462
172497,3.6574
172498,4.68708
172499,4.34131
172500,4.08517
172501,2.83353
172502,3.48004
172503,4.08069
172504,3.71959
172505,2.16765
172506,3.8933
172507,2.64688
172508,3.90873
172509,2.78921
172510,2.78244
172511,3.41887
172512,2.53932
172513,2.91961
172514,3.58116
172515,2.776
172516,3.7137
172517,2.49795
172518,2.27045
172519,2.47061
172520,2.93885
172521,4.00791
172522,3.33179
172523,4.01863
172524,3.94781
172525,4.09102
172526,3.75311
172527,2.62524
172528,2.54677
172529,3.49557
172530,3.1584
172531,1.30678
172532,3.96053
172533,4.24657
172534,3.62472
172535,4.25657
172536,4.15494
172537,3.62048
172538,2.13987
172539,2.04277
172540,4.28177
172541,1.0
172542,3.77673
172543,2.5521
172544,1.26009
172545,1.45448
172546,3.24344
172547,2.07781
172548,3.05947
172549,3.53656
172550,2.57416
172551,2.63342
172552,2.48692
172553,3.18048
172554,2.52515
172555,3.9583
172556,3.58462
172557,3.3072
172558,4.00918
172559,2.90623
172560,4.03257
172561,2.81492
172562,3.01571
172563,3.43324
172564,3.60921
172565,2.40312
172566,3.5222
172567,4.42455
172568,3.77988
172569,2.17949
172570,4.63956
172571,4.06932
172572,4.18564
172573,3.84329
172574,2.24895
172575,3.59628
172576,4.04492
172577,2.93022
172578,2.07039
172579,1.60793
172580,2.90269
172581,2.42036
172582,2.62237
172583,4.33754
172584,1.24097
172585,4.8041
172586,4.05316
172587,3.15192
172588,4.46576
172589,4.65769
172590,3.71057
172591,4.75407
172592,4.33323
172593,4.123
172594,2.82305
172595,3.30973
172596,2.48557
172597,2.26895
172598,3.26838
172599,3.51759
172600,4.03394
172601,2.87847
172602,4.10596
172603,3.45764
172604,4.04656
172605,4.03753
172606,3.94057
172607,2.38015
172608,3.18609
172609,3.49917
172610,3.23614
172611,2.61177
172612,4.0142
172613,3.07714
172614,4.01886
172615,1.71472
172616,4.734
172617,3.66247
172618,4.34307
172619,2.75571
172620,4.09613
172621,1.05434
172622,4.13061
172623,4.12708
172624,4.45665
172625,4.31409
172626,1.23897
172627,4.28779
172628,3.57876
172629,4.40585
172630,2.30823
172631,3.03752
172632,4.15825
172633,2.56131
172634,3.4634
172635,3.06437
172636,4.5302
172637,2.86046
172638,3.34918
172639,3.64118
172640,3.47058
172641,3.80968
172642,2.90441
172643,2.61823
172644,2.55955
172645,3.84511
172646,4.51968
172647,2.3824
172648,3.72469
172649,3.03336
172650,2.72711
172651,3.82958
172652,3.47196
172653,3.33483
172654,3.36363
172655,3.83983
172656,3.78412
172657,3.98319
172658,3.60992
172659,3.65109
172660,2.92532
172661,3.49555
172662,4.14476
172663,2.89284
172664,2.86974
172665,2.77456
172666,3.2518
172667,3.09844
172668,2.78469
172669,4.11145
172670,2.54704
172671,3.25523
172672,2.38523
172673,2.98371
172674,3.83505
172675,3.647
172676,4.09808
172677,3.78535
172678,2.68537
172679,3.64133
172680,3.92238
172681,3.75108
172682,4.29816
172683,3.84911
172684,4.17512
172685,3.50266
172686,2.22938
172687,3.6757
172688,3.90525
172689,2.86842
172690,3.39116
172691,3.19089
172692,3.06746
172693,3.48014
172694,3.15366
172695,2.6196
172696,2.68686
172697,4.24665
172698,3.02005
172699,3.70616
172700,3.18793
172701,2.77483
172702,2.93653
172703,3.91477
172704,3.86242
172705,2.85937
172706,3.24278
172707,4.10066
172708,3.4515
172709,3.54262
172710,2.45991
172711,3.00986
172712,4.35147
172713,3.98949
172714,4.08518
172715,3.47794
172716,4.42001
172717,4.32596
172718,3.9555
172719,3.48498
172720,4.35865
172721,4.32088
172722,3.65536
172723,3.03423
172724,3.03838
172725,2.61826
172726,3.70187
172727,3.84364
172728,3.32436
172729,3.57949
172730,3.1408
172731,4.13093
172732,1.097
172733,1.06355
172734,1.0
172735,2.31782
172736,4.3309
172737,4.12537
172738,4.01773
172739,2.76063
172740,3.97437
172741,4.41062
172742,3.94747
172743,3.61558
172744,4.19609
172745,4.73289
172746,2.56357
172747,4.19383
172748,3.4949
172749,4.06533
172750,4.38489
172751,3.88294
172752,3.07159
172753,2.87564
172754,4.15371
172755,3.87854
172756,3.13158
172757,2.78372
172758,4.01662
172759,3.26941
172760,4.30396
172761,3.42093
172762,4.86211
172763,1.89453
172764,3.90396
172765,2.41812
172766,3.05979
172767,3.07533
172768,3.8537
172769,4.65099
172770,2.53775
172771,3.06369
172772,3.26655
172773,3.87744
172774,3.54726
172775,3.10286
172776,3.02144
172777,2.18968
172778,4.80329
172779,4.33374
172780,4.78413
172781,3.70533
172782,3.34637
172783,4.10273
172784,2.74562
172785,2.21604
172786,2.89563
172787,3.12887
172788,4.1368
172789,3.45493
172790,4.50434
172791,2.7765
172792,2.67894
172793,3.96012
172794,2.7037
172795,2.93855
172796,2.79114
172797,2.28715
172798,2.33966
172799,3.49245
172800,2.84848
172801,2.73213
172802,4.1209
172803,4.23503
172804,3.53003
172805,3.70055
172806,3.88524
172807,4.19612
172808,3.65812
172809,3.76457
172810,3.34443
172811,3.86414
172812,3.05664
172813,2.87026
172814,3.46125
172815,4.08538
172816,3.07599
172817,2.869
172818,3.10435
172819,4.9224
172820,3.6162
172821,4.3579
172822,3.15676
172823,3.48614
172824,2.96182
172825,3.0277
172826,3.34783
172827,4.21088
172828,3.57848
172829,2.07037
172830,4.40787
172831,3.38886
172832,4.0072
172833,4.28035
172834,3.11252
172835,3.8973
172836,3.58296
172837,3.06583
172838,3.1926
172839,4.49583
172840,3.89192
172841,2.24763
172842,3.70517
172843,4.85939
172844,3.39819
172845,2.62546
172846,1.93557
172847,3.34547
172848,3.50821
172849,4.05432
172850,4.90224
172851,3.42242
172852,3.05279
172853,4.04796
172854,4.6845
172855,4.01298
172856,3.12696
172857,4.38165
172858,3.02985
172859,2.24324
172860,3.85312
172861,4.55363
172862,3.28219
172863,3.15022
172864,4.59513
172865,4.40477
172866,3.43544
172867,3.32754
172868,3.11944
172869,3.10571
172870,2.35474
172871,2.88862
172872,2.7652
172873,2.31092
172874,2.7873
172875,3.38596
172876,3.39208
172877,4.8103
172878,3.53741
172879,4.90922
172880,4.5434
172881,3.14576
172882,2.97082
172883,2.30917
172884,4.4849
172885,2.29391
172886,3.24208
172887,3.20031
172888,3.90666
172889,4.2387
172890,4.05612
172891,2.35142
172892,4.35647
172893,3.32111
172894,4.67006
172895,3.64166
172896,3.26185
172897,3.01496
172898,3.63029
172899,3.89076
172900,4.53756
172901,4.10696
172902,4.15399
172903,3.79029
172904,3.39214
172905,3.05642
172906,4.14741
172907,3.28995
172908,3.18712
172909,3.9068
172910,3.13556
172911,4.23371
172912,3.53701
172913,5.0
172914,4.83749
172915,5.0
172916,4.91079
172917,1.53495
172918,3.1563
172919,4.00464
172920,1.59196
172921,3.83382
172922,4.21445
172923,3.89736
172924,3.96903
172925,4.37064
172926,3.63211
172927,4.58186
172928,4.28641
172929,2.73839
172930,3.51012
172931,2.69969
172932,2.5045
172933,2.2527
172934,2.48099
172935,2.14429
172936,3.09644
172937,2.92688
172938,2.32634
172939,2.53847
172940,2.44986
172941,2.81452
172942,2.00856
172943,1.60011
172944,3.10907
172945,1.46503
172946,2.12402
172947,2.46258
172948,2.35674
172949,3.0514
172950,2.98038
172951,2.48807
172952,2.51339
172953,2.68832
172954,3.89624
172955,3.91789
172956,4.6128
172957,3.90522
172958,4.64971
172959,5.0
172960,4.19247
172961,2.98685
172962,4.88503
172963,3.92408
172964,4.28253
172965,4.88502
172966,4.62217
172967,3.78506
172968,2.95623
172969,2.30653
172970,3.02644
172971,3.50926
172972,3.32807
172973,3.63442
172974,3.36994
172975,1.84204
172976,2.8247
172977,2.40673
172978,3.25498
172979,2.17196
172980,1.15762
172981,4.02224
172982,2.13021
172983,1.32944
172984,2.71057
172985,3.58312
172986,3.83894
172987,4.25356
172988,3.43477
172989,2.56833
172990,1.0
172991,3.77485
172992,3.08302
172993,3.92748
172994,4.41326
172995,4.25078
172996,3.54219
172997,3.82696
172998,4.96281
172999,3.16644
173000,3.80678
173001,5.0
173002,4.70923
173003,3.92037
173004,4.63545
173005,3.91786
173006,3.98718
173007,4.14803
173008,4.62487
173009,4.46217
173010,4.33155
173011,4.07589
173012,3.42784
173013,2.4139
173014,3.51813
173015,3.23713
173016,2.12112
173017,4.75656
173018,1.99593
173019,4.32418
173020,3.0843
173021,2.19228
173022,3.85336
173023,3.18455
173024,2.87252
173025,3.71615
173026,2.54923
173027,2.47597
173028,3.89588
173029,2.95618
173030,3.13647
173031,3.23422
173032,1.60406
173033,3.87847
173034,3.65776
173035,3.50596
173036,4.47454
173037,4.53495
173038,3.53315
173039,4.38739
173040,3.7643
173041,3.65184
173042,3.18599
173043,3.88889
173044,3.29069
173045,3.37506
173046,3.69199
173047,4.05483
173048,3.67299
173049,3.31676
173050,4.47459
173051,3.99166
173052,3.69549
173053,3.79749
173054,3.95658
173055,4.17172
173056,3.32107
173057,4.24625
173058,4.04396
173059,3.74982
173060,2.46072
173061,3.79574
173062,3.89347
173063,4.32582
173064,3.09339
173065,4.20227
173066,4.50493
173067,3.82515
173068,3.7996
173069,3.77757
173070,3.84252
173071,3.74544
173072,3.19428
173073,4.07722
173074,3.82091
173075,3.9443
173076,3.31338
173077,2.47097
173078,4.33947
173079,3.51389
173080,4.097
173081,3.53382
173082,4.28297
173083,3.57424
173084,2.75522
173085,3.99847
173086,4.38512
173087,3.5572
173088,2.2195
173089,4.06967
173090,4.17479
173091,4.70309
173092,3.80227
173093,3.65948
173094,4.19322
173095,4.38372
173096,4.02293
173097,3.37647
173098,4.37503
173099,3.45055
173100,3.19587
173101,4.00857
173102,3.78464
173103,4.28799
173104,4.68036
173105,4.2177
173106,4.04035
173107,4.08354
173108,4.36034
173109,3.67886
173110,4.35809
173111,4.33481
173112,3.13317
173113,4.84793
173114,3.69021
173115,3.22275
173116,3.17381
173117,3.91988
173118,3.93191
173119,4.70486
173120,4.40498
173121,5.0
173122,4.19673
173123,3.74577
173124,4.90665
173125,4.71926
173126,4.57829
173127,4.23291
173128,3.52847
173129,3.90624
173130,4.26631
173131,2.94469
173132,3.29583
173133,3.4343
173134,3.91152
173135,3.67878
173136,4.11996
173137,4.6071
173138,4.12898
173139,4.35321
173140,4.40134
173141,3.82502
173142,3.3411
173143,3.52963
173144,3.52251
173145,3.46564
173146,4.90062
173147,3.7166
173148,3.95485
173149,4.62911
173150,3.859
173151,3.34025
173152,4.24357
173153,4.0312
173154,4.2585
173155,4.16586
173156,3.40756
173157,3.59257
173158,3.31955
173159,3.66421
173160,3.7281
173161,4.45972
173162,4.39598
173163,3.64101
173164,4.14975
173165,4.02393
173166,4.09476
173167,3.55616
173168,4.13959
173169,4.08753
173170,4.19641
173171,3.97715
173172,3.16181
173173,3.64502
173174,3.89799
173175,4.17477
173176,3.8272
173177,3.89102
173178,4.13194
173179,3.19403
173180,3.06991
173181,3.16288
173182,3.77581
173183,4.16275
173184,2.66881
173185,4.17426
173186,4.13913
173187,3.64892
173188,2.63688
173189,3.08711
173190,3.6663
173191,3.04214
173192,3.73878
173193,3.19205
173194,3.12293
173195,3.42978
173196,2.33514
173197,2.81838
173198,4.40281
173199,3.08734
173200,2.3374
173201,3.48609
173202,3.34927
173203,2.24797
173204,3.14819
173205,2.69091
173206,2.82848
173207,2.75301
173208,2.98664
173209,2.72239
173210,3.15519
173211,3.15115
173212,3.61905
173213,2.72747
173214,2.12672
173215,3.05224
173216,3.34664
173217,3.74283
173218,3.4185
173219,3.05618
173220,3.92587
173221,3.7602
173222,2.82982
173223,2.59178
173224,2.56228
173225,3.39846
173226,3.66469
173227,2.13733
173228,3.78081
173229,2.29163
173230,2.63709
173231,3.7243
173232,3.42862
173233,2.30793
173234,3.5176
173235,3.3997
173236,2.64477
173237,2.42656
173238,3.11306
173239,2.3344
173240,4.05299
173241,2.507
173242,3.14316
173243,3.36732
173244,4.43001
173245,2.7222
173246,3.60795
173247,4.27408
173248,4.65882
173249,3.76904
173250,3.32762
173251,3.44462
173252,2.70397
173253,2.08549
173254,3.43718
173255,3.70083
173256,3.61961
173257,2.39607
173258,4.1484
173259,3.78669
173260,3.16909
173261,3.85774
173262,2.3014
173263,3.07924
173264,4.1409
173265,3.63753
173266,2.34152
173267,3.6862
173268,4.79157
173269,3.69117
173270,2.65323
173271,3.03487
173272,2.62635
173273,2.73483
173274,3.93302
173275,3.31016
173276,3.85918
173277,4.27868
173278,3.25078
173279,3.04941
173280,4.53083
173281,3.72341
173282,3.97382
173283,2.20173
173284,2.24867
173285,3.97486
173286,3.19318
173287,3.218
173288,3.09836
173289,1.50121
173290,2.79544
173291,2.36287
173292,3.6769
173293,2.74928
173294,2.70627
173295,3.3426
173296,3.58741
173297,4.14203
173298,4.52121
173299,4.02808
173300,2.2875
173301,2.04925
173302,2.35113
173303,2.68071
173304,3.76439
173305,2.49881
173306,2.04644
173307,2.77471
173308,3.15052
173309,1.75611
173310,2.861
173311,1.56722
173312,3.6925
173313,4.41413
173314,3.12001
173315,4.15159
173316,4.92075
173317,3.53084
173318,4.23205
173319,4.87125
173320,4.30304
173321,3.84961
173322,3.94652
173323,4.38202
173324,4.21818
173325,4.60857
173326,4.22641
173327,4.33026
173328,4.53217
173329,4.55149
173330,3.29191
173331,4.06647
173332,2.46867
173333,2.95446
173334,3.91742
173335,2.41019
173336,4.74679
173337,3.6471
173338,4.27875
173339,4.03104
173340,4.24359
173341,3.41703
173342,3.226
173343,1.90513
173344,4.5255
173345,3.54232
173346,3.85482
173347,4.06026
173348,2.81745
173349,2.96096
173350,4.03942
173351,3.47824
173352,4.12084
173353,4.19978
173354,3.39013
173355,2.10745
173356,3.46774
173357,4.68084
173358,4.02882
173359,3.50171
173360,2.62678
173361,2.87475
173362,4.08498
173363,4.07253
173364,3.99674
173365,2.14971
173366,3.72101
173367,5.0
173368,3.8565
173369,4.09831
173370,4.1001
173371,3.10484
173372,3.93743
173373,4.28884
173374,2.55453
173375,2.77052
173376,4.14689
173377,3.33997
173378,3.97846
173379,4.09144
173380,4.46051
173381,3.55512
173382,2.79184
173383,3.46755
173384,3.25614
173385,4.38043
173386,4.23663
173387,1.69315
173388,3.19152
173389,3.72801
173390,4.47859
173391,4.29085
173392,3.84152
173393,3.35962
173394,3.33504
173395,4.21107
173396,3.93898
173397,2.63287
173398,3.66453
173399,3.7367
173400,4.41957
173401,3.837
173402,3.65321
173403,2.69759
173404,4.85418
173405,3.94126
173406,3.63888
173407,4.06768
173408,4.13354
173409,4.00488
173410,3.34782
173411,4.04879
173412,4.17005
173413,2.72037
173414,4.30677
173415,4.32462
173416,2.67046
173417,4.9807
173418,2.92979
173419,3.20914
173420,3.58237
173421,3.17338
173422,2.58367
173423,3.44337
173424,3.3091
173425,4.21496
173426,3.65725
173427,2.21248
173428,2.63965
173429,4.05339
173430,3.11055
173431,3.09068
173432,2.82556
173433,3.73554
173434,3.55162
173435,2.57059
173436,3.54579
173437,2.04462
173438,3.35187
173439,2.94532
173440,2.4069
173441,1.0602
173442,2.46021
173443,3.22324
173444,2.80633
173445,2.73334
173446,3.97638
173447,3.40342
173448,4.83431
173449,3.52323
173450,2.46554
173451,2.94802
173452,3.42978
173453,1.89054
173454,2.32251
173455,3.49635
173456,2.95381
173457,2.7376
173458,3.73481
173459,3.00411
173460,3.12296
173461,3.12222
173462,3.64489
173463,2.86643
173464,2.22075
173465,4.36736
173466,2.73038
173467,2.16327
173468,2.85477
173469,3.50598
173470,3.43431
173471,2.86278
173472,2.74742
173473,2.90634
173474,3.7001
173475,1.82403
173476,2.99699
173477,2.79296
173478,2.79379
173479,3.60024
173480,3.67666
173481,2.54733
173482,3.18208
173483,2.94907
173484,1.63956
173485,3.25106
173486,3.32278
173487,1.76751
173488,4.41004
173489,2.77458
173490,1.98893
173491,2.43638
173492,3.31462
173493,3.64535
173494,2.14853
173495,1.93907
173496,2.91609
173497,3.60365
173498,3.51388
173499,3.94786
173500,2.91638
173501,2.4693
173502,3.14477
173503,3.38494
173504,2.71146
173505,4.35097
173506,3.51736
173507,3.77894
173508,2.92632
173509,4.11014
173510,4.0045
173511,2.65698
173512,3.06372
173513,3.06965
173514,4.04569
173515,3.44774
173516,4.39042
173517,3.28036
173518,3.86082
173519,4.2876
173520,3.40309
173521,2.42027
173522,3.83129
173523,4.44962
173524,3.81301
173525,3.98905
173526,3.42309
173527,3.75558
173528,3.35623
173529,3.94105
173530,3.69974
173531,4.43685
173532,3.8932
173533,3.3776
173534,4.45202
173535,2.71411
173536,3.18623
173537,3.33458
173538,4.15062
173539,3.90677
173540,4.29665
173541,4.14759
173542,3.11017
173543,3.03526
173544,4.2067
173545,4.5445
173546,4.23008
173547,4.68171
173548,3.42846
173549,4.61684
173550,3.50768
173551,3.26987
173552,2.09125
173553,2.18804
173554,3.32193
173555,2.48606
173556,3.52237
173557,3.10019
173558,3.46276
173559,3.87911
173560,2.41623
173561,4.39725
173562,2.85521
173563,3.13054
173564,2.88778
173565,2.61049
173566,3.25687
173567,3.03154
173568,2.65895
173569,2.79067
173570,3.5256
173571,3.71683
173572,2.70179
173573,2.5161
173574,2.39914
173575,4.69972
173576,3.72776
173577,2.02165
173578,4.36798
173579,3.12972
173580,2.8769
173581,3.83731
173582,3.61803
173583,2.28714
173584,3.709
173585,2.59897
173586,4.66447
173587,3.45401
173588,3.33503
173589,2.7651
173590,4.65184
173591,3.96827
173592,3.0017
173593,3.80912
173594,4.92736
173595,1.88452
173596,5.0
173597,2.3594
173598,5.0
173599,3.59663
173600,3.14412
173601,2.92386
173602,2.86955
173603,2.87595
173604,4.15446
173605,3.56923
173606,3.47436
173607,2.60037
173608,4.63523
173609,3.05308
173610,3.58352
173611,5.0
173612,3.00582
173613,3.14277
173614,1.37656
173615,3.95541
173616,4.54856
173617,4.01119
173618,2.73388
173619,2.34017
173620,2.52445
173621,4.63248
173622,4.37793
173623,3.70545
173624,4.96091
173625,3.94304
173626,2.14386
173627,4.20321
173628,4.34023
173629,3.5611
173630,4.18576
173631,3.65429
173632,4.54446
173633,4.6579
173634,3.74676
173635,4.25806
173636,3.50308
173637,3.4971
173638,2.73865
173639,3.14046
173640,4.03578
173641,4.42838
173642,3.97449
173643,3.02451
173644,1.29081
173645,4.0827
173646,4.0834
173647,2.4468
173648,2.06846
173649,3.62248
173650,4.57071
173651,4.67535
173652,3.76645
173653,4.65721
173654,4.48676
173655,2.60131
173656,3.43592
173657,3.18562
173658,2.56367
173659,2.23571
173660,2.63081
173661,2.21643
173662,5.0
173663,4.3135
173664,4.73784
173665,2.82605
173666,2.47659
173667,3.96264
173668,2.15299
173669,4.63617
173670,2.9541
173671,3.64834
173672,3.91435
173673,3.88797
173674,3.75398
173675,3.4844
173676,4.54264
173677,3.69445
173678,3.043
173679,2.46625
173680,3.23372
173681,4.35251
173682,3.18573
173683,2.14647
173684,2.93248
173685,2.40012
173686,1.98041
173687,4.14732
173688,2.56123
173689,3.14942
173690,3.3991
173691,2.11794
173692,4.90748
173693,5.0
173694,5.0
173695,3.33169
173696,4.48265
173697,4.73706
173698,5.0
173699,3.14809
173700,2.88235
173701,2.85285
173702,4.09709
173703,3.18746
173704,3.02174
173705,3.97982
173706,4.06323
173707,3.13142
173708,3.75268
173709,3.89448
173710,4.11524
173711,3.51719
173712,3.79983
173713,4.65036
173714,4.59169
173715,2.65445
173716,3.76173
173717,3.60216
173718,3.63071
173719,4.39257
173720,4.1958
173721,4.29634
173722,2.31794
173723,3.52078
173724,2.99819
173725,3.97664
173726,3.19638
173727,3.89754
173728,3.70847
173729,3.57551
173730,3.71489
173731,3.05291
173732,4.11184
173733,3.55743
173734,2.07592
173735,1.345
173736,4.91035
173737,3.04158
173738,2.61913
173739,4.45578
173740,2.499
173741,2.97501
173742,3.89197
173743,3.95264
173744,2.40277
173745,2.47008
173746,2.45387
173747,3.7314
173748,3.49528
173749,3.99764
173750,2.45031
173751,2.40631
173752,3.73364
173753,2.02106
173754,3.69147
173755,3.72077
173756,3.90269
173757,3.13169
173758,3.85847
173759,4.12913
173760,3.55176
173761,4.35057
173762,4.0803
173763,3.59654
173764,4.18231
173765,3.18708
173766,4.19573
173767,2.25016
173768,3.29732
173769,4.19701
173770,4.94628
173771,3.3903
173772,2.84887
173773,2.68263
173774,2.02528
173775,4.45474
173776,3.56378
173777,4.39925
173778,4.49132
173779,1.9592
173780,4.71869
173781,4.0235
173782,3.83156
173783,3.97744
173784,3.95526
173785,3.53145
173786,3.32618
173787,4.6996
173788,3.22812
173789,3.1103
173790,4.01928
173791,1.83558
173792,3.74042
173793,3.27252
173794,3.92525
173795,4.49281
173796,3.14138
173797,3.54016
173798,4.43318
173799,3.37736
173800,2.74639
173801,2.96437
173802,2.5975
173803,3.0005
173804,4.17933
173805,3.3194
173806,4.36989
173807,4.1302
173808,4.31042
173809,4.05483
173810,4.87891
173811,3.85055
173812,4.66395
173813,3.73927
173814,2.96194
173815,4.01862
173816,3.92909
173817,2.48325
173818,1.50735
173819,2.28243
173820,2.79367
173821,4.67328
173822,4.30222
173823,4.57491
173824,5.0
173825,3.08735
173826,4.6476
173827,3.5284
173828,3.56109
173829,3.98058
173830,2.33633
173831,4.16359
173832,4.34855
173833,4.20709
173834,4.70228
173835,3.46757
173836,3.74365
173837,4.11914
173838,3.56879
173839,4.0321
173840,2.51507
173841,3.52473
173842,4.88559
173843,4.26314
173844,3.55208
173845,4.3783
173846,4.59778
173847,4.01
173848,3.94572
173849,4.27521
173850,3.10782
173851,4.22251
173852,4.33826
173853,4.54384
173854,4.20972
173855,4.687
173856,4.08114
173857,4.16213
173858,3.5736
173859,3.24988
173860,4.32657
173861,4.02837
173862,3.73127
173863,2.57579
173864,3.69359
173865,3.52832
173866,4.0344
173867,3.01467
173868,3.78655
173869,3.68297
173870,2.95494
173871,3.15334
173872,2.42691
173873,2.7775
173874,3.65632
173875,4.52575
173876,4.22582
173877,3.50018
173878,3.65671
173879,4.13326
173880,3.66746
173881,3.76136
173882,2.3785
173883,3.03075
173884,3.80683
173885,4.30423
173886,2.63631
173887,3.46714
173888,3.98765
173889,1.54033
173890,3.66497
173891,2.87774
173892,4.25137
173893,3.53785
173894,2.80615
173895,3.43576
173896,2.83977
173897,3.45219
173898,2.77511
173899,2.46458
173900,4.73482
173901,2.5058
173902,2.3727
173903,3.20889
173904,3.14842
173905,2.87004
173906,3.58064
173907,2.99408
173908,4.33971
173909,3.68266
173910,3.84962
173911,3.19581
173912,3.27719
173913,1.49623
173914,3.44547
173915,2.9814
173916,3.50244
173917,3.1348
173918,4.20298
173919,3.40131
173920,3.53546
173921,3.38608
173922,4.21118
173923,3.67098
173924,2.74932
173925,3.81513
173926,4.76464
173927,2.97549
173928,5.0
173929,1.68907
173930,3.33118
173931,1.27929
173932,4.37441
173933,5.0
173934,4.50641
173935,3.98094
173936,3.738
173937,1.63686
173938,4.69118
173939,4.04001
173940,4.74619
173941,4.74342
173942,3.96645
173943,4.92527
173944,3.4533
173945,3.32412
173946,4.40638
173947,3.30253
173948,3.43352
173949,3.90313
173950,4.27486
173951,3.83329
173952,3.90724
173953,3.43304
173954,4.60075
173955,3.92686
173956,4.53047
173957,3.26271
173958,4.65032
173959,3.11999
173960,4.56355
173961,3.48748
173962,5.0
173963,4.62418
173964,3.8741
173965,3.63954
173966,3.70946
173967,3.55297
173968,4.70276
173969,4.06125
173970,3.9123
173971,4.63314
173972,4.13138
173973,4.09038
173974,2.76618
173975,4.69007
173976,4.11275
173977,3.97304
173978,3.68031
173979,2.30098
173980,3.73797
173981,4.15601
173982,3.26349
173983,4.49968
173984,3.65512
173985,1.16804
173986,3.60423
173987,4.15938
173988,3.02499
173989,4.54764
173990,2.2361
173991,3.72755
173992,4.26835
173993,2.76792
173994,2.52289
173995,4.3372
173996,3.63289
173997,3.48323
173998,2.7677
173999,4.22087
174000,3.14764
174001,4.42565
174002,3.79254
174003,4.12186
174004,3.68586
174005,4.24267
174006,3.09413
174007,4.77609
174008,2.98842
174009,2.99881
174010,3.66805
174011,3.83643
174012,3.48627
174013,2.73491
174014,2.49832
174015,4.78338
174016,4.02285
174017,4.27858
174018,3.55321
174019,3.54016
174020,3.6353
174021,2.97019
174022,2.6874
174023,4.07365
174024,1.99926
174025,3.41497
174026,3.73815
174027,3.93349
174028,5.0
174029,4.28613
174030,2.91562
174031,4.17177
174032,4.92
174033,4.8607
174034,4.66627
174035,3.36586
174036,3.20265
174037,2.59539
174038,4.3914
174039,3.31104
174040,4.93594
174041,4.5108
174042,3.88369
174043,3.70536
174044,4.90916
174045,4.81249
174046,4.05778
174047,3.80259
174048,3.83793
174049,2.56431
174050,2.95011
174051,3.63873
174052,3.21963
174053,3.31539
174054,3.53446
174055,2.63622
174056,2.94423
174057,2.36105
174058,3.08961
174059,3.35233
174060,3.53816
174061,2.89529
174062,3.20492
174063,2.40917
174064,3.43672
174065,3.24178
174066,2.87247
174067,3.08043
174068,2.36879
174069,3.12334
174070,2.79532
174071,3.38728
174072,3.18696
174073,3.92406
174074,2.2523
174075,3.39148
174076,4.25237
174077,2.75121
174078,3.27548
174079,3.10555
174080,2.83758
174081,3.27442
174082,3.23328
174083,3.26587
174084,3.33907
174085,3.15554
174086,3.62963
174087,3.02776
174088,2.99798
174089,3.58188
174090,2.9757
174091,3.82098
174092,3.91934
174093,3.23987
174094,4.32678
174095,2.81069
174096,3.57386
174097,3.74548
174098,3.50468
174099,3.87291
174100,3.1954
174101,3.59348
174102,3.1467
174103,3.06176
174104,3.05453
174105,3.05774
174106,3.04876
174107,3.44061
174108,3.12742
174109,2.55398
174110,2.59144
174111,3.4937
174112,3.08021
174113,1.94585
174114,3.2963
174115,3.67476
174116,2.49013
174117,3.80046
174118,2.35611
174119,2.87156
174120,2.05732
174121,2.82749
174122,4.2217
174123,3.93972
174124,3.40653
174125,2.52548
174126,3.18832
174127,2.00292
174128,2.58361
174129,3.28192
174130,2.90029
174131,3.4287
174132,3.34823
174133,2.42297
174134,3.64319
174135,3.41654
174136,4.24243
174137,3.2974
174138,3.47944
174139,2.77656
174140,4.10347
174141,3.84395
174142,3.12242
174143,2.95805
174144,4.13929
174145,4.18075
174146,2.87279
174147,4.03776
174148,3.99718
174149,3.5116
174150,4.63315
174151,3.0859
174152,4.56589
174153,3.25729
174154,2.996
174155,2.8582
174156,4.92623
174157,4.07862
174158,2.35407
174159,1.16796
174160,2.70202
174161,2.59717
174162,1.87491
174163,2.15396
174164,2.44656
174165,3.60008
174166,3.20405
174167,4.49389
174168,1.63628
174169,3.02089
174170,2.10784
174171,2.17389
174172,2.19999
174173,1.17342
174174,3.16911
174175,2.68846
174176,2.97738
174177,1.88155
174178,1.24792
174179,1.0
174180,2.92464
174181,1.0
174182,3.10113
174183,2.73619
174184,3.49423
174185,2.02669
174186,1.70409
174187,2.44573
174188,2.4924
174189,3.48395
174190,3.11774
174191,2.52459
174192,2.96864
174193,4.44235
174194,2.11692
174195,4.37346
174196,3.41957
174197,3.78531
174198,3.76314
174199,3.73011
174200,4.85974
174201,3.55984
174202,4.17998
174203,3.36164
174204,3.77258
174205,4.39721
174206,4.00418
174207,3.57245
174208,4.44369
174209,3.98725
174210,4.51444
174211,3.84438
174212,4.26028
174213,2.73947
174214,3.91047
174215,4.09134
174216,3.59507
174217,3.09512
174218,3.03544
174219,4.17414
174220,3.08754
174221,3.23645
174222,4.76056
174223,3.22513
174224,4.55038
174225,3.36354
174226,3.1239
174227,4.02592
174228,3.57538
174229,3.37476
174230,4.12447
174231,2.86352
174232,2.7814
174233,3.39544
174234,3.53249
174235,3.28029
174236,3.4507
174237,3.61112
174238,4.13409
174239,3.49737
174240,3.52293
174241,3.9111
174242,3.85887
174243,3.13919
174244,4.20583
174245,3.42102
174246,3.45926
174247,3.78038
174248,3.01952
174249,3.72604
174250,3.82866
174251,3.76715
174252,3.00126
174253,3.63378
174254,2.72231
174255,3.6461
174256,3.41218
174257,3.79938
174258,1.01151
174259,1.03892
174260,2.74458
174261,2.99312
174262,4.19447
174263,4.18883
174264,2.17996
174265,3.82585
174266,4.41791
174267,2.1664
174268,2.75795
174269,3.94833
174270,1.0
174271,1.56936
174272,3.20862
174273,2.59302
174274,3.57072
174275,4.10197
174276,3.21109
174277,3.27356
174278,4.51971
174279,3.07702
174280,3.75949
174281,4.263
174282,3.88261
174283,3.53415
174284,3.39318
174285,3.96604
174286,3.62182
174287,3.55887
174288,4.07728
174289,4.0606
174290,3.21759
174291,3.83317
174292,2.77601
174293,2.30297
174294,3.96334
174295,3.58856
174296,3.16091
174297,3.69978
174298,3.77966
174299,3.01666
174300,3.24098
174301,3.85765
174302,3.33131
174303,3.64626
174304,2.58528
174305,2.98918
174306,3.6429
174307,3.62463
174308,3.54195
174309,2.49619
174310,3.61527
174311,3.28237
174312,3.18512
174313,3.95556
174314,3.43069
174315,3.26757
174316,2.66271
174317,3.28339
174318,3.63563
174319,3.21135
174320,1.88983
174321,4.88482
174322,2.80217
174323,3.14511
174324,4.77013
174325,3.53612
174326,2.89427
174327,4.38793
174328,4.78651
174329,2.71716
174330,3.18952
174331,2.07671
174332,3.0036
174333,2.93024
174334,1.85506
174335,2.08459
174336,2.81374
174337,1.89594
174338,1.62501
174339,2.19639
174340,3.19137
174341,1.45552
174342,2.65449
174343,3.48736
174344,1.68695
174345,2.12741
174346,2.03792
174347,2.52931
174348,2.80775
174349,3.43676
174350,3.07199
174351,2.23497
174352,3.54822
174353,3.02235
174354,4.24793
174355,2.22798
174356,2.71521
174357,2.38564
174358,2.20092
174359,3.08468
174360,2.31788
174361,2.8015
174362,3.88626
174363,2.15133
174364,3.856
174365,2.16543
174366,4.19402
174367,2.59391
174368,1.88471
174369,2.27419
174370,1.46209
174371,3.33063
174372,3.16443
174373,2.52443
174374,3.85296
174375,1.77699
174376,3.98001
174377,3.29549
174378,2.64168
174379,3.38655
174380,1.94569
174381,3.01739
174382,2.47428
174383,4.166
174384,2.07351
174385,3.08422
174386,3.71739
174387,3.4188
174388,4.16387
174389,4.15203
174390,4.16428
174391,2.23419
174392,3.64423
174393,3.91653
174394,4.23471
174395,1.93301
174396,3.39753
174397,1.60207
174398,1.60619
174399,2.33901
174400,2.99203
174401,1.49568
174402,1.59837
174403,4.03107
174404,3.19693
174405,3.63954
174406,3.53734
174407,3.56111
174408,4.35039
174409,2.24409
174410,2.92316
174411,2.15179
174412,2.85056
174413,3.34095
174414,3.64062
174415,3.30293
174416,3.69306
174417,2.24905
174418,3.91046
174419,2.43135
174420,3.91298
174421,3.90559
174422,3.46244
174423,2.21361
174424,2.67534
174425,3.35547
174426,2.83051
174427,2.16885
174428,3.18283
174429,1.697
174430,3.82746
174431,3.12947
174432,4.05273
174433,3.99772
174434,3.29299
174435,3.70389
174436,4.29169
174437,3.80354
174438,2.2917
174439,4.0539
174440,2.97787
174441,1.8735
174442,2.26584
174443,2.27889
174444,3.21827
174445,3.17299
174446,3.17259
174447,2.12066
174448,3.21708
174449,3.06797
174450,3.59283
174451,2.70156
174452,2.36129
174453,3.19081
174454,1.28015
174455,2.87057
174456,3.59923
174457,2.83672
174458,3.39317
174459,2.5943
174460,2.54739
174461,3.13624
174462,3.62974
174463,4.10962
174464,3.2554
174465,3.16801
174466,3.89764
174467,2.16215
174468,3.15106
174469,3.53025
174470,2.51266
174471,3.54493
174472,3.09323
174473,3.62045
174474,3.05954
174475,3.54948
174476,3.05052
174477,3.60357
174478,2.33726
174479,1.82259
174480,3.98476
174481,3.60626
174482,4.46896
174483,4.80349
174484,3.87319
174485,3.33217
174486,4.63469
174487,5.0
174488,4.57099
174489,3.33462
174490,4.34243
174491,4.32304
174492,4.00935
174493,3.68942
174494,4.67218
174495,4.29149
174496,4.21745
174497,3.23664
174498,2.86548
174499,3.41472
174500,4.07668
174501,3.91751
174502,3.4299
174503,4.91143
174504,4.34302
174505,4.70001
174506,4.61503
174507,4.59868
174508,3.97183
174509,3.71632
174510,3.9329
174511,4.44633
174512,2.8647
174513,4.40268
174514,3.5956
174515,3.8109
174516,3.80471
174517,3.76497
174518,4.26692
174519,2.81788
174520,2.97259
174521,3.72781
174522,4.43222
174523,3.89472
174524,4.18889
174525,4.25543
174526,4.14339
174527,4.06141
174528,3.74239
174529,4.53488
174530,3.99433
174531,4.48944
174532,4.76352
174533,4.98267
174534,4.11091
174535,4.90923
174536,4.49619
174537,4.32102
174538,4.74388
174539,4.76678
174540,3.03076
174541,4.92197
174542,4.76429
174543,4.33404
174544,3.801
174545,4.00186
174546,4.66995
174547,4.04397
174548,5.0
174549,4.53268
174550,4.69167
174551,3.59615
174552,4.00831
174553,4.04556
174554,4.12616
174555,4.15731
174556,4.72384
174557,3.68581
174558,4.3783
174559,3.42955
174560,3.83557
174561,4.36461
174562,4.26134
174563,3.70828
174564,4.23753
174565,4.2639
174566,4.52904
174567,4.3102
174568,3.67369
174569,3.60299
174570,4.64376
174571,4.19551
174572,4.54133
174573,4.31232
174574,4.2696
174575,3.68088
174576,4.20867
174577,4.5996
174578,3.88035
174579,4.06257
174580,4.5292
174581,5.0
174582,3.81886
174583,3.30308
174584,4.14337
174585,4.11098
174586,4.93903
174587,4.51844
174588,3.62869
174589,3.56815
174590,3.94207
174591,4.45679
174592,2.22003
174593,4.67993
174594,4.6026
174595,4.14125
174596,4.27121
174597,4.02538
174598,4.19126
174599,4.05713
174600,3.49758
174601,4.37493
174602,4.35096
174603,3.50133
174604,2.61562
174605,3.56098
174606,2.70746
174607,2.3461
174608,2.83862
174609,1.83229
174610,2.28755
174611,2.42289
174612,1.83242
174613,3.78296
174614,3.00211
174615,1.61095
174616,3.69774
174617,2.85441
174618,1.51053
174619,3.59196
174620,3.23297
174621,2.91409
174622,3.25488
174623,1.28138
174624,4.11146
174625,3.52357
174626,2.03558
174627,2.69606
174628,3.46488
174629,3.26584
174630,2.62271
174631,3.52607
174632,4.004
174633,1.63157
174634,3.63464
174635,2.0228
174636,2.5393
174637,2.49715
174638,3.41944
174639,4.62583
174640,3.04411
174641,2.31228
174642,4.19104
174643,2.85588
174644,3.90006
174645,3.6081
174646,3.63992
174647,3.66925
174648,3.18077
174649,3.08102
174650,3.88282
174651,3.93017
174652,1.82768
174653,2.78772
174654,1.88318
174655,3.6574
174656,4.6585
174657,3.37696
174658,3.11157
174659,3.82969
174660,2.92123
174661,2.8322
174662,3.37661
174663,2.3926
174664,3.22968
174665,1.56146
174666,3.44599
174667,3.17566
174668,1.22334
174669,3.51173
174670,4.35425
174671,2.18549
174672,2.30059
174673,1.40956
174674,2.56943
174675,2.38991
174676,3.5654
174677,1.0
174678,2.01928
174679,3.84616
174680,4.63343
174681,3.23397
174682,2.48237
174683,3.93618
174684,3.06956
174685,4.79269
174686,3.8721
174687,3.91231
174688,4.98346
174689,4.57105
174690,3.70991
174691,3.81392
174692,4.33519
174693,4.44118
174694,4.17267
174695,3.99709
174696,3.10876
174697,3.68533
174698,4.42694
174699,3.53639
174700,2.11339
174701,4.46287
174702,4.8991
174703,4.67348
174704,4.42946
174705,5.0
174706,2.97377
174707,4.35884
174708,3.73547
174709,3.75534
174710,4.19139
174711,5.0
174712,3.75802
174713,4.58809
174714,3.1621
174715,3.96513
174716,4.36559
174717,4.30942
174718,3.35582
174719,3.77801
174720,3.82152
174721,4.7517
174722,3.65065
174723,3.30909
174724,4.03906
174725,3.03083
174726,3.9064
174727,3.65173
174728,3.12482
174729,2.49385
174730,3.54131
174731,2.47253
174732,3.24721
174733,3.44278
174734,2.78684
174735,3.79843
174736,3.29876
174737,3.28661
174738,3.84875
174739,3.40731
174740,3.30871
174741,3.88694
174742,3.46957
174743,3.60299
174744,2.09421
174745,2.5729
174746,3.75796
174747,3.44584
174748,3.0814
174749,3.26091
174750,3.30538
174751,3.86524
174752,2.86972
174753,3.19838
174754,2.57012
174755,3.15408
174756,3.29745
174757,2.80327
174758,4.23266
174759,4.44536
174760,2.976
174761,3.19762
174762,3.67474
174763,3.97682
174764,2.79567
174765,4.09069
174766,2.91366
174767,3.75752
174768,2.94522
174769,4.55172
174770,4.19169
174771,4.15385
174772,4.16819
174773,3.50398
174774,4.18205
174775,3.37176
174776,2.21926
174777,3.70474
174778,3.69209
174779,4.52698
174780,3.76571
174781,3.26008
174782,4.22105
174783,4.21051
174784,3.10456
174785,3.6844
174786,2.15404
174787,2.97558
174788,4.91012
174789,4.62918
174790,4.09389
174791,2.75205
174792,3.49011
174793,3.71101
174794,2.85777
174795,2.89824
174796,4.40702
174797,4.94205
174798,4.65102
174799,4.73419
174800,4.16634
174801,4.32687
174802,3.90829
174803,3.47007
174804,4.28591
174805,5.0
174806,3.4897
174807,4.41819
174808,4.85226
174809,3.81969
174810,4.10673
174811,4.9012
174812,2.56012
174813,3.78196
174814,1.92163
174815,3.32197
174816,2.59689
174817,2.99765
174818,4.27498
174819,4.45572
174820,2.07706
174821,4.56994
174822,2.6412
174823,3.02581
174824,4.3685
174825,4.05417
174826,2.78601
174827,3.81819
174828,3.0014
174829,4.36541
174830,3.08616
174831,3.8841
174832,3.70609
174833,3.57418
174834,4.0933
174835,4.1234
174836,3.24131
174837,3.49165
174838,3.80293
174839,3.958
174840,2.91811
174841,4.04421
174842,3.02689
174843,3.25492
174844,2.87053
174845,3.20498
174846,1.63099
174847,3.35985
174848,3.70245
174849,4.32708
174850,3.83727
174851,2.31522
174852,3.66061
174853,3.81805
174854,3.76782
174855,2.22754
174856,3.77335
174857,3.42804
174858,3.81122
174859,4.42445
174860,4.46804
174861,4.42513
174862,4.12146
174863,5.0
174864,4.5059
174865,4.35258
174866,4.06656
174867,4.98561
174868,3.84491
174869,4.34774
174870,5.0
174871,4.11943
174872,4.3491
174873,2.87304
174874,2.87775
174875,4.22109
174876,4.6947
174877,3.79251
174878,4.58011
174879,4.29793
174880,3.51972
174881,4.88021
174882,3.71802
174883,3.01244
174884,4.62837
174885,4.77408
174886,4.58993
174887,3.64822
174888,2.98563
174889,2.44302
174890,3.47371
174891,5.0
174892,4.18825
174893,3.96268
174894,4.22868
174895,4.5732
174896,5.0
174897,4.31302
174898,4.54337
174899,3.95349
174900,4.72254
174901,4.44292
174902,2.59904
174903,3.99504
174904,4.30437
174905,3.28682
174906,4.11505
174907,3.50958
174908,4.88818
174909,4.36099
174910,4.10728
174911,3.76074
174912,2.58489
174913,2.95916
174914,4.02412
174915,3.55034
174916,3.61738
174917,3.97639
174918,3.79583
174919,3.79442
174920,2.73041
174921,3.41744
174922,3.22968
174923,3.37651
174924,3.17096
174925,3.37296
174926,3.28128
174927,3.26982
174928,4.21824
174929,3.68922
174930,2.96439
174931,3.3983
174932,3.71213
174933,3.87709
174934,3.63579
174935,3.17953
174936,3.7309
174937,3.62516
174938,3.11746
174939,3.44147
174940,2.85546
174941,3.73798
174942,3.27046
174943,3.06451
174944,3.88634
174945,3.4262
174946,3.54646
174947,4.32262
174948,3.42386
174949,3.52836
174950,3.73888
174951,1.43716
174952,2.81548
174953,3.04111
174954,4.30117
174955,3.93043
174956,3.84409
174957,3.33396
174958,3.75091
174959,2.92616
174960,4.40806
174961,4.33927
174962,4.44693
174963,2.92402
174964,3.5522
174965,3.37262
174966,3.54943
174967,4.29145
174968,3.1996
174969,4.43131
174970,3.4688
174971,3.5963
174972,3.50769
174973,4.06389
174974,3.06646
174975,3.66767
174976,2.30714
174977,2.86226
174978,3.00767
174979,3.44402
174980,3.71309
174981,3.69632
174982,2.65963
174983,3.40878
174984,2.99063
174985,4.53226
174986,3.46485
174987,3.91821
174988,4.52623
174989,3.73793
174990,3.39257
174991,3.1382
174992,2.76253
174993,3.22616
174994,3.04789
174995,3.68407
174996,2.67899
174997,3.81254
174998,3.68174
174999,3.60918
175000,3.01916
175001,3.87567
175002,3.6237
175003,1.84676
175004,3.15331
175005,3.5018
175006,2.99843
175007,3.49758
175008,3.27587
175009,2.9115
175010,4.49947
175011,4.325
175012,3.19274
175013,3.23018
175014,5.0
175015,4.73146
175016,4.62482
175017,2.28561
175018,2.5303
175019,4.60975
175020,3.5687
175021,4.9609
175022,3.54781
175023,4.32183
175024,5.0
175025,3.26666
175026,4.10295
175027,4.92644
175028,4.45608
175029,4.11575
175030,2.66156
175031,1.93842
175032,1.79853
175033,2.60334
175034,4.41382
175035,4.10542
175036,2.78802
175037,4.12759
175038,3.36171
175039,2.92052
175040,3.81286
175041,2.77267
175042,3.87333
175043,3.8086
175044,2.77217
175045,3.95896
175046,4.24159
175047,3.1341
175048,3.74059
175049,4.25209
175050,4.2322
175051,3.86376
175052,4.01568
175053,2.63977
175054,3.25705
175055,3.99014
175056,3.56263
175057,2.97712
175058,3.53185
175059,2.9061
175060,3.32797
175061,3.51208
175062,3.47248
175063,3.1427
175064,2.98369
175065,3.11315
175066,3.87981
175067,3.13781
175068,4.08105
175069,3.41646
175070,2.95393
175071,2.89501
175072,2.58796
175073,3.33803
175074,3.40737
175075,3.70898
175076,3.70196
175077,2.99474
175078,4.31997
175079,3.1758
175080,2.45252
175081,3.62962
175082,3.07211
175083,3.19339
175084,3.27033
175085,3.0124
175086,3.18926
175087,2.95176
175088,3.55187
175089,2.78495
175090,3.6277
175091,3.81735
175092,3.15297
175093,3.19824
175094,2.99605
175095,3.41198
175096,3.75468
175097,4.48469
175098,3.38774
175099,3.93795
175100,3.45869
175101,4.19262
175102,3.69692
175103,3.4429
175104,4.07902
175105,2.1792
175106,1.4153
175107,1.34868
175108,2.7486
175109,3.36638
175110,4.18857
175111,1.0
175112,3.30684
175113,4.44368
175114,3.72104
175115,3.45048
175116,1.1265
175117,2.44533
175118,2.12805
175119,2.36354
175120,3.27442
175121,3.88799
175122,3.67659
175123,2.85705
175124,1.32065
175125,3.52262
175126,4.1574
175127,4.83634
175128,3.52243
175129,4.66163
175130,3.31517
175131,1.15386
175132,3.62602
175133,2.67325
175134,2.78802
175135,4.10344
175136,4.46925
175137,2.47134
175138,1.26942
175139,2.75945
175140,2.22668
175141,3.55699
175142,2.92482
175143,2.19893
175144,3.66312
175145,2.62669
175146,2.57442
175147,2.83413
175148,4.15427
175149,4.07693
175150,2.79401
175151,3.23895
175152,3.89176
175153,2.5688
175154,3.86745
175155,4.29592
175156,3.32589
175157,3.60229
175158,4.18977
175159,3.99854
175160,4.36981
175161,3.79029
175162,4.70508
175163,4.17243
175164,2.88701
175165,2.91034
175166,3.61937
175167,4.03454
175168,2.7384
175169,3.82885
175170,3.65084
175171,3.73626
175172,4.17162
175173,4.02938
175174,3.96139
175175,3.8436
175176,2.93101
175177,4.03832
175178,3.60628
175179,4.2098
175180,4.0129
175181,2.62134
175182,3.49973
175183,4.20976
175184,3.63096
175185,3.28137
175186,3.29869
175187,3.18334
175188,4.53427
175189,4.00536
175190,4.16389
175191,3.29531
175192,3.82978
175193,3.43683
175194,2.66167
175195,3.89398
175196,3.79465
175197,4.1985
175198,3.93467
175199,4.3209
175200,4.09896
175201,4.31507
175202,4.08443
175203,3.84259
175204,3.63197
175205,3.36314
175206,3.46868
175207,2.48104
175208,3.24433
175209,4.00938
175210,4.30283
175211,3.29066
175212,3.7333
175213,3.47758
175214,4.5549
175215,4.13056
175216,4.22655
175217,3.83352
175218,3.70302
175219,4.28543
175220,4.14651
175221,4.56993
175222,4.35699
175223,3.98046
175224,2.80358
175225,3.11103
175226,2.90032
175227,4.09458
175228,3.7735
175229,2.01193
175230,3.2885
175231,4.04411
175232,3.23152
175233,3.80268
175234,2.77169
175235,2.89232
175236,2.41449
175237,2.22557
175238,2.69614
175239,3.98869
175240,3.45165
175241,2.65376
175242,3.60147
175243,3.5085
175244,2.99236
175245,3.60907
175246,2.62292
175247,3.26515
175248,2.88722
175249,3.8125
175250,4.22776
175251,3.20617
175252,2.82537
175253,4.41583
175254,5.0
175255,5.0
175256,3.9867
175257,3.56752
175258,3.82301
175259,4.52269
175260,4.91774
175261,4.09241
175262,4.38254
175263,4.4292
175264,4.47655
175265,4.47447
175266,1.0
175267,1.76303
175268,5.0
175269,5.0
175270,4.20721
175271,4.66792
175272,5.0
175273,3.56818
175274,4.83766
175275,4.42429
175276,4.08974
175277,4.37398
175278,3.94851
175279,3.20832
175280,3.65603
175281,2.73562
175282,4.83458
175283,3.97145
175284,1.6013
175285,3.6591
175286,3.81774
175287,2.76547
175288,3.56216
175289,4.54334
175290,1.34922
175291,2.2728
175292,3.15625
175293,3.16762
175294,1.21798
175295,1.0
175296,1.0
175297,1.37403
175298,1.0
175299,1.12664
175300,3.09518
175301,2.83613
175302,4.7197
175303,2.61964
175304,5.0
175305,5.0
175306,3.43877
175307,3.43887
175308,3.55924
175309,3.01937
175310,1.66645
175311,1.78856
175312,1.9858
175313,2.9465
175314,1.76363
175315,3.37777
175316,1.2834
175317,2.19815
175318,2.23635
175319,3.65263
175320,2.6309
175321,3.08141
175322,3.42171
175323,3.32045
175324,3.01088
175325,2.17505
175326,1.83703
175327,2.92803
175328,3.30282
175329,2.81742
175330,3.69752
175331,3.11088
175332,3.57781
175333,1.65735
175334,2.43287
175335,1.54992
175336,2.56048
175337,2.40837
175338,3.18925
175339,1.52136
175340,3.26346
175341,3.74857
175342,4.21907
175343,4.25834
175344,3.89848
175345,3.69694
175346,4.76013
175347,2.88083
175348,4.03466
175349,4.44535
175350,5.0
175351,4.40918
175352,2.87524
175353,3.66075
175354,4.03987
175355,3.88535
175356,4.35644
175357,3.80786
175358,4.28507
175359,4.67969
175360,4.21964
175361,3.68102
175362,4.18947
175363,4.56615
175364,3.75005
175365,4.89309
175366,4.93289
175367,3.48806
175368,3.69102
175369,3.47787
175370,4.52385
175371,3.83091
175372,3.65159
175373,4.61714
175374,4.40676
175375,4.64858
175376,4.2685
175377,3.89366
175378,3.78142
175379,4.95931
175380,4.38523
175381,2.26117
175382,3.56288
175383,4.5148
175384,4.39095
175385,3.93343
175386,4.02721
175387,2.84344
175388,3.79839
175389,2.92828
175390,2.31626
175391,3.50189
175392,3.68587
175393,3.53988
175394,2.76118
175395,2.0385
175396,2.82058
175397,3.26178
175398,4.45191
175399,2.95461
175400,4.23752
175401,4.07758
175402,4.16581
175403,4.57984
175404,4.29525
175405,4.46943
175406,3.59989
175407,2.34474
175408,3.10903
175409,2.46888
175410,3.66589
175411,4.07655
175412,3.31221
175413,3.57133
175414,3.02015
175415,3.00619
175416,3.5464
175417,2.50168
175418,3.51625
175419,3.8724
175420,3.2194
175421,2.59911
175422,2.46957
175423,3.97336
175424,4.12362
175425,4.93029
175426,4.48538
175427,5.0
175428,4.23308
175429,2.77145
175430,3.55207
175431,2.74322
175432,4.27468
175433,3.46787
175434,4.02607
175435,3.73453
175436,2.92656
175437,2.88138
175438,3.47491
175439,4.5009
175440,4.16772
175441,3.70728
175442,4.0467
175443,1.22958
175444,4.37334
175445,1.0
175446,2.4889
175447,4.40686
175448,3.70993
175449,3.70708
175450,4.4453
175451,4.39642
175452,3.57288
175453,3.96315
175454,1.25325
175455,4.56763
175456,3.62312
175457,4.22118
175458,4.34458
175459,3.9826
175460,4.18388
175461,3.63096
175462,4.7118
175463,4.17305
175464,4.57345
175465,4.54129
175466,3.51178
175467,4.1041
175468,3.56042
175469,3.77022
175470,3.4892
175471,3.59242
175472,3.49127
175473,4.03884
175474,4.1463
175475,3.83252
175476,4.2509
175477,2.5928
175478,5.0
175479,2.61084
175480,5.0
175481,2.61464
175482,2.78055
175483,4.21984
175484,4.64093
175485,2.77088
175486,3.29331
175487,3.4308
175488,3.35175
175489,4.50064
175490,4.80438
175491,4.36377
175492,4.03789
175493,3.08328
175494,3.68036
175495,4.14338
175496,4.62087
175497,3.22512
175498,2.15128
175499,3.58911
175500,4.74273
175501,5.0
175502,2.67964
175503,4.56827
175504,4.68815
175505,4.71912
175506,4.3575
175507,4.35441
175508,3.61341
175509,3.49947
175510,3.15527
175511,2.65569
175512,3.68035
175513,4.00127
175514,4.38756
175515,4.4215
175516,3.55537
175517,3.99591
175518,3.52481
175519,4.3866
175520,3.25961
175521,4.85566
175522,5.0
175523,3.92363
175524,5.0
175525,2.96421
175526,3.18577
175527,2.98142
175528,3.72146
175529,3.21424
175530,2.16789
175531,3.94878
175532,3.87862
175533,3.5712
175534,2.15365
175535,2.29079
175536,2.94153
175537,3.54148
175538,3.79476
175539,3.02522
175540,3.39578
175541,2.21189
175542,3.25746
175543,4.52672
175544,3.48457
175545,3.57804
175546,4.64364
175547,4.73849
175548,3.51652
175549,4.02335
175550,4.9123
175551,3.08231
175552,2.68243
175553,1.2466
175554,4.15371
175555,4.9925
175556,4.62617
175557,4.58011
175558,4.47901
175559,4.34907
175560,4.07652
175561,3.48381
175562,4.12811
175563,4.12516
175564,3.77434
175565,4.15014
175566,4.16996
175567,4.1088
175568,4.05067
175569,3.80061
175570,3.89741
175571,3.95669
175572,3.63639
175573,4.2308
175574,4.33364
175575,4.00421
175576,3.99636
175577,3.90834
175578,3.92111
175579,3.92087
175580,4.36174
175581,3.57735
175582,4.03099
175583,4.15877
175584,4.2128
175585,4.23577
175586,4.64623
175587,3.91756
175588,3.99409
175589,3.78006
175590,3.66644
175591,4.49235
175592,2.69181
175593,4.13112
175594,4.22536
175595,4.89999
175596,4.42131
175597,3.51706
175598,3.57838
175599,4.12578
175600,4.83509
175601,4.37766
175602,4.61254
175603,4.2662
175604,4.35916
175605,4.53061
175606,4.28908
175607,4.38315
175608,4.82153
175609,4.02991
175610,4.17956
175611,3.64796
175612,4.5479
175613,4.57655
175614,4.01224
175615,4.57234
175616,4.55379
175617,4.45226
175618,3.90153
175619,4.24267
175620,4.07034
175621,4.37439
175622,3.93168
175623,3.9195
175624,4.47161
175625,3.83279
175626,4.42922
175627,4.40917
175628,4.48979
175629,3.85547
175630,2.64587
175631,4.4869
175632,4.77213
175633,4.01415
175634,3.61458
175635,2.78758
175636,3.81133
175637,3.43705
175638,3.32366
175639,4.48245
175640,4.43784
175641,3.41981
175642,3.50557
175643,4.42515
175644,2.22103
175645,3.55974
175646,3.72717
175647,3.5089
175648,4.3853
175649,3.87745
175650,4.22843
175651,4.29289
175652,2.30688
175653,3.84448
175654,4.21622
175655,2.18566
175656,4.57332
175657,4.33943
175658,4.74236
175659,4.21799
175660,4.76689
175661,4.44969
175662,2.79726
175663,3.87975
175664,3.90206
175665,3.97094
175666,4.46628
175667,3.13824
175668,4.39715
175669,5.0
175670,4.08349
175671,3.49586
175672,4.27647
175673,4.2555
175674,3.2078
175675,3.88045
175676,4.14362
175677,3.94554
175678,3.76533
175679,3.48822
175680,3.1911
175681,4.20525
175682,4.78734
175683,3.2061
175684,4.59928
175685,2.84897
175686,5.0
175687,4.39502
175688,5.0
175689,3.34526
175690,4.77409
175691,4.52624
175692,4.85543
175693,4.93179
175694,4.79659
175695,4.8453
175696,4.33829
175697,4.53727
175698,4.52847
175699,3.68469
175700,4.20664
175701,4.90017
175702,3.61808
175703,5.0
175704,4.75794
175705,1.72083
175706,3.86738
175707,3.30395
175708,2.39352
175709,1.63261
175710,3.23683
175711,2.9935
175712,4.51232
175713,3.33363
175714,3.73761
175715,3.07595
175716,2.76988
175717,1.86486
175718,2.20282
175719,1.0
175720,3.74834
175721,2.53077
175722,1.53421
175723,1.9149
175724,4.25977
175725,4.9749
175726,1.42319
175727,2.77509
175728,2.48347
175729,2.61047
175730,4.89356
175731,2.22983
175732,3.27433
175733,3.44459
175734,3.67322
175735,3.42227
175736,3.43117
175737,4.6944
175738,3.62165
175739,2.47081
175740,2.07079
175741,1.62842
175742,4.02517
175743,3.64323
175744,3.56318
175745,2.27618
175746,3.84602
175747,3.24372
175748,4.29783
175749,1.79526
175750,3.54254
175751,3.74223
175752,2.5238
175753,2.24924
175754,3.44604
175755,4.51839
175756,2.93885
175757,2.75608
175758,1.90501
175759,2.99509
175760,1.67396
175761,5.0
175762,2.83472
175763,4.99017
175764,4.80448
175765,2.3113
175766,4.5432
175767,2.63133
175768,2.85277
175769,4.7223
175770,4.7394
175771,2.05935
175772,4.33469
175773,4.88283
175774,4.01398
175775,1.61865
175776,2.39225
175777,3.12283
175778,3.10558
175779,3.46875
175780,2.30076
175781,3.94566
175782,3.18184
175783,4.12783
175784,1.2827
175785,4.58006
175786,2.97741
175787,3.32845
175788,2.08225
175789,2.6177
175790,2.57503
175791,2.26993
175792,3.34715
175793,3.06641
175794,3.66133
175795,1.92434
175796,2.05001
175797,3.01066
175798,1.05014
175799,2.95296
175800,2.92989
175801,3.58887
175802,1.67354
175803,1.30308
175804,3.72241
175805,2.88753
175806,2.98585
175807,2.72023
175808,5.0
175809,3.33974
175810,1.73653
175811,3.193
175812,3.42317
175813,1.21556
175814,1.90799
175815,2.68401
175816,3.05622
175817,2.51093
175818,3.31469
175819,2.42603
175820,4.78331
175821,1.32578
175822,4.0259
175823,4.10896
175824,2.23482
175825,2.67789
175826,3.92413
175827,3.13441
175828,4.37899
175829,3.96243
175830,4.70219
175831,3.69199
175832,3.54176
175833,4.15028
175834,4.29535
175835,3.72954
175836,3.76736
175837,3.72991
175838,3.91622
175839,3.27202
175840,2.89333
175841,3.95471
175842,3.6917
175843,3.55072
175844,3.73674
175845,3.76978
175846,4.43023
175847,2.72388
175848,3.89444
175849,4.48883
175850,2.38435
175851,2.02427
175852,3.34533
175853,4.05212
175854,3.61626
175855,3.4836
175856,2.61207
175857,2.82747
175858,2.7596
175859,3.90882
175860,2.88325
175861,2.69317
175862,1.91494
175863,3.0569
175864,2.51173
175865,2.29016
175866,2.30073
175867,2.68683
175868,2.86202
175869,3.24664
175870,1.82687
175871,2.88795
175872,2.3281
175873,3.38554
175874,3.21565
175875,3.27678
175876,2.84659
175877,2.90434
175878,3.62331
175879,2.51476
175880,1.41144
175881,2.90573
175882,1.48256
175883,3.06261
175884,2.36674
175885,2.47419
175886,2.99183
175887,2.53433
175888,2.34845
175889,2.87548
175890,1.80775
175891,2.75987
175892,2.51704
175893,1.68957
175894,3.67657
175895,3.07846
175896,3.31625
175897,3.02362
175898,3.3361
175899,3.30889
175900,1.82723
175901,3.37348
175902,3.7907
175903,2.47654
175904,3.52224
175905,3.19582
175906,2.04954
175907,2.71426
175908,2.55064
175909,3.08289
175910,2.51718
175911,3.03684
175912,2.62861
175913,2.00776
175914,2.98603
175915,3.29022
175916,3.16829
175917,3.74699
175918,2.65137
175919,3.33437
175920,2.5279
175921,3.51399
175922,1.71859
175923,3.41775
175924,2.69697
175925,3.44408
175926,3.56757
175927,3.22728
175928,2.84908
175929,2.37979
175930,2.30011
175931,2.15603
175932,3.36634
175933,2.67005
175934,1.37814
175935,3.73536
175936,3.09405
175937,2.18129
175938,3.52613
175939,3.67747
175940,2.13004
175941,2.28916
175942,2.51208
175943,2.9077
175944,2.93979
175945,2.79925
175946,3.03042
175947,4.21875
175948,1.85918
175949,3.73053
175950,2.11126
175951,1.98728
175952,2.14959
175953,2.17094
175954,3.08338
175955,3.47851
175956,2.43443
175957,2.25194
175958,4.58753
175959,2.64989
175960,3.1442
175961,2.99263
175962,2.18065
175963,3.25056
175964,4.23748
175965,3.82892
175966,2.32251
175967,1.82789
175968,2.96939
175969,2.71618
175970,3.03611
175971,4.24782
175972,5.0
175973,3.82657
175974,4.14715
175975,4.33668
175976,4.83549
175977,4.44143
175978,4.75938
175979,3.59806
175980,4.10692
175981,4.36406
175982,3.69206
175983,3.85059
175984,3.9822
175985,3.25388
175986,3.97745
175987,3.26022
175988,3.38418
175989,3.41502
175990,2.83284
175991,4.45116
175992,4.08075
175993,4.42964
175994,4.68783
175995,2.48128
175996,2.89067
175997,3.86216
175998,3.93157
175999,3.28541
176000,3.92826
176001,3.57432
176002,3.53841
176003,3.5353
176004,4.01974
176005,3.26844
176006,4.0031
176007,3.39943
176008,3.76403
176009,2.91489
176010,3.58767
176011,4.22014
176012,3.18687
176013,2.66538
176014,3.36689
176015,3.40908
176016,3.15937
176017,3.84665
176018,2.77507
176019,3.54527
176020,4.33899
176021,4.62645
176022,4.28562
176023,4.88132
176024,2.91804
176025,4.93429
176026,4.01618
176027,2.69731
176028,4.12632
176029,3.65576
176030,3.59735
176031,3.7408
176032,3.49781
176033,3.2936
176034,2.43181
176035,3.88296
176036,3.8492
176037,2.97302
176038,3.77834
176039,3.18414
176040,1.23619
176041,3.09015
176042,4.4514
176043,3.40152
176044,1.87915
176045,3.17887
176046,3.18069
176047,3.31865
176048,3.29668
176049,3.63614
176050,2.93306
176051,4.03293
176052,2.63358
176053,2.97307
176054,2.41971
176055,3.0235
176056,4.12225
176057,3.6206
176058,2.79157
176059,3.13763
176060,1.22662
176061,1.39372
176062,3.4523
176063,3.4333
176064,3.06966
176065,3.77975
176066,2.44926
176067,3.5621
176068,2.9568
176069,4.38103
176070,3.05626
176071,4.53884
176072,3.88837
176073,4.5404
176074,4.84322
176075,3.7309
176076,2.87864
176077,4.08078
176078,4.32593
176079,2.72384
176080,3.59749
176081,4.74944
176082,2.91664
176083,3.72313
176084,3.33664
176085,3.48789
176086,4.19215
176087,2.98584
176088,3.09734
176089,2.5883
176090,3.93202
176091,3.39479
176092,3.19803
176093,3.34301
176094,3.91674
176095,3.27667
176096,3.8203
176097,3.87423
176098,3.08128
176099,4.20824
176100,3.74299
176101,4.55158
176102,4.10862
176103,3.73463
176104,4.05827
176105,4.27529
176106,3.55272
176107,3.39666
176108,4.20621
176109,4.52948
176110,2.56599
176111,4.57675
176112,4.01013
176113,3.62006
176114,1.96017
176115,5.0
176116,4.56828
176117,2.93997
176118,3.27817
176119,3.81836
176120,4.92372
176121,4.68542
176122,3.71919
176123,3.14814
176124,3.1057
176125,3.24278
176126,3.77257
176127,3.63873
176128,2.37698
176129,4.28278
176130,3.36396
176131,2.95303
176132,4.13749
176133,3.96211
176134,2.98387
176135,3.90447
176136,3.86327
176137,3.81038
176138,4.17929
176139,3.41767
176140,3.70207
176141,3.63379
176142,3.82332
176143,3.58969
176144,3.09093
176145,3.06951
176146,2.87575
176147,4.01838
176148,2.66428
176149,3.7033
176150,3.32376
176151,2.85657
176152,3.43483
176153,2.54098
176154,4.26087
176155,4.02708
176156,4.05759
176157,2.30424
176158,1.38569
176159,2.00501
176160,3.72654
176161,4.60782
176162,4.50733
176163,3.96914
176164,2.99236
176165,3.96677
176166,3.26572
176167,2.82454
176168,3.35004
176169,4.31538
176170,3.54149
176171,3.40886
176172,4.38569
176173,4.60501
176174,3.37215
176175,3.40543
176176,2.49273
176177,1.62417
176178,3.65503
176179,3.65364
176180,4.19283
176181,3.53442
176182,3.37683
176183,3.90289
176184,2.28614
176185,4.60786
176186,3.60351
176187,4.39901
176188,4.16871
176189,3.82702
176190,4.06765
176191,4.20522
176192,4.44113
176193,3.55678
176194,2.22707
176195,3.6253
176196,2.47087
176197,2.94737
176198,4.63989
176199,3.92193
176200,3.07702
176201,2.94894
176202,2.73851
176203,4.4177
176204,4.13461
176205,4.13919
176206,2.80739
176207,4.20115
176208,4.06249
176209,3.268
176210,3.21063
176211,4.01342
176212,2.11916
176213,1.71346
176214,2.32082
176215,3.81697
176216,2.42704
176217,4.37869
176218,2.51172
176219,4.90708
176220,3.64335
176221,3.50373
176222,1.56043
176223,2.8725
176224,3.67202
176225,4.03049
176226,2.87334
176227,3.95762
176228,3.1911
176229,4.67059
176230,3.22825
176231,2.96274
176232,1.08746
176233,3.07683
176234,4.92926
176235,4.3121
176236,2.54525
176237,4.19612
176238,3.647
176239,3.29429
176240,2.96741
176241,3.93365
176242,4.29112
176243,2.93079
176244,4.16564
176245,4.02163
176246,2.57308
176247,3.76363
176248,4.45759
176249,3.46265
176250,4.20399
176251,3.7899
176252,3.84217
176253,3.0049
176254,3.6254
176255,3.68359
176256,2.8529
176257,1.37974
176258,4.49217
176259,4.28032
176260,1.47354
176261,4.06918
176262,4.21092
176263,1.0
176264,4.22416
176265,2.65861
176266,1.83618
176267,3.2572
176268,3.16288
176269,4.10489
176270,4.31529
176271,4.69101
176272,4.2471
176273,2.64002
176274,1.7039
176275,2.98636
176276,4.30545
176277,3.57963
176278,2.54302
176279,3.35533
176280,2.00047
176281,3.9021
176282,3.91476
176283,3.23451
176284,3.72703
176285,3.35591
176286,3.82051
176287,4.04395
176288,3.45359
176289,4.285
176290,4.34461
176291,4.41793
176292,3.56673
176293,3.8653
176294,3.67034
176295,3.15127
176296,4.26945
176297,2.46563
176298,4.06601
176299,2.38347
176300,4.38954
176301,3.60647
176302,3.73148
176303,5.0
176304,2.95885
176305,4.04205
176306,5.0
176307,5.0
176308,4.54458
176309,3.39952
176310,3.67735
176311,4.02268
176312,4.51187
176313,2.94251
176314,4.12643
176315,4.11983
176316,3.14716
176317,3.38436
176318,4.0002
176319,3.84028
176320,4.46357
176321,3.03412
176322,3.52445
176323,4.57879
176324,4.11186
176325,4.42483
176326,4.41188
176327,3.67498
176328,3.67616
176329,3.26579
176330,4.00703
176331,4.17357
176332,3.53811
176333,3.9399
176334,3.51152
176335,3.95054
176336,2.96923
176337,4.08869
176338,4.48298
176339,3.38979
176340,3.56131
176341,3.84127
176342,3.33232
176343,4.33673
176344,3.29768
176345,5.0
176346,4.77224
176347,2.5873
176348,3.04681
176349,4.15617
176350,3.88178
176351,3.63715
176352,3.01288
176353,3.8968
176354,1.2098
176355,1.27233
176356,1.0
176357,2.88054
176358,1.44209
176359,1.0
176360,2.89352
176361,2.19283
176362,1.0
176363,2.27948
176364,2.50716
176365,1.37983
176366,1.39481
176367,4.27383
176368,3.45084
176369,4.1707
176370,3.78425
176371,4.54151
176372,4.01261
176373,1.76592
176374,1.0
176375,1.37463
176376,1.9218
176377,2.00768
176378,2.68193
176379,3.28408
176380,1.43565
176381,3.90445
176382,2.30553
176383,2.50358
176384,2.2889
176385,1.0
176386,1.07353
176387,3.914
176388,2.54026
176389,2.53743
176390,3.87868
176391,2.93697
176392,3.87915
176393,2.44421
176394,3.56945
176395,2.1984
176396,3.13937
176397,3.36014
176398,4.00969
176399,2.38819
176400,4.13554
176401,2.69928
176402,4.06481
176403,2.48245
176404,1.91214
176405,4.13154
176406,3.06424
176407,4.26407
176408,2.77487
176409,3.98607
176410,1.92533
176411,2.14356
176412,3.75262
176413,3.30463
176414,2.88263
176415,4.38231
176416,3.36696
176417,4.2132
176418,3.3898
176419,3.01484
176420,4.18709
176421,2.21267
176422,3.33605
176423,2.0617
176424,3.05108
176425,3.70195
176426,3.31747
176427,3.74797
176428,2.77969
176429,4.01338
176430,3.89308
176431,4.00901
176432,3.96558
176433,3.47543
176434,4.08302
176435,3.90584
176436,2.85345
176437,3.54124
176438,1.5739
176439,3.5652
176440,3.09918
176441,4.28098
176442,4.09145
176443,4.67837
176444,3.66563
176445,4.41163
176446,3.43773
176447,2.6875
176448,4.17326
176449,4.43476
176450,4.09363
176451,3.61283
176452,2.94769
176453,2.70632
176454,2.38437
176455,3.14622
176456,3.86335
176457,2.05872
176458,2.4172
176459,3.76536
176460,1.57914
176461,2.96101
176462,2.60732
176463,4.20728
176464,2.37035
176465,2.65481
176466,1.37611
176467,3.72324
176468,3.52221
176469,3.672
176470,3.44688
176471,3.26215
176472,3.42028
176473,1.59349
176474,3.64857
176475,3.30911
176476,2.30135
176477,1.06066
176478,4.06559
176479,3.04798
176480,3.91119
176481,4.49828
176482,3.69933
176483,3.60597
176484,2.47048
176485,4.32182
176486,3.41286
176487,3.42544
176488,4.40362
176489,1.39233
176490,2.96359
176491,2.65731
176492,4.36024
176493,3.52416
176494,4.12312
176495,3.9471
176496,3.1435
176497,4.11067
176498,3.05565
176499,4.39232
176500,4.4431
176501,4.3503
176502,4.02717
176503,1.33492
176504,3.82437
176505,3.28585
176506,4.18416
176507,3.66057
176508,3.69294
176509,3.72545
176510,3.15545
176511,2.83056
176512,2.77295
176513,1.89198
176514,2.92944
176515,3.88447
176516,2.46033
176517,3.30547
176518,4.36852
176519,4.68979
176520,4.54959
176521,3.37463
176522,3.21416
176523,3.88761
176524,4.57984
176525,2.13906
176526,4.49567
176527,1.97273
176528,3.47458
176529,4.23274
176530,5.0
176531,4.56185
176532,4.1277
176533,3.48386
176534,3.5595
176535,3.79601
176536,2.19613
176537,4.10136
176538,4.29354
176539,5.0
176540,1.53764
176541,2.41514
176542,4.6798
176543,3.07556
176544,3.90142
176545,3.3174
176546,3.11952
176547,3.05271
176548,3.29661
176549,4.45067
176550,3.69322
176551,3.34722
176552,1.66248
176553,2.36773
176554,2.79114
176555,4.23209
176556,4.71518
176557,3.60201
176558,1.56002
176559,2.59132
176560,1.27166
176561,3.4193
176562,4.00477
176563,1.37439
176564,1.10437
176565,1.56562
176566,5.0
176567,4.77216
176568,1.61775
176569,1.8144
176570,1.52032
176571,3.29494
176572,4.19236
176573,4.22729
176574,2.9256
176575,1.0
176576,3.66588
176577,3.24707
176578,4.14535
176579,3.04623
176580,4.04388
176581,3.0453
176582,3.72753
176583,3.18122
176584,3.11625
176585,4.47943
176586,4.97666
176587,2.3556
176588,2.02452
176589,5.0
176590,4.49803
176591,5.0
176592,4.45094
176593,4.32642
176594,3.21926
176595,3.47104
176596,3.74148
176597,4.54898
176598,3.954
176599,3.17728
176600,3.71674
176601,3.56301
176602,3.64287
176603,3.32172
176604,3.98769
176605,4.39508
176606,2.92911
176607,4.03551
176608,2.66347
176609,4.03402
176610,3.69699
176611,3.0126
176612,4.23474
176613,4.09345
176614,4.04945
176615,3.52481
176616,3.20897
176617,3.28554
176618,3.89576
176619,3.28655
176620,4.30329
176621,4.19208
176622,4.18862
176623,2.52555
176624,4.00012
176625,4.53294
176626,3.89239
176627,4.50962
176628,4.19275
176629,3.61838
176630,4.6849
176631,4.28454
176632,4.22833
176633,4.5531
176634,3.28533
176635,4.01456
176636,3.85144
176637,4.32735
176638,2.51204
176639,4.40027
176640,1.2653
176641,4.46906
176642,4.41469
176643,3.67298
176644,3.65307
176645,3.73614
176646,3.79079
176647,4.0204
176648,4.1483
176649,3.68326
176650,2.05652
176651,4.37806
176652,3.89477
176653,3.98809
176654,2.53646
176655,3.54481
176656,4.02446
176657,3.3987
176658,3.26588
176659,3.64049
176660,4.1562
176661,3.88692
176662,4.81377
176663,3.76155
176664,5.0
176665,4.34459
176666,3.90071
176667,4.32474
176668,4.22961
176669,3.53985
176670,4.32585
176671,5.0
176672,3.36645
176673,3.85763
176674,2.88957
176675,3.68925
176676,2.93537
176677,3.243
176678,4.28299
176679,3.60462
176680,3.5516
176681,3.68099
176682,3.83839
176683,4.11327
176684,3.87472
176685,2.97609
176686,3.66016
176687,3.76815
176688,4.7893
176689,5.0
176690,4.06986
176691,3.89871
176692,5.0
176693,3.67817
176694,2.23687
176695,4.33598
176696,2.81028
176697,4.18992
176698,4.03777
176699,4.04175
176700,3.72312
176701,3.8547
176702,4.02224
176703,3.30262
176704,3.64252
176705,3.25138
176706,3.33552
176707,3.25559
176708,3.49945
176709,4.15897
176710,4.32722
176711,3.47278
176712,4.15758
176713,3.69308
176714,2.62333
176715,3.63187
176716,2.95001
176717,3.32157
176718,2.39157
176719,4.11197
176720,3.14614
176721,3.92562
176722,3.77416
176723,2.27834
176724,4.12168
176725,2.90601
176726,4.11373
176727,3.3397
176728,4.31261
176729,3.6689
176730,4.02114
176731,3.03338
176732,1.0
176733,3.17731
176734,4.24917
176735,2.36013
176736,4.16656
176737,3.42934
176738,4.03104
176739,3.00645
176740,3.58987
176741,3.74916
176742,3.82378
176743,4.00718
176744,4.34466
176745,3.09542
176746,3.90568
176747,3.79896
176748,4.96223
176749,4.10997
176750,3.87955
176751,4.4562
176752,4.47465
176753,3.4451
176754,3.7583
176755,4.40159
176756,3.85352
176757,4.69004
176758,4.30546
176759,1.48498
176760,3.52747
176761,3.9906
176762,3.78449
176763,4.09284
176764,3.36188
176765,3.96672
176766,3.10908
176767,3.11116
176768,3.99774
176769,3.43074
176770,3.23401
176771,3.27824
176772,4.22107
176773,3.38547
176774,3.44908
176775,3.54057
176776,2.97492
176777,3.31727
176778,4.55691
176779,4.46972
176780,3.38996
176781,3.65248
176782,4.11999
176783,4.46047
176784,3.63326
176785,2.24722
176786,1.92799
176787,1.64905
176788,1.56691
176789,3.88479
176790,1.0
176791,1.0
176792,2.50677
176793,1.44768
176794,1.69349
176795,2.24484
176796,4.57736
176797,2.46362
176798,2.89517
176799,2.49297
176800,3.54552
176801,3.38298
176802,3.35309
176803,2.49697
176804,3.5368
176805,3.13781
176806,3.29158
176807,3.60758
176808,3.2839
176809,3.82733
176810,3.07102
176811,3.59086
176812,3.30612
176813,3.48319
176814,3.41702
176815,2.72791
176816,3.31648
176817,4.03373
176818,4.94896
176819,4.39757
176820,3.57374
176821,3.86599
176822,4.10817
176823,3.49372
176824,4.48153
176825,3.98893
176826,3.09804
176827,3.46429
176828,3.85991
176829,4.55831
176830,3.31064
176831,4.41181
176832,2.71031
176833,4.68758
176834,3.472
176835,3.63099
176836,3.52749
176837,3.99016
176838,3.79402
176839,4.16755
176840,4.0252
176841,4.92008
176842,3.81449
176843,3.24244
176844,3.10724
176845,3.21871
176846,4.55806
176847,3.92484
176848,3.25248
176849,4.50037
176850,2.82377
176851,3.93115
176852,3.87352
176853,3.29962
176854,3.6355
176855,4.48632
176856,4.03838
176857,4.31633
176858,4.34244
176859,3.12476
176860,3.91512
176861,3.72966
176862,3.53745
176863,2.04937
176864,3.63377
176865,2.97948
176866,2.54867
176867,3.08063
176868,4.07488
176869,4.5546
176870,3.79032
176871,4.98631
176872,3.64925
176873,4.11788
176874,4.76775
176875,3.67176
176876,3.81317
176877,4.43819
176878,4.49382
176879,4.54126
176880,4.27536
176881,2.38162
176882,3.87867
176883,2.81131
176884,2.31955
176885,3.69019
176886,3.157
176887,4.06288
176888,4.09533
176889,3.33526
176890,4.37733
176891,3.47462
176892,3.54528
176893,3.91633
176894,3.33854
176895,1.59062
176896,3.63499
176897,3.25353
176898,3.81772
176899,3.01726
176900,3.79181
176901,3.60601
176902,1.63951
176903,3.95327
176904,3.45029
176905,3.28817
176906,3.08722
176907,3.45241
176908,3.93077
176909,4.61679
176910,4.39082
176911,3.12517
176912,3.51925
176913,3.80649
176914,3.96768
176915,4.36896
176916,4.24218
176917,3.74784
176918,2.98239
176919,2.40909
176920,3.41789
176921,3.92154
176922,3.42678
176923,4.09377
176924,3.72501
176925,3.97775
176926,2.69048
176927,3.84493
176928,3.90313
176929,3.33022
176930,1.52913
176931,3.21594
176932,2.5021
176933,3.97663
176934,3.50512
176935,3.42481
176936,3.08217
176937,3.90771
176938,3.77139
176939,3.90283
176940,4.18712
176941,3.65254
176942,3.29756
176943,3.68996
176944,4.29929
176945,4.02525
176946,3.9437
176947,3.47132
176948,3.61047
176949,4.23103
176950,2.79094
176951,3.52053
176952,3.45245
176953,3.36383
176954,4.2604
176955,4.52111
176956,3.16491
176957,5.0
176958,3.05223
176959,3.99115
176960,2.19145
176961,4.33804
176962,2.40257
176963,2.87064
176964,4.12444
176965,4.72907
176966,3.96022
176967,4.26324
176968,3.5041
176969,3.28426
176970,3.69144
176971,5.0
176972,4.81592
176973,3.64696
176974,4.19638
176975,4.74755
176976,3.31312
176977,3.65614
176978,4.32042
176979,3.78079
176980,3.7874
176981,3.46932
176982,3.24547
176983,3.1191
176984,3.20755
176985,4.0949
176986,3.9597
176987,3.60265
176988,3.75552
176989,3.74269
176990,3.79238
176991,3.78718
176992,4.12072
176993,4.06378
176994,4.52817
176995,4.23431
176996,3.66695
176997,3.73477
176998,3.16098
176999,3.98931
177000,3.48563
177001,4.14646
177002,3.85016
177003,3.869
177004,3.50241
177005,4.13834
177006,4.54172
177007,4.02964
177008,3.72391
177009,4.82195
177010,4.22365
177011,4.85945
177012,4.74157
177013,2.92183
177014,3.23537
177015,3.77007
177016,2.88002
177017,1.38083
177018,1.86364
177019,3.58045
177020,4.0561
177021,4.20353
177022,3.73628
177023,4.42271
177024,4.76151
177025,5.0
177026,4.81287
177027,5.0
177028,4.27978
177029,4.16462
177030,4.65201
177031,3.99743
177032,4.27425
177033,3.43745
177034,3.68266
177035,3.95307
177036,3.83723
177037,3.68422
177038,3.67504
177039,3.71509
177040,3.89301
177041,3.7749
177042,3.32486
177043,3.36628
177044,3.88923
177045,3.03661
177046,3.17282
177047,1.63269
177048,2.87084
177049,3.36177
177050,3.9703
177051,4.5574
177052,3.16449
177053,2.55643
177054,3.55772
177055,1.19249
177056,2.49497
177057,3.61657
177058,4.67252
177059,3.62944
177060,4.43763
177061,2.82312
177062,3.96204
177063,3.61161
177064,3.6056
177065,3.85572
177066,3.68343
177067,3.52846
177068,4.03519
177069,3.27758
177070,4.04362
177071,2.86399
177072,3.4989
177073,1.65423
177074,4.24025
177075,3.10917
177076,3.71657
177077,3.36855
177078,2.27151
177079,1.58857
177080,2.68765
177081,3.078
177082,3.40524
177083,3.4282
177084,3.93859
177085,3.49128
177086,2.81447
177087,2.68821
177088,4.90461
177089,2.43867
177090,2.24203
177091,3.16923
177092,2.34132
177093,4.30881
177094,1.99377
177095,5.0
177096,3.82239
177097,3.86699
177098,3.06554
177099,3.56694
177100,3.90519
177101,3.66915
177102,3.53922
177103,3.26628
177104,3.8393
177105,3.38567
177106,4.52126
177107,2.57429
177108,3.86736
177109,3.31847
177110,4.2605
177111,2.98725
177112,2.67901
177113,3.05205
177114,3.44704
177115,2.64442
177116,3.52006
177117,3.83789
177118,4.27086
177119,2.65936
177120,3.87234
177121,3.22272
177122,3.10383
177123,3.31024
177124,3.61179
177125,3.79602
177126,3.82474
177127,4.10014
177128,3.74626
177129,2.87699
177130,3.94705
177131,3.90288
177132,2.55213
177133,4.0431
177134,3.87086
177135,3.69141
177136,3.76512
177137,3.93144
177138,3.08485
177139,4.05034
177140,4.18082
177141,3.93012
177142,3.22665
177143,4.50139
177144,4.6528
177145,5.0
177146,4.33819
177147,5.0
177148,4.99172
177149,4.42036
177150,4.75322
177151,3.55172
177152,2.94148
177153,2.82456
177154,3.68937
177155,3.7533
177156,2.79425
177157,3.80149
177158,1.00143
177159,2.71624
177160,3.26662
177161,3.6985
177162,3.91524
177163,3.9403
177164,3.38807
177165,2.95807
177166,2.41502
177167,3.02656
177168,3.48924
177169,3.95915
177170,3.23357
177171,1.0
177172,3.92541
177173,2.52502
177174,4.16986
177175,2.90361
177176,4.15641
177177,4.26438
177178,4.00591
177179,3.16101
177180,3.84966
177181,2.52014
177182,3.60492
177183,3.04839
177184,1.90748
177185,3.37696
177186,4.10244
177187,4.26342
177188,3.68427
177189,3.74944
177190,2.6506
177191,4.6843
177192,2.73237
177193,4.61424
177194,4.00862
177195,3.91858
177196,4.71914
177197,4.07503
177198,3.40033
177199,4.51024
177200,2.94195
177201,2.67526
177202,5.0
177203,3.85429
177204,3.47888
177205,3.31334
177206,3.13508
177207,3.15117
177208,2.18161
177209,3.60928
177210,3.18916
177211,3.48144
177212,3.37171
177213,2.64294
177214,4.62074
177215,4.42107
177216,3.82152
177217,3.94002
177218,3.86261
177219,3.76934
177220,3.92182
177221,2.95129
177222,4.38137
177223,4.12372
177224,4.16385
177225,4.28925
177226,3.54262
177227,3.8038
177228,3.2033
177229,3.76389
177230,2.60379
177231,4.02312
177232,3.41771
177233,3.35287
177234,3.73655
177235,3.4748
177236,4.43324
177237,3.07305
177238,1.78942
177239,1.91367
177240,2.61433
177241,3.41896
177242,3.42273
177243,3.30538
177244,3.34762
177245,2.13353
177246,2.94636
177247,4.13422
177248,2.45242
177249,2.73222
177250,3.2089
177251,3.98624
177252,2.74068
177253,3.07258
177254,3.10349
177255,4.04467
177256,2.72612
177257,4.14647
177258,4.52179
177259,2.9185
177260,2.83738
177261,2.40308
177262,3.37958
177263,3.45325
177264,4.0421
177265,2.8046
177266,4.27752
177267,3.35984
177268,3.81595
177269,3.4103
177270,4.08075
177271,4.16596
177272,3.12922
177273,3.30561
177274,3.76421
177275,3.65551
177276,3.48277
177277,3.10034
177278,3.7343
177279,2.80031
177280,4.05796
177281,4.06779
177282,4.001
177283,4.32715
177284,2.91302
177285,4.3589
177286,4.31757
177287,3.74883
177288,4.23709
177289,4.56225
177290,2.6539
177291,4.50504
177292,4.30621
177293,4.39618
177294,3.14264
177295,3.5007
177296,4.07663
177297,3.72504
177298,4.37175
177299,3.59012
177300,3.78801
177301,4.54977
177302,4.53148
177303,4.41003
177304,4.69516
177305,4.09625
177306,4.76619
177307,3.88858
177308,4.24391
177309,3.95999
177310,4.07738
177311,3.03766
177312,4.11014
177313,4.16227
177314,2.60927
177315,3.54844
177316,4.37905
177317,4.31913
177318,3.87052
177319,4.16058
177320,3.10806
177321,3.69569
177322,3.67857
177323,3.96391
177324,3.93555
177325,2.86481
177326,3.34328
177327,3.51315
177328,4.74064
177329,3.61262
177330,2.83742
177331,3.84833
177332,4.66316
177333,4.20087
177334,3.97008
177335,2.40766
177336,2.57296
177337,2.83398
177338,2.78718
177339,3.50061
177340,2.43109
177341,3.3128
177342,2.84689
177343,2.9329
177344,3.13137
177345,2.89496
177346,3.40718
177347,3.61088
177348,3.44117
177349,3.21876
177350,3.22765
177351,3.33889
177352,3.18358
177353,1.93851
177354,2.48864
177355,2.88785
177356,3.70622
177357,3.27713
177358,1.7364
177359,2.84719
177360,2.8382
177361,2.71213
177362,3.80685
177363,3.23296
177364,2.54648
177365,2.88579
177366,3.21492
177367,3.62535
177368,3.36924
177369,3.45175
177370,2.99101
177371,4.35644
177372,3.06982
177373,2.66861
177374,3.77865
177375,2.34299
177376,2.50337
177377,3.14549
177378,3.25131
177379,4.2326
177380,4.18374
177381,2.98782
177382,3.82069
177383,3.46981
177384,2.81116
177385,3.97232
177386,3.9815
177387,3.66552
177388,2.59985
177389,2.49473
177390,3.79877
177391,3.03917
177392,3.16795
177393,3.6119
177394,3.25447
177395,3.64456
177396,2.38988
177397,3.30838
177398,4.04335
177399,3.1564
177400,2.57821
177401,3.18939
177402,3.8742
177403,3.27542
177404,2.4961
177405,3.62625
177406,3.29784
177407,3.49149
177408,3.15241
177409,3.5127
177410,3.69491
177411,3.2541
177412,3.43938
177413,4.10721
177414,4.20138
177415,3.67937
177416,3.46404
177417,3.70895
177418,3.85804
177419,4.74842
177420,3.82258
177421,4.22766
177422,3.54374
177423,4.94112
177424,4.2464
177425,4.23287
177426,3.17546
177427,4.17439
177428,4.35122
177429,3.8815
177430,2.60679
177431,3.34044
177432,3.86833
177433,3.61247
177434,4.31742
177435,3.8983
177436,3.63407
177437,3.03741
177438,3.84092
177439,3.78907
177440,3.8331
177441,2.61434
177442,4.2574
177443,2.61761
177444,4.06337
177445,4.013
177446,3.19141
177447,4.0441
177448,3.12787
177449,2.34525
177450,3.4623
177451,3.83419
177452,1.57057
177453,3.01814
177454,3.65207
177455,3.28468
177456,3.66277
177457,3.23405
177458,2.56076
177459,3.41321
177460,3.17362
177461,3.09224
177462,2.48683
177463,3.87078
177464,3.11369
177465,2.68865
177466,3.14149
177467,4.37518
177468,2.55847
177469,4.43819
177470,4.50441
177471,4.679
177472,2.20279
177473,3.75838
177474,3.52458
177475,3.9706
177476,2.68104
177477,4.28078
177478,4.7601
177479,3.28482
177480,3.55118
177481,3.77566
177482,4.33313
177483,4.3276
177484,3.76956
177485,3.62655
177486,4.97486
177487,3.25248
177488,3.85681
177489,2.50813
177490,4.61888
177491,4.13938
177492,1.82457
177493,1.69119
177494,3.57171
177495,2.83509
177496,3.15974
177497,3.61288
177498,3.80281
177499,2.54894
177500,2.11408
177501,3.37181
177502,4.21781
177503,2.8304
177504,3.95219
177505,3.35176
177506,3.91475
177507,3.82843
177508,4.86349
177509,4.48818
177510,3.05993
177511,2.89188
177512,3.49266
177513,4.18021
177514,3.79344
177515,4.22947
177516,4.25527
177517,4.04908
177518,4.24763
177519,4.16281
177520,4.95798
177521,4.90205
177522,2.75073
177523,3.15443
177524,4.17412
177525,4.5327
177526,3.50149
177527,2.29077
177528,3.97057
177529,4.23631
177530,1.08818
177531,4.02621
177532,3.75749
177533,3.27766
177534,3.47916
177535,2.90879
177536,3.10237
177537,4.57463
177538,3.79674
177539,2.92924
177540,3.44454
177541,4.30594
177542,4.08316
177543,3.85487
177544,3.67776
177545,3.73329
177546,3.96063
177547,3.89898
177548,2.56294
177549,3.4796
177550,3.36256
177551,4.22578
177552,3.99672
177553,4.20496
177554,3.37039
177555,4.14018
177556,2.50022
177557,4.30844
177558,3.82411
177559,3.20871
177560,4.09198
177561,1.6888
177562,2.98636
177563,4.04654
177564,2.04927
177565,4.33172
177566,2.82421
177567,3.65661
177568,2.8746
177569,4.25308
177570,4.111
177571,3.14828
177572,3.35665
177573,3.27048
177574,3.88508
177575,4.1722
177576,4.54959
177577,3.74309
177578,2.92463
177579,3.5093
177580,4.43476
177581,2.90841
177582,3.83779
177583,2.51085
177584,3.7141
177585,3.16783
177586,2.81765
177587,3.21901
177588,3.54505
177589,1.71332
177590,4.7066
177591,3.87168
177592,3.10113
177593,3.23022
177594,3.54081
177595,2.54166
177596,3.22592
177597,2.8628
177598,4.65795
177599,3.96056
177600,3.70151
177601,4.36223
177602,4.18062
177603,4.44431
177604,3.91199
177605,3.93766
177606,3.65668
177607,3.99361
177608,3.71647
177609,3.87829
177610,3.30725
177611,3.46854
177612,4.16177
177613,3.00631
177614,5.0
177615,4.87283
177616,5.0
177617,3.43496
177618,4.34881
177619,5.0
177620,4.43386
177621,4.9279
177622,4.30031
177623,4.75516
177624,3.87191
177625,4.1574
177626,4.49409
177627,4.34595
177628,4.32344
177629,3.15763
177630,4.01838
177631,4.15381
177632,4.47211
177633,3.67992
177634,3.2983
177635,3.54152
177636,4.23009
177637,4.09518
177638,3.79473
177639,3.99931
177640,4.07367
177641,4.05138
177642,3.10937
177643,3.94031
177644,2.97286
177645,3.73277
177646,3.40781
177647,3.33607
177648,3.4094
177649,3.69437
177650,3.84842
177651,4.33057
177652,3.84326
177653,2.71373
177654,3.80354
177655,1.5505
177656,1.19065
177657,2.1289
177658,3.84621
177659,2.97104
177660,3.2614
177661,2.83775
177662,4.7518
177663,2.41301
177664,3.96657
177665,3.3045
177666,3.74094
177667,4.12921
177668,4.26015
177669,4.45552
177670,4.26271
177671,3.98728
177672,3.71423
177673,3.97251
177674,2.13199
177675,3.43862
177676,2.12998
177677,3.53067
177678,3.51661
177679,3.86456
177680,3.99565
177681,2.4473
177682,3.97754
177683,3.36666
177684,2.39708
177685,4.19589
177686,3.16433
177687,3.19754
177688,2.27695
177689,4.39718
177690,3.78965
177691,3.86239
177692,3.74803
177693,3.37644
177694,4.16007
177695,4.18754
177696,2.78351
177697,3.28487
177698,3.53988
177699,2.69284
177700,5.0
177701,4.19302
177702,4.26488
177703,4.41836
177704,4.51171
177705,2.632
177706,2.23789
177707,3.45676
177708,2.34069
177709,3.02165
177710,4.45145
177711,3.38389
177712,2.62521
177713,2.26151
177714,3.32598
177715,3.72656
177716,2.53778
177717,1.60162
177718,2.96781
177719,3.18388
177720,3.30972
177721,2.82252
177722,1.86824
177723,3.06115
177724,4.9689
177725,5.0
177726,1.0
177727,3.69919
177728,2.45886
177729,2.48985
177730,2.72056
177731,4.18264
177732,2.40727
177733,3.37921
177734,3.78533
177735,3.45127
177736,3.18377
177737,2.28439
177738,3.24218
177739,2.83922
177740,2.93064
177741,3.19331
177742,3.0594
177743,2.25781
177744,2.76739
177745,2.78862
177746,2.40337
177747,3.54612
177748,3.25732
177749,2.48292
177750,3.19172
177751,3.39806
177752,2.95235
177753,4.33291
177754,4.05287
177755,4.04243
177756,2.977
177757,3.7794
177758,3.76422
177759,3.66334
177760,2.26209
177761,5.0
177762,3.77163
177763,4.52062
177764,3.13562
177765,1.0
177766,4.23861
177767,4.65112
177768,3.13087
177769,2.46782
177770,5.0
177771,3.6295
177772,3.3079
177773,4.19975
177774,1.86999
177775,3.13842
177776,3.60855
177777,2.47319
177778,4.27056
177779,4.00563
177780,4.39361
177781,3.79262
177782,3.51615
177783,3.33182
177784,3.47381
177785,4.29572
177786,3.40201
177787,3.32484
177788,3.36132
177789,3.35287
177790,3.32028
177791,3.95169
177792,3.46115
177793,2.07549
177794,2.741
177795,3.08756
177796,3.66448
177797,3.36342
177798,4.34214
177799,3.04809
177800,2.09182
177801,3.25488
177802,2.68457
177803,2.66599
177804,3.73192
177805,2.98614
177806,3.44942
177807,3.10466
177808,2.87109
177809,2.88721
177810,3.82168
177811,2.33656
177812,2.16175
177813,4.79789
177814,3.89917
177815,4.06791
177816,3.72226
177817,2.38208
177818,3.79499
177819,4.33307
177820,4.31147
177821,2.81544
177822,2.89918
177823,2.93344
177824,3.62497
177825,4.17245
177826,1.99727
177827,4.67016
177828,4.18916
177829,4.15013
177830,4.2531
177831,3.03765
177832,3.61688
177833,3.33219
177834,3.38431
177835,3.83022
177836,2.6845
177837,4.61523
177838,3.03041
177839,2.87267
177840,4.12383
177841,2.94997
177842,3.94799
177843,3.95319
177844,2.93676
177845,1.13127
177846,3.93499
177847,4.35235
177848,3.63693
177849,4.68428
177850,3.84141
177851,4.16195
177852,4.11645
177853,3.38767
177854,2.30837
177855,4.01166
177856,2.65487
177857,3.35814
177858,3.43424
177859,4.49324
177860,2.74759
177861,3.59398
177862,4.65179
177863,1.30224
177864,3.5225
177865,4.55568
177866,3.62719
177867,4.16014
177868,4.15277
177869,3.76338
177870,4.50018
177871,3.67751
177872,4.80891
177873,4.94214
177874,3.74048
177875,3.64216
177876,2.53002
177877,3.78911
177878,3.57386
177879,3.88554
177880,3.65323
177881,3.76681
177882,2.34855
177883,3.39706
177884,2.92663
177885,3.67885
177886,3.18306
177887,3.06573
177888,2.39508
177889,3.70571
177890,3.11311
177891,3.63279
177892,1.88038
177893,5.0
177894,4.34159
177895,3.82545
177896,3.66576
177897,4.08342
177898,3.23053
177899,2.91452
177900,4.06228
177901,3.63418
177902,3.67791
177903,3.72695
177904,3.0197
177905,3.81234
177906,3.35548
177907,3.93086
177908,3.06735
177909,3.32811
177910,3.57005
177911,3.39162
177912,3.29367
177913,3.13526
177914,3.57862
177915,3.78762
177916,3.11547
177917,2.77304
177918,4.34297
177919,3.55365
177920,3.08147
177921,3.86018
177922,3.5465
177923,3.4487
177924,2.63626
177925,2.42895
177926,3.41408
177927,2.51823
177928,3.13878
177929,2.81715
177930,3.0835
177931,3.55063
177932,2.90553
177933,3.72218
177934,3.00664
177935,3.64355
177936,3.68591
177937,3.59951
177938,4.02745
177939,4.51647
177940,3.68178
177941,4.64559
177942,3.84779
177943,3.65784
177944,3.81957
177945,4.42194
177946,3.92701
177947,3.46152
177948,3.18056
177949,3.72052
177950,4.30548
177951,3.03875
177952,3.60547
177953,3.83703
177954,3.53724
177955,3.78386
177956,4.06566
177957,3.02755
177958,3.13413
177959,2.94499
177960,3.55278
177961,3.03291
177962,3.45151
177963,2.24439
177964,4.14554
177965,4.04783
177966,3.4982
177967,3.62955
177968,3.96779
177969,3.93281
177970,3.7078
177971,3.45014
177972,3.84836
177973,3.86821
177974,3.65356
177975,3.54026
177976,2.57379
177977,4.00867
177978,3.47375
177979,3.94112
177980,3.97423
177981,4.42914
177982,3.96083
177983,3.12183
177984,4.58623
177985,4.87086
177986,2.33484
177987,4.12855
177988,4.29061
177989,3.99128
177990,2.94755
177991,4.28932
177992,4.37864
177993,4.15305
177994,4.70843
177995,3.3104
177996,3.28938
177997,3.56477
177998,3.55742
177999,4.08345
178000,2.63615
178001,3.332
178002,3.95476
178003,2.93529
178004,4.31216
178005,3.5792
178006,3.72976
178007,2.66582
178008,2.38884
178009,3.98189
178010,2.62734
178011,1.87946
178012,1.0
178013,3.98961
178014,1.77562
178015,1.0
178016,1.63884
178017,1.25849
178018,1.26758
178019,2.8064
178020,4.18561
178021,2.63912
178022,3.54387
178023,2.06772
178024,3.19131
178025,1.61972
178026,1.81982
178027,2.46648
178028,2.70262
178029,2.75017
178030,1.77001
178031,1.81771
178032,4.22586
178033,3.61717
178034,2.05044
178035,3.8544
178036,3.88472
178037,1.0
178038,2.65482
178039,2.47206
178040,1.0
178041,2.20768
178042,1.55461
178043,1.67348
178044,1.33254
178045,3.02384
178046,2.83685
178047,3.1894
178048,1.88513
178049,2.0545
178050,1.74212
178051,3.25599
178052,2.32711
178053,2.5965
178054,2.3643
178055,1.05345
178056,3.05649
178057,1.0
178058,3.05597
178059,3.18686
178060,4.54787
178061,3.87435
178062,4.65194
178063,3.92054
178064,3.71997
178065,4.03004
178066,4.45469
178067,4.0348
178068,5.0
178069,2.98257
178070,4.02447
178071,3.26898
178072,3.93709
178073,4.75904
178074,4.66973
178075,4.37678
178076,4.74606
178077,4.3
178078,5.0
178079,5.0
178080,3.56912
178081,3.34594
178082,5.0
178083,3.61226
178084,2.69324
178085,3.72347
178086,3.96468
178087,3.63827
178088,4.29686
178089,4.39601
178090,3.75845
178091,3.70998
178092,2.91754
178093,3.94716
178094,3.88593
178095,4.49743
178096,3.18742
178097,4.30499
178098,4.60831
178099,4.60373
178100,3.08007
178101,4.50735
178102,4.09774
178103,3.9747
178104,4.00249
178105,3.80826
178106,2.26989
178107,2.81672
178108,2.71429
178109,3.38378
178110,2.90631
178111,3.04407
178112,2.84724
178113,3.03217
178114,2.38672
178115,2.78712
178116,2.96752
178117,2.68104
178118,2.45872
178119,2.34544
178120,3.13188
178121,3.14396
178122,3.07798
178123,2.63479
178124,3.09898
178125,3.53122
178126,3.53671
178127,2.66467
178128,2.9753
178129,3.55076
178130,3.57167
178131,3.46103
178132,3.78471
178133,2.67077
178134,3.42694
178135,3.37318
178136,2.882
178137,3.73659
178138,3.84698
178139,3.56969
178140,3.5125
178141,3.44128
178142,3.7549
178143,3.45863
178144,3.7706
178145,3.18595
178146,3.50206
178147,2.41312
178148,4.09933
178149,3.41652
178150,2.611
178151,3.91173
178152,3.8552
178153,3.29886
178154,2.5237
178155,3.93496
178156,3.59416
178157,3.00364
178158,3.78222
178159,3.06985
178160,3.64658
178161,3.42742
178162,3.76309
178163,3.27233
178164,3.66073
178165,4.53344
178166,4.02938
178167,4.27791
178168,4.07769
178169,3.76155
178170,2.90539
178171,3.73378
178172,3.36052
178173,3.61255
178174,3.26859
178175,3.81323
178176,4.28527
178177,3.7227
178178,3.61246
178179,2.76001
178180,3.54566
178181,4.0267
178182,3.95404
178183,3.52431
178184,3.18443
178185,3.8199
178186,4.29057
178187,4.01685
178188,3.44577
178189,4.59504
178190,3.98402
178191,3.30506
178192,3.16644
178193,2.5123
178194,3.64664
178195,3.36094
178196,2.5017
178197,3.20126
178198,2.04458
178199,3.82169
178200,2.83577
178201,2.87992
178202,3.66557
178203,3.04483
178204,4.3316
178205,3.82762
178206,4.27303
178207,5.0
178208,5.0
178209,4.11474
178210,4.22313
178211,4.74852
178212,4.06563
178213,4.17668
178214,4.01772
178215,3.167
178216,4.4228
178217,2.95746
178218,3.5195
178219,3.19095
178220,3.44444
178221,3.85252
178222,2.06359
178223,3.0391
178224,2.62384
178225,3.01261
178226,3.39002
178227,4.25271
178228,4.3794
178229,3.04451
178230,3.94016
178231,3.23036
178232,3.82095
178233,4.34705
178234,3.73603
178235,4.14936
178236,3.60674
178237,3.94258
178238,4.38712
178239,4.18438
178240,4.28097
178241,2.59817
178242,3.68962
178243,3.9959
178244,1.8047
178245,3.01741
178246,4.61796
178247,3.95684
178248,4.46969
178249,4.23363
178250,3.12579
178251,3.96183
178252,3.64384
178253,4.33398
178254,3.7227
178255,4.35269
178256,4.76148
178257,2.86323
178258,2.14999
178259,4.245
178260,5.0
178261,3.84988
178262,4.01927
178263,3.865
178264,4.61191
178265,4.00515
178266,4.28742
178267,3.81698
178268,3.21267
178269,3.71657
178270,3.92514
178271,4.10637
178272,5.0
178273,4.41278
178274,3.87115
178275,4.464
178276,4.72011
178277,3.50526
178278,3.03756
178279,3.8132
178280,3.72339
178281,4.66269
178282,2.63878
178283,4.23263
178284,3.21926
178285,2.57265
178286,2.53322
178287,5.0
178288,4.21361
178289,3.80222
178290,4.24748
178291,2.75385
178292,4.06626
178293,4.1795
178294,3.5648
178295,3.99113
178296,3.35911
178297,3.9047
178298,4.3719
178299,3.96594
178300,4.8944
178301,4.03489
178302,4.60206
178303,4.49154
178304,4.12239
178305,2.48204
178306,4.19186
178307,2.82398
178308,3.81826
178309,4.46023
178310,3.70529
178311,4.61326
178312,4.29409
178313,3.37431
178314,4.80415
178315,3.60864
178316,4.55812
178317,4.04879
178318,3.43946
178319,4.79479
178320,4.08144
178321,3.8435
178322,4.07833
178323,4.17144
178324,2.66465
178325,4.06845
178326,3.72124
178327,4.02298
178328,3.49482
178329,3.53462
178330,2.6465
178331,3.06456
178332,2.90989
178333,3.88675
178334,4.0004
178335,3.78883
178336,4.20504
178337,2.87838
178338,3.18242
178339,4.05698
178340,3.39228
178341,3.40037
178342,4.00114
178343,3.99294
178344,3.59281
178345,4.07794
178346,3.48745
178347,2.41643
178348,3.91598
178349,4.3587
178350,3.55004
178351,3.53134
178352,3.999
178353,3.85613
178354,3.0967
178355,2.63074
178356,3.98657
178357,4.09355
178358,2.24256
178359,2.18978
178360,3.46812
178361,3.85268
178362,3.31589
178363,3.56342
178364,3.81856
178365,4.20015
178366,3.64266
178367,3.75888
178368,3.23197
178369,3.5871
178370,4.49965
178371,2.71032
178372,4.04899
178373,4.25533
178374,3.68194
178375,4.43392
178376,3.8852
178377,4.45631
178378,4.33522
178379,4.49634
178380,3.19669
178381,3.8479
178382,2.26537
178383,4.0504
178384,3.34294
178385,2.52158
178386,3.33584
178387,4.13276
178388,4.27096
178389,3.13671
178390,3.8636
178391,3.48828
178392,3.61077
178393,3.7298
178394,3.60433
178395,5.0
178396,3.93871
178397,3.66217
178398,3.59494
178399,4.06425
178400,3.54767
178401,4.68728
178402,3.78443
178403,4.03941
178404,4.23389
178405,2.13807
178406,3.63328
178407,4.25068
178408,4.44405
178409,3.36075
178410,3.18763
178411,4.75378
178412,2.05856
178413,1.50472
178414,4.80945
178415,4.67119
178416,4.78683
178417,4.43793
178418,3.30248
178419,4.29932
178420,2.60481
178421,2.7299
178422,3.56068
178423,4.15466
178424,2.96097
178425,2.99151
178426,4.03376
178427,2.94176
178428,3.76267
178429,2.78853
178430,2.83246
178431,4.25582
178432,4.16208
178433,2.00185
178434,3.65957
178435,2.48659
178436,4.00477
178437,3.65346
178438,3.49831
178439,3.34903
178440,3.49041
178441,3.7624
178442,3.38552
178443,3.84583
178444,2.76501
178445,3.14906
178446,3.39278
178447,3.32403
178448,4.47898
178449,4.56581
178450,2.41868
178451,3.07623
178452,3.87849
178453,3.7809
178454,3.72541
178455,3.921
178456,4.05673
178457,3.99371
178458,4.45936
178459,4.45814
178460,3.87512
178461,2.56584
178462,3.31886
178463,4.64315
178464,3.95725
178465,1.0
178466,2.72007
178467,3.96142
178468,3.89316
178469,3.9028
178470,3.84545
178471,2.78421
178472,3.3707
178473,3.10178
178474,4.66085
178475,3.25718
178476,2.67667
178477,4.15476
178478,3.40963
178479,3.90906
178480,4.3771
178481,3.84267
178482,4.2061
178483,2.41496
178484,2.40129
178485,3.42633
178486,3.05916
178487,3.64225
178488,3.53392
178489,3.17651
178490,1.56539
178491,2.44917
178492,2.93599
178493,2.23846
178494,3.79609
178495,3.03382
178496,3.12214
178497,4.52645
178498,2.75646
178499,3.78176
178500,3.69848
178501,3.21175
178502,3.34195
178503,2.64012
178504,3.8417
178505,3.53711
178506,3.5535
178507,3.66767
178508,2.12849
178509,2.31514
178510,1.64715
178511,2.86201
178512,1.09751
178513,2.9018
178514,3.29835
178515,3.39195
178516,3.10508
178517,2.52413
178518,4.69677
178519,5.0
178520,5.0
178521,4.39259
178522,4.38131
178523,4.37956
178524,3.74476
178525,3.7117
178526,4.17058
178527,5.0
178528,3.8166
178529,4.29581
178530,4.92048
178531,4.65844
178532,4.0311
178533,4.31644
178534,4.16638
178535,4.79888
178536,3.86856
178537,3.71931
178538,1.68759
178539,2.67959
178540,3.45056
178541,4.99016
178542,4.79422
178543,4.0759
178544,2.35417
178545,4.59963
178546,3.47341
178547,3.94815
178548,2.57284
178549,2.49462
178550,5.0
178551,4.96798
178552,4.06236
178553,3.3579
178554,3.5514
178555,3.69164
178556,4.35526
178557,2.56407
178558,4.78882
178559,4.6689
178560,3.67457
178561,3.96287
178562,2.92568
178563,3.45549
178564,4.63192
178565,3.83131
178566,3.15463
178567,4.17095
178568,2.16981
178569,2.4394
178570,3.39794
178571,4.01152
178572,4.01473
178573,3.47935
178574,2.94236
178575,3.26722
178576,3.77693
178577,3.91598
178578,4.32277
178579,4.6702
178580,3.43177
178581,4.82775
178582,4.67637
178583,2.38591
178584,3.6736
178585,3.56314
178586,4.38573
178587,4.40716
178588,5.0
178589,4.42318
178590,2.62777
178591,2.7824
178592,5.0
178593,3.56541
178594,2.47105
178595,4.34329
178596,4.80771
178597,4.85456
178598,4.61714
178599,4.89129
178600,3.75208
178601,4.87143
178602,4.00828
178603,3.84129
178604,4.59733
178605,3.902
178606,4.82428
178607,4.72525
178608,4.36745
178609,2.91933
178610,3.47041
178611,3.61319
178612,2.93354
178613,2.36021
178614,2.54097
178615,3.28246
178616,1.86379
178617,3.4922
178618,3.11139
178619,2.57421
178620,3.80195
178621,2.96847
178622,4.0259
178623,3.30578
178624,2.70017
178625,3.39597
178626,2.94678
178627,3.25059
178628,1.96049
178629,3.7536
178630,2.79422
178631,3.34087
178632,4.60761
178633,4.35043
178634,4.24696
178635,1.98474
178636,4.0894
178637,4.35331
178638,4.35882
178639,2.93283
178640,3.84805
178641,3.13495
178642,2.0541
178643,3.2765
178644,3.97033
178645,4.17934
178646,4.91594
178647,4.61486
178648,4.8002
178649,4.9027
178650,4.77956
178651,4.60389
178652,2.83017
178653,3.46763
178654,4.14894
178655,4.80153
178656,2.76555
178657,2.82485
178658,2.31289
178659,2.31321
178660,2.96203
178661,3.17078
178662,2.97722
178663,2.89335
178664,2.25601
178665,2.36702
178666,2.46451
178667,2.8761
178668,2.62926
178669,2.21826
178670,2.33528
178671,2.90874
178672,3.04273
178673,2.33503
178674,3.22884
178675,4.64724
178676,2.37153
178677,2.10835
178678,4.16677
178679,1.91942
178680,1.20331
178681,3.50001
178682,2.97601
178683,2.62323
178684,1.69936
178685,2.08268
178686,2.03771
178687,2.43556
178688,2.75164
178689,2.54659
178690,3.52068
178691,4.1788
178692,3.87441
178693,3.53702
178694,3.82388
178695,3.96039
178696,4.53428
178697,3.56141
178698,4.58577
178699,4.3718
178700,4.47279
178701,3.78868
178702,4.19813
178703,3.81051
178704,4.2117
178705,4.31165
178706,3.26296
178707,4.35335
178708,3.66227
178709,3.69367
178710,4.4154
178711,4.18327
178712,3.91123
178713,3.6208
178714,3.86748
178715,4.59916
178716,2.63504
178717,3.18779
178718,3.76134
178719,3.22494
178720,2.57089
178721,3.74423
178722,3.90605
178723,3.43103
178724,3.8401
178725,3.20246
178726,4.35998
178727,4.04558
178728,3.11521
178729,4.7187
178730,5.0
178731,3.92596
178732,2.56219
178733,2.45459
178734,4.51757
178735,4.35724
178736,5.0
178737,4.2398
178738,5.0
178739,3.95135
178740,3.30972
178741,3.94401
178742,4.34103
178743,4.4955
178744,4.11078
178745,3.29175
178746,4.37725
178747,4.26941
178748,4.95406
178749,4.20047
178750,4.09724
178751,4.67737
178752,3.9046
178753,4.81973
178754,2.98675
178755,3.65063
178756,4.92298
178757,3.80133
178758,4.02921
178759,2.98672
178760,3.67078
178761,2.87992
178762,2.86421
178763,4.20444
178764,3.05857
178765,2.16946
178766,3.36183
178767,4.25346
178768,4.80848
178769,3.93151
178770,3.12335
178771,3.66288
178772,4.13172
178773,3.35839
178774,3.99087
178775,4.35407
178776,2.57515
178777,4.00974
178778,4.0432
178779,4.00843
178780,4.57995
178781,3.81971
178782,2.94999
178783,4.84458
178784,4.58751
178785,4.45609
178786,4.17039
178787,3.54427
178788,3.57506
178789,4.04578
178790,1.73716
178791,3.20498
178792,2.85919
178793,3.19593
178794,4.52535
178795,2.85745
178796,4.17258
178797,1.0
178798,3.5062
178799,3.23656
178800,4.84882
178801,4.15944
178802,4.11721
178803,4.22169
178804,3.64304
178805,4.00888
178806,4.39651
178807,4.06052
178808,3.58023
178809,4.709
178810,3.93338
178811,3.56839
178812,3.29206
178813,4.55253
178814,4.67758
178815,4.03726
178816,3.14485
178817,3.55977
178818,3.91385
178819,3.43793
178820,4.49247
178821,4.0065
178822,2.52242
178823,3.64447
178824,3.19355
178825,3.81952
178826,4.45615
178827,4.1962
178828,3.9346
178829,3.94532
178830,4.04295
178831,4.5192
178832,4.06381
178833,4.46039
178834,4.23335
178835,4.18084
178836,2.99105
178837,3.22993
178838,2.36705
178839,2.90918
178840,3.40491
178841,4.3018
178842,1.85457
178843,2.86948
178844,2.54454
178845,2.70803
178846,4.45534
178847,4.05661
178848,4.25293
178849,3.31377
178850,4.45118
178851,4.18471
178852,2.85085
178853,3.85104
178854,3.17956
178855,3.75891
178856,4.40504
178857,3.96481
178858,4.47207
178859,3.89758
178860,4.69951
178861,4.01504
178862,4.86577
178863,3.72151
178864,3.4427
178865,4.29786
178866,4.3469
178867,3.76316
178868,4.10341
178869,3.86898
178870,4.10951
178871,3.61791
178872,4.22285
178873,4.45214
178874,4.25019
178875,3.89132
178876,5.0
178877,3.45487
178878,4.6926
178879,3.88333
178880,3.98498
178881,3.20184
178882,4.59179
178883,3.25195
178884,4.27301
178885,4.5584
178886,4.10416
178887,3.32466
178888,4.46417
178889,4.46929
178890,3.70448
178891,4.69896
178892,3.61984
178893,2.38239
178894,3.89873
178895,4.22916
178896,3.40223
178897,3.62384
178898,4.21462
178899,4.24944
178900,3.44207
178901,4.22775
178902,4.61911
178903,4.08179
178904,4.41896
178905,4.29791
178906,4.79621
178907,4.82339
178908,4.4906
178909,4.1928
178910,4.72457
178911,3.72376
178912,3.23637
178913,3.53586
178914,3.28518
178915,3.40358
178916,3.02122
178917,3.85845
178918,3.02195
178919,3.39952
178920,2.78138
178921,2.78924
178922,2.5985
178923,2.94982
178924,3.26739
178925,3.14416
178926,3.0533
178927,3.3416
178928,3.41861
178929,2.93436
178930,3.05368
178931,3.23112
178932,3.08224
178933,3.13563
178934,3.23989
178935,3.54788
178936,3.91021
178937,2.87196
178938,2.65501
178939,3.4175
178940,3.46516
178941,3.14367
178942,2.87085
178943,3.46098
178944,2.14086
178945,3.11688
178946,3.47415
178947,2.62674
178948,2.63859
178949,2.70487
178950,2.95147
178951,3.07996
178952,3.22687
178953,3.09244
178954,3.30107
178955,3.08543
178956,3.66171
178957,2.95684
178958,3.271
178959,3.37885
178960,2.51806
178961,3.33499
178962,3.52005
178963,2.79536
178964,3.61477
178965,3.18664
178966,3.89046
178967,3.12989
178968,3.43289
178969,3.12879
178970,3.21272
178971,3.36518
178972,2.7892
178973,2.99575
178974,2.98319
178975,3.29617
178976,3.08064
178977,3.43532
178978,3.29802
178979,2.81356
178980,3.05205
178981,3.02527
178982,2.80804
178983,3.4508
178984,3.75826
178985,2.82977
178986,3.24549
178987,3.2956
178988,3.00236
178989,3.46982
178990,3.46698
178991,2.93259
178992,2.95533
178993,3.37526
178994,3.13408
178995,2.72545
178996,3.11071
178997,3.17079
178998,3.02682
178999,2.95363
179000,3.57214
179001,3.06495
179002,3.09608
179003,3.46037
179004,3.17929
179005,2.83982
179006,3.59162
179007,3.40738
179008,2.36553
179009,3.19721
179010,2.81341
179011,2.83461
179012,3.56034
179013,4.24704
179014,3.90011
179015,3.05231
179016,2.77865
179017,4.49049
179018,3.67926
179019,4.1962
179020,4.50384
179021,4.22238
179022,4.10795
179023,3.82899
179024,3.7062
179025,3.69522
179026,4.34784
179027,3.12581
179028,3.38977
179029,3.79151
179030,3.85154
179031,4.11448
179032,3.90395
179033,3.22239
179034,3.96045
179035,3.40135
179036,4.59322
179037,3.11358
179038,3.78054
179039,4.10829
179040,2.57442
179041,4.63356
179042,3.96778
179043,3.32847
179044,3.63623
179045,4.61428
179046,3.30348
179047,3.60096
179048,3.49519
179049,4.29678
179050,3.68512
179051,3.31461
179052,4.29945
179053,3.13212
179054,3.01328
179055,3.47614
179056,3.12709
179057,3.48713
179058,2.48143
179059,4.05565
179060,3.77906
179061,4.00278
179062,3.1654
179063,4.05248
179064,3.817
179065,3.61703
179066,3.32276
179067,2.04181
179068,3.6648
179069,3.42533
179070,3.29745
179071,3.89818
179072,3.98765
179073,3.04506
179074,3.70345
179075,4.04816
179076,3.85753
179077,4.1197
179078,4.05414
179079,4.00512
179080,3.75017
179081,3.6795
179082,4.11098
179083,3.66229
179084,3.97537
179085,3.74411
179086,3.72602
179087,3.58662
179088,3.37849
179089,3.06816
179090,3.19571
179091,3.12272
179092,3.04257
179093,2.96501
179094,2.96869
179095,3.17322
179096,3.58786
179097,3.34971
179098,3.60691
179099,3.02609
179100,3.45696
179101,3.33272
179102,2.96674
179103,3.16318
179104,3.26277
179105,2.71717
179106,2.94006
179107,3.26223
179108,3.94786
179109,3.50126
179110,3.81182
179111,3.19336
179112,3.97494
179113,3.20981
179114,3.88399
179115,3.58449
179116,3.04958
179117,4.23274
179118,3.19398
179119,3.96906
179120,3.97207
179121,3.82959
179122,2.48898
179123,3.85595
179124,3.20294
179125,4.39016
179126,3.26874
179127,4.18069
179128,3.65197
179129,3.89515
179130,3.34712
179131,2.44609
179132,2.88148
179133,3.89635
179134,3.86623
179135,3.88987
179136,3.09694
179137,4.30109
179138,3.78358
179139,2.96843
179140,3.75264
179141,3.90327
179142,3.22486
179143,4.42894
179144,3.79398
179145,3.70881
179146,3.52267
179147,3.38186
179148,3.78141
179149,4.04758
179150,3.39707
179151,4.89794
179152,3.765
179153,2.29379
179154,2.68437
179155,3.8687
179156,3.82297
179157,3.03971
179158,3.03902
179159,3.6092
179160,3.47802
179161,3.01999
179162,4.7733
179163,4.00043
179164,3.48654
179165,3.53056
179166,3.32805
179167,3.84969
179168,4.20604
179169,3.09935
179170,3.59448
179171,3.61925
179172,3.59408
179173,3.94205
179174,2.49707
179175,4.12555
179176,4.306
179177,4.31351
179178,4.7434
179179,2.55842
179180,4.17515
179181,4.43639
179182,2.35571
179183,4.7508
179184,4.75356
179185,2.6822
179186,4.68933
179187,2.17057
179188,4.11131
179189,3.98772
179190,3.70824
179191,2.52856
179192,2.72971
179193,3.06294
179194,3.25831
179195,4.67852
179196,3.71877
179197,3.18912
179198,4.17629
179199,3.3992
179200,2.30214
179201,4.55975
179202,4.42158
179203,3.84253
179204,1.68948
179205,2.11647
179206,2.85543
179207,3.41759
179208,3.40288
179209,3.89374
179210,3.16267
179211,3.56072
179212,3.76219
179213,4.29271
179214,4.30426
179215,3.50381
179216,2.66016
179217,4.57584
179218,4.72903
179219,4.77163
179220,4.69463
179221,4.50592
179222,3.95879
179223,4.16426
179224,2.60669
179225,4.09479
179226,4.03813
179227,5.0
179228,4.68853
179229,4.4575
179230,4.65516
179231,4.09643
179232,4.17812
179233,2.88963
179234,4.96028
179235,4.76316
179236,3.37389
179237,2.9291
179238,2.54004
179239,4.10419
179240,3.3008
179241,4.85301
179242,4.55853
179243,4.48786
179244,4.21633
179245,4.14105
179246,3.80927
179247,1.8486
179248,5.0
179249,3.98688
179250,3.81201
179251,4.07927
179252,3.70546
179253,4.46452
179254,3.63438
179255,3.20956
179256,1.44757
179257,2.50986
179258,3.17577
179259,3.61737
179260,4.40672
179261,3.52052
179262,4.06521
179263,3.18961
179264,2.92561
179265,2.65494
179266,2.48497
179267,1.98605
179268,4.40254
179269,3.87082
179270,3.87255
179271,3.85102
179272,2.31752
179273,3.70902
179274,2.7031
179275,2.93922
179276,2.63778
179277,3.36096
179278,3.08339
179279,2.11077
179280,3.67218
179281,3.60424
179282,4.04802
179283,3.4328
179284,4.16068
179285,5.0
179286,3.98998
179287,3.30105
179288,4.52406
179289,3.18221
179290,4.10627
179291,4.52497
179292,4.08399
179293,4.31287
179294,4.29404
179295,4.30668
179296,3.7334
179297,3.79354
179298,2.85486
179299,4.26429
179300,3.38449
179301,3.27297
179302,3.69033
179303,4.57555
179304,1.75642
179305,3.23047
179306,3.94561
179307,3.145
179308,3.81334
179309,4.32583
179310,3.75541
179311,2.9338
179312,2.85254
179313,2.92457
179314,3.06468
179315,3.2992
179316,3.35854
179317,4.25202
179318,4.09283
179319,4.66734
179320,4.22251
179321,3.93666
179322,3.36166
179323,3.13376
179324,3.33675
179325,3.78635
179326,2.91487
179327,3.9694
179328,4.08019
179329,3.25209
179330,4.46054
179331,3.51903
179332,3.61357
179333,4.59028
179334,4.60683
179335,3.83464
179336,3.26894
179337,4.13571
179338,3.95276
179339,4.01293
179340,3.50171
179341,3.51804
179342,2.18809
179343,2.16424
179344,2.92917
179345,4.60546
179346,2.2728
179347,4.00135
179348,4.15048
179349,4.18103
179350,3.90793
179351,3.36734
179352,3.6485
179353,3.76724
179354,2.43535
179355,3.47995
179356,2.47023
179357,3.67078
179358,4.48072
179359,3.76764
179360,4.5973
179361,3.48159
179362,4.40466
179363,3.65204
179364,4.45181
179365,4.79809
179366,4.51225
179367,2.33183
179368,2.88554
179369,4.78319
179370,4.345
179371,3.81444
179372,4.12936
179373,4.46398
179374,3.27773
179375,3.22101
179376,2.96129
179377,3.80374
179378,2.80639
179379,1.41483
179380,2.7204
179381,3.00934
179382,3.82214
179383,2.79097
179384,4.02335
179385,3.52937
179386,3.34975
179387,3.69157
179388,4.12589
179389,2.19
179390,3.15123
179391,4.84265
179392,4.03305
179393,4.44292
179394,2.30709
179395,3.76306
179396,3.96471
179397,2.50852
179398,4.56326
179399,2.54692
179400,2.6816
179401,3.41454
179402,3.19005
179403,3.43934
179404,2.8457
179405,2.88819
179406,2.6461
179407,4.53904
179408,2.78924
179409,2.46368
179410,3.79219
179411,3.85293
179412,4.10548
179413,3.71741
179414,5.0
179415,4.75871
179416,4.86381
179417,4.71477
179418,4.05492
179419,4.08876
179420,3.81725
179421,3.39527
179422,4.59735
179423,3.88851
179424,4.44111
179425,3.85534
179426,4.01184
179427,3.88109
179428,4.06766
179429,4.6451
179430,4.24073
179431,4.40637
179432,4.40397
179433,3.27712
179434,2.59216
179435,3.85578
179436,3.68455
179437,4.625
179438,4.84862
179439,4.67269
179440,4.2492
179441,3.77662
179442,4.14724
179443,3.23121
179444,4.30355
179445,4.1696
179446,4.1472
179447,4.26748
179448,2.96007
179449,3.95099
179450,4.5472
179451,4.21097
179452,3.86417
179453,3.88652
179454,3.70871
179455,4.31368
179456,2.53508
179457,3.91502
179458,4.13919
179459,3.40582
179460,4.20501
179461,3.67208
179462,4.62777
179463,4.53229
179464,4.30147
179465,4.22846
179466,3.809
179467,3.03175
179468,4.09604
179469,4.38835
179470,2.67882
179471,4.23491
179472,3.8042
179473,4.25378
179474,4.17081
179475,4.98448
179476,3.56053
179477,4.18514
179478,4.30799
179479,3.34938
179480,3.68157
179481,2.78784
179482,3.61204
179483,3.26074
179484,2.57174
179485,3.8229
179486,3.09368
179487,4.09979
179488,4.37902
179489,3.68367
179490,4.4991
179491,2.76227
179492,3.85666
179493,3.82128
179494,5.0
179495,4.01029
179496,3.27403
179497,3.47333
179498,2.63712
179499,3.83854
179500,4.2027
179501,4.79751
179502,2.6765
179503,4.46824
179504,3.03691
179505,4.35334
179506,4.10872
179507,3.99579
179508,3.38621
179509,3.64725
179510,2.63651
179511,4.48621
179512,5.0
179513,4.43846
179514,4.28711
179515,3.93254
179516,2.7552
179517,4.0459
179518,3.29842
179519,4.76159
179520,5.0
179521,4.0827
179522,4.92231
179523,3.77643
179524,3.13107
179525,5.0
179526,4.77242
179527,4.06901
179528,4.12583
179529,3.83987
179530,4.27191
179531,3.32185
179532,3.3468
179533,2.1195
179534,3.56209
179535,2.333
179536,4.75633
179537,3.02885
179538,4.15554
179539,3.05694
179540,3.50317
179541,5.0
179542,2.80507
179543,4.72543
179544,4.24309
179545,4.01674
179546,4.25144
179547,3.54981
179548,4.87598
179549,4.17077
179550,4.72655
179551,4.65196
179552,4.32937
179553,3.85332
179554,2.64915
179555,4.06615
179556,2.22269
179557,4.41314
179558,4.36963
179559,3.7529
179560,5.0
179561,4.13756
179562,3.53094
179563,4.85179
179564,4.34658
179565,4.72414
179566,4.34819
179567,4.00264
179568,4.3332
179569,3.80337
179570,4.53324
179571,4.17536
179572,4.53333
179573,4.30784
179574,4.00306
179575,3.83612
179576,4.88422
179577,4.35501
179578,4.35212
179579,4.01723
179580,4.06977
179581,3.77407
179582,4.68286
179583,3.65224
179584,4.6394
179585,3.77394
179586,2.59515
179587,4.65473
179588,3.99017
179589,3.76748
179590,3.72816
179591,2.41605
179592,4.055
179593,3.14627
179594,3.7995
179595,4.40004
179596,3.38428
179597,4.3987
179598,3.99432
179599,4.49184
179600,4.29089
179601,4.01289
179602,4.34016
179603,3.27018
179604,3.81777
179605,4.9711
179606,4.06829
179607,2.71789
179608,3.25227
179609,2.06645
179610,2.188
179611,3.82903
179612,3.03118
179613,3.21064
179614,3.07376
179615,3.8491
179616,3.76761
179617,3.63854
179618,3.48176
179619,3.63936
179620,4.1228
179621,3.64784
179622,4.13875
179623,4.08158
179624,3.9215
179625,2.99758
179626,3.72424
179627,4.30474
179628,3.6029
179629,4.4766
179630,3.85675
179631,3.02191
179632,2.9566
179633,4.06369
179634,3.67479
179635,3.60218
179636,3.84303
179637,3.96317
179638,3.78689
179639,4.30643
179640,3.68302
179641,3.73765
179642,4.26716
179643,3.40579
179644,3.73032
179645,4.18017
179646,3.57814
179647,3.60841
179648,4.17062
179649,3.87858
179650,3.82703
179651,3.29125
179652,3.7832
179653,3.94924
179654,4.17726
179655,3.95553
179656,3.35543
179657,3.46157
179658,3.65107
179659,2.55027
179660,3.98549
179661,3.96639
179662,3.45017
179663,3.45053
179664,3.57253
179665,4.229
179666,3.69637
179667,4.88734
179668,4.29348
179669,3.75175
179670,4.26277
179671,4.69569
179672,4.36335
179673,4.27091
179674,3.94159
179675,4.68092
179676,4.02775
179677,4.31751
179678,4.30111
179679,2.01697
179680,4.23694
179681,4.27541
179682,4.42924
179683,2.80193
179684,4.53027
179685,2.95095
179686,4.41734
179687,4.26304
179688,4.36551
179689,4.27973
179690,4.62839
179691,3.76926
179692,3.77585
179693,4.01977
179694,4.93688
179695,4.67581
179696,4.43348
179697,3.76282
179698,5.0
179699,5.0
179700,4.43394
179701,4.6361
179702,4.18611
179703,4.0757
179704,4.78407
179705,2.98185
179706,3.09723
179707,4.2383
179708,4.73111
179709,2.53329
179710,3.83518
179711,3.48127
179712,4.37478
179713,4.09774
179714,3.29339
179715,3.06812
179716,4.8966
179717,4.15375
179718,4.79333
179719,4.44959
179720,4.16328
179721,4.59122
179722,4.34045
179723,4.59067
179724,4.29159
179725,3.97595
179726,4.27726
179727,4.24098
179728,4.01306
179729,4.75212
179730,4.17887
179731,3.72562
179732,3.68374
179733,3.33015
179734,4.99085
179735,4.0672
179736,4.22983
179737,4.41826
179738,4.73405
179739,4.49201
179740,4.53599
179741,3.41046
179742,2.94357
179743,4.55244
179744,5.0
179745,4.7713
179746,4.81218
179747,4.60052
179748,4.19189
179749,3.62084
179750,4.1594
179751,3.42991
179752,4.62866
179753,4.01596
179754,3.41473
179755,3.61534
179756,3.42059
179757,3.29033
179758,2.66431
179759,4.06316
179760,3.84238
179761,2.7563
179762,3.58122
179763,3.84023
179764,4.11424
179765,3.19935
179766,3.85723
179767,4.60675
179768,3.02905
179769,3.94945
179770,3.22326
179771,4.11276
179772,4.33676
179773,4.78365
179774,4.25069
179775,4.75575
179776,3.65973
179777,3.57202
179778,3.76635
179779,3.97887
179780,4.611
179781,2.86414
179782,3.55633
179783,2.66342
179784,4.09589
179785,2.08755
179786,4.5386
179787,3.98768
179788,3.6211
179789,4.47673
179790,3.40525
179791,4.6313
179792,3.8547
179793,4.48698
179794,4.39818
179795,3.37545
179796,4.41493
179797,3.11688
179798,3.68813
179799,4.36239
179800,3.93406
179801,3.78903
179802,3.89152
179803,3.47646
179804,4.4963
179805,4.15534
179806,4.25431
179807,4.09061
179808,4.16645
179809,3.99425
179810,3.82922
179811,4.01584
179812,4.7269
179813,4.41253
179814,4.74588
179815,4.82275
179816,4.3294
179817,4.05926
179818,3.71737
179819,3.48376
179820,4.39843
179821,3.94634
179822,4.64346
179823,3.74443
179824,4.04343
179825,3.87776
179826,4.17222
179827,4.33666
179828,4.11028
179829,3.3369
179830,3.86984
179831,4.58385
179832,3.87414
179833,3.9252
179834,4.58849
179835,3.036
179836,3.85232
179837,4.48525
179838,3.28207
179839,3.88972
179840,3.0866
179841,3.06983
179842,3.65577
179843,3.05827
179844,3.83515
179845,3.52345
179846,4.62646
179847,4.22875
179848,3.90642
179849,3.17095
179850,2.60812
179851,3.62525
179852,3.93322
179853,4.51927
179854,4.06408
179855,3.97559
179856,4.52579
179857,3.6816
179858,2.54847
179859,4.38514
179860,4.18623
179861,4.64674
179862,3.58759
179863,4.36992
179864,3.33214
179865,3.89009
179866,4.17331
179867,4.36684
179868,4.30409
179869,3.4312
179870,3.47559
179871,4.17829
179872,2.87917
179873,3.5272
179874,4.15643
179875,3.18072
179876,3.65589
179877,3.26223
179878,3.97271
179879,2.68093
179880,2.67367
179881,3.14665
179882,2.45828
179883,3.3166
179884,3.21454
179885,3.70842
179886,4.21916
179887,3.4935
179888,3.75029
179889,3.87322
179890,4.72161
179891,2.99357
179892,4.13851
179893,2.17581
179894,3.37042
179895,3.9413
179896,3.11716
179897,2.92086
179898,3.62463
179899,3.485
179900,2.52472
179901,3.69004
179902,2.92445
179903,2.02461
179904,2.41759
179905,3.09452
179906,3.48385
179907,3.39292
179908,2.93995
179909,3.92668
179910,3.20731
179911,4.23175
179912,3.42271
179913,2.1027
179914,3.79422
179915,4.0002
179916,4.08299
179917,3.38898
179918,3.51991
179919,4.8299
179920,3.68836
179921,3.15857
179922,3.15665
179923,3.23762
179924,4.23289
179925,3.75403
179926,3.9947
179927,2.44971
179928,2.80969
179929,4.55745
179930,3.43345
179931,4.26866
179932,2.54021
179933,3.93465
179934,3.70973
179935,2.97456
179936,2.79007
179937,3.7758
179938,3.01847
179939,3.42843
179940,3.04805
179941,3.32722
179942,3.46798
179943,3.09844
179944,4.4622
179945,3.59233
179946,3.56405
179947,3.55117
179948,3.81256
179949,3.41957
179950,2.88553
179951,3.86106
179952,3.64322
179953,3.60286
179954,3.2955
179955,2.74356
179956,4.39008
179957,3.68378
179958,3.94477
179959,2.272
179960,2.97178
179961,2.55424
179962,3.62947
179963,2.9855
179964,2.57299
179965,3.30791
179966,3.21472
179967,2.37475
179968,3.53551
179969,3.61694
179970,3.01378
179971,2.71596
179972,3.95935
179973,2.20221
179974,3.49773
179975,3.84145
179976,3.4714
179977,3.02163
179978,3.24142
179979,3.15274
179980,3.75238
179981,3.47367
179982,2.53695
179983,2.99735
179984,3.45369
179985,3.4009
179986,3.70752
179987,3.38788
179988,3.9194
179989,3.08552
179990,3.18193
179991,3.45185
179992,3.32781
179993,3.32654
179994,3.20903
179995,2.57455
179996,3.21293
179997,3.06002
179998,3.19597
179999,3.54002
180000,3.34297
180001,3.26174
180002,2.15054
180003,3.6303
180004,3.37174
180005,2.69039
180006,4.6265
180007,2.32495
180008,3.31974
180009,3.33244
180010,3.6223
180011,2.77985
180012,2.5841
180013,2.50968
180014,2.95442
180015,3.6655
180016,2.79046
180017,3.21576
180018,4.17209
180019,3.38301
180020,5.0
180021,4.29999
180022,3.39509
180023,4.54926
180024,4.45552
180025,4.71234
180026,4.70547
180027,4.47396
180028,4.25459
180029,4.90316
180030,4.81127
180031,4.52383
180032,4.702
180033,4.50997
180034,4.4437
180035,4.06004
180036,3.21713
180037,3.33858
180038,4.05482
180039,4.41659
180040,3.09876
180041,4.95593
180042,2.93839
180043,4.10928
180044,4.4224
180045,3.6636
180046,4.44202
180047,4.01639
180048,4.07701
180049,3.67731
180050,3.39351
180051,4.01566
180052,2.65225
180053,2.37871
180054,3.62995
180055,3.80542
180056,3.57167
180057,3.88648
180058,3.18469
180059,4.4314
180060,3.73828
180061,4.0331
180062,4.07201
180063,3.16332
180064,3.06911
180065,3.76832
180066,3.70625
180067,1.97259
180068,4.28736
180069,3.7536
180070,2.81836
180071,3.54638
180072,3.82308
180073,3.22081
180074,3.723
180075,3.99107
180076,3.58058
180077,3.93196
180078,2.94931
180079,2.5708
180080,3.80824
180081,3.67406
180082,2.94357
180083,3.452
180084,3.36645
180085,2.79585
180086,4.20946
180087,4.34093
180088,3.69593
180089,3.41492
180090,3.97306
180091,2.05508
180092,3.94003
180093,3.41941
180094,4.29519
180095,3.85151
180096,4.16552
180097,4.20441
180098,3.57682
180099,3.13555
180100,4.11022
180101,2.62982
180102,4.11079
180103,2.98808
180104,3.78031
180105,2.9662
180106,4.11541
180107,2.91627
180108,2.28749
180109,3.21646
180110,5.0
180111,2.06822
180112,3.85214
180113,4.47391
180114,2.26814
180115,3.10967
180116,2.06509
180117,4.24339
180118,4.079
180119,3.24883
180120,3.5015
180121,3.86751
180122,3.07028
180123,2.94214
180124,2.76333
180125,4.97916
180126,4.59931
180127,3.96147
180128,4.44335
180129,4.55696
180130,4.80277
180131,4.73981
180132,4.44676
180133,4.47441
180134,4.38835
180135,4.1356
180136,4.77122
180137,4.72959
180138,4.64676
180139,5.0
180140,4.15349
180141,4.58558
180142,4.75901
180143,4.77764
180144,4.79502
180145,4.5138
180146,4.36127
180147,4.59976
180148,4.88971
180149,4.60202
180150,4.30176
180151,4.41381
180152,4.65618
180153,3.52695
180154,4.02406
180155,4.05731
180156,4.86522
180157,4.31452
180158,4.52994
180159,3.46572
180160,3.88146
180161,3.24461
180162,4.50778
180163,4.6148
180164,4.40254
180165,4.0002
180166,2.66273
180167,3.7459
180168,4.33497
180169,3.4143
180170,4.12798
180171,4.5311
180172,3.80864
180173,4.19575
180174,3.95782
180175,3.93575
180176,2.84866
180177,4.92317
180178,4.64426
180179,4.01186
180180,4.84954
180181,4.86634
180182,4.48827
180183,4.27203
180184,3.34779
180185,3.57378
180186,4.01275
180187,4.1432
180188,4.00024
180189,2.8063
180190,4.70298
180191,4.49757
180192,4.37146
180193,4.42189
180194,4.44319
180195,2.86134
180196,3.32916
180197,3.04447
180198,4.17898
180199,4.49229
180200,3.74685
180201,4.42797
180202,4.40974
180203,4.13434
180204,4.77106
180205,3.93478
180206,4.62789
180207,3.88259
180208,4.43847
180209,3.14217
180210,3.84288
180211,3.77841
180212,1.54186
180213,1.83451
180214,2.60669
180215,2.43106
180216,1.93281
180217,4.41862
180218,4.04798
180219,3.70935
180220,2.88472
180221,3.62805
180222,4.01473
180223,5.0
180224,4.18867
180225,4.25501
180226,3.94174
180227,4.34382
180228,4.55807
180229,3.95737
180230,4.12913
180231,3.78184
180232,4.28935
180233,3.3612
180234,4.07503
180235,4.08158
180236,4.15846
180237,4.02855
180238,2.51368
180239,3.50577
180240,3.88607
180241,2.95442
180242,1.87946
180243,3.54627
180244,3.6402
180245,3.2437
180246,4.23765
180247,3.67905
180248,3.83356
180249,3.79557
180250,3.25728
180251,3.14213
180252,3.28546
180253,3.24531
180254,3.98324
180255,2.80621
180256,3.42466
180257,3.03593
180258,2.64048
180259,2.48004
180260,3.11321
180261,2.76581
180262,3.21518
180263,2.83271
180264,3.31291
180265,3.51306
180266,3.86553
180267,2.79508
180268,2.73344
180269,4.03626
180270,3.51176
180271,3.38948
180272,2.89795
180273,2.42954
180274,3.27127
180275,2.10978
180276,3.14416
180277,2.83566
180278,3.25684
180279,3.43105
180280,2.44528
180281,3.029
180282,3.16465
180283,3.36626
180284,3.66756
180285,3.68724
180286,3.04861
180287,2.65221
180288,2.57025
180289,3.88804
180290,3.61593
180291,2.75777
180292,3.21958
180293,3.44701
180294,3.3148
180295,3.56057
180296,3.55547
180297,3.21129
180298,3.05222
180299,3.46974
180300,3.25236
180301,2.35646
180302,3.37212
180303,3.01487
180304,3.27305
180305,3.50413
180306,3.18986
180307,3.42737
180308,2.77567
180309,3.42199
180310,2.96527
180311,3.0418
180312,3.18677
180313,3.11398
180314,3.13165
180315,3.61124
180316,3.00446
180317,3.29325
180318,2.90124
180319,2.94922
180320,3.37861
180321,3.60373
180322,2.70874
180323,3.29772
180324,3.48892
180325,3.06897
180326,3.16679
180327,3.10978
180328,3.72165
180329,3.05763
180330,3.85028
180331,3.61136
180332,3.34243
180333,3.29251
180334,3.54951
180335,2.94764
180336,3.77619
180337,3.16803
180338,3.52484
180339,4.60233
180340,3.9831
180341,4.30525
180342,3.21944
180343,4.41502
180344,4.53834
180345,4.50043
180346,3.76231
180347,4.28978
180348,4.69006
180349,3.78723
180350,4.19604
180351,2.81169
180352,4.24793
180353,3.92668
180354,3.95568
180355,4.19188
180356,4.2265
180357,3.43079
180358,2.78216
180359,1.72101
180360,4.31747
180361,4.31183
180362,3.85118
180363,2.37441
180364,4.1133
180365,3.77649
180366,4.01937
180367,3.49823
180368,2.72083
180369,2.14125
180370,2.55267
180371,3.08898
180372,4.42132
180373,2.94971
180374,2.64543
180375,3.24277
180376,3.42636
180377,3.4764
180378,4.23357
180379,4.1312
180380,2.74233
180381,2.55023
180382,2.0527
180383,3.66646
180384,2.76901
180385,2.84649
180386,2.24172
180387,1.87123
180388,1.6607
180389,2.56078
180390,4.24509
180391,2.89163
180392,2.77057
180393,2.75445
180394,4.48966
180395,4.31864
180396,4.4744
180397,3.96079
180398,4.95113
180399,3.97117
180400,3.65733
180401,3.53877
180402,3.60974
180403,4.35778
180404,3.8885
180405,3.4692
180406,4.48337
180407,3.98006
180408,2.70141
180409,4.58679
180410,3.69017
180411,2.15031
180412,2.95797
180413,3.95055
180414,3.78967
180415,3.518
180416,3.10386
180417,4.15294
180418,3.98006
180419,4.04255
180420,3.59628
180421,4.80182
180422,4.93149
180423,4.29076
180424,4.28124
180425,4.61697
180426,3.16167
180427,4.31134
180428,4.05478
180429,4.81058
180430,4.28331
180431,4.71499
180432,4.40314
180433,4.25848
180434,4.64956
180435,4.07755
180436,4.12158
180437,4.59713
180438,4.75052
180439,4.57035
180440,4.41547
180441,4.81977
180442,4.2547
180443,4.25483
180444,4.96023
180445,4.02743
180446,3.70769
180447,3.79012
180448,4.43164
180449,4.23724
180450,4.39716
180451,4.75412
180452,3.76845
180453,4.25046
180454,4.4202
180455,3.69858
180456,4.43462
180457,3.67937
180458,4.03067
180459,4.06791
180460,3.38899
180461,4.56589
180462,2.29838
180463,5.0
180464,4.46089
180465,3.24957
180466,4.78222
180467,4.55903
180468,3.78402
180469,3.97793
180470,2.88045
180471,4.2396
180472,4.27614
180473,4.70449
180474,4.43651
180475,4.19872
180476,5.0
180477,4.06707
180478,4.99439
180479,4.61588
180480,4.78498
180481,4.28052
180482,5.0
180483,4.62008
180484,4.32843
180485,4.01806
180486,3.42749
180487,4.61327
180488,3.74377
180489,3.74732
180490,4.54317
180491,2.8279
180492,4.58168
180493,3.28038
180494,3.46602
180495,3.7521
180496,3.40496
180497,2.84139
180498,3.55683
180499,4.50722
180500,2.94511
180501,2.58802
180502,4.38111
180503,2.71057
180504,4.87139
180505,4.51009
180506,4.11327
180507,3.80898
180508,4.12622
180509,2.45635
180510,3.49732
180511,4.06373
180512,3.18045
180513,4.86112
180514,4.51107
180515,4.55591
180516,1.98143
180517,4.66521
180518,4.30934
180519,4.07885
180520,3.86116
180521,4.12336
180522,3.63702
180523,3.86035
180524,2.47403
180525,2.42156
180526,4.64306
180527,4.9073
180528,3.13875
180529,3.52442
180530,3.58742
180531,5.0
180532,4.75873
180533,3.6496
180534,2.47248
180535,4.02873
180536,2.99981
180537,3.55125
180538,4.48283
180539,4.55761
180540,4.61865
180541,3.75863
180542,2.93997
180543,3.92917
180544,4.82302
180545,3.85517
180546,4.51552
180547,4.29356
180548,4.92368
180549,3.23233
180550,2.21053
180551,3.87374
180552,2.26154
180553,3.92356
180554,3.91601
180555,2.85502
180556,3.31111
180557,3.34552
180558,4.15562
180559,4.47843
180560,3.82546
180561,5.0
180562,4.53064
180563,4.07472
180564,3.74377
180565,4.65453
180566,3.02115
180567,4.14667
180568,3.5239
180569,4.23642
180570,3.93366
180571,4.40711
180572,4.23374
180573,2.78558
180574,3.81102
180575,3.54508
180576,3.44015
180577,3.66485
180578,3.26898
180579,3.03688
180580,3.28026
180581,3.74845
180582,3.34374
180583,4.15053
180584,3.09098
180585,3.02006
180586,4.29155
180587,3.8493
180588,3.56251
180589,4.35025
180590,3.27098
180591,2.83563
180592,3.46721
180593,3.85955
180594,4.53448
180595,3.19294
180596,3.01614
180597,2.93723
180598,4.27977
180599,3.62928
180600,4.00256
180601,4.21832
180602,3.5332
180603,4.23308
180604,4.22084
180605,3.78903
180606,3.56546
180607,3.79178
180608,3.17776
180609,4.1269
180610,3.85516
180611,4.09034
180612,3.024
180613,3.55551
180614,3.08387
180615,2.76544
180616,3.21243
180617,2.33464
180618,3.56737
180619,3.62295
180620,3.59514
180621,2.6723
180622,3.72836
180623,4.02106
180624,2.00753
180625,3.56358
180626,4.32951
180627,3.71612
180628,3.72823
180629,3.44825
180630,3.95173
180631,3.77392
180632,3.39464
180633,3.88803
180634,3.1743
180635,3.25762
180636,3.57097
180637,4.05569
180638,4.11464
180639,4.38536
180640,2.6059
180641,2.96313
180642,3.42442
180643,3.7746
180644,4.32967
180645,4.10662
180646,3.61691
180647,4.15785
180648,3.34
180649,4.4148
180650,3.5652
180651,3.11588
180652,4.30135
180653,3.68126
180654,3.51698
180655,4.00737
180656,3.71142
180657,3.49612
180658,4.59432
180659,4.35141
180660,4.49102
180661,4.05094
180662,4.27932
180663,3.66384
180664,3.37251
180665,4.51822
180666,4.21395
180667,2.68989
180668,3.92448
180669,3.52289
180670,3.62969
180671,2.4959
180672,3.41376
180673,2.41061
180674,3.21277
180675,2.60234
180676,3.46684
180677,2.29682
180678,3.61884
180679,4.39461
180680,3.3527
180681,3.82143
180682,3.4344
180683,3.03841
180684,4.32719
180685,3.11297
180686,3.00956
180687,4.39808
180688,4.4177
180689,3.28168
180690,4.04375
180691,4.71323
180692,4.22546
180693,4.73066
180694,3.21966
180695,2.98468
180696,3.28929
180697,3.97634
180698,3.88367
180699,3.67922
180700,3.87002
180701,4.34866
180702,4.57395
180703,4.08963
180704,4.2093
180705,3.96574
180706,3.86482
180707,3.57067
180708,3.24772
180709,2.96376
180710,4.20114
180711,3.97274
180712,4.70368
180713,2.27999
180714,3.40367
180715,4.03951
180716,3.59254
180717,3.84434
180718,3.88052
180719,3.21148
180720,4.14056
180721,2.49886
180722,4.14921
180723,3.90752
180724,2.51963
180725,3.65684
180726,3.30075
180727,3.57459
180728,2.4544
180729,2.78112
180730,3.29991
180731,3.54481
180732,4.49272
180733,4.12975
180734,4.26149
180735,4.04384
180736,3.55634
180737,3.66708
180738,3.51887
180739,4.25396
180740,4.62308
180741,4.449
180742,3.89955
180743,4.75326
180744,4.47904
180745,3.9441
180746,3.02033
180747,4.53393
180748,3.7637
180749,4.88042
180750,4.34441
180751,4.41336
180752,3.87216
180753,3.76042
180754,3.96478
180755,2.80199
180756,4.0656
180757,3.22
180758,1.6091
180759,3.70791
180760,3.7854
180761,4.19192
180762,4.52537
180763,3.24278
180764,3.64169
180765,4.27198
180766,4.10453
180767,5.0
180768,4.35888
180769,4.62504
180770,4.21742
180771,4.00531
180772,3.1919
180773,4.4505
180774,3.30844
180775,2.98398
180776,4.24735
180777,3.61438
180778,2.83783
180779,3.96665
180780,3.42719
180781,3.4431
180782,3.89747
180783,3.19985
180784,3.36736
180785,3.62775
180786,3.13586
180787,3.93547
180788,4.15991
180789,3.84391
180790,3.73526
180791,3.44207
180792,4.14672
180793,2.78774
180794,4.03455
180795,3.23386
180796,4.39506
180797,3.98067
180798,2.95126
180799,4.11427
180800,3.37414
180801,3.58863
180802,4.21624
180803,2.45415
180804,4.10807
180805,4.2885
180806,3.78229
180807,3.85961
180808,4.11391
180809,1.47973
180810,3.78427
180811,4.70095
180812,2.36239
180813,3.1886
180814,4.30349
180815,4.9731
180816,4.40159
180817,3.94399
180818,3.39243
180819,4.45885
180820,3.12097
180821,3.34565
180822,2.25566
180823,1.83016
180824,4.54103
180825,2.51886
180826,3.30692
180827,3.18403
180828,3.05731
180829,2.63211
180830,3.01774
180831,2.52954
180832,3.20659
180833,3.87893
180834,5.0
180835,4.29875
180836,3.47402
180837,2.52433
180838,3.17049
180839,3.65583
180840,2.68482
180841,2.42344
180842,3.27658
180843,3.86769
180844,1.52469
180845,4.5887
180846,2.72983
180847,3.6153
180848,3.33922
180849,2.56314
180850,1.96671
180851,2.81426
180852,4.80591
180853,4.56086
180854,4.01985
180855,3.29589
180856,1.91097
180857,4.13587
180858,3.65501
180859,2.03575
180860,4.97974
180861,4.69091
180862,3.64965
180863,4.25227
180864,2.97272
180865,3.02036
180866,3.43378
180867,4.09482
180868,3.25945
180869,2.90594
180870,4.46155
180871,4.3541
180872,3.26058
180873,4.16121
180874,5.0
180875,3.88065
180876,3.94695
180877,5.0
180878,1.58848
180879,2.98433
180880,2.39716
180881,3.89648
180882,4.60092
180883,4.71796
180884,3.3406
180885,4.49327
180886,4.5487
180887,4.66754
180888,3.78932
180889,4.95804
180890,3.07879
180891,4.00677
180892,2.04099
180893,3.7565
180894,4.0131
180895,4.11154
180896,3.0565
180897,4.28599
180898,3.374
180899,4.2983
180900,3.60839
180901,4.55356
180902,4.74591
180903,5.0
180904,3.76752
180905,3.15539
180906,4.26136
180907,4.92042
180908,4.50088
180909,3.77499
180910,4.11373
180911,4.7173
180912,3.55674
180913,3.48414
180914,4.57565
180915,3.51407
180916,3.81574
180917,4.5996
180918,3.54255
180919,3.64681
180920,4.05405
180921,4.18452
180922,3.91393
180923,4.66393
180924,4.6489
180925,3.40942
180926,4.22898
180927,4.24112
180928,3.60769
180929,3.33132
180930,4.43332
180931,3.21146
180932,2.90819
180933,3.81577
180934,4.08935
180935,4.26909
180936,3.70173
180937,4.28358
180938,2.59163
180939,3.6481
180940,4.15533
180941,4.85219
180942,4.61534
180943,1.23138
180944,4.12317
180945,2.91954
180946,4.85983
180947,3.69913
180948,4.26565
180949,3.07446
180950,3.27346
180951,3.77921
180952,1.99362
180953,3.14943
180954,4.71193
180955,2.96791
180956,4.51238
180957,4.20753
180958,3.88799
180959,4.34473
180960,4.18972
180961,4.50053
180962,4.56488
180963,3.45038
180964,3.89885
180965,4.24146
180966,3.9513
180967,3.64607
180968,3.26267
180969,3.20225
180970,1.37738
180971,4.11507
180972,4.23116
180973,4.16801
180974,4.91746
180975,4.6043
180976,3.33041
180977,4.48539
180978,4.42246
180979,4.56436
180980,3.80736
180981,3.66071
180982,2.76078
180983,4.65449
180984,3.66273
180985,4.61019
180986,4.44964
180987,3.10516
180988,2.70419
180989,2.59261
180990,3.76025
180991,2.61047
180992,3.00376
180993,3.74683
180994,3.2839
180995,2.8885
180996,2.52652
180997,3.40488
180998,1.94351
180999,2.86853
181000,3.72874
181001,2.48347
181002,3.51121
181003,3.40085
181004,4.2608
181005,2.40617
181006,2.98567
181007,3.97149
181008,3.44374
181009,2.25548
181010,3.614
181011,2.24069
181012,3.3298
181013,2.51062
181014,3.74739
181015,4.10468
181016,3.89723
181017,3.2715
181018,4.26687
181019,2.33133
181020,2.93193
181021,3.15932
181022,2.86266
181023,1.13228
181024,2.78847
181025,4.1104
181026,2.2806
181027,3.2021
181028,4.48599
181029,4.9097
181030,4.46595
181031,4.77592
181032,5.0
181033,3.79857
181034,3.60844
181035,5.0
181036,3.4904
181037,2.64334
181038,4.30062
181039,4.4253
181040,4.01818
181041,3.71915
181042,4.19806
181043,3.80108
181044,2.78201
181045,3.08492
181046,2.35517
181047,3.95212
181048,4.19094
181049,4.39797
181050,4.71007
181051,3.32234
181052,4.05368
181053,4.56056
181054,4.22929
181055,4.70036
181056,1.85206
181057,4.32258
181058,4.70687
181059,4.41102
181060,4.37895
181061,4.40239
181062,4.79064
181063,3.06679
181064,3.24323
181065,2.843
181066,3.72705
181067,4.06386
181068,3.08288
181069,3.39921
181070,3.05182
181071,3.78725
181072,3.20658
181073,3.42012
181074,2.61448
181075,3.93194
181076,3.73008
181077,3.96122
181078,3.50762
181079,4.04325
181080,3.30026
181081,4.72771
181082,3.51756
181083,3.83543
181084,3.95249
181085,3.79014
181086,3.0601
181087,4.58537
181088,3.63857
181089,2.35193
181090,2.21537
181091,3.25466
181092,2.57392
181093,3.49913
181094,2.46609
181095,3.70807
181096,1.91858
181097,4.01636
181098,4.35226
181099,3.89427
181100,1.94169
181101,4.22229
181102,3.46342
181103,2.27377
181104,3.08614
181105,4.069
181106,3.6024
181107,3.40502
181108,2.89832
181109,4.70561
181110,4.14382
181111,4.86
181112,3.87842
181113,3.49456
181114,5.0
181115,4.16726
181116,4.44124
181117,3.59194
181118,3.58019
181119,3.65875
181120,4.22148
181121,2.74468
181122,3.67992
181123,2.29948
181124,3.88575
181125,3.54473
181126,4.4532
181127,3.6797
181128,2.80652
181129,3.05473
181130,4.17033
181131,3.40065
181132,3.71715
181133,4.84844
181134,2.75219
181135,3.28165
181136,2.81516
181137,3.4318
181138,4.24962
181139,4.40166
181140,3.59086
181141,3.34004
181142,3.86978
181143,4.17441
181144,3.8209
181145,4.21227
181146,3.85614
181147,4.4251
181148,4.21605
181149,3.9613
181150,4.06799
181151,4.55342
181152,4.09069
181153,3.95806
181154,3.59057
181155,4.23279
181156,3.76113
181157,3.38212
181158,3.1951
181159,4.42878
181160,4.04083
181161,3.35368
181162,2.96198
181163,4.65046
181164,3.56526
181165,3.41116
181166,4.40659
181167,3.60433
181168,2.57434
181169,4.06073
181170,3.28547
181171,3.01507
181172,3.80248
181173,3.6898
181174,3.28082
181175,2.98307
181176,3.85106
181177,3.1163
181178,3.27184
181179,3.50836
181180,3.62482
181181,4.00878
181182,3.3437
181183,4.0264
181184,3.05244
181185,3.64743
181186,2.62589
181187,2.98783
181188,3.30793
181189,3.42964
181190,4.50866
181191,3.54499
181192,3.97866
181193,3.9979
181194,1.8768
181195,3.7692
181196,2.24739
181197,3.802
181198,3.84297
181199,2.16487
181200,4.02047
181201,3.8462
181202,2.5101
181203,3.74163
181204,3.39312
181205,2.79589
181206,4.14259
181207,3.38387
181208,4.02321
181209,3.67856
181210,3.38165
181211,4.0167
181212,3.85462
181213,4.01739
181214,3.88288
181215,2.30549
181216,3.96406
181217,3.75312
181218,2.71282
181219,3.29951
181220,1.91386
181221,3.9876
181222,2.54207
181223,3.78492
181224,3.46592
181225,4.38694
181226,3.46322
181227,3.95259
181228,2.53042
181229,3.71627
181230,4.15769
181231,3.65511
181232,4.20774
181233,3.63159
181234,3.26534
181235,3.56534
181236,4.8315
181237,3.73767
181238,3.70333
181239,1.61889
181240,3.64071
181241,3.41849
181242,3.73446
181243,5.0
181244,4.85824
181245,4.17519
181246,4.511
181247,4.79909
181248,3.16319
181249,3.46691
181250,4.98793
181251,4.32062
181252,4.56686
181253,4.51909
181254,4.44552
181255,4.88304
181256,3.99316
181257,5.0
181258,3.98098
181259,4.44435
181260,4.21155
181261,3.57933
181262,4.14356
181263,3.4283
181264,4.85955
181265,3.6734
181266,5.0
181267,3.83484
181268,4.07614
181269,4.29346
181270,5.0
181271,2.9786
181272,3.34563
181273,2.93045
181274,2.89029
181275,3.49719
181276,3.78587
181277,3.5537
181278,4.32105
181279,4.50835
181280,3.89532
181281,4.29414
181282,3.68805
181283,2.47163
181284,3.72512
181285,4.38397
181286,3.63856
181287,4.17338
181288,3.47707
181289,4.30758
181290,3.24643
181291,3.32755
181292,4.12975
181293,4.00393
181294,4.04022
181295,2.85949
181296,3.39031
181297,4.54021
181298,4.07555
181299,4.10198
181300,4.15404
181301,2.76209
181302,3.80262
181303,3.5585
181304,3.00819
181305,2.46667
181306,3.94602
181307,3.92936
181308,2.91376
181309,2.45127
181310,3.70866
181311,2.89791
181312,2.57116
181313,3.69499
181314,2.99714
181315,4.17612
181316,1.54299
181317,3.4953
181318,2.5191
181319,3.33686
181320,3.98773
181321,2.4179
181322,4.25994
181323,3.72348
181324,3.98806
181325,4.38284
181326,3.42187
181327,4.40976
181328,3.37612
181329,3.46687
181330,3.4217
181331,3.61588
181332,4.51596
181333,3.66862
181334,3.78688
181335,4.76478
181336,4.83346
181337,3.98702
181338,4.57531
181339,3.91012
181340,3.24346
181341,4.06476
181342,3.7363
181343,4.14552
181344,3.92785
181345,4.4497
181346,3.82997
181347,3.68248
181348,3.02965
181349,1.99623
181350,2.21335
181351,3.3153
181352,4.70344
181353,3.32439
181354,4.28992
181355,3.99743
181356,3.64965
181357,3.72891
181358,4.8598
181359,4.02621
181360,3.57257
181361,3.6657
181362,3.93788
181363,3.55486
181364,4.63371
181365,3.64983
181366,3.72243
181367,3.58701
181368,4.30812
181369,4.27831
181370,4.21964
181371,4.48714
181372,4.20868
181373,3.70223
181374,4.66979
181375,2.50552
181376,4.45979
181377,3.47831
181378,3.47155
181379,3.89438
181380,4.20516
181381,3.05729
181382,1.8235
181383,4.45359
181384,4.39757
181385,4.25448
181386,2.96769
181387,3.89045
181388,4.65014
181389,4.10145
181390,3.72128
181391,3.63288
181392,3.76179
181393,4.41981
181394,4.62411
181395,4.20411
181396,4.6179
181397,3.97842
181398,4.94804
181399,2.94191
181400,3.46482
181401,4.36705
181402,3.51548
181403,4.27282
181404,3.34482
181405,3.94954
181406,3.82872
181407,3.45732
181408,3.25633
181409,2.80729
181410,2.80224
181411,2.74985
181412,4.07019
181413,3.32168
181414,3.40217
181415,3.16739
181416,3.43742
181417,3.36224
181418,3.62383
181419,3.73424
181420,3.9392
181421,3.48351
181422,3.62968
181423,3.6274
181424,3.23009
181425,4.00732
181426,4.09612
181427,2.64493
181428,3.27216
181429,3.21556
181430,3.55459
181431,3.12341
181432,3.20151
181433,3.76253
181434,3.27692
181435,4.24671
181436,2.86093
181437,4.01226
181438,3.05362
181439,3.04587
181440,2.76749
181441,3.70161
181442,3.39226
181443,3.67794
181444,2.71716
181445,2.98083
181446,4.82157
181447,4.2447
181448,3.14167
181449,4.56371
181450,4.61372
181451,4.5596
181452,4.12587
181453,4.14663
181454,4.88861
181455,4.6814
181456,4.73715
181457,3.88364
181458,4.30438
181459,4.69573
181460,4.74967
181461,4.83781
181462,4.48679
181463,4.44201
181464,4.9348
181465,3.91789
181466,4.16576
181467,4.37104
181468,4.8361
181469,1.0
181470,4.79294
181471,4.89428
181472,4.43409
181473,3.50107
181474,3.75765
181475,4.07536
181476,4.3459
181477,4.37275
181478,3.99881
181479,4.00876
181480,4.22454
181481,5.0
181482,4.08666
181483,3.90807
181484,4.42647
181485,4.80986
181486,4.14547
181487,3.99781
181488,4.20583
181489,3.39141
181490,4.04572
181491,4.768
181492,3.45406
181493,3.83248
181494,3.32172
181495,4.49155
181496,4.05473
181497,4.36093
181498,4.80505
181499,4.20229
181500,5.0
181501,4.28911
181502,3.45149
181503,4.041
181504,4.04901
181505,4.84501
181506,2.70006
181507,2.36048
181508,3.50376
181509,4.19856
181510,3.83785
181511,3.08654
181512,4.25794
181513,4.07976
181514,2.66696
181515,3.74578
181516,1.53545
181517,2.56956
181518,2.18128
181519,3.38451
181520,3.6639
181521,4.32323
181522,2.31515
181523,3.09775
181524,1.98134
181525,2.97312
181526,3.7096
181527,3.39054
181528,3.87566
181529,3.47924
181530,2.27427
181531,3.82737
181532,1.92191
181533,2.74796
181534,2.65745
181535,4.71355
181536,2.82222
181537,3.09906
181538,2.21065
181539,3.73359
181540,4.51555
181541,3.41445
181542,3.86192
181543,3.86762
181544,4.80374
181545,4.09228
181546,4.69773
181547,4.34824
181548,4.09505
181549,3.07002
181550,4.38032
181551,1.7534
181552,3.98146
181553,4.49617
181554,1.69601
181555,3.73227
181556,3.28591
181557,4.42841
181558,4.54251
181559,2.88325
181560,2.95695
181561,3.55773
181562,3.72975
181563,3.3024
181564,3.83019
181565,2.77453
181566,3.50303
181567,4.05592
181568,2.47025
181569,3.36474
181570,3.61466
181571,2.44243
181572,2.56532
181573,3.23051
181574,3.35359
181575,3.75226
181576,3.76685
181577,4.15087
181578,3.79918
181579,3.80874
181580,3.70393
181581,4.47208
181582,3.83214
181583,3.87197
181584,2.69201
181585,2.0098
181586,2.91393
181587,3.40996
181588,3.08586
181589,4.18025
181590,3.11257
181591,3.07635
181592,3.9336
181593,2.5267
181594,2.81508
181595,2.70975
181596,3.66362
181597,2.96601
181598,4.16067
181599,4.38633
181600,3.61438
181601,4.33437
181602,3.32447
181603,3.65433
181604,4.02658
181605,3.73965
181606,4.01669
181607,4.10932
181608,4.085
181609,3.91884
181610,4.26526
181611,3.98856
181612,4.02425
181613,3.50183
181614,3.68053
181615,4.06185
181616,3.84926
181617,3.49683
181618,4.65944
181619,3.96408
181620,4.51694
181621,4.51177
181622,2.8158
181623,3.54073
181624,2.98268
181625,4.25986
181626,4.24768
181627,3.57924
181628,3.8171
181629,2.13764
181630,3.46186
181631,3.8536
181632,4.1824
181633,4.42849
181634,4.45805
181635,3.99041
181636,4.41707
181637,4.35225
181638,4.3617
181639,4.80091
181640,3.64136
181641,4.55492
181642,4.97952
181643,3.80883
181644,3.183
181645,2.74518
181646,3.46882
181647,3.03386
181648,3.4712
181649,3.63343
181650,3.85187
181651,3.39916
181652,3.84652
181653,3.66622
181654,3.58874
181655,2.70815
181656,3.6009
181657,3.67218
181658,4.16707
181659,3.92302
181660,4.20464
181661,3.40367
181662,3.38985
181663,3.88196
181664,3.39361
181665,3.36373
181666,3.46144
181667,4.21493
181668,3.95018
181669,4.33701
181670,2.66333
181671,2.59633
181672,4.23132
181673,3.32542
181674,3.56963
181675,3.8321
181676,3.38067
181677,4.15838
181678,3.83157
181679,2.6876
181680,3.04326
181681,4.72463
181682,4.1908
181683,4.18071
181684,4.42613
181685,4.23923
181686,4.282
181687,4.23962
181688,4.37638
181689,5.0
181690,4.17903
181691,3.8243
181692,4.75484
181693,5.0
181694,4.60357
181695,4.59506
181696,5.0
181697,4.59436
181698,3.55783
181699,4.61724
181700,4.52853
181701,4.5737
181702,4.68575
181703,4.45416
181704,4.64498
181705,4.63266
181706,5.0
181707,4.8018
181708,5.0
181709,4.22431
181710,4.86579
181711,4.14328
181712,4.46699
181713,4.72702
181714,4.34599
181715,4.46607
181716,4.70266
181717,4.50448
181718,4.35496
181719,4.60696
181720,4.80902
181721,4.80623
181722,4.35782
181723,4.89256
181724,4.20289
181725,5.0
181726,5.0
181727,3.22634
181728,3.61529
181729,3.53339
181730,3.96165
181731,3.20435
181732,3.15865
181733,3.04416
181734,2.71173
181735,3.29543
181736,3.99335
181737,3.83883
181738,4.65543
181739,4.22237
181740,3.61473
181741,4.38629
181742,4.53757
181743,4.0485
181744,4.01358
181745,4.39258
181746,3.35073
181747,3.64803
181748,3.86136
181749,4.36736
181750,3.85511
181751,4.23433
181752,4.02768
181753,2.80754
181754,4.33794
181755,3.99733
181756,4.38667
181757,4.34582
181758,3.5266
181759,4.15063
181760,3.04921
181761,3.0642
181762,2.87748
181763,3.65254
181764,3.55451
181765,3.47234
181766,3.40412
181767,3.76869
181768,3.48386
181769,3.66834
181770,1.06968
181771,4.01409
181772,3.05366
181773,2.43804
181774,3.71001
181775,3.26252
181776,4.34014
181777,3.18244
181778,3.32069
181779,3.75495
181780,3.87828
181781,4.0413
181782,4.98825
181783,2.61507
181784,4.07592
181785,4.70019
181786,3.24677
181787,3.86004
181788,4.05571
181789,3.74455
181790,2.17559
181791,4.96064
181792,3.69576
181793,4.21904
181794,3.7884
181795,4.28464
181796,3.42315
181797,4.50274
181798,3.87193
181799,3.3721
181800,3.45756
181801,3.15986
181802,3.93514
181803,3.15367
181804,4.0138
181805,4.17372
181806,3.72039
181807,3.46503
181808,3.27321
181809,3.81876
181810,3.00838
181811,2.70016
181812,4.21208
181813,4.48005
181814,4.2555
181815,2.50631
181816,2.52923
181817,2.38799
181818,3.0656
181819,3.63581
181820,3.86676
181821,4.57068
181822,3.58699
181823,4.61983
181824,1.92594
181825,3.8735
181826,2.79709
181827,2.75393
181828,3.18848
181829,4.18866
181830,3.3526
181831,1.59109
181832,4.51048
181833,3.32658
181834,2.53303
181835,3.53497
181836,4.22292
181837,2.9498
181838,3.64477
181839,2.06605
181840,4.59901
181841,1.31236
181842,2.75219
181843,1.0
181844,2.3207
181845,2.53715
181846,2.02969
181847,2.92573
181848,1.94072
181849,2.80322
181850,2.88034
181851,2.76393
181852,2.55588
181853,1.21541
181854,3.01346
181855,2.39175
181856,1.0
181857,1.71956
181858,3.10832
181859,3.16855
181860,3.01439
181861,3.89078
181862,3.58364
181863,3.64968
181864,3.87865
181865,3.0587
181866,3.62702
181867,3.65434
181868,3.38309
181869,3.97434
181870,3.94554
181871,3.65596
181872,3.30202
181873,3.54814
181874,2.49081
181875,3.79189
181876,3.25013
181877,3.42448
181878,3.43425
181879,3.78339
181880,3.74001
181881,3.49874
181882,1.97006
181883,3.42633
181884,2.81445
181885,3.05726
181886,3.11109
181887,3.45604
181888,3.62151
181889,3.59431
181890,3.3269
181891,3.49588
181892,2.42185
181893,3.09533
181894,3.92194
181895,3.60647
181896,3.32726
181897,1.90291
181898,2.81583
181899,2.89266
181900,3.49518
181901,3.75756
181902,3.17512
181903,3.8522
181904,4.07925
181905,3.90959
181906,3.46389
181907,1.63558
181908,1.99173
181909,3.93002
181910,4.36006
181911,3.41652
181912,4.32949
181913,3.5928
181914,2.79616
181915,4.48661
181916,4.32637
181917,3.51424
181918,4.48003
181919,3.86793
181920,4.28485
181921,3.91402
181922,3.08842
181923,4.56139
181924,3.72875
181925,3.42066
181926,4.91475
181927,4.26208
181928,4.55794
181929,4.08037
181930,3.878
181931,4.94045
181932,3.31388
181933,4.8191
181934,3.64458
181935,4.1362
181936,4.77365
181937,4.8668
181938,4.75082
181939,4.1265
181940,4.87547
181941,2.87764
181942,3.39256
181943,3.40573
181944,3.9952
181945,3.75088
181946,4.33358
181947,3.61758
181948,3.53023
181949,4.69914
181950,4.41021
181951,4.84217
181952,4.3628
181953,3.87368
181954,3.86833
181955,4.52842
181956,2.92172
181957,2.05826
181958,4.65753
181959,4.36669
181960,4.1007
181961,3.59166
181962,2.07045
181963,1.91224
181964,4.55036
181965,4.55962
181966,4.43124
181967,4.25569
181968,4.33052
181969,4.77668
181970,4.57888
181971,4.7041
181972,3.57701
181973,2.25454
181974,3.56997
181975,4.03457
181976,3.8137
181977,3.9991
181978,4.57769
181979,3.86049
181980,4.10205
181981,3.65723
181982,4.24744
181983,3.65952
181984,3.70664
181985,3.55564
181986,3.78743
181987,2.56698
181988,3.68141
181989,2.51837
181990,3.3473
181991,3.51648
181992,3.26631
181993,3.73006
181994,2.81393
181995,3.23296
181996,3.29279
181997,2.76188
181998,2.85809
181999,3.25797
182000,3.33615
182001,3.26905
182002,3.90596
182003,2.68694
182004,3.38728
182005,3.61347
182006,3.64848
182007,3.89056
182008,2.36775
182009,3.54735
182010,3.10596
182011,3.20767
182012,3.44295
182013,2.97464
182014,2.86277
182015,3.63109
182016,3.43996
182017,3.70905
182018,2.43014
182019,4.39231
182020,5.0
182021,3.70617
182022,2.35564
182023,4.20207
182024,4.13736
182025,4.55116
182026,3.5307
182027,3.70004
182028,4.3771
182029,3.47795
182030,4.50741
182031,4.05552
182032,4.25948
182033,4.31562
182034,3.9261
182035,3.17607
182036,3.90029
182037,3.09023
182038,4.19998
182039,3.45956
182040,4.55616
182041,4.41808
182042,3.30336
182043,3.01319
182044,3.54815
182045,3.7794
182046,3.59896
182047,3.19741
182048,4.51583
182049,2.17794
182050,3.76223
182051,3.88301
182052,3.75891
182053,3.40556
182054,4.11269
182055,4.1441
182056,4.8491
182057,4.55117
182058,4.55615
182059,3.11012
182060,4.07632
182061,3.96578
182062,4.09262
182063,3.81097
182064,3.79035
182065,3.15995
182066,3.26304
182067,3.48412
182068,3.16768
182069,3.12557
182070,4.27835
182071,4.49493
182072,4.09843
182073,4.65772
182074,3.10232
182075,3.39953
182076,4.56214
182077,2.95553
182078,3.02852
182079,2.1821
182080,4.26557
182081,3.51648
182082,4.12889
182083,3.8557
182084,3.01002
182085,3.06437
182086,3.61498
182087,4.59743
182088,4.67767
182089,3.7522
182090,4.16893
182091,4.04416
182092,4.19539
182093,3.13027
182094,3.39071
182095,3.2182
182096,5.0
182097,3.1218
182098,3.03793
182099,4.18803
182100,2.51056
182101,3.45842
182102,3.59828
182103,1.82404
182104,4.05704
182105,2.44684
182106,4.08447
182107,3.96621
182108,3.77481
182109,3.10048
182110,3.23683
182111,4.90516
182112,3.03646
182113,3.80365
182114,3.52537
182115,3.24378
182116,2.2203
182117,3.9158
182118,3.89518
182119,3.2417
182120,3.20926
182121,4.3317
182122,2.66035
182123,1.82663
182124,2.76458
182125,4.54594
182126,4.76076
182127,4.455
182128,3.61094
182129,4.06905
182130,4.22679
182131,2.89116
182132,4.78087
182133,4.31641
182134,3.85538
182135,4.80715
182136,4.58942
182137,4.55674
182138,3.40958
182139,3.98958
182140,4.26198
182141,4.48004
182142,3.83439
182143,4.68445
182144,3.30497
182145,3.58342
182146,3.76289
182147,4.3107
182148,4.98462
182149,4.46053
182150,4.71252
182151,1.86623
182152,3.74613
182153,3.26223
182154,3.68287
182155,3.49808
182156,4.53024
182157,3.89797
182158,3.57686
182159,3.60071
182160,2.55702
182161,3.92099
182162,5.0
182163,4.76843
182164,4.30176
182165,1.37526
182166,3.94343
182167,5.0
182168,4.06734
182169,3.73892
182170,4.11701
182171,4.12121
182172,3.06647
182173,4.31776
182174,4.2117
182175,4.16228
182176,4.42837
182177,4.08621
182178,3.53099
182179,2.99012
182180,4.89774
182181,4.57864
182182,3.50206
182183,3.49002
182184,4.50014
182185,4.25324
182186,4.03541
182187,4.06012
182188,4.79357
182189,3.41098
182190,3.14769
182191,3.991
182192,4.64987
182193,4.66632
182194,5.0
182195,2.94363
182196,3.3841
182197,3.6578
182198,4.42613
182199,3.96134
182200,2.76479
182201,4.26039
182202,1.0
182203,4.20516
182204,3.60416
182205,3.64656
182206,3.80359
182207,3.62693
182208,2.28125
182209,3.10401
182210,3.6587
182211,4.24595
182212,2.54285
182213,3.50066
182214,3.70261
182215,3.66473
182216,3.56948
182217,3.96165
182218,2.15785
182219,4.12315
182220,3.9532
182221,2.99606
182222,3.56985
182223,3.95628
182224,3.6915
182225,3.62243
182226,3.92384
182227,3.07358
182228,3.91602
182229,3.3901
182230,3.81924
182231,4.03999
182232,4.66083
182233,4.75165
182234,2.58993
182235,2.82676
182236,2.88959
182237,4.36735
182238,4.09538
182239,3.43488
182240,4.11623
182241,3.33039
182242,4.008
182243,4.0072
182244,3.70216
182245,4.13479
182246,4.39484
182247,3.63455
182248,4.39728
182249,3.3852
182250,3.87366
182251,4.69674
182252,3.88475
182253,4.33769
182254,3.75658
182255,4.29174
182256,3.96017
182257,3.53088
182258,3.63147
182259,3.8731
182260,3.73268
182261,4.2698
182262,3.92888
182263,4.11451
182264,3.41352
182265,4.16554
182266,4.01756
182267,3.87412
182268,4.19007
182269,4.24155
182270,4.14078
182271,3.23188
182272,3.66107
182273,4.29875
182274,3.04331
182275,4.2187
182276,4.91604
182277,4.57234
182278,3.70837
182279,4.73164
182280,4.45417
182281,4.98391
182282,4.24153
182283,4.17433
182284,3.5598
182285,3.76322
182286,3.27744
182287,3.99637
182288,2.83402
182289,3.99912
182290,2.69078
182291,3.44603
182292,3.46222
182293,2.91594
182294,3.5487
182295,3.39301
182296,4.02145
182297,3.74316
182298,2.17442
182299,2.83272
182300,3.45177
182301,3.84452
182302,2.31809
182303,3.40492
182304,3.08198
182305,3.5516
182306,3.7822
182307,2.9284
182308,3.38978
182309,2.97908
182310,3.59978
182311,3.90497
182312,3.43277
182313,3.39263
182314,3.28945
182315,3.62312
182316,4.01254
182317,3.44743
182318,2.63835
182319,2.51161
182320,3.33386
182321,3.11114
182322,3.66572
182323,3.98639
182324,3.31534
182325,3.09851
182326,3.09552
182327,3.43115
182328,2.18329
182329,3.62807
182330,2.61127
182331,2.75901
182332,3.02049
182333,3.00245
182334,3.23965
182335,3.68226
182336,4.3232
182337,4.44413
182338,3.50538
182339,4.74857
182340,3.84412
182341,3.85632
182342,4.28476
182343,3.85295
182344,2.86492
182345,3.04272
182346,3.5276
182347,3.09899
182348,3.8734
182349,4.31785
182350,3.39824
182351,4.03724
182352,3.54016
182353,1.97576
182354,2.79831
182355,2.81299
182356,4.48378
182357,3.03103
182358,1.94467
182359,3.31164
182360,4.57854
182361,4.07896
182362,4.46591
182363,4.2722
182364,4.02864
182365,4.42242
182366,2.85804
182367,2.96775
182368,3.55947
182369,3.49675
182370,2.22701
182371,3.30623
182372,3.68295
182373,4.3524
182374,4.19803
182375,2.89896
182376,3.2435
182377,2.75886
182378,1.9915
182379,2.87182
182380,2.48197
182381,4.26417
182382,4.0713
182383,4.01248
182384,3.09689
182385,4.2335
182386,3.55765
182387,3.90599
182388,4.16419
182389,3.7192
182390,3.09859
182391,4.00134
182392,3.07101
182393,3.82588
182394,4.03402
182395,3.80818
182396,4.209
182397,4.03328
182398,4.15823
182399,2.47092
182400,3.55538
182401,3.53209
182402,3.99972
182403,3.61727
182404,3.71953
182405,3.71601
182406,4.06216
182407,4.2039
182408,4.03209
182409,2.72539
182410,3.84808
182411,3.99345
182412,4.05932
182413,3.53773
182414,2.95274
182415,2.82241
182416,2.60034
182417,3.81043
182418,2.9337
182419,3.24263
182420,3.87425
182421,3.79277
182422,3.23767
182423,3.25533
182424,4.2157
182425,3.89546
182426,2.82272
182427,4.40716
182428,3.13943
182429,3.7718
182430,2.34092
182431,4.19401
182432,4.19033
182433,3.30017
182434,3.71472
182435,4.00227
182436,4.07429
182437,2.90898
182438,4.38563
182439,4.31511
182440,4.03212
182441,3.87991
182442,3.89925
182443,3.33733
182444,3.20893
182445,3.94274
182446,3.85191
182447,2.14431
182448,4.00344
182449,3.85103
182450,3.95072
182451,3.40266
182452,3.43918
182453,1.4475
182454,3.78495
182455,1.90214
182456,3.36237
182457,3.74189
182458,3.70142
182459,2.51107
182460,2.86788
182461,1.54456
182462,4.6094
182463,3.30462
182464,4.1421
182465,3.6712
182466,4.03443
182467,3.49897
182468,4.23685
182469,3.63176
182470,3.46967
182471,3.12159
182472,4.17609
182473,3.49925
182474,3.82372
182475,4.18446
182476,4.73685
182477,4.41026
182478,4.56552
182479,4.61632
182480,2.78867
182481,3.80125
182482,4.27113
182483,3.38962
182484,3.63327
182485,3.26934
182486,3.82491
182487,3.45677
182488,3.48307
182489,4.61121
182490,3.1339
182491,2.95512
182492,3.52403
182493,2.92215
182494,4.39833
182495,3.48757
182496,4.24671
182497,3.76157
182498,2.28239
182499,2.6701
182500,3.38248
182501,4.08292
182502,2.97251
182503,2.60454
182504,4.01369
182505,2.48486
182506,4.08888
182507,2.06795
182508,3.61124
182509,4.52627
182510,3.85926
182511,3.4208
182512,2.38965
182513,3.04563
182514,3.77847
182515,2.53828
182516,4.55689
182517,3.17412
182518,3.24828
182519,3.69042
182520,1.58263
182521,3.15425
182522,1.71406
182523,3.62967
182524,2.80553
182525,3.49499
182526,4.35787
182527,2.8771
182528,4.23201
182529,3.17454
182530,3.39209
182531,2.89364
182532,1.85192
182533,3.43815
182534,2.45435
182535,2.44818
182536,2.2071
182537,3.54266
182538,3.52945
182539,2.58879
182540,3.79868
182541,2.00906
182542,3.03141
182543,2.42365
182544,2.676
182545,4.48104
182546,2.78597
182547,4.22088
182548,1.83628
182549,3.85871
182550,2.725
182551,3.52545
182552,2.96685
182553,2.60654
182554,2.33531
182555,3.63444
182556,3.01427
182557,3.85633
182558,2.44288
182559,2.96787
182560,3.74945
182561,3.86247
182562,4.07738
182563,2.66058
182564,3.19108
182565,3.67851
182566,2.89563
182567,3.53068
182568,3.71732
182569,3.20348
182570,4.00513
182571,3.42554
182572,2.38738
182573,3.2474
182574,3.36506
182575,3.55802
182576,2.85488
182577,3.75658
182578,3.76995
182579,3.24395
182580,4.59902
182581,3.5307
182582,3.54718
182583,3.81478
182584,2.69089
182585,3.59006
182586,2.88624
182587,3.5762
182588,3.90774
182589,3.54831
182590,4.13829
182591,3.80257
182592,3.42555
182593,3.73296
182594,2.41675
182595,3.74007
182596,3.58398
182597,2.58703
182598,3.53856
182599,4.01424
182600,3.55518
182601,2.72814
182602,3.48823
182603,4.09284
182604,4.50148
182605,3.69452
182606,3.29475
182607,3.69466
182608,2.97777
182609,3.17791
182610,4.37715
182611,3.77045
182612,3.86309
182613,4.62929
182614,4.42379
182615,4.55465
182616,3.6712
182617,4.37136
182618,4.0881
182619,4.6057
182620,4.68145
182621,4.45253
182622,4.07311
182623,3.75261
182624,3.93727
182625,3.85145
182626,3.97214
182627,4.61914
182628,3.98478
182629,4.56045
182630,3.97634
182631,3.98895
182632,3.72947
182633,3.69056
182634,4.41204
182635,4.14117
182636,4.07023
182637,3.28621
182638,3.00531
182639,3.62847
182640,2.79012
182641,3.38338
182642,2.50592
182643,3.42636
182644,3.15168
182645,3.8735
182646,3.54179
182647,3.0512
182648,3.28938
182649,3.66522
182650,3.38749
182651,3.43296
182652,3.33423
182653,3.68112
182654,3.72444
182655,4.02092
182656,3.07324
182657,3.09137
182658,4.3532
182659,4.03897
182660,4.02788
182661,4.40722
182662,3.81415
182663,4.35473
182664,4.11113
182665,3.76674
182666,4.10748
182667,3.73901
182668,3.67931
182669,4.26225
182670,3.25514
182671,2.95118
182672,3.50684
182673,3.98398
182674,4.11536
182675,3.70954
182676,1.52512
182677,4.02811
182678,4.39471
182679,3.17714
182680,4.47778
182681,3.06913
182682,3.01258
182683,2.67668
182684,3.37075
182685,2.62378
182686,3.3302
182687,2.82548
182688,3.22664
182689,3.87789
182690,3.27086
182691,3.97641
182692,3.7775
182693,4.50339
182694,4.5458
182695,2.45058
182696,4.6474
182697,1.92409
182698,2.86192
182699,3.83591
182700,2.97161
182701,3.71116
182702,4.37518
182703,3.40521
182704,3.50651
182705,4.51456
182706,3.29749
182707,3.07304
182708,3.07553
182709,2.07026
182710,4.5332
182711,1.97302
182712,1.7248
182713,3.55071
182714,4.1281
182715,3.86763
182716,2.88226
182717,2.8087
182718,3.83037
182719,4.57071
182720,1.81249
182721,1.35217
182722,2.81801
182723,4.17469
182724,4.11058
182725,4.26876
182726,2.97122
182727,3.49446
182728,2.50594
182729,2.90171
182730,2.01198
182731,3.27978
182732,3.34097
182733,3.61461
182734,2.77058
182735,2.10695
182736,2.35206
182737,2.59914
182738,2.45918
182739,3.27046
182740,3.68746
182741,4.05861
182742,3.85259
182743,4.25635
182744,3.82519
182745,3.71578
182746,4.09543
182747,1.95068
182748,4.7284
182749,2.85217
182750,4.58192
182751,3.05817
182752,2.82146
182753,3.16475
182754,4.32078
182755,3.68932
182756,3.36045
182757,2.79463
182758,4.87119
182759,2.94232
182760,2.83576
182761,2.80682
182762,5.0
182763,4.42497
182764,1.39898
182765,3.87549
182766,4.33308
182767,4.51862
182768,4.61364
182769,3.43239
182770,2.18884
182771,2.03925
182772,5.0
182773,2.36939
182774,2.40708
182775,4.25061
182776,2.47791
182777,3.53929
182778,2.90865
182779,3.88033
182780,2.34775
182781,2.25501
182782,4.83131
182783,4.81472
182784,4.49165
182785,3.33812
182786,3.4562
182787,4.69251
182788,4.63499
182789,3.80427
182790,3.62431
182791,3.21611
182792,3.89361
182793,3.84217
182794,3.32014
182795,3.87612
182796,1.89823
182797,2.95983
182798,4.06253
182799,2.96242
182800,3.94504
182801,3.87945
182802,3.3992
182803,2.98689
182804,4.26575
182805,3.33044
182806,2.93107
182807,3.72889
182808,3.24964
182809,4.03908
182810,4.03548
182811,4.11046
182812,3.89396
182813,2.78916
182814,3.6946
182815,3.5084
182816,4.07993
182817,3.67874
182818,3.279
182819,3.07749
182820,3.59127
182821,3.82395
182822,4.51819
182823,2.94009
182824,4.44839
182825,4.4162
182826,2.96762
182827,4.29032
182828,4.27725
182829,4.23982
182830,3.51465
182831,3.35993
182832,3.52031
182833,3.89229
182834,4.4038
182835,4.04721
182836,2.28088
182837,2.96435
182838,2.06507
182839,4.20247
182840,3.17879
182841,4.11942
182842,2.91985
182843,3.2255
182844,3.22927
182845,5.0
182846,1.68033
182847,3.01686
182848,2.79535
182849,5.0
182850,3.26213
182851,2.16184
182852,2.07603
182853,1.27958
182854,1.5133
182855,3.25591
182856,5.0
182857,1.0
182858,2.08191
182859,4.35013
182860,3.15511
182861,3.5085
182862,4.14323
182863,3.27362
182864,4.29422
182865,4.25701
182866,2.58567
182867,2.71942
182868,4.48752
182869,4.12983
182870,2.89656
182871,2.32217
182872,2.88312
182873,4.59508
182874,5.0
182875,2.27573
182876,3.45441
182877,3.62281
182878,3.88984
182879,1.0
182880,2.60047
182881,4.49096
182882,1.97137
182883,3.00346
182884,3.14561
182885,3.76866
182886,4.01732
182887,3.67485
182888,1.0
182889,3.48129
182890,3.68746
182891,2.99952
182892,5.0
182893,2.4162
182894,2.35946
182895,3.01882
182896,2.70771
182897,4.95219
182898,3.6741
182899,4.26796
182900,3.59283
182901,2.63727
182902,3.19438
182903,3.85268
182904,4.23633
182905,1.36139
182906,2.86191
182907,2.72707
182908,4.14719
182909,4.55184
182910,1.11477
182911,1.58675
182912,1.46541
182913,4.04854
182914,1.03086
182915,3.96905
182916,3.8195
182917,1.97113
182918,4.81506
182919,2.03803
182920,3.67301
182921,3.5948
182922,1.0
182923,2.66695
182924,3.65428
182925,2.79857
182926,3.30731
182927,1.62293
182928,2.81673
182929,1.0
182930,2.32999
182931,1.49612
182932,4.1399
182933,2.84725
182934,3.87908
182935,3.04497
182936,2.89955
182937,3.36481
182938,1.0
182939,3.14389
182940,3.69052
182941,3.31255
182942,1.0
182943,4.32495
182944,3.54274
182945,1.79154
182946,2.56975
182947,3.59614
182948,2.21877
182949,2.7045
182950,3.78546
182951,2.45271
182952,4.04528
182953,3.13405
182954,2.13952
182955,2.60422
182956,3.9343
182957,3.07418
182958,2.42819
182959,3.07625
182960,3.61779
182961,3.72859
182962,2.72443
182963,3.69206
182964,3.74938
182965,3.23562
182966,4.02064
182967,3.88405
182968,3.67029
182969,2.88937
182970,3.16511
182971,3.64247
182972,4.18184
182973,3.98045
182974,2.99609
182975,3.15375
182976,3.7374
182977,4.33334
182978,3.55676
182979,2.8666
182980,4.67194
182981,3.77226
182982,4.00891
182983,4.38838
182984,3.94289
182985,4.15764
182986,3.57839
182987,4.35563
182988,3.64579
182989,4.38621
182990,3.5088
182991,3.99024
182992,3.84774
182993,4.24034
182994,4.384
182995,3.52994
182996,3.32095
182997,4.23419
182998,3.6105
182999,3.88173
183000,4.42829
183001,3.16304
183002,3.5892
183003,3.46791
183004,4.65913
183005,4.70997
183006,3.63334
183007,3.98776
183008,4.52571
183009,5.0
183010,4.9737
183011,3.26441
183012,4.56451
183013,3.35761
183014,2.69393
183015,3.52934
183016,3.50838
183017,3.77164
183018,3.28809
183019,4.2091
183020,3.67749
183021,3.82805
183022,3.92361
183023,4.10118
183024,4.65773
183025,3.71847
183026,3.36689
183027,3.64661
183028,2.67479
183029,3.31235
183030,3.7239
183031,3.8143
183032,3.12533
183033,1.37472
183034,3.38325
183035,3.43308
183036,3.05219
183037,3.511
183038,3.23377
183039,3.93442
183040,3.79982
183041,3.19718
183042,2.52158
183043,2.26694
183044,3.76038
183045,3.07437
183046,3.78117
183047,3.76047
183048,3.92804
183049,3.87707
183050,3.39221
183051,3.88241
183052,3.98413
183053,3.04224
183054,3.75746
183055,3.64159
183056,3.75849
183057,3.39164
183058,4.17545
183059,4.04799
183060,3.60323
183061,4.85204
183062,5.0
183063,4.03438
183064,3.15208
183065,4.02671
183066,4.14905
183067,3.04212
183068,4.64386
183069,3.46622
183070,3.65924
183071,4.70249
183072,3.62983
183073,3.58312
183074,4.22595
183075,4.52861
183076,3.67277
183077,3.77835
183078,4.045
183079,3.55341
183080,4.43147
183081,3.01759
183082,3.50774
183083,3.6085
183084,4.60936
183085,4.16466
183086,2.95918
183087,1.5023
183088,4.21399
183089,3.67505
183090,3.91525
183091,4.68768
183092,4.12683
183093,2.9653
183094,3.56994
183095,4.37626
183096,4.33277
183097,4.19327
183098,3.89934
183099,4.84266
183100,4.04329
183101,5.0
183102,4.47394
183103,3.74646
183104,3.65579
183105,4.07418
183106,3.26671
183107,4.20406
183108,3.47031
183109,2.80178
183110,3.78158
183111,3.85894
183112,3.82015
183113,3.90647
183114,2.93979
183115,3.41328
183116,3.76802
183117,3.47152
183118,3.8717
183119,3.65881
183120,2.7699
183121,3.59375
183122,4.03369
183123,3.18598
183124,3.60061
183125,3.81586
183126,3.65345
183127,3.85661
183128,3.4155
183129,3.6365
183130,3.34697
183131,3.66021
183132,3.85088
183133,3.48285
183134,3.15244
183135,3.5245
183136,3.20548
183137,3.51718
183138,3.56598
183139,3.59892
183140,3.64779
183141,3.26123
183142,2.6155
183143,3.29161
183144,3.61942
183145,4.2432
183146,3.614
183147,2.79088
183148,2.74416
183149,3.4199
183150,1.36039
183151,2.92675
183152,3.75964
183153,4.14461
183154,3.9718
183155,4.68164
183156,4.46559
183157,3.8078
183158,3.32416
183159,4.27646
183160,4.69078
183161,3.3837
183162,3.75846
183163,4.62382
183164,4.07346
183165,4.51844
183166,3.59789
183167,5.0
183168,4.95693
183169,4.2175
183170,4.75587
183171,4.13192
183172,5.0
183173,4.66213
183174,4.11853
183175,4.01776
183176,4.34879
183177,4.18854
183178,3.92215
183179,3.8512
183180,3.42259
183181,4.64285
183182,3.87377
183183,4.8318
183184,4.17755
183185,4.59848
183186,4.38061
183187,5.0
183188,4.15774
183189,4.04952
183190,3.89346
183191,3.93899
183192,4.9693
183193,3.93487
183194,3.649
183195,3.7134
183196,4.41876
183197,2.47325
183198,3.67751
183199,3.17074
183200,4.54156
183201,2.87809
183202,4.36579
183203,4.46605
183204,4.91111
183205,5.0
183206,4.23931
183207,4.45336
183208,3.79988
183209,4.68543
183210,4.20182
183211,3.6354
183212,4.53931
183213,4.10112
183214,4.04907
183215,4.53516
183216,3.67533
183217,3.62977
183218,5.0
183219,3.31986
183220,4.22681
183221,3.80696
183222,4.27549
183223,3.68531
183224,3.66096
183225,4.18258
183226,3.8579
183227,3.75388
183228,5.0
183229,3.07048
183230,3.36324
183231,4.12694
183232,3.29098
183233,2.81879
183234,3.66574
183235,3.9866
183236,3.55161
183237,3.15576
183238,3.18695
183239,2.52492
183240,2.29222
183241,3.24521
183242,3.72564
183243,3.3331
183244,3.77744
183245,2.74242
183246,3.64475
183247,3.07754
183248,2.94726
183249,3.38929
183250,2.89875
183251,3.10913
183252,2.56548
183253,2.97938
183254,3.4461
183255,3.17524
183256,5.0
183257,5.0
183258,4.06531
183259,4.33377
183260,2.9791
183261,3.4049
183262,3.71756
183263,3.97825
183264,3.48
183265,3.0486
183266,3.35355
183267,3.48002
183268,2.90982
183269,3.60452
183270,3.37472
183271,3.51114
183272,3.1949
183273,3.46014
183274,3.13773
183275,3.94809
183276,3.38796
183277,4.18288
183278,2.6057
183279,3.32707
183280,3.44369
183281,3.0535
183282,2.8891
183283,3.71114
183284,3.39339
183285,2.32099
183286,3.75246
183287,3.79681
183288,3.82325
183289,3.74256
183290,4.06963
183291,2.86618
183292,2.52174
183293,2.99249
183294,3.67151
183295,3.60327
183296,3.9017
183297,3.99336
183298,3.43102
183299,3.31818
183300,3.00145
183301,2.86694
183302,3.40378
183303,3.39154
183304,4.14224
183305,3.70891
183306,4.79511
183307,4.44902
183308,3.65403
183309,4.4341
183310,4.59212
183311,4.81444
183312,3.58596
183313,4.29365
183314,4.12504
183315,2.85847
183316,4.71578
183317,4.83893
183318,3.38101
183319,4.47819
183320,4.55305
183321,4.47834
183322,4.08175
183323,4.75464
183324,4.37747
183325,4.75752
183326,4.60991
183327,4.0818
183328,2.63196
183329,2.21646
183330,4.70677
183331,3.3012
183332,3.73924
183333,4.43575
183334,4.42353
183335,4.13789
183336,3.19466
183337,4.65918
183338,4.60975
183339,4.0401
183340,4.84264
183341,2.92219
183342,3.62887
183343,1.88616
183344,2.80794
183345,3.62331
183346,4.22785
183347,3.84672
183348,3.87256
183349,3.1604
183350,3.22126
183351,4.32594
183352,3.93263
183353,3.6571
183354,3.59206
183355,3.90331
183356,4.30087
183357,3.8718
183358,3.80303
183359,3.67826
183360,4.72615
183361,3.98886
183362,4.78537
183363,4.59324
183364,3.47261
183365,3.66012
183366,4.31731
183367,4.21987
183368,3.19539
183369,3.58557
183370,2.42827
183371,3.683
183372,3.81947
183373,4.60394
183374,4.4561
183375,4.1525
183376,4.14181
183377,3.00974
183378,4.2235
183379,4.36139
183380,3.7076
183381,3.85183
183382,3.82741
183383,3.7504
183384,4.1042
183385,3.92196
183386,3.76283
183387,3.91736
183388,4.09815
183389,4.0758
183390,3.44108
183391,4.32768
183392,3.27967
183393,3.29782
183394,3.42609
183395,4.15955
183396,3.62989
183397,4.5944
183398,4.57832
183399,4.29103
183400,4.28735
183401,2.73691
183402,2.05238
183403,4.37611
183404,3.93636
183405,3.57105
183406,3.95914
183407,4.23971
183408,1.52306
183409,3.85778
183410,4.10477
183411,4.41438
183412,3.96191
183413,3.19271
183414,4.17247
183415,3.87943
183416,1.0
183417,4.22493
183418,3.93681
183419,2.03103
183420,4.13706
183421,3.87074
183422,2.22464
183423,1.0
183424,3.43523
183425,3.98209
183426,2.6074
183427,4.3555
183428,4.25435
183429,3.75354
183430,4.4193
183431,3.10601
183432,3.31265
183433,4.14522
183434,3.33646
183435,4.3325
183436,4.58423
183437,3.41519
183438,3.12479
183439,3.06314
183440,4.16508
183441,3.96697
183442,4.39726
183443,4.37438
183444,4.16024
183445,4.37857
183446,4.54773
183447,3.88588
183448,3.17688
183449,3.38353
183450,3.72316
183451,4.50311
183452,4.39755
183453,3.52305
183454,3.77831
183455,3.92838
183456,3.52844
183457,5.0
183458,4.32186
183459,4.49344
183460,3.06002
183461,3.74551
183462,3.35392
183463,3.80575
183464,4.46616
183465,3.71627
183466,4.25395
183467,4.33096
183468,4.70539
183469,4.79011
183470,3.21071
183471,3.58653
183472,4.69281
183473,2.28782
183474,3.80928
183475,4.29978
183476,4.46577
183477,3.90948
183478,3.93527
183479,4.12369
183480,4.40051
183481,3.35511
183482,2.88752
183483,4.68066
183484,3.41333
183485,4.40364
183486,3.40853
183487,4.05872
183488,4.04857
183489,2.18364
183490,1.43156
183491,2.12435
183492,1.70545
183493,3.31104
183494,2.61408
183495,2.32615
183496,2.76991
183497,3.13443
183498,1.95467
183499,4.9327
183500,4.51491
183501,4.44221
183502,4.29998
183503,3.95486
183504,4.17413
183505,2.99745
183506,3.52758
183507,4.15663
183508,4.42754
183509,3.80074
183510,3.99008
183511,4.28834
183512,4.14322
183513,4.47548
183514,3.34578
183515,3.60219
183516,3.77019
183517,4.02912
183518,3.9195
183519,3.25571
183520,3.57439
183521,3.55321
183522,4.6367
183523,4.07366
183524,4.22009
183525,3.26588
183526,3.7512
183527,3.3341
183528,3.47862
183529,2.92232
183530,3.30092
183531,4.45262
183532,3.32695
183533,3.69992
183534,4.10871
183535,3.11517
183536,3.08904
183537,3.82574
183538,3.79204
183539,3.00654
183540,2.33974
183541,3.35375
183542,2.46937
183543,3.31576
183544,3.31979
183545,5.0
183546,3.9292
183547,3.70347
183548,2.65131
183549,3.71954
183550,4.08756
183551,4.25971
183552,4.61849
183553,3.07747
183554,3.15652
183555,3.82382
183556,3.56592
183557,3.44123
183558,3.14636
183559,3.7804
183560,4.11087
183561,2.84432
183562,2.35778
183563,4.53945
183564,1.08859
183565,4.1946
183566,4.39253
183567,4.76496
183568,3.50203
183569,3.25333
183570,4.14387
183571,4.07769
183572,3.76583
183573,2.50795
183574,5.0
183575,4.67523
183576,4.39123
183577,4.37927
183578,4.2194
183579,3.89947
183580,2.95727
183581,3.42287
183582,1.37843
183583,3.94164
183584,3.73194
183585,4.70728
183586,4.43754
183587,4.57636
183588,3.8865
183589,3.73815
183590,4.06363
183591,3.98346
183592,3.42769
183593,3.63752
183594,3.78929
183595,4.18995
183596,3.91666
183597,4.46445
183598,3.19694
183599,4.5509
183600,3.97098
183601,3.78826
183602,4.37266
183603,4.45057
183604,4.36343
183605,4.26797
183606,3.97941
183607,4.82184
183608,4.141
183609,4.65423
183610,3.60426
183611,3.42851
183612,3.67192
183613,3.7296
183614,4.44984
183615,3.69118
183616,3.33305
183617,2.85898
183618,3.9425
183619,3.4505
183620,3.20314
183621,4.17654
183622,3.37765
183623,3.26954
183624,2.91136
183625,2.34679
183626,2.96704
183627,2.27524
183628,2.48668
183629,1.76114
183630,2.60453
183631,3.41788
183632,3.19948
183633,2.71577
183634,1.91996
183635,4.72339
183636,4.0985
183637,2.61435
183638,1.92003
183639,1.70042
183640,3.38282
183641,2.82716
183642,2.0173
183643,2.96203
183644,2.32803
183645,3.11662
183646,2.32194
183647,4.26509
183648,1.79496
183649,3.38095
183650,2.20912
183651,2.26535
183652,2.41943
183653,2.69256
183654,2.43184
183655,4.65242
183656,3.33383
183657,4.03823
183658,3.6869
183659,4.00395
183660,4.15129
183661,3.0495
183662,2.62872
183663,2.56338
183664,1.56652
183665,1.0
183666,2.45157
183667,2.08559
183668,2.15133
183669,3.0627
183670,2.65234
183671,2.18188
183672,3.1823
183673,3.91838
183674,2.70566
183675,4.48356
183676,2.14334
183677,3.43795
183678,2.18946
183679,2.32601
183680,1.05499
183681,2.8035
183682,3.04122
183683,2.16794
183684,3.83397
183685,1.0
183686,2.08091
183687,2.56969
183688,3.56805
183689,3.39611
183690,4.44249
183691,1.61756
183692,2.95228
183693,1.3126
183694,2.34888
183695,4.50632
183696,1.31308
183697,2.94298
183698,3.74282
183699,3.45853
183700,4.25543
183701,3.87164
183702,3.33145
183703,2.60452
183704,2.75052
183705,2.88547
183706,3.04446
183707,3.73964
183708,4.10898
183709,2.79685
183710,4.15295
183711,4.33486
183712,3.21889
183713,3.18415
183714,2.79859
183715,2.91837
183716,2.5996
183717,3.37509
183718,3.79425
183719,2.58986
183720,4.31071
183721,4.51047
183722,4.12534
183723,4.67021
183724,3.45721
183725,3.02993
183726,4.7409
183727,3.39056
183728,4.04672
183729,4.47222
183730,3.59966
183731,4.84355
183732,4.93871
183733,3.75668
183734,4.89634
183735,4.41342
183736,4.32038
183737,4.38461
183738,5.0
183739,4.14366
183740,3.86766
183741,4.18708
183742,4.58498
183743,3.50928
183744,3.9652
183745,4.59775
183746,2.54286
183747,4.04653
183748,4.5619
183749,3.82537
183750,1.90853
183751,4.49926
183752,3.24592
183753,3.36129
183754,4.76238
183755,3.40728
183756,3.54786
183757,3.88728
183758,2.41118
183759,2.5117
183760,2.93294
183761,4.14294
183762,3.62414
183763,4.57583
183764,4.44755
183765,3.39086
183766,4.36673
183767,3.4061
183768,4.86632
183769,3.69969
183770,4.43299
183771,4.48789
183772,4.44013
183773,4.40935
183774,4.48019
183775,2.27407
183776,3.22192
183777,3.93794
183778,3.16374
183779,4.33029
183780,4.22496
183781,1.37105
183782,2.16945
183783,2.81963
183784,1.68338
183785,2.97264
183786,4.11489
183787,3.84688
183788,3.24304
183789,3.72239
183790,3.98087
183791,4.14948
183792,3.80942
183793,4.1408
183794,2.9463
183795,3.53984
183796,3.20287
183797,3.98125
183798,4.25652
183799,3.88533
183800,3.347
183801,4.21338
183802,2.85799
183803,3.70134
183804,3.38632
183805,2.35819
183806,4.59539
183807,3.59103
183808,4.40569
183809,4.1524
183810,2.93282
183811,3.76078
183812,4.52239
183813,3.31225
183814,2.95175
183815,3.8363
183816,4.49016
183817,2.8446
183818,3.11348
183819,1.2801
183820,1.37357
183821,2.08817
183822,1.99366
183823,1.5609
183824,3.63084
183825,2.11374
183826,1.78303
183827,2.32531
183828,1.0
183829,3.4518
183830,2.56269
183831,1.66594
183832,1.55938
183833,3.1633
183834,2.69191
183835,2.6167
183836,2.49811
183837,2.50151
183838,1.75496
183839,2.93659
183840,2.37007
183841,1.21999
183842,1.45417
183843,3.16372
183844,2.52085
183845,1.72297
183846,2.19992
183847,1.37718
183848,2.09208
183849,1.31391
183850,1.9881
183851,2.62114
183852,2.83649
183853,3.37631
183854,3.49038
183855,3.93836
183856,4.71521
183857,3.89167
183858,3.99107
183859,3.94182
183860,4.76543
183861,3.9152
183862,3.29615
183863,3.336
183864,4.39297
183865,4.81648
183866,5.0
183867,3.62909
183868,3.87908
183869,4.51007
183870,4.8024
183871,3.39843
183872,4.26538
183873,4.51826
183874,4.11942
183875,3.03085
183876,2.99682
183877,2.97807
183878,3.41357
183879,3.87326
183880,2.62583
183881,3.95504
183882,3.74448
183883,2.12528
183884,3.13911
183885,3.18223
183886,3.98917
183887,3.48464
183888,3.4848
183889,1.78116
183890,3.7659
183891,2.98809
183892,3.23544
183893,2.04299
183894,4.04989
183895,3.43928
183896,3.34417
183897,3.42568
183898,3.53457
183899,3.39227
183900,3.22292
183901,3.6469
183902,4.09475
183903,4.36244
183904,3.64864
183905,3.36962
183906,3.55001
183907,2.33545
183908,3.53751
183909,2.83447
183910,3.92688
183911,4.10001
183912,4.31677
183913,3.78556
183914,4.73361
183915,4.8283
183916,3.02427
183917,4.9636
183918,4.15766
183919,4.14105
183920,3.78094
183921,4.79148
183922,5.0
183923,4.61814
183924,4.49503
183925,4.5917
183926,4.78231
183927,5.0
183928,3.93905
183929,3.34713
183930,4.40389
183931,3.68231
183932,5.0
183933,4.25135
183934,4.1252
183935,3.45757
183936,4.86734
183937,4.84467
183938,4.01034
183939,3.50532
183940,4.24915
183941,4.65513
183942,3.10562
183943,2.16427
183944,2.59648
183945,3.32357
183946,3.91785
183947,3.21317
183948,4.05133
183949,2.64731
183950,4.38863
183951,4.07398
183952,3.6075
183953,1.93189
183954,3.58999
183955,3.46565
183956,3.05727
183957,3.96499
183958,3.99986
183959,4.11882
183960,4.64048
183961,3.95603
183962,3.04021
183963,3.50694
183964,5.0
183965,3.57252
183966,3.23748
183967,3.75364
183968,4.13812
183969,3.40831
183970,4.52429
183971,4.00288
183972,4.54364
183973,2.81299
183974,3.00663
183975,3.75961
183976,3.84477
183977,4.33088
183978,3.59678
183979,3.41584
183980,4.70506
183981,2.51211
183982,2.6095
183983,2.32085
183984,3.46246
183985,2.70499
183986,3.35332
183987,3.25585
183988,3.72604
183989,3.06916
183990,3.46367
183991,3.89636
183992,4.29357
183993,2.54038
183994,3.64034
183995,4.3411
183996,3.96863
183997,1.85628
183998,5.0
183999,3.5563
184000,2.08147
184001,3.46566
184002,3.46742
184003,4.41526
184004,3.1398
184005,3.6269
184006,2.6361
184007,2.70217
184008,2.6954
184009,3.48687
184010,5.0
184011,3.52588
184012,3.57146
184013,4.18483
184014,4.7298
184015,3.16401
184016,4.13287
184017,3.77438
184018,3.75528
184019,2.45611
184020,3.30839
184021,4.41042
184022,3.37076
184023,4.22996
184024,3.59319
184025,3.16718
184026,4.10752
184027,2.65242
184028,3.82312
184029,3.81642
184030,4.56208
184031,3.32946
184032,4.23547
184033,1.27484
184034,1.60924
184035,5.0
184036,4.36613
184037,3.90577
184038,4.44165
184039,2.99614
184040,3.39762
184041,3.53137
184042,3.99124
184043,4.61528
184044,1.02273
184045,4.00459
184046,2.28612
184047,3.47794
184048,3.47185
184049,4.12158
184050,2.7354
184051,4.76843
184052,4.60964
184053,4.09345
184054,4.45579
184055,5.0
184056,4.27826
184057,4.2248
184058,3.584
184059,3.70624
184060,4.10083
184061,4.20536
184062,4.47444
184063,3.74485
184064,2.87419
184065,4.05535
184066,3.5389
184067,4.04028
184068,4.50291
184069,4.32452
184070,4.29774
184071,3.68054
184072,3.63767
184073,4.09102
184074,3.5468
184075,4.41224
184076,2.58424
184077,4.14423
184078,3.62961
184079,4.50762
184080,1.63134
184081,4.28423
184082,4.03721
184083,3.57085
184084,1.33918
184085,4.24745
184086,3.99886
184087,3.15483
184088,2.82329
184089,3.6204
184090,4.25161
184091,4.57978
184092,3.48613
184093,3.89247
184094,4.09324
184095,3.06799
184096,4.09122
184097,3.34087
184098,2.87441
184099,4.06569
184100,3.25074
184101,3.38785
184102,3.97398
184103,3.87448
184104,4.29004
184105,4.55151
184106,4.09628
184107,3.22363
184108,3.73813
184109,3.16612
184110,3.69759
184111,3.1279
184112,3.17865
184113,4.0148
184114,4.15754
184115,2.86092
184116,3.10369
184117,4.28967
184118,3.67152
184119,4.22183
184120,4.01433
184121,3.90177
184122,4.16928
184123,3.73674
184124,3.41477
184125,2.39673
184126,3.21145
184127,3.02056
184128,3.25797
184129,3.71036
184130,3.40798
184131,3.68476
184132,3.09737
184133,3.34735
184134,3.40011
184135,3.48728
184136,3.32038
184137,3.53914
184138,3.89427
184139,3.62076
184140,3.3391
184141,3.75754
184142,3.28762
184143,3.33268
184144,4.00711
184145,2.68061
184146,2.95668
184147,4.1277
184148,2.77549
184149,3.3236
184150,1.9045
184151,3.97012
184152,3.39588
184153,2.67609
184154,3.3019
184155,3.83197
184156,3.70118
184157,4.0023
184158,3.77092
184159,3.49814
184160,3.35158
184161,2.4068
184162,3.13132
184163,3.33814
184164,3.84601
184165,3.39203
184166,3.44929
184167,2.98345
184168,2.76379
184169,3.47643
184170,3.28833
184171,3.51146
184172,3.67423
184173,3.2954
184174,1.96777
184175,3.49754
184176,2.79792
184177,3.51574
184178,3.55578
184179,3.44295
184180,3.18148
184181,2.88642
184182,3.22043
184183,3.43532
184184,4.42278
184185,3.0973
184186,2.82266
184187,3.35993
184188,4.15164
184189,3.36435
184190,3.48513
184191,4.65721
184192,4.77688
184193,4.72779
184194,4.69183
184195,3.89861
184196,4.6233
184197,4.06558
184198,4.16874
184199,4.79022
184200,4.50377
184201,5.0
184202,4.6133
184203,3.43425
184204,3.83833
184205,4.6705
184206,4.92772
184207,4.71568
184208,4.49574
184209,4.37559
184210,2.62859
184211,4.14297
184212,3.7606
184213,2.17361
184214,3.5922
184215,2.77807
184216,4.24402
184217,3.54905
184218,5.0
184219,4.21804
184220,4.66109
184221,4.19806
184222,4.66026
184223,2.89072
184224,3.66434
184225,3.88816
184226,3.36816
184227,2.4217
184228,4.39651
184229,3.80751
184230,4.38248
184231,3.86293
184232,2.96124
184233,2.9403
184234,2.50218
184235,3.83232
184236,3.99273
184237,4.42137
184238,3.36673
184239,4.44871
184240,5.0
184241,3.29362
184242,2.62857
184243,3.84634
184244,3.4774
184245,4.36054
184246,2.21003
184247,3.20382
184248,2.3713
184249,4.17761
184250,3.41125
184251,3.41896
184252,3.65214
184253,2.77584
184254,4.14125
184255,4.99995
184256,4.75561
184257,3.10867
184258,3.28727
184259,3.67904
184260,4.1986
184261,3.23761
184262,4.30484
184263,3.62431
184264,3.43207
184265,4.69773
184266,4.17929
184267,3.94516
184268,4.23977
184269,4.97198
184270,3.86454
184271,4.51307
184272,3.38081
184273,3.54061
184274,1.98631
184275,4.40002
184276,2.0904
184277,4.63753
184278,3.72531
184279,4.04553
184280,3.9323
184281,4.78919
184282,3.74156
184283,4.54855
184284,4.7239
184285,3.7566
184286,3.85504
184287,3.88404
184288,4.33905
184289,2.73044
184290,3.9014
184291,3.94668
184292,3.69141
184293,4.21365
184294,2.45631
184295,3.1441
184296,3.11977
184297,4.2706
184298,3.63095
184299,3.36019
184300,3.64957
184301,4.24504
184302,4.47401
184303,4.13017
184304,3.86184
184305,3.59704
184306,2.74449
184307,4.01551
184308,4.43901
184309,3.74659
184310,3.52683
184311,3.03507
184312,3.99348
184313,4.48205
184314,3.61878
184315,3.02586
184316,3.72708
184317,4.12826
184318,3.28458
184319,4.14818
184320,4.60209
184321,3.28149
184322,4.09501
184323,3.7192
184324,3.97955
184325,3.86825
184326,3.94768
184327,3.93903
184328,4.62126
184329,4.85311
184330,3.37761
184331,3.23276
184332,3.23538
184333,4.43118
184334,2.68096
184335,3.29685
184336,4.02261
184337,3.8668
184338,4.48378
184339,4.47937
184340,3.53396
184341,4.05536
184342,3.04478
184343,3.6912
184344,2.33386
184345,3.16559
184346,3.44447
184347,4.04568
184348,4.25949
184349,3.52874
184350,4.29493
184351,3.91677
184352,3.08653
184353,3.68417
184354,4.19348
184355,4.51108
184356,4.40308
184357,4.20366
184358,3.5536
184359,3.61257
184360,2.29748
184361,3.7733
184362,4.22333
184363,3.88366
184364,3.43818
184365,2.46856
184366,2.94816
184367,1.51239
184368,3.78875
184369,4.06837
184370,3.1613
184371,3.56832
184372,3.56588
184373,2.364
184374,3.05989
184375,3.94902
184376,3.13461
184377,4.19795
184378,3.85418
184379,4.07625
184380,4.80506
184381,4.45744
184382,4.36784
184383,4.84851
184384,3.90951
184385,4.15555
184386,2.84523
184387,3.92663
184388,5.0
184389,3.74098
184390,4.00244
184391,4.14365
184392,5.0
184393,3.46997
184394,3.27551
184395,4.73688
184396,3.60371
184397,3.57771
184398,3.94501
184399,4.47554
184400,3.21532
184401,3.60948
184402,3.70566
184403,3.5742
184404,3.64529
184405,2.06916
184406,2.78027
184407,3.00779
184408,3.73818
184409,3.16954
184410,3.43325
184411,4.31623
184412,3.89001
184413,4.1386
184414,3.5575
184415,4.63925
184416,4.05769
184417,2.75196
184418,4.01256
184419,3.61666
184420,3.76615
184421,3.43684
184422,3.45899
184423,3.66843
184424,1.92859
184425,4.0429
184426,3.50041
184427,4.83272
184428,3.99717
184429,2.9978
184430,2.94031
184431,3.66711
184432,3.16138
184433,4.61723
184434,2.96606
184435,3.58953
184436,3.3366
184437,3.49932
184438,3.72241
184439,3.7498
184440,2.04089
184441,4.04041
184442,3.31584
184443,3.13249
184444,2.17565
184445,3.30942
184446,2.81691
184447,3.34074
184448,2.94716
184449,2.99578
184450,2.42285
184451,2.86722
184452,3.8279
184453,3.46798
184454,2.54547
184455,3.48004
184456,2.91523
184457,4.64899
184458,1.65669
184459,2.52842
184460,4.06857
184461,4.03632
184462,2.78267
184463,4.05082
184464,3.08651
184465,3.64927
184466,1.81062
184467,3.34276
184468,3.46932
184469,3.3266
184470,3.9168
184471,3.61314
184472,4.49695
184473,3.85423
184474,4.8999
184475,3.45504
184476,4.65311
184477,3.75032
184478,3.49044
184479,3.93623
184480,3.2403
184481,3.14549
184482,3.15687
184483,3.57843
184484,3.31795
184485,3.29576
184486,3.20377
184487,3.0544
184488,3.38266
184489,3.83743
184490,4.39052
184491,3.45053
184492,3.54041
184493,2.91579
184494,1.0
184495,2.556
184496,3.95236
184497,3.81431
184498,4.22419
184499,4.44266
184500,3.22399
184501,3.70406
184502,2.95182
184503,3.8448
184504,3.56893
184505,3.54336
184506,4.3324
184507,4.22591
184508,4.7552
184509,4.03981
184510,4.02246
184511,3.96384
184512,3.10651
184513,2.95305
184514,4.19306
184515,2.22007
184516,3.33889
184517,4.71977
184518,3.80855
184519,4.35676
184520,2.76196
184521,3.15548
184522,2.37271
184523,3.38828
184524,3.02695
184525,3.12532
184526,3.31384
184527,4.2122
184528,3.60605
184529,3.67732
184530,2.95929
184531,3.77688
184532,4.48879
184533,3.55841
184534,4.79702
184535,4.42505
184536,3.97101
184537,3.24138
184538,3.16677
184539,1.05538
184540,1.88887
184541,3.31876
184542,4.04479
184543,4.93514
184544,3.99162
184545,3.43809
184546,2.32261
184547,3.90179
184548,3.96084
184549,3.87127
184550,3.31083
184551,3.8798
184552,3.3456
184553,3.7858
184554,4.12223
184555,4.59304
184556,4.09193
184557,3.92287
184558,2.74274
184559,4.30102
184560,3.74115
184561,3.79106
184562,4.16511
184563,4.38106
184564,3.3449
184565,4.27529
184566,4.91734
184567,3.52303
184568,3.05614
184569,4.00448
184570,3.87457
184571,4.47608
184572,4.45916
184573,3.9133
184574,3.88201
184575,4.21079
184576,4.09915
184577,3.59157
184578,3.9308
184579,4.13874
184580,3.4854
184581,3.64216
184582,3.5775
184583,3.94892
184584,2.68643
184585,2.24134
184586,2.75365
184587,3.52652
184588,4.68639
184589,4.81283
184590,3.2966
184591,4.72943
184592,3.97224
184593,3.94584
184594,3.30021
184595,2.68316
184596,4.2854
184597,2.68314
184598,3.97193
184599,4.49606
184600,2.60186
184601,2.55118
184602,2.3422
184603,3.86157
184604,4.83564
184605,1.7972
184606,3.26076
184607,4.71348
184608,4.19635
184609,2.92955
184610,4.52145
184611,4.42185
184612,2.88277
184613,1.98043
184614,2.85492
184615,3.64088
184616,2.04559
184617,2.06799
184618,3.29365
184619,3.02254
184620,2.58771
184621,3.37677
184622,3.77639
184623,2.73221
184624,2.02092
184625,3.50387
184626,3.30227
184627,2.59524
184628,2.18711
184629,3.15542
184630,2.68947
184631,2.61815
184632,3.94988
184633,2.54376
184634,3.53099
184635,2.79687
184636,3.1326
184637,2.20468
184638,3.79981
184639,4.3424
184640,3.89874
184641,4.49115
184642,5.0
184643,4.07351
184644,5.0
184645,4.45299
184646,4.73811
184647,4.61169
184648,4.11597
184649,5.0
184650,4.49198
184651,3.93794
184652,4.83749
184653,5.0
184654,4.48116
184655,4.23674
184656,3.98203
184657,3.98695
184658,4.08762
184659,4.60669
184660,3.77565
184661,4.65245
184662,4.36302
184663,3.36429
184664,3.67367
184665,3.93461
184666,3.38782
184667,4.19684
184668,4.42266
184669,4.29459
184670,4.40019
184671,3.98585
184672,4.27217
184673,4.15889
184674,3.80999
184675,4.16499
184676,3.95263
184677,4.36108
184678,2.73624
184679,4.78944
184680,3.02215
184681,2.98833
184682,3.80481
184683,3.52309
184684,3.6538
184685,3.41962
184686,2.64318
184687,2.84686
184688,3.6397
184689,3.8999
184690,4.60885
184691,4.17079
184692,3.10843
184693,4.10652
184694,3.48834
184695,2.92116
184696,3.4938
184697,3.38274
184698,4.35593
184699,3.74023
184700,4.14414
184701,3.80098
184702,3.00728
184703,3.28625
184704,3.67079
184705,2.65202
184706,4.07244
184707,4.60637
184708,4.16251
184709,3.93601
184710,4.02213
184711,4.49024
184712,4.57388
184713,4.38443
184714,3.86668
184715,3.87504
184716,4.382
184717,3.58173
184718,4.14447
184719,4.62934
184720,4.7668
184721,3.68858
184722,3.39415
184723,4.01043
184724,3.79992
184725,4.3015
184726,4.28761
184727,4.03216
184728,4.74819
184729,4.14984
184730,4.05388
184731,4.18949
184732,4.04165
184733,4.66328
184734,4.74994
184735,4.59206
184736,4.65346
184737,4.69331
184738,3.19946
184739,4.33184
184740,3.86796
184741,3.88486
184742,2.53646
184743,4.52709
184744,3.9977
184745,4.10657
184746,3.7078
184747,3.89216
184748,4.41785
184749,4.3996
184750,4.08775
184751,4.35672
184752,4.141
184753,2.96276
184754,3.97474
184755,3.73444
184756,5.0
184757,3.0089
184758,3.28035
184759,3.32339
184760,3.60949
184761,2.98157
184762,5.0
184763,4.11313
184764,3.5929
184765,3.29481
184766,4.16237
184767,3.33454
184768,2.71765
184769,4.26114
184770,3.79372
184771,4.2241
184772,2.20127
184773,4.13508
184774,4.18403
184775,4.77111
184776,3.81464
184777,2.47628
184778,4.43264
184779,2.85894
184780,4.00463
184781,4.21085
184782,4.63006
184783,3.89141
184784,3.53921
184785,3.61197
184786,2.33662
184787,3.55757
184788,3.62415
184789,4.28043
184790,3.31714
184791,4.09645
184792,3.81004
184793,4.58155
184794,4.39874
184795,2.64031
184796,4.65958
184797,4.30694
184798,4.39937
184799,4.28271
184800,5.0
184801,3.79939
184802,4.80174
184803,4.7631
184804,4.90573
184805,4.5368
184806,3.97792
184807,4.3801
184808,2.13593
184809,4.24822
184810,3.16362
184811,2.27136
184812,5.0
184813,4.195
184814,4.31336
184815,3.10269
184816,4.38359
184817,3.70975
184818,2.73587
184819,4.22943
184820,4.36784
184821,4.46114
184822,3.71809
184823,2.78594
184824,4.25916
184825,3.34713
184826,3.97444
184827,3.75825
184828,2.17863
184829,4.23771
184830,1.0
184831,3.57467
184832,3.35129
184833,2.65399
184834,4.39327
184835,3.34073
184836,4.09399
184837,2.99153
184838,3.66004
184839,1.99044
184840,4.61398
184841,2.72113
184842,4.59093
184843,3.40374
184844,4.40588
184845,4.64928
184846,3.89913
184847,3.33516
184848,3.26517
184849,3.58685
184850,3.30205
184851,3.06981
184852,2.95856
184853,2.95555
184854,3.14375
184855,3.40883
184856,2.18606
184857,3.15885
184858,3.8017
184859,3.03903
184860,2.78162
184861,3.02611
184862,2.6059
184863,3.15773
184864,2.20571
184865,3.03613
184866,2.96811
184867,4.95521
184868,5.0
184869,3.88832
184870,4.05177
184871,4.37004
184872,4.66962
184873,3.98687
184874,3.63747
184875,4.05133
184876,3.75684
184877,4.29651
184878,4.11717
184879,3.48744
184880,4.29613
184881,4.146
184882,3.21743
184883,4.167
184884,4.16505
184885,3.66182
184886,4.27806
184887,2.70932
184888,3.59171
184889,5.0
184890,4.57074
184891,4.3038
184892,4.7185
184893,3.8421
184894,5.0
184895,4.4615
184896,3.60652
184897,3.95991
184898,3.98786
184899,4.61311
184900,2.24858
184901,4.71575
184902,4.91986
184903,4.01826
184904,4.60719
184905,2.92441
184906,4.85716
184907,4.75833
184908,3.01922
184909,4.03041
184910,3.0268
184911,4.41859
184912,4.70552
184913,3.6054
184914,4.55383
184915,3.81229
184916,4.4234
184917,4.83236
184918,3.03646
184919,1.89971
184920,4.061
184921,4.33449
184922,4.3703
184923,4.10113
184924,5.0
184925,4.21447
184926,4.17731
184927,4.83228
184928,4.97058
184929,4.65666
184930,5.0
184931,4.24166
184932,4.95344
184933,4.6103
184934,4.08656
184935,4.26854
184936,5.0
184937,4.75043
184938,4.86639
184939,4.48516
184940,3.75052
184941,3.30336
184942,4.11346
184943,4.13971
184944,4.07491
184945,3.98765
184946,2.21937
184947,4.41831
184948,3.32792
184949,5.0
184950,4.40593
184951,4.84897
184952,4.44184
184953,4.78041
184954,3.94847
184955,2.28119
184956,4.82773
184957,4.00484
184958,4.33468
184959,2.19277
184960,4.16417
184961,3.23098
184962,4.02303
184963,4.25828
184964,3.33973
184965,4.08801
184966,3.32457
184967,3.94376
184968,3.15025
184969,4.85994
184970,4.50594
184971,4.41756
184972,4.65582
184973,2.74049
184974,2.89064
184975,2.03771
184976,2.09929
184977,4.70432
184978,5.0
184979,4.62903
184980,4.88572
184981,4.93576
184982,3.71326
184983,4.99926
184984,4.83724
184985,5.0
184986,4.89829
184987,4.11396
184988,4.8293
184989,4.72525
184990,3.54089
184991,4.02255
184992,5.0
184993,4.07277
184994,3.44813
184995,4.70814
184996,4.99526
184997,4.56012
184998,4.43952
184999,5.0
185000,4.56464
185001,4.09367
185002,4.39243
185003,4.47423
185004,5.0
185005,4.52777
185006,4.94662
185007,4.76748
185008,4.65844
185009,4.8975
185010,5.0
185011,3.85931
185012,4.60244
185013,4.28663
185014,4.26979
185015,4.32068
185016,4.3173
185017,5.0
185018,4.85159
185019,4.3275
185020,5.0
185021,4.88311
185022,4.79099
185023,1.91085
185024,5.0
185025,4.63923
185026,3.73953
185027,5.0
185028,2.14266
185029,3.17153
185030,2.71441
185031,3.88264
185032,3.64216
185033,3.59073
185034,3.7944
185035,3.2049
185036,3.658
185037,3.80484
185038,3.62311
185039,3.30145
185040,4.4506
185041,5.0
185042,3.94308
185043,4.59855
185044,3.71073
185045,4.07275
185046,2.54976
185047,3.34071
185048,3.92585
185049,3.37202
185050,3.22701
185051,3.48222
185052,2.77694
185053,1.32666
185054,3.47208
185055,3.50931
185056,1.50781
185057,1.91012
185058,3.91076
185059,3.50026
185060,3.22659
185061,4.01577
185062,2.34582
185063,2.07434
185064,2.94129
185065,2.96689
185066,1.87331
185067,3.77295
185068,3.89893
185069,4.03298
185070,2.89118
185071,4.11179
185072,3.78283
185073,3.30849
185074,2.93697
185075,3.78522
185076,4.01203
185077,3.50763
185078,3.74124
185079,3.06649
185080,3.43202
185081,1.39241
185082,2.43698
185083,2.7493
185084,2.02493
185085,3.61979
185086,2.63284
185087,4.07654
185088,2.98332
185089,3.56132
185090,3.98902
185091,2.85687
185092,2.95847
185093,3.7622
185094,3.03559
185095,3.34993
185096,3.66759
185097,3.00353
185098,3.06465
185099,2.52718
185100,2.92016
185101,2.61365
185102,3.12376
185103,2.53727
185104,3.5124
185105,3.69024
185106,3.94563
185107,3.16293
185108,2.2785
185109,3.63431
185110,3.34752
185111,2.08613
185112,3.065
185113,2.277
185114,4.33661
185115,3.61905
185116,4.53312
185117,4.20506
185118,3.9809
185119,4.14505
185120,3.75703
185121,4.32452
185122,4.17158
185123,2.59474
185124,3.79671
185125,3.71056
185126,3.79556
185127,4.26114
185128,2.03297
185129,3.20361
185130,3.45542
185131,3.38117
185132,2.90026
185133,3.36594
185134,3.99656
185135,3.53318
185136,4.41213
185137,3.19849
185138,2.68654
185139,3.40367
185140,2.3816
185141,4.06146
185142,3.01572
185143,3.59327
185144,3.93389
185145,3.87078
185146,3.52946
185147,3.87922
185148,3.74028
185149,2.9663
185150,4.03942
185151,3.95645
185152,4.02092
185153,3.1267
185154,3.18857
185155,2.88631
185156,4.62809
185157,4.42021
185158,3.33456
185159,3.6382
185160,3.6775
185161,4.76864
185162,3.38638
185163,3.81845
185164,4.45895
185165,4.04103
185166,3.54058
185167,3.66392
185168,4.25671
185169,3.64264
185170,4.1124
185171,3.71316
185172,2.9814
185173,4.20636
185174,4.11412
185175,3.05223
185176,4.8634
185177,3.86052
185178,4.05917
185179,2.94399
185180,3.5111
185181,4.25592
185182,3.10818
185183,4.03931
185184,2.90672
185185,3.10761
185186,2.87438
185187,4.13612
185188,4.23968
185189,3.53736
185190,4.04407
185191,3.58018
185192,3.02405
185193,3.8997
185194,3.85246
185195,3.72333
185196,3.83433
185197,3.32603
185198,3.02807
185199,4.41816
185200,2.89924
185201,4.10214
185202,3.55868
185203,2.78425
185204,3.87775
185205,2.37671
185206,3.26106
185207,3.32453
185208,2.97885
185209,4.11987
185210,3.7365
185211,4.00122
185212,2.4801
185213,2.5894
185214,3.8902
185215,3.66068
185216,3.86692
185217,3.46381
185218,3.42208
185219,2.77876
185220,3.86037
185221,2.43082
185222,2.98661
185223,3.41756
185224,3.84376
185225,3.52675
185226,3.74152
185227,3.4775
185228,3.9964
185229,3.58129
185230,3.56092
185231,3.04135
185232,4.14517
185233,3.49156
185234,2.7815
185235,3.98664
185236,3.25768
185237,3.15492
185238,2.53323
185239,2.76686
185240,3.88286
185241,2.57598
185242,3.79875
185243,1.75235
185244,3.679
185245,2.82128
185246,2.94663
185247,3.62246
185248,3.23758
185249,1.8279
185250,3.21776
185251,3.35092
185252,2.70086
185253,4.05174
185254,3.52121
185255,3.8257
185256,3.58668
185257,2.97473
185258,2.79226
185259,2.7013
185260,2.70641
185261,3.71776
185262,2.59381
185263,1.9269
185264,3.39867
185265,3.29014
185266,2.85403
185267,2.53919
185268,3.81293
185269,2.88198
185270,1.0
185271,4.0529
185272,1.91382
185273,3.02842
185274,3.64575
185275,2.7625
185276,1.70071
185277,3.43989
185278,2.75845
185279,1.30056
185280,2.92449
185281,2.25143
185282,2.23945
185283,2.04674
185284,4.22729
185285,2.14883
185286,3.89599
185287,1.5261
185288,3.36823
185289,3.98842
185290,3.55577
185291,3.71558
185292,1.03679
185293,2.42999
185294,3.43199
185295,1.8589
185296,1.32024
185297,3.74737
185298,2.53558
185299,3.19425
185300,3.43863
185301,3.60555
185302,1.0
185303,2.30154
185304,3.27761
185305,3.4611
185306,2.60755
185307,1.0
185308,3.462
185309,2.97134
185310,1.47739
185311,2.67144
185312,2.85494
185313,1.66817
185314,2.22476
185315,2.99065
185316,3.11849
185317,4.38807
185318,2.70784
185319,3.20391
185320,1.63189
185321,3.70492
185322,3.01087
185323,3.18507
185324,2.55883
185325,4.54394
185326,1.69415
185327,3.64133
185328,2.3555
185329,4.54508
185330,2.09101
185331,4.37398
185332,4.73001
185333,4.96724
185334,4.08964
185335,3.49851
185336,3.14547
185337,3.87288
185338,3.74918
185339,5.0
185340,4.9286
185341,5.0
185342,4.83547
185343,3.63842
185344,5.0
185345,4.83381
185346,2.28451
185347,2.96737
185348,1.0
185349,4.02625
185350,3.85295
185351,3.82131
185352,3.94244
185353,2.29605
185354,3.05582
185355,2.52168
185356,3.51626
185357,3.05997
185358,3.97038
185359,4.03124
185360,1.359
185361,3.88392
185362,3.01405
185363,4.53927
185364,2.83745
185365,3.48829
185366,3.35126
185367,2.66945
185368,2.70201
185369,3.90634
185370,3.91712
185371,4.35555
185372,3.34513
185373,4.52636
185374,3.91017
185375,3.7208
185376,3.41288
185377,2.98586
185378,3.40149
185379,4.16027
185380,4.72387
185381,3.14374
185382,3.72022
185383,3.33153
185384,3.69961
185385,2.2206
185386,2.97087
185387,3.15276
185388,3.8692
185389,2.6677
185390,3.53599
185391,2.77299
185392,4.21037
185393,3.28977
185394,3.97241
185395,1.6854
185396,3.55906
185397,3.0055
185398,3.58352
185399,3.54186
185400,3.60975
185401,2.74765
185402,4.55966
185403,2.85005
185404,2.95053
185405,3.83806
185406,3.29099
185407,4.43061
185408,2.63115
185409,3.19635
185410,3.38459
185411,4.26014
185412,4.43994
185413,3.04012
185414,4.45897
185415,3.4959
185416,2.9744
185417,3.26586
185418,4.67502
185419,3.28842
185420,3.40982
185421,3.64018
185422,3.45445
185423,4.15054
185424,4.16248
185425,3.21624
185426,3.70867
185427,2.63503
185428,3.25971
185429,3.90182
185430,3.70494
185431,3.44718
185432,3.15447
185433,3.24706
185434,3.20157
185435,4.46325
185436,2.68032
185437,4.35726
185438,4.23102
185439,3.96873
185440,4.20738
185441,3.83259
185442,3.55851
185443,4.43991
185444,3.2936
185445,3.67547
185446,3.83043
185447,4.04061
185448,4.02359
185449,3.91851
185450,4.4832
185451,4.34148
185452,4.04378
185453,4.37669
185454,3.68646
185455,2.86464
185456,3.80772
185457,3.66808
185458,4.19992
185459,2.84892
185460,5.0
185461,3.78767
185462,3.40234
185463,4.53165
185464,4.09038
185465,4.18857
185466,3.80522
185467,3.75655
185468,4.47712
185469,3.27914
185470,4.40476
185471,4.09805
185472,3.2238
185473,2.4009
185474,3.94071
185475,3.72533
185476,3.59335
185477,4.16399
185478,3.96234
185479,4.6577
185480,4.85552
185481,4.27368
185482,4.46688
185483,3.016
185484,3.80992
185485,3.90483
185486,3.24472
185487,3.2573
185488,3.7495
185489,2.97984
185490,2.70343
185491,3.2178
185492,3.48031
185493,3.70752
185494,3.55206
185495,4.17006
185496,3.39979
185497,3.56403
185498,3.4822
185499,4.03841
185500,4.21667
185501,3.14883
185502,2.65325
185503,4.27843
185504,4.56744
185505,2.9575
185506,3.36728
185507,2.84715
185508,2.76899
185509,3.19837
185510,4.18224
185511,4.23316
185512,2.61981
185513,3.75413
185514,3.6133
185515,3.70357
185516,2.17248
185517,3.04759
185518,2.11165
185519,3.01013
185520,3.88091
185521,2.89828
185522,5.0
185523,4.81349
185524,4.85442
185525,4.39116
185526,5.0
185527,2.40613
185528,4.14585
185529,4.8519
185530,3.88317
185531,2.90193
185532,1.51181
185533,2.9105
185534,1.99554
185535,1.10818
185536,4.58814
185537,3.07238
185538,2.75064
185539,2.84362
185540,3.6053
185541,2.91071
185542,4.15045
185543,2.06862
185544,4.03263
185545,3.98674
185546,4.18959
185547,4.11068
185548,3.73527
185549,4.7969
185550,3.84167
185551,4.1398
185552,3.59784
185553,4.01619
185554,3.19418
185555,3.4357
185556,3.88642
185557,3.84705
185558,4.29357
185559,2.62974
185560,4.51915
185561,3.50592
185562,3.977
185563,3.92065
185564,3.73093
185565,3.75613
185566,3.09749
185567,3.5786
185568,3.68396
185569,3.83056
185570,3.77428
185571,4.19941
185572,4.86319
185573,4.12671
185574,4.36699
185575,4.65776
185576,3.22726
185577,2.2425
185578,4.65312
185579,4.09259
185580,4.29866
185581,5.0
185582,4.1118
185583,4.41108
185584,3.45984
185585,3.06277
185586,2.69698
185587,3.99488
185588,3.15404
185589,4.23065
185590,1.65445
185591,3.45535
185592,3.1079
185593,4.77214
185594,2.70702
185595,2.20444
185596,2.54972
185597,3.7801
185598,3.11219
185599,3.16978
185600,2.73385
185601,3.73334
185602,2.89322
185603,3.0518
185604,3.41351
185605,1.95348
185606,3.8918
185607,3.22432
185608,3.97753
185609,4.35556
185610,3.71667
185611,4.18201
185612,3.55157
185613,4.00959
185614,3.64762
185615,2.53574
185616,3.71814
185617,3.85023
185618,3.70576
185619,3.02163
185620,3.39261
185621,4.16156
185622,3.34
185623,3.61461
185624,2.9711
185625,3.57862
185626,2.68355
185627,2.89396
185628,3.87688
185629,2.86402
185630,3.34412
185631,3.85682
185632,4.19949
185633,3.97346
185634,3.36804
185635,3.70895
185636,3.73905
185637,2.36484
185638,3.44339
185639,3.33396
185640,3.63978
185641,3.28367
185642,3.54892
185643,2.32861
185644,2.97488
185645,3.47015
185646,3.954
185647,3.66613
185648,3.14743
185649,3.3552
185650,2.74818
185651,4.16752
185652,4.42277
185653,2.9622
185654,4.42276
185655,3.28186
185656,3.95405
185657,3.06052
185658,3.63295
185659,4.0541
185660,3.00697
185661,3.12912
185662,2.9266
185663,3.27947
185664,3.00347
185665,3.98033
185666,3.18057
185667,3.41194
185668,3.48863
185669,2.42796
185670,4.70262
185671,3.04791
185672,4.69143
185673,3.44386
185674,4.23328
185675,3.61787
185676,3.19666
185677,2.65418
185678,2.92004
185679,1.57384
185680,3.43113
185681,2.96526
185682,2.95578
185683,3.89927
185684,3.65141
185685,3.8169
185686,3.89751
185687,2.97087
185688,4.34711
185689,4.66487
185690,4.06596
185691,4.14543
185692,3.76644
185693,4.45975
185694,4.02908
185695,4.34495
185696,2.5969
185697,3.85742
185698,3.99725
185699,2.71248
185700,4.25666
185701,2.39315
185702,4.76648
185703,4.5606
185704,4.28302
185705,3.56064
185706,3.19548
185707,4.67627
185708,3.38931
185709,2.87594
185710,3.8614
185711,1.56301
185712,3.01182
185713,2.54749
185714,3.91558
185715,3.21244
185716,4.31102
185717,2.79212
185718,4.29933
185719,2.98282
185720,3.82741
185721,5.0
185722,3.99534
185723,4.29729
185724,4.06192
185725,3.74359
185726,3.25725
185727,3.50703
185728,3.21292
185729,4.11985
185730,2.00087
185731,2.41186
185732,4.49772
185733,2.51595
185734,3.00906
185735,1.67835
185736,1.02405
185737,5.0
185738,2.70223
185739,5.0
185740,1.0
185741,3.05016
185742,2.09358
185743,2.14513
185744,4.1627
185745,1.68474
185746,2.63648
185747,2.61315
185748,3.22926
185749,3.70082
185750,3.10751
185751,2.33361
185752,3.22954
185753,3.98218
185754,3.35233
185755,2.02471
185756,4.22019
185757,3.27834
185758,4.09926
185759,3.28943
185760,2.80154
185761,2.17208
185762,3.56738
185763,3.14716
185764,3.37854
185765,3.36175
185766,3.30995
185767,1.88015
185768,2.72724
185769,3.78806
185770,3.9805
185771,3.38096
185772,3.9321
185773,3.51225
185774,2.99392
185775,1.90122
185776,3.4692
185777,3.25591
185778,3.53447
185779,3.90344
185780,3.57234
185781,3.24248
185782,1.20142
185783,4.19803
185784,2.58271
185785,3.83494
185786,2.05247
185787,2.31474
185788,3.28979
185789,3.77763
185790,2.92403
185791,3.38555
185792,4.08417
185793,4.70866
185794,2.35888
185795,3.46286
185796,2.55603
185797,2.20661
185798,3.44546
185799,1.95588
185800,3.27464
185801,4.30816
185802,4.51965
185803,3.6171
185804,3.65882
185805,4.59533
185806,4.28015
185807,4.20596
185808,4.2592
185809,4.32857
185810,4.31825
185811,3.77754
185812,4.50536
185813,4.63791
185814,4.95893
185815,4.34903
185816,5.0
185817,4.32764
185818,4.65747
185819,3.64529
185820,4.02254
185821,3.08196
185822,4.21141
185823,4.75878
185824,3.62942
185825,4.00398
185826,2.68995
185827,4.35186
185828,3.88954
185829,4.86227
185830,3.91332
185831,4.62179
185832,3.7163
185833,4.12555
185834,3.86182
185835,4.4182
185836,4.53003
185837,3.88826
185838,4.24142
185839,3.97799
185840,4.23138
185841,4.03749
185842,4.20201
185843,3.40578
185844,4.29988
185845,4.07473
185846,3.99906
185847,2.28018
185848,4.01712
185849,3.24885
185850,2.93406
185851,4.55634
185852,4.03814
185853,3.16094
185854,2.94317
185855,3.86554
185856,3.57835
185857,3.50428
185858,4.23587
185859,4.99338
185860,2.21158
185861,4.08822
185862,3.85883
185863,5.0
185864,3.76138
185865,2.27892
185866,3.8633
185867,3.32345
185868,3.45742
185869,2.02895
185870,1.33929
185871,3.80057
185872,4.47373
185873,2.92121
185874,2.64444
185875,4.00376
185876,3.647
185877,3.35421
185878,1.99046
185879,5.0
185880,3.44052
185881,3.33587
185882,4.09379
185883,3.66095
185884,2.55888
185885,3.87493
185886,1.80437
185887,3.32748
185888,2.19175
185889,2.40218
185890,1.0
185891,4.59614
185892,3.86653
185893,3.14019
185894,1.60453
185895,3.46683
185896,3.8463
185897,2.94583
185898,4.06637
185899,3.60831
185900,3.15483
185901,3.29718
185902,4.32876
185903,3.05516
185904,3.90952
185905,3.91101
185906,3.67846
185907,3.69086
185908,4.28288
185909,3.77443
185910,3.61655
185911,3.61768
185912,3.58955
185913,3.77222
185914,4.11533
185915,3.6325
185916,3.46256
185917,3.67929
185918,3.97238
185919,4.0229
185920,3.72092
185921,3.82456
185922,3.76171
185923,4.02818
185924,4.11018
185925,4.44757
185926,4.32742
185927,3.77833
185928,3.36499
185929,3.76244
185930,3.44955
185931,3.82155
185932,3.7225
185933,3.93764
185934,4.09113
185935,3.19149
185936,3.14743
185937,3.18917
185938,4.80586
185939,4.58756
185940,3.83066
185941,3.38955
185942,2.61671
185943,3.38935
185944,3.63139
185945,2.6741
185946,3.32433
185947,3.48942
185948,3.52839
185949,4.81304
185950,3.59343
185951,5.0
185952,3.68924
185953,4.30784
185954,4.63441
185955,4.09615
185956,4.52435
185957,4.58463
185958,4.20188
185959,3.93817
185960,5.0
185961,4.51079
185962,4.58662
185963,4.66177
185964,4.61401
185965,4.12454
185966,5.0
185967,4.76211
185968,3.84501
185969,2.6057
185970,4.62137
185971,4.76135
185972,3.62014
185973,3.28668
185974,4.75462
185975,3.4323
185976,3.37126
185977,3.93496
185978,5.0
185979,4.92904
185980,3.34452
185981,4.10485
185982,5.0
185983,4.15832
185984,4.41372
185985,3.88853
185986,5.0
185987,5.0
185988,3.54991
185989,3.14009
185990,2.6211
185991,4.48289
185992,2.75193
185993,2.76817
185994,2.86439
185995,4.69078
185996,3.13185
185997,3.80488
185998,3.64771
185999,4.1365
186000,2.88888
186001,4.03093
186002,4.65215
186003,4.67448
186004,3.39946
186005,3.70318
186006,4.10394
186007,3.63451
186008,4.18189
186009,4.6755
186010,4.72383
186011,4.27306
186012,4.44288
186013,3.14785
186014,4.13564
186015,4.44768
186016,3.62326
186017,4.6907
186018,2.48319
186019,2.46585
186020,3.00671
186021,4.58175
186022,3.26275
186023,4.14693
186024,4.26871
186025,3.23278
186026,3.45485
186027,3.29107
186028,3.01768
186029,4.40388
186030,4.06198
186031,2.91022
186032,3.49522
186033,2.1026
186034,3.47145
186035,3.89864
186036,3.61269
186037,3.64767
186038,3.91116
186039,2.45636
186040,2.51704
186041,3.5673
186042,2.84202
186043,4.40136
186044,2.96837
186045,3.1481
186046,3.14922
186047,2.68902
186048,3.98495
186049,3.58812
186050,3.60158
186051,3.93483
186052,2.49803
186053,2.48564
186054,3.80996
186055,3.04396
186056,3.67513
186057,4.00037
186058,3.3074
186059,3.44444
186060,2.79744
186061,3.32002
186062,2.73876
186063,3.00475
186064,2.57606
186065,3.80398
186066,3.2582
186067,4.21087
186068,3.76901
186069,3.60989
186070,4.26574
186071,3.88224
186072,3.96806
186073,1.83229
186074,1.83677
186075,2.43604
186076,2.89816
186077,3.89068
186078,4.16847
186079,4.55199
186080,3.2359
186081,3.91493
186082,4.36635
186083,2.90812
186084,2.90499
186085,4.5372
186086,2.56271
186087,3.14939
186088,3.50345
186089,3.21752
186090,4.19239
186091,3.96379
186092,3.4094
186093,3.77936
186094,3.48212
186095,3.92673
186096,4.13105
186097,4.23754
186098,3.39055
186099,4.4435
186100,4.49201
186101,3.19176
186102,4.06446
186103,4.63922
186104,4.05892
186105,3.28781
186106,3.80009
186107,3.54516
186108,4.52018
186109,3.84078
186110,3.50995
186111,4.19708
186112,4.10285
186113,3.83621
186114,4.05353
186115,3.84359
186116,3.29542
186117,3.18403
186118,3.73803
186119,2.1743
186120,2.92046
186121,3.41065
186122,4.16908
186123,3.92209
186124,4.21587
186125,3.63594
186126,4.48615
186127,2.59154
186128,2.88431
186129,4.46437
186130,4.0979
186131,4.07889
186132,3.49318
186133,3.87468
186134,4.46117
186135,4.07148
186136,4.07175
186137,3.02623
186138,4.10358
186139,4.0857
186140,3.43548
186141,4.21443
186142,3.30915
186143,3.63526
186144,3.08883
186145,3.11125
186146,3.78716
186147,4.23727
186148,4.31265
186149,4.13782
186150,3.25097
186151,3.68862
186152,3.80159
186153,4.05615
186154,2.39438
186155,3.5752
186156,3.70011
186157,3.75594
186158,3.80597
186159,4.08382
186160,4.71094
186161,4.00254
186162,4.44314
186163,3.88835
186164,3.9595
186165,3.51953
186166,3.98907
186167,2.90381
186168,4.01978
186169,3.15241
186170,4.39764
186171,4.20604
186172,3.67066
186173,4.20254
186174,4.94196
186175,3.56192
186176,4.43959
186177,3.20045
186178,4.93705
186179,3.10642
186180,3.60621
186181,3.03513
186182,3.51431
186183,3.01901
186184,2.67052
186185,4.38126
186186,3.89575
186187,4.76744
186188,4.40826
186189,2.80916
186190,5.0
186191,5.0
186192,2.18861
186193,4.05524
186194,4.66219
186195,3.39126
186196,3.04763
186197,2.8398
186198,4.23502
186199,3.10547
186200,3.94125
186201,4.86803
186202,5.0
186203,4.10696
186204,2.28232
186205,3.1245
186206,4.43693
186207,3.43538
186208,4.31765
186209,2.72414
186210,2.8104
186211,1.80583
186212,2.00799
186213,3.61591
186214,3.41794
186215,3.38174
186216,3.00349
186217,3.00504
186218,3.49129
186219,3.72663
186220,2.93997
186221,2.41503
186222,3.60772
186223,2.93705
186224,3.14259
186225,2.07614
186226,3.439
186227,3.42673
186228,4.04863
186229,3.83892
186230,3.17993
186231,3.02498
186232,3.50907
186233,3.57608
186234,3.00595
186235,3.02294
186236,3.58858
186237,3.01075
186238,3.25017
186239,2.92837
186240,3.19869
186241,2.85736
186242,2.69854
186243,3.50702
186244,3.70278
186245,4.46031
186246,3.17465
186247,2.77265
186248,3.11864
186249,3.91474
186250,3.91379
186251,4.40421
186252,2.78662
186253,3.46952
186254,3.36831
186255,4.05397
186256,2.82128
186257,4.28794
186258,4.85039
186259,2.98324
186260,3.9389
186261,3.26808
186262,2.90014
186263,4.58053
186264,4.67449
186265,4.04768
186266,2.24781
186267,3.23011
186268,4.94105
186269,3.04559
186270,3.44776
186271,2.97092
186272,4.89186
186273,3.86061
186274,3.91979
186275,3.09919
186276,2.76595
186277,4.38893
186278,3.77896
186279,2.95678
186280,3.38156
186281,4.08762
186282,4.87567
186283,3.43704
186284,4.81937
186285,3.7836
186286,2.28235
186287,4.30818
186288,3.82414
186289,2.80611
186290,3.5446
186291,4.39352
186292,3.947
186293,4.02765
186294,2.76753
186295,3.22149
186296,4.57048
186297,3.5035
186298,3.79063
186299,3.59559
186300,3.09164
186301,3.21374
186302,4.47371
186303,4.37188
186304,2.11418
186305,3.45593
186306,4.17681
186307,3.53491
186308,3.80969
186309,3.4897
186310,3.92419
186311,3.99543
186312,3.72266
186313,3.82488
186314,4.46659
186315,4.13479
186316,4.57977
186317,2.76809
186318,4.2579
186319,3.91733
186320,4.01402
186321,3.12106
186322,2.29002
186323,2.87663
186324,2.00503
186325,3.45013
186326,3.77831
186327,3.11887
186328,3.80432
186329,1.56076
186330,3.55336
186331,3.89391
186332,2.86093
186333,3.84924
186334,3.71981
186335,4.13995
186336,3.50188
186337,3.24311
186338,3.75789
186339,4.05588
186340,3.07728
186341,3.23769
186342,3.64737
186343,4.11698
186344,2.54399
186345,2.18894
186346,2.15407
186347,3.423
186348,3.28021
186349,2.22444
186350,2.62877
186351,2.24045
186352,2.3671
186353,2.39928
186354,3.04656
186355,3.49456
186356,3.24571
186357,2.9304
186358,2.64669
186359,2.02871
186360,2.92184
186361,3.97222
186362,1.61257
186363,2.77098
186364,2.69746
186365,3.37279
186366,3.1537
186367,2.1688
186368,3.18167
186369,3.1489
186370,3.46771
186371,3.40842
186372,3.57101
186373,4.41549
186374,4.96064
186375,3.99948
186376,4.34991
186377,3.87339
186378,3.76351
186379,3.62587
186380,4.27973
186381,3.28437
186382,3.6199
186383,3.42903
186384,3.59464
186385,4.30362
186386,3.47496
186387,2.50997
186388,3.93931
186389,3.61532
186390,3.38593
186391,3.8633
186392,1.0
186393,4.63243
186394,3.50673
186395,3.74078
186396,3.94934
186397,3.93283
186398,4.23726
186399,3.07985
186400,3.98465
186401,3.39006
186402,4.18037
186403,2.91431
186404,2.07372
186405,3.82436
186406,3.03685
186407,3.01241
186408,3.12738
186409,2.73396
186410,3.36158
186411,4.08799
186412,2.58889
186413,2.85172
186414,3.67525
186415,3.36439
186416,3.84237
186417,4.70276
186418,4.47478
186419,3.92744
186420,3.91775
186421,3.22964
186422,3.44099
186423,3.74607
186424,2.98276
186425,2.82704
186426,3.96919
186427,3.58471
186428,3.34053
186429,2.76825
186430,2.77958
186431,2.50095
186432,3.56443
186433,2.87549
186434,3.23888
186435,2.74697
186436,3.17564
186437,4.50121
186438,3.83522
186439,3.72384
186440,4.20709
186441,3.22514
186442,4.25688
186443,3.75911
186444,4.029
186445,3.8685
186446,4.24071
186447,3.87274
186448,4.70216
186449,4.36593
186450,3.26158
186451,5.0
186452,3.56032
186453,3.83694
186454,5.0
186455,3.72689
186456,4.02417
186457,3.73076
186458,4.14834
186459,4.44927
186460,3.60099
186461,2.56018
186462,4.34878
186463,4.48507
186464,4.27839
186465,3.99205
186466,3.85874
186467,4.65266
186468,4.51006
186469,3.2685
186470,2.43057
186471,3.647
186472,4.61602
186473,3.85375
186474,2.4587
186475,4.55919
186476,3.46654
186477,4.12937
186478,4.39587
186479,4.25392
186480,3.92276
186481,2.88129
186482,2.94676
186483,3.33876
186484,4.24679
186485,2.75363
186486,4.00857
186487,5.0
186488,4.90966
186489,3.23148
186490,3.95717
186491,3.2765
186492,2.64925
186493,2.44487
186494,2.45125
186495,3.99918
186496,4.49347
186497,4.49358
186498,2.98848
186499,4.08387
186500,2.8774
186501,2.30648
186502,3.42922
186503,3.81178
186504,2.13391
186505,3.43816
186506,4.46656
186507,3.44174
186508,2.71137
186509,3.70163
186510,2.98163
186511,2.6261
186512,3.57833
186513,5.0
186514,4.90319
186515,4.37915
186516,5.0
186517,2.79169
186518,4.99372
186519,4.15546
186520,3.75279
186521,4.09099
186522,3.27795
186523,3.46509
186524,4.01493
186525,3.68499
186526,4.11898
186527,3.56729
186528,3.92426
186529,3.5191
186530,4.34201
186531,3.96496
186532,3.78399
186533,2.40052
186534,3.08028
186535,3.26922
186536,3.12328
186537,4.1992
186538,3.88735
186539,2.81955
186540,2.11442
186541,4.36787
186542,3.78779
186543,3.48121
186544,3.34056
186545,2.83626
186546,3.62571
186547,2.46386
186548,4.26908
186549,2.06828
186550,2.83469
186551,2.96971
186552,3.53894
186553,3.10062
186554,2.63471
186555,2.96233
186556,4.10678
186557,3.68231
186558,3.05726
186559,3.85767
186560,3.5825
186561,3.9374
186562,3.63563
186563,3.20883
186564,3.35043
186565,4.26214
186566,3.81873
186567,3.79676
186568,4.02652
186569,3.99761
186570,3.80313
186571,3.1691
186572,4.0154
186573,2.90443
186574,2.60123
186575,3.37899
186576,3.03425
186577,3.36157
186578,3.14251
186579,3.38084
186580,3.39879
186581,3.07593
186582,4.00697
186583,1.59485
186584,4.59736
186585,3.38046
186586,3.47939
186587,3.67255
186588,2.02334
186589,4.03964
186590,4.27324
186591,2.86887
186592,3.84744
186593,3.61394
186594,2.59405
186595,3.60508
186596,3.27357
186597,3.18737
186598,3.61689
186599,3.40813
186600,2.36297
186601,5.0
186602,4.00461
186603,3.90249
186604,3.22504
186605,2.83068
186606,2.17993
186607,4.13424
186608,1.75862
186609,3.44282
186610,2.07978
186611,3.27669
186612,2.10991
186613,3.29906
186614,3.39686
186615,2.46275
186616,2.90801
186617,3.65984
186618,3.35573
186619,2.51687
186620,3.77266
186621,3.27105
186622,3.84095
186623,3.46042
186624,4.09953
186625,2.23121
186626,3.69314
186627,3.93992
186628,3.05289
186629,3.99014
186630,2.88537
186631,2.92476
186632,3.7502
186633,2.64137
186634,3.01272
186635,3.14842
186636,4.11673
186637,3.99019
186638,3.89399
186639,3.50584
186640,3.29606
186641,3.14001
186642,4.23288
186643,3.97713
186644,4.61508
186645,3.44745
186646,4.23234
186647,3.06001
186648,2.60058
186649,3.76054
186650,3.03969
186651,3.61839
186652,3.89912
186653,1.89259
186654,3.20905
186655,2.24158
186656,1.93578
186657,3.93074
186658,4.05112
186659,3.12925
186660,4.23082
186661,2.81794
186662,3.75133
186663,4.99655
186664,2.95152
186665,4.54893
186666,1.78614
186667,2.91122
186668,5.0
186669,4.07233
186670,3.17067
186671,3.99448
186672,3.84146
186673,3.07281
186674,3.33207
186675,3.18471
186676,3.96794
186677,3.51377
186678,3.27516
186679,3.73501
186680,3.51586
186681,4.07483
186682,3.93678
186683,4.0624
186684,2.93986
186685,3.17713
186686,4.34524
186687,4.65018
186688,3.80949
186689,3.08835
186690,3.07614
186691,2.72957
186692,3.24014
186693,3.85249
186694,3.44191
186695,3.02353
186696,3.56222
186697,3.22292
186698,3.15029
186699,3.39125
186700,2.61997
186701,3.09219
186702,2.73537
186703,3.53617
186704,4.1721
186705,3.04638
186706,4.41978
186707,4.37412
186708,4.39655
186709,3.2481
186710,3.96402
186711,4.91726
186712,2.59903
186713,3.59874
186714,3.07911
186715,3.69206
186716,3.75444
186717,3.35372
186718,4.12425
186719,3.86942
186720,3.99758
186721,3.77487
186722,3.52376
186723,3.7434
186724,3.13828
186725,3.78672
186726,2.64687
186727,4.7569
186728,1.85196
186729,2.77726
186730,2.51304
186731,2.31406
186732,5.0
186733,3.5236
186734,4.36246
186735,3.18465
186736,2.70845
186737,3.68611
186738,3.72583
186739,2.04254
186740,3.50841
186741,2.56844
186742,3.87767
186743,3.79872
186744,3.79258
186745,4.57077
186746,2.42842
186747,3.15319
186748,3.1577
186749,3.84484
186750,3.88122
186751,4.49891
186752,4.40716
186753,2.53692
186754,4.10609
186755,4.84219
186756,3.64843
186757,3.81058
186758,3.80351
186759,4.27697
186760,3.04148
186761,3.30673
186762,3.07775
186763,4.3521
186764,4.30957
186765,3.85144
186766,4.37288
186767,3.98121
186768,3.99758
186769,4.06952
186770,3.61905
186771,3.5377
186772,2.26426
186773,3.67925
186774,3.85565
186775,2.2047
186776,3.08964
186777,3.85973
186778,2.27113
186779,3.36912
186780,3.63342
186781,2.324
186782,4.48322
186783,3.37389
186784,2.00656
186785,4.31845
186786,3.88909
186787,3.02086
186788,3.33693
186789,3.3821
186790,3.73947
186791,3.5173
186792,2.97694
186793,3.66606
186794,2.94495
186795,3.15911
186796,4.14749
186797,3.45663
186798,4.38535
186799,4.26396
186800,3.99234
186801,2.6704
186802,4.23315
186803,4.51851
186804,4.29943
186805,3.98304
186806,4.25154
186807,3.88593
186808,3.99964
186809,4.62237
186810,3.74902
186811,3.85677
186812,3.50175
186813,3.84115
186814,4.50311
186815,3.77416
186816,3.8028
186817,4.32426
186818,3.98164
186819,2.66709
186820,3.89943
186821,3.96805
186822,3.71396
186823,3.91115
186824,4.27805
186825,4.16564
186826,4.36487
186827,3.88237
186828,3.05566
186829,4.32463
186830,4.11291
186831,3.96753
186832,4.63635
186833,4.4573
186834,4.41457
186835,3.42828
186836,2.74693
186837,4.00805
186838,3.92628
186839,4.59627
186840,3.73684
186841,2.91747
186842,4.1613
186843,3.87788
186844,3.62769
186845,3.41571
186846,2.58904
186847,4.38692
186848,4.44115
186849,2.42747
186850,1.87708
186851,4.51542
186852,4.46204
186853,1.89439
186854,5.0
186855,1.96714
186856,1.476
186857,1.97489
186858,3.48726
186859,3.51486
186860,3.88105
186861,1.0
186862,4.30653
186863,3.26504
186864,3.8775
186865,3.64008
186866,3.01285
186867,3.5353
186868,3.52484
186869,1.88709
186870,4.76404
186871,3.73377
186872,3.95534
186873,2.9063
186874,2.10624
186875,3.96938
186876,2.69343
186877,3.83955
186878,2.1488
186879,3.35011
186880,2.83225
186881,3.59484
186882,3.72621
186883,3.02026
186884,3.10561
186885,2.12301
186886,3.14796
186887,3.77963
186888,3.02004
186889,3.87438
186890,3.1582
186891,1.82748
186892,3.19852
186893,3.7585
186894,2.98455
186895,3.86152
186896,3.59539
186897,3.60943
186898,2.87962
186899,2.81872
186900,3.84256
186901,3.00499
186902,3.27137
186903,3.73179
186904,2.58237
186905,2.48419
186906,3.65198
186907,1.47148
186908,2.6118
186909,3.65917
186910,2.49922
186911,3.48242
186912,1.32459
186913,2.23518
186914,3.15993
186915,2.64467
186916,3.0075
186917,2.79483
186918,3.82247
186919,2.96624
186920,3.75562
186921,3.436
186922,3.46437
186923,2.99827
186924,4.08375
186925,2.82793
186926,3.44619
186927,2.40123
186928,4.75147
186929,3.55667
186930,2.93833
186931,2.94447
186932,3.2268
186933,3.32805
186934,3.40749
186935,3.6268
186936,4.09985
186937,3.42185
186938,2.91056
186939,3.38192
186940,3.73398
186941,4.39718
186942,3.06787
186943,3.22886
186944,3.74036
186945,2.13218
186946,3.78319
186947,3.11317
186948,3.5022
186949,2.48748
186950,3.87473
186951,3.11911
186952,3.5931
186953,3.96997
186954,3.84577
186955,3.11609
186956,3.84912
186957,3.34576
186958,3.94906
186959,4.08914
186960,3.86908
186961,2.09554
186962,4.28739
186963,3.05413
186964,1.30241
186965,3.75424
186966,4.87536
186967,4.27413
186968,4.77853
186969,3.35447
186970,4.80622
186971,4.01919
186972,4.20279
186973,3.85792
186974,3.84684
186975,4.49639
186976,4.20295
186977,3.72524
186978,4.57143
186979,3.41151
186980,4.09853
186981,3.81958
186982,3.76326
186983,3.17598
186984,3.7976
186985,2.68583
186986,4.87221
186987,2.914
186988,2.72038
186989,3.78259
186990,3.75493
186991,3.25215
186992,3.49835
186993,2.8012
186994,2.41039
186995,4.85053
186996,5.0
186997,4.62304
186998,4.91311
186999,3.86153
187000,5.0
187001,4.78517
187002,4.93908
187003,5.0
187004,4.57736
187005,4.72678
187006,4.17717
187007,4.34342
187008,4.22243
187009,4.17737
187010,2.23826
187011,2.67161
187012,4.27207
187013,3.85805
187014,2.68177
187015,2.94607
187016,4.56827
187017,3.85242
187018,1.94171
187019,1.9076
187020,4.3307
187021,2.99281
187022,2.28687
187023,3.07222
187024,2.52234
187025,3.4107
187026,4.75138
187027,3.69014
187028,2.97285
187029,3.80515
187030,3.88097
187031,1.97915
187032,3.45811
187033,3.19531
187034,2.19669
187035,2.19977
187036,3.56899
187037,2.74456
187038,2.93827
187039,3.42542
187040,3.22555
187041,3.29483
187042,3.34967
187043,3.38466
187044,3.93273
187045,2.65496
187046,2.94345
187047,4.22168
187048,4.40491
187049,2.78922
187050,4.57349
187051,3.86564
187052,2.06795
187053,4.50722
187054,4.24676
187055,3.04205
187056,3.30909
187057,3.43876
187058,3.46297
187059,4.6384
187060,2.6242
187061,3.56014
187062,3.35202
187063,2.52801
187064,2.15776
187065,3.43805
187066,3.77013
187067,3.83794
187068,2.58456
187069,3.47315
187070,2.77593
187071,3.18098
187072,3.96336
187073,2.87108
187074,2.30932
187075,2.21955
187076,3.59466
187077,3.56406
187078,2.11472
187079,3.90322
187080,2.33843
187081,3.94606
187082,3.77987
187083,2.79213
187084,3.30909
187085,3.60789
187086,3.26743
187087,2.08641
187088,3.75163
187089,3.8997
187090,2.42994
187091,3.29361
187092,4.13861
187093,4.54138
187094,1.23203
187095,5.0
187096,5.0
187097,4.08357
187098,5.0
187099,5.0
187100,3.31745
187101,5.0
187102,3.43583
187103,4.6951
187104,4.48356
187105,3.36646
187106,4.48036
187107,4.71893
187108,2.96178
187109,5.0
187110,3.44108
187111,2.16908
187112,3.6128
187113,3.79833
187114,4.138
187115,4.23742
187116,1.0
187117,3.5329
187118,3.48734
187119,4.31621
187120,3.91699
187121,4.16364
187122,1.62017
187123,2.60029
187124,3.21405
187125,3.49175
187126,1.38383
187127,4.02033
187128,3.45795
187129,3.91504
187130,3.25462
187131,3.9307
187132,3.42202
187133,3.32514
187134,4.1432
187135,2.48648
187136,3.56191
187137,3.95549
187138,3.85967
187139,2.52015
187140,2.59998
187141,2.40231
187142,2.87686
187143,2.7107
187144,3.07188
187145,3.43064
187146,3.30518
187147,4.00975
187148,3.93605
187149,4.13313
187150,3.67687
187151,3.91924
187152,3.84399
187153,2.18579
187154,3.69051
187155,2.18098
187156,2.43032
187157,3.27695
187158,3.28455
187159,4.24366
187160,2.49129
187161,3.74597
187162,3.33998
187163,3.70635
187164,4.16216
187165,3.84415
187166,3.88053
187167,4.47142
187168,3.62411
187169,3.8748
187170,3.38278
187171,4.02407
187172,3.3335
187173,4.34522
187174,4.33175
187175,4.29252
187176,4.06416
187177,3.5321
187178,4.05369
187179,4.03619
187180,3.80156
187181,4.17307
187182,4.0589
187183,4.09371
187184,3.88217
187185,3.76055
187186,4.04753
187187,3.97474
187188,3.92017
187189,4.17068
187190,3.856
187191,4.22007
187192,3.66302
187193,3.47816
187194,3.96721
187195,3.89625
187196,3.91937
187197,3.22199
187198,4.37196
187199,3.08157
187200,4.12608
187201,4.13649
187202,3.11159
187203,4.69251
187204,3.93214
187205,4.09252
187206,2.51709
187207,2.68996
187208,3.16615
187209,3.05327
187210,4.33531
187211,3.56835
187212,3.62705
187213,4.26729
187214,4.26738
187215,3.30739
187216,3.5548
187217,4.24079
187218,4.08909
187219,3.47312
187220,2.1049
187221,2.6612
187222,3.10552
187223,2.71865
187224,2.04863
187225,3.39279
187226,1.0
187227,3.96899
187228,1.47596
187229,3.42542
187230,2.1978
187231,3.35751
187232,4.03153
187233,1.33419
187234,3.92619
187235,2.79232
187236,2.24929
187237,3.98467
187238,3.61418
187239,4.07006
187240,4.1299
187241,3.12305
187242,4.2649
187243,2.12779
187244,2.41551
187245,1.20851
187246,2.03114
187247,3.306
187248,4.23306
187249,4.02502
187250,2.41657
187251,3.4611
187252,3.09714
187253,3.46726
187254,2.51708
187255,1.80067
187256,3.22469
187257,2.25011
187258,2.01657
187259,1.68946
187260,4.71626
187261,3.01675
187262,4.21891
187263,3.38156
187264,4.41632
187265,3.38663
187266,3.08807
187267,3.00443
187268,1.0
187269,4.26088
187270,2.5832
187271,2.09466
187272,2.02047
187273,3.253
187274,3.58473
187275,2.55109
187276,2.10155
187277,4.41626
187278,1.48108
187279,1.0
187280,4.216
187281,4.54057
187282,4.38511
187283,3.76372
187284,3.4038
187285,2.2924
187286,4.56076
187287,2.38432
187288,3.7062
187289,4.364
187290,2.99812
187291,4.11701
187292,2.76445
187293,4.60088
187294,2.18229
187295,2.79532
187296,3.73496
187297,3.40223
187298,4.42863
187299,3.56626
187300,4.99035
187301,3.4218
187302,2.79194
187303,2.1818
187304,3.696
187305,4.85396
187306,3.39872
187307,3.79295
187308,4.32732
187309,2.65324
187310,4.32214
187311,4.61644
187312,4.16941
187313,4.25939
187314,4.14752
187315,3.89348
187316,4.50619
187317,3.10603
187318,3.57656
187319,3.58205
187320,3.43836
187321,2.82416
187322,2.71012
187323,2.98718
187324,3.1129
187325,3.94847
187326,4.03972
187327,3.54978
187328,3.36925
187329,4.37011
187330,3.45941
187331,4.26701
187332,3.90375
187333,4.05811
187334,4.365
187335,3.99862
187336,3.68589
187337,3.24292
187338,3.55991
187339,2.65582
187340,4.68952
187341,3.75576
187342,3.41685
187343,3.90009
187344,2.4909
187345,3.62342
187346,2.81983
187347,2.7409
187348,2.40932
187349,2.08233
187350,3.62114
187351,4.04836
187352,3.02494
187353,4.23307
187354,3.32483
187355,3.20597
187356,4.30096
187357,3.04421
187358,2.99045
187359,4.45341
187360,4.06668
187361,4.43062
187362,4.20854
187363,3.82965
187364,4.82458
187365,3.48486
187366,4.7965
187367,4.57783
187368,3.99403
187369,4.62831
187370,4.17475
187371,4.48723
187372,3.77074
187373,4.00061
187374,4.16518
187375,4.85824
187376,4.56889
187377,3.81857
187378,4.33811
187379,4.31893
187380,3.8695
187381,3.21258
187382,3.97787
187383,4.85108
187384,4.7885
187385,4.12533
187386,3.89969
187387,4.58968
187388,4.50514
187389,4.1128
187390,2.05108
187391,3.45246
187392,4.49071
187393,4.48222
187394,4.417
187395,3.94404
187396,4.65907
187397,4.64744
187398,3.82465
187399,4.13365
187400,4.61258
187401,4.05524
187402,3.27062
187403,3.71356
187404,3.8549
187405,4.58986
187406,3.75975
187407,3.58393
187408,4.2018
187409,3.92539
187410,3.50951
187411,2.89578
187412,3.44539
187413,4.06851
187414,3.44998
187415,3.81244
187416,2.96362
187417,3.87659
187418,3.34712
187419,3.99345
187420,3.83891
187421,3.50422
187422,3.43728
187423,3.72432
187424,3.89584
187425,4.65536
187426,3.81995
187427,3.84733
187428,3.86553
187429,3.70601
187430,3.62203
187431,3.17726
187432,3.02434
187433,2.20728
187434,2.80253
187435,1.51875
187436,3.72434
187437,4.42155
187438,3.34673
187439,2.6877
187440,2.65933
187441,1.0
187442,5.0
187443,4.14202
187444,4.0014
187445,2.18092
187446,4.05271
187447,2.85236
187448,3.86825
187449,4.48812
187450,2.44832
187451,1.84705
187452,4.19299
187453,2.25458
187454,2.57141
187455,2.7921
187456,3.97054
187457,5.0
187458,4.21107
187459,4.88715
187460,3.73995
187461,4.00607
187462,4.71908
187463,4.03447
187464,3.0389
187465,3.27959
187466,3.87934
187467,2.8656
187468,4.1993
187469,3.78687
187470,3.97154
187471,3.36359
187472,4.3788
187473,4.48387
187474,4.20606
187475,4.41898
187476,4.33789
187477,4.2225
187478,4.58783
187479,4.46981
187480,3.7746
187481,3.78939
187482,3.27992
187483,3.85421
187484,4.00075
187485,4.20914
187486,4.77508
187487,3.12858
187488,3.27078
187489,3.47086
187490,3.03281
187491,4.38391
187492,4.36632
187493,3.62628
187494,4.03523
187495,3.56706
187496,2.82136
187497,3.98055
187498,2.86777
187499,3.13017
187500,3.60711
187501,5.0
187502,4.16418
187503,3.20056
187504,3.03332
187505,2.7356
187506,3.94362
187507,3.56942
187508,3.12601
187509,4.07586
187510,2.30716
187511,3.25046
187512,2.24535
187513,2.58436
187514,2.56663
187515,3.0202
187516,2.73999
187517,4.25285
187518,4.3505
187519,2.38645
187520,2.58747
187521,2.63835
187522,3.61835
187523,3.73907
187524,2.85535
187525,3.81397
187526,2.87014
187527,2.26391
187528,3.81393
187529,3.43854
187530,4.00195
187531,2.48053
187532,3.44263
187533,3.10733
187534,4.75379
187535,2.42721
187536,4.98815
187537,3.82433
187538,4.79533
187539,4.43119
187540,4.14838
187541,3.63601
187542,2.00438
187543,2.38686
187544,3.16562
187545,2.3665
187546,4.50495
187547,3.35649
187548,3.6518
187549,3.36145
187550,3.14823
187551,3.75458
187552,3.09382
187553,4.37839
187554,4.57147
187555,4.41469
187556,3.40814
187557,2.57315
187558,3.45529
187559,4.09135
187560,3.65764
187561,4.19901
187562,3.0973
187563,4.51579
187564,4.18296
187565,4.06178
187566,4.21432
187567,4.47832
187568,3.74297
187569,3.91618
187570,4.39926
187571,4.76783
187572,4.25302
187573,4.63947
187574,3.5436
187575,4.68636
187576,4.55015
187577,3.56519
187578,4.79535
187579,4.28819
187580,3.85144
187581,2.60626
187582,3.67477
187583,3.76944
187584,4.00977
187585,3.86627
187586,3.99786
187587,3.66089
187588,3.51834
187589,3.05094
187590,2.8195
187591,3.56497
187592,2.90152
187593,3.54241
187594,2.30739
187595,3.41282
187596,3.18453
187597,2.71817
187598,3.25582
187599,3.76389
187600,3.57204
187601,2.98461
187602,4.02924
187603,4.34424
187604,4.89864
187605,4.77353
187606,3.09919
187607,3.2524
187608,3.71285
187609,4.52876
187610,3.84743
187611,4.58079
187612,4.34837
187613,4.10427
187614,4.5799
187615,3.94543
187616,4.74728
187617,2.54396
187618,3.03498
187619,4.45457
187620,3.51548
187621,3.60666
187622,3.779
187623,4.2338
187624,2.66595
187625,3.51444
187626,3.80685
187627,3.56743
187628,2.30645
187629,3.47962
187630,4.47448
187631,3.41709
187632,4.28042
187633,4.39189
187634,4.11596
187635,2.9155
187636,3.8873
187637,3.90475
187638,2.12207
187639,3.84387
187640,3.32836
187641,3.6313
187642,3.88872
187643,4.15532
187644,4.44892
187645,2.59884
187646,4.45288
187647,4.50786
187648,3.76754
187649,3.94715
187650,3.80385
187651,2.98324
187652,4.42237
187653,3.92514
187654,4.83908
187655,3.04201
187656,4.51553
187657,4.87955
187658,4.89491
187659,4.2377
187660,3.87033
187661,4.20518
187662,3.74912
187663,4.27029
187664,4.52077
187665,4.16891
187666,1.65363
187667,3.92203
187668,3.67806
187669,4.36524
187670,4.29303
187671,4.44246
187672,3.90933
187673,3.6826
187674,4.29001
187675,4.88892
187676,4.19364
187677,4.27893
187678,4.33225
187679,3.48329
187680,3.75299
187681,4.78691
187682,4.26493
187683,3.80118
187684,3.39097
187685,3.26977
187686,4.52492
187687,3.88644
187688,3.85711
187689,2.8066
187690,3.29738
187691,2.56117
187692,3.7063
187693,3.40371
187694,3.05762
187695,5.0
187696,4.95837
187697,2.04407
187698,5.0
187699,4.7968
187700,4.30064
187701,3.55471
187702,2.37674
187703,4.04479
187704,1.35447
187705,2.97096
187706,4.90489
187707,2.72692
187708,1.95837
187709,3.13509
187710,3.40969
187711,3.60455
187712,2.22153
187713,1.81851
187714,4.03606
187715,3.93382
187716,4.67715
187717,4.76564
187718,4.91614
187719,3.93597
187720,3.51841
187721,4.25336
187722,4.25513
187723,4.9039
187724,4.4472
187725,4.41545
187726,3.74702
187727,3.34222
187728,4.79035
187729,4.67926
187730,4.76199
187731,4.59989
187732,4.64162
187733,2.74932
187734,4.21285
187735,5.0
187736,4.42026
187737,4.61745
187738,4.25108
187739,4.91937
187740,3.25423
187741,4.46084
187742,4.15268
187743,3.46748
187744,3.39439
187745,3.525
187746,5.0
187747,4.15953
187748,3.5671
187749,2.97522
187750,2.70031
187751,2.42848
187752,4.9878
187753,2.64104
187754,2.47752
187755,4.45656
187756,4.43471
187757,4.31306
187758,3.88258
187759,4.02805
187760,3.81553
187761,4.27609
187762,3.88669
187763,3.75792
187764,2.12973
187765,2.93154
187766,3.57635
187767,2.54043
187768,4.19858
187769,3.56591
187770,4.44262
187771,3.55804
187772,3.03666
187773,4.26801
187774,4.28961
187775,4.04023
187776,4.29743
187777,4.2584
187778,3.91037
187779,3.42444
187780,4.85377
187781,4.52369
187782,3.07638
187783,4.14242
187784,3.75134
187785,3.21358
187786,2.46423
187787,3.17872
187788,3.72693
187789,4.01221
187790,3.59759
187791,4.36583
187792,4.69618
187793,4.47461
187794,2.98948
187795,3.93473
187796,2.82734
187797,4.07198
187798,4.12598
187799,3.28864
187800,3.65411
187801,2.64948
187802,5.0
187803,3.79341
187804,4.52595
187805,3.77621
187806,2.74645
187807,3.83586
187808,3.40454
187809,3.73396
187810,3.80643
187811,3.86386
187812,3.66964
187813,3.2604
187814,3.05249
187815,4.81144
187816,3.96683
187817,1.80956
187818,4.38162
187819,4.56274
187820,2.91733
187821,2.7783
187822,2.79298
187823,2.43166
187824,3.1787
187825,3.2699
187826,2.90496
187827,3.74332
187828,2.96435
187829,3.07229
187830,3.51619
187831,3.17004
187832,4.36977
187833,2.16243
187834,3.60439
187835,3.58828
187836,2.06993
187837,3.0305
187838,3.40461
187839,3.77402
187840,2.59855
187841,3.18027
187842,2.56125
187843,4.46643
187844,4.1579
187845,2.15446
187846,3.97935
187847,3.92035
187848,3.97827
187849,4.15911
187850,3.20053
187851,3.0495
187852,3.37951
187853,3.55639
187854,2.84406
187855,3.06457
187856,3.60198
187857,4.3975
187858,4.10166
187859,3.37914
187860,3.1269
187861,4.08609
187862,3.50523
187863,3.34678
187864,2.88914
187865,3.36292
187866,2.83437
187867,3.818
187868,3.28157
187869,1.8898
187870,3.13606
187871,2.49407
187872,2.2706
187873,3.84899
187874,2.58644
187875,3.72077
187876,3.04031
187877,3.26082
187878,4.58616
187879,3.16393
187880,2.88035
187881,4.06406
187882,4.26848
187883,3.36814
187884,3.53379
187885,3.52434
187886,4.31273
187887,3.70245
187888,2.4068
187889,3.45217
187890,4.69081
187891,4.23984
187892,3.39704
187893,4.25584
187894,4.08844
187895,4.25097
187896,4.14617
187897,4.65063
187898,3.64649
187899,3.47921
187900,4.37787
187901,4.4208
187902,2.55735
187903,4.03994
187904,4.96396
187905,4.51963
187906,3.96916
187907,4.53001
187908,4.5752
187909,3.43099
187910,4.05162
187911,3.72454
187912,3.79029
187913,3.6819
187914,2.73879
187915,2.51698
187916,3.44077
187917,2.73384
187918,4.03753
187919,3.87373
187920,2.50456
187921,3.50992
187922,4.19612
187923,3.69696
187924,3.5193
187925,4.38028
187926,4.67757
187927,4.15878
187928,2.75464
187929,3.44313
187930,3.58549
187931,4.70056
187932,3.9834
187933,3.28061
187934,3.74881
187935,4.42491
187936,2.24274
187937,2.13471
187938,2.05841
187939,4.41068
187940,4.51513
187941,4.34449
187942,4.93295
187943,3.89757
187944,4.37521
187945,4.38013
187946,3.95128
187947,3.73555
187948,3.62831
187949,4.31649
187950,4.1411
187951,3.70335
187952,3.68468
187953,3.42602
187954,4.39236
187955,2.58942
187956,4.10855
187957,3.36482
187958,4.38252
187959,4.25387
187960,3.48813
187961,3.99006
187962,4.27949
187963,3.87024
187964,4.13051
187965,3.75251
187966,3.50084
187967,2.64911
187968,4.51325
187969,3.96035
187970,4.33802
187971,3.68126
187972,3.7802
187973,3.29119
187974,4.84726
187975,2.79861
187976,4.33305
187977,3.11772
187978,3.55727
187979,4.03682
187980,4.45232
187981,4.15328
187982,3.23773
187983,5.0
187984,4.49806
187985,3.17849
187986,5.0
187987,4.62078
187988,3.88668
187989,4.0756
187990,3.28256
187991,4.54957
187992,4.64185
187993,3.85218
187994,3.86067
187995,3.17752
187996,3.60479
187997,4.43356
187998,4.72977
187999,4.32013
188000,2.87781
188001,3.47323
188002,2.64762
188003,2.75591
188004,4.06654
188005,3.50211
188006,4.74832
188007,3.05369
188008,4.27014
188009,3.76556
188010,4.30345
188011,4.53951
188012,3.82462
188013,4.04824
188014,4.35178
188015,4.80512
188016,3.96333
188017,4.44099
188018,4.54494
188019,3.55157
188020,3.05577
188021,4.82564
188022,4.3894
188023,3.84162
188024,4.67723
188025,3.19436
188026,4.09211
188027,4.0055
188028,3.9759
188029,3.86371
188030,3.38489
188031,4.1908
188032,3.80999
188033,3.2962
188034,4.27011
188035,3.07293
188036,4.68768
188037,3.79176
188038,4.0373
188039,4.27141
188040,3.98054
188041,4.21565
188042,3.10066
188043,2.77108
188044,4.47162
188045,3.4961
188046,4.50656
188047,4.18384
188048,3.86121
188049,3.58818
188050,3.59999
188051,3.39919
188052,3.85376
188053,4.42892
188054,3.81579
188055,3.454
188056,3.61415
188057,3.46549
188058,3.60525
188059,3.63326
188060,4.7233
188061,3.8398
188062,4.80348
188063,3.5567
188064,3.59479
188065,4.13433
188066,4.41453
188067,3.37384
188068,3.34113
188069,3.36586
188070,3.30951
188071,4.07608
188072,3.48285
188073,4.73466
188074,3.89787
188075,3.92389
188076,3.89625
188077,4.7388
188078,4.09069
188079,4.17951
188080,3.59878
188081,3.39779
188082,3.83623
188083,4.66293
188084,3.87
188085,2.84158
188086,3.66969
188087,3.81077
188088,3.74315
188089,3.92588
188090,4.04747
188091,3.06656
188092,4.03314
188093,3.40604
188094,3.98524
188095,4.31938
188096,3.72651
188097,2.57799
188098,3.18448
188099,3.54059
188100,2.68687
188101,2.16742
188102,2.79062
188103,2.99545
188104,3.41516
188105,2.45519
188106,3.01243
188107,1.43719
188108,3.29567
188109,3.88501
188110,3.144
188111,3.16976
188112,2.94311
188113,3.48648
188114,3.49602
188115,3.63118
188116,3.67904
188117,1.20856
188118,3.31122
188119,1.26455
188120,3.58898
188121,2.70812
188122,3.65926
188123,3.22772
188124,3.2304
188125,2.59601
188126,3.46581
188127,3.40662
188128,4.45299
188129,3.70443
188130,3.34934
188131,4.11393
188132,3.6142
188133,3.87031
188134,4.49705
188135,2.92967
188136,3.25796
188137,4.85555
188138,4.60405
188139,4.83323
188140,4.00255
188141,1.0
188142,4.72249
188143,4.23552
188144,4.47399
188145,2.96259
188146,4.28387
188147,3.1111
188148,4.6808
188149,4.10822
188150,4.07019
188151,3.98405
188152,4.08475
188153,4.22181
188154,1.29035
188155,4.51228
188156,4.67967
188157,3.98532
188158,4.27028
188159,1.02186
188160,3.83506
188161,2.69105
188162,3.71257
188163,3.69636
188164,3.40444
188165,4.24674
188166,3.30626
188167,4.84548
188168,3.51025
188169,3.99368
188170,3.32233
188171,4.07597
188172,5.0
188173,4.53804
188174,3.05113
188175,4.09296
188176,4.11602
188177,2.76036
188178,4.52739
188179,4.02728
188180,2.13842
188181,3.08901
188182,3.47473
188183,2.88226
188184,2.72439
188185,3.18805
188186,2.55816
188187,1.11831
188188,1.74973
188189,2.91922
188190,2.62058
188191,2.87207
188192,1.57872
188193,2.15489
188194,1.80202
188195,2.8111
188196,2.05921
188197,1.83185
188198,2.39014
188199,4.73367
188200,3.91913
188201,4.10837
188202,2.60081
188203,1.95544
188204,3.72442
188205,4.25305
188206,3.75673
188207,4.94254
188208,3.55762
188209,3.95204
188210,4.72911
188211,3.34252
188212,4.76358
188213,4.95608
188214,3.98207
188215,3.52327
188216,3.55945
188217,2.42889
188218,4.19207
188219,4.17102
188220,4.47065
188221,5.0
188222,3.43538
188223,4.33681
188224,3.8394
188225,4.99913
188226,3.96657
188227,4.26023
188228,4.15812
188229,3.81292
188230,3.62348
188231,4.69969
188232,4.80089
188233,3.88632
188234,4.35235
188235,3.88943
188236,4.63517
188237,4.07181
188238,4.56699
188239,3.38564
188240,2.03122
188241,4.99433
188242,4.66147
188243,4.48261
188244,4.32917
188245,4.09981
188246,3.44059
188247,5.0
188248,4.44456
188249,4.73043
188250,3.29947
188251,4.64098
188252,3.88738
188253,4.22615
188254,4.50835
188255,4.20594
188256,4.17561
188257,3.73495
188258,2.87781
188259,4.16424
188260,3.7756
188261,4.80409
188262,3.87155
188263,4.36701
188264,4.48467
188265,1.8368
188266,2.16569
188267,3.78985
188268,4.87366
188269,4.41074
188270,4.6414
188271,4.96296
188272,3.63511
188273,3.59256
188274,3.62828
188275,2.83162
188276,3.78676
188277,3.29801
188278,3.72844
188279,3.84841
188280,3.50512
188281,4.36761
188282,4.05967
188283,2.74918
188284,3.53263
188285,3.91351
188286,1.24893
188287,2.89217
188288,4.47963
188289,5.0
188290,4.78189
188291,4.02748
188292,4.411
188293,4.6423
188294,4.84122
188295,4.03516
188296,4.06323
188297,3.48742
188298,3.71479
188299,4.08844
188300,4.04419
188301,3.84018
188302,4.12289
188303,3.82785
188304,3.19216
188305,3.3614
188306,2.93531
188307,3.17014
188308,3.99821
188309,3.57336
188310,4.13362
188311,3.49225
188312,3.44292
188313,3.56618
188314,3.97541
188315,4.2563
188316,3.54878
188317,3.85987
188318,3.59082
188319,4.24602
188320,3.12738
188321,4.03473
188322,3.62588
188323,3.92195
188324,2.91054
188325,3.74446
188326,3.57602
188327,4.13842
188328,4.28673
188329,3.10782
188330,3.82046
188331,3.23649
188332,3.41062
188333,3.098
188334,4.03499
188335,3.97468
188336,3.87779
188337,4.13092
188338,3.19225
188339,3.48884
188340,3.15558
188341,3.61171
188342,3.765
188343,3.70119
188344,4.06853
188345,3.41696
188346,3.44228
188347,2.05426
188348,4.00382
188349,2.64687
188350,4.06255
188351,4.32004
188352,3.70319
188353,3.11228
188354,4.06599
188355,2.45084
188356,4.31182
188357,2.94465
188358,3.26301
188359,4.2188
188360,2.72732
188361,3.24309
188362,4.0934
188363,3.72649
188364,4.40042
188365,3.80049
188366,3.14369
188367,3.64863
188368,3.86014
188369,3.49625
188370,4.2246
188371,3.44306
188372,4.08335
188373,3.77517
188374,3.41516
188375,3.31546
188376,2.33264
188377,3.88903
188378,3.85872
188379,2.71376
188380,2.92281
188381,1.76107
188382,1.87729
188383,2.79206
188384,3.94279
188385,4.13521
188386,3.62861
188387,4.00011
188388,3.73477
188389,4.39922
188390,3.68995
188391,4.88002
188392,4.40349
188393,4.06075
188394,3.8351
188395,4.03012
188396,3.8793
188397,3.83034
188398,3.2143
188399,4.73926
188400,3.72725
188401,4.56889
188402,4.47381
188403,4.36567
188404,5.0
188405,4.21786
188406,4.45738
188407,4.49087
188408,4.07098
188409,4.27892
188410,4.03976
188411,4.25384
188412,4.59021
188413,4.20248
188414,4.55914
188415,3.96257
188416,3.68603
188417,4.61325
188418,4.38556
188419,4.9822
188420,4.2494
188421,4.12662
188422,4.64772
188423,4.21903
188424,4.08624
188425,3.4843
188426,3.88216
188427,4.35039
188428,4.38131
188429,3.26373
188430,3.62458
188431,4.39934
188432,3.52007
188433,3.33596
188434,3.37048
188435,4.67264
188436,3.56005
188437,4.07265
188438,3.84315
188439,3.6827
188440,3.11571
188441,2.15687
188442,2.9438
188443,3.13034
188444,3.4557
188445,3.54414
188446,4.57817
188447,4.15365
188448,3.54761
188449,3.24634
188450,4.04547
188451,4.10128
188452,3.44914
188453,2.8411
188454,2.82817
188455,3.49807
188456,2.59318
188457,2.73343
188458,2.8307
188459,3.58359
188460,3.9247
188461,3.82366
188462,2.95587
188463,3.60449
188464,3.33707
188465,3.27438
188466,3.8725
188467,3.33916
188468,3.22895
188469,4.09454
188470,4.03749
188471,3.51246
188472,3.9999
188473,3.85547
188474,3.6393
188475,3.26337
188476,2.88583
188477,4.09551
188478,4.26423
188479,3.48897
188480,3.30221
188481,3.51933
188482,3.11904
188483,4.33395
188484,3.72304
188485,3.24354
188486,4.09903
188487,4.40513
188488,4.76207
188489,4.6871
188490,4.74309
188491,3.18935
188492,5.0
188493,4.41882
188494,3.55249
188495,3.20136
188496,4.17606
188497,2.68499
188498,4.20585
188499,3.9082
188500,3.15429
188501,4.23263
188502,3.76646
188503,4.12692
188504,3.55239
188505,3.51909
188506,3.51305
188507,3.76342
188508,4.18856
188509,4.14618
188510,2.69602
188511,3.63005
188512,3.51056
188513,2.73521
188514,3.53368
188515,3.70708
188516,3.48525
188517,4.78603
188518,4.18707
188519,4.95322
188520,4.75587
188521,3.03383
188522,4.26841
188523,3.21556
188524,4.83957
188525,3.34051
188526,4.27991
188527,3.57235
188528,4.25688
188529,3.42764
188530,4.31578
188531,4.28396
188532,2.99889
188533,1.88233
188534,4.4008
188535,4.08005
188536,3.43715
188537,3.16813
188538,3.26727
188539,4.66486
188540,1.88382
188541,2.33597
188542,3.44858
188543,1.91458
188544,3.00239
188545,4.5562
188546,3.20371
188547,3.44702
188548,4.54348
188549,4.68317
188550,4.27115
188551,3.8856
188552,3.93149
188553,3.57484
188554,1.83581
188555,2.21457
188556,2.93272
188557,2.57815
188558,3.11069
188559,3.57212
188560,1.94409
188561,3.13262
188562,3.32548
188563,2.88805
188564,2.72065
188565,3.20517
188566,2.453
188567,3.01392
188568,3.35839
188569,4.02559
188570,3.79008
188571,2.98138
188572,4.1199
188573,3.37478
188574,2.61369
188575,3.61207
188576,2.85486
188577,3.50377
188578,3.13497
188579,3.74266
188580,3.58883
188581,2.66218
188582,3.8436
188583,4.47379
188584,4.43419
188585,4.00244
188586,4.77575
188587,3.93075
188588,3.52883
188589,4.31486
188590,4.43269
188591,4.99904
188592,4.69514
188593,2.93358
188594,4.48598
188595,3.31021
188596,4.62222
188597,4.66821
188598,3.53233
188599,3.11832
188600,4.33675
188601,3.12318
188602,3.50825
188603,4.51664
188604,4.385
188605,4.74612
188606,2.68534
188607,3.57957
188608,3.96594
188609,2.01392
188610,1.33878
188611,2.84746
188612,3.51646
188613,2.57901
188614,1.83554
188615,3.36275
188616,2.10055
188617,2.82406
188618,2.86809
188619,3.97519
188620,1.43302
188621,3.52241
188622,2.06728
188623,2.42643
188624,3.04148
188625,3.04881
188626,2.98009
188627,3.99538
188628,3.37761
188629,4.55048
188630,4.17635
188631,4.81508
188632,4.55283
188633,3.98554
188634,3.57727
188635,2.27719
188636,3.90467
188637,2.75226
188638,3.08781
188639,2.81435
188640,4.26499
188641,3.80881
188642,2.92314
188643,4.11134
188644,4.10651
188645,2.89249
188646,4.13139
188647,3.47882
188648,3.57026
188649,4.21342
188650,2.12435
188651,2.38693
188652,4.10308
188653,3.83823
188654,4.09855
188655,3.38519
188656,3.52578
188657,2.44494
188658,4.33386
188659,3.92294
188660,3.96768
188661,3.74301
188662,3.97837
188663,3.65899
188664,3.41835
188665,3.93614
188666,3.34223
188667,2.55263
188668,3.64289
188669,3.5653
188670,3.46823
188671,3.93397
188672,4.28018
188673,3.37393
188674,2.471
188675,3.12268
188676,3.86988
188677,3.85112
188678,4.2505
188679,3.88789
188680,3.67196
188681,4.40878
188682,3.58243
188683,3.74052
188684,2.82257
188685,4.13726
188686,3.4073
188687,4.38881
188688,3.00107
188689,3.0818
188690,3.79207
188691,3.77597
188692,3.84843
188693,4.36319
188694,3.61494
188695,4.81303
188696,1.19894
188697,4.33812
188698,4.02308
188699,3.65473
188700,3.15751
188701,4.2311
188702,3.45698
188703,3.54282
188704,4.22729
188705,3.47295
188706,5.0
188707,3.48101
188708,3.54552
188709,4.12761
188710,3.33414
188711,4.91721
188712,2.8621
188713,4.19572
188714,3.6723
188715,3.50973
188716,3.8911
188717,3.58202
188718,4.04355
188719,4.24883
188720,4.99062
188721,3.74393
188722,3.32009
188723,4.61859
188724,3.44999
188725,4.24764
188726,4.16936
188727,3.62863
188728,3.94077
188729,3.30299
188730,3.51135
188731,2.84494
188732,3.40175
188733,4.20815
188734,3.99629
188735,3.38361
188736,3.51606
188737,5.0
188738,3.86041
188739,4.802
188740,3.79361
188741,4.12787
188742,2.63991
188743,3.02455
188744,3.33534
188745,5.0
188746,3.59568
188747,3.62077
188748,3.65797
188749,3.18334
188750,2.13887
188751,2.33339
188752,4.47566
188753,3.8687
188754,3.61134
188755,3.59954
188756,3.79464
188757,4.05487
188758,4.3621
188759,3.24444
188760,3.88706
188761,2.84974
188762,2.63195
188763,3.83588
188764,3.46353
188765,4.08005
188766,3.66268
188767,3.39555
188768,4.19349
188769,5.0
188770,4.13189
188771,4.11951
188772,3.50901
188773,2.05781
188774,1.972
188775,2.25889
188776,4.46743
188777,3.37952
188778,4.08054
188779,3.42801
188780,4.29126
188781,4.37257
188782,4.13227
188783,3.87302
188784,4.29494
188785,4.823
188786,4.07296
188787,3.56724
188788,4.3488
188789,3.4
188790,2.95056
188791,4.59916
188792,3.63401
188793,3.65517
188794,4.156
188795,3.76413
188796,3.36452
188797,4.13595
188798,3.67722
188799,2.47396
188800,3.73526
188801,3.8782
188802,4.25292
188803,4.56919
188804,5.0
188805,4.53797
188806,4.62401
188807,2.85406
188808,4.22442
188809,4.07112
188810,4.20085
188811,2.77843
188812,3.49432
188813,3.75978
188814,3.43236
188815,3.07589
188816,3.49303
188817,3.08716
188818,3.74899
188819,3.90796
188820,3.51009
188821,4.28594
188822,2.8135
188823,3.16482
188824,4.62802
188825,4.46
188826,4.43547
188827,4.68697
188828,4.90107
188829,3.99238
188830,3.36911
188831,3.68838
188832,3.19656
188833,3.37648
188834,4.00451
188835,4.35633
188836,3.08917
188837,3.25301
188838,3.8802
188839,4.13695
188840,3.76464
188841,3.59208
188842,3.90148
188843,3.30442
188844,3.8566
188845,3.60885
188846,3.95754
188847,3.46486
188848,4.07288
188849,3.2792
188850,2.97683
188851,3.02029
188852,1.99951
188853,3.08764
188854,3.5856
188855,3.98214
188856,2.99785
188857,4.1132
188858,4.39138
188859,2.53152
188860,3.44031
188861,1.03186
188862,2.60268
188863,3.14709
188864,1.98578
188865,1.98934
188866,3.03271
188867,3.00242
188868,3.58511
188869,2.65354
188870,1.54626
188871,2.49876
188872,2.36976
188873,3.56792
188874,2.20661
188875,1.0
188876,2.70459
188877,3.61936
188878,2.57523
188879,1.02572
188880,2.21447
188881,2.6518
188882,4.09501
188883,3.50305
188884,4.06174
188885,1.0
188886,5.0
188887,3.17945
188888,3.384
188889,3.85354
188890,3.16704
188891,2.98856
188892,3.35619
188893,3.2561
188894,2.46319
188895,2.06316
188896,4.17884
188897,2.79111
188898,3.42534
188899,2.14525
188900,3.84079
188901,3.00543
188902,1.90695
188903,3.40649
188904,3.09684
188905,1.38163
188906,4.57525
188907,3.78964
188908,1.66252
188909,2.59809
188910,3.41302
188911,2.99073
188912,3.41693
188913,1.68229
188914,3.17411
188915,1.0
188916,2.83649
188917,1.3858
188918,1.38127
188919,1.30245
188920,2.29906
188921,1.22632
188922,3.90024
188923,2.96269
188924,2.1096
188925,4.16849
188926,3.37636
188927,4.23031
188928,2.92046
188929,3.86103
188930,3.55476
188931,2.49409
188932,2.55415
188933,4.36891
188934,3.53667
188935,2.27589
188936,2.19992
188937,1.79362
188938,2.17661
188939,3.1032
188940,2.44461
188941,1.15597
188942,1.70579
188943,1.88864
188944,3.88126
188945,1.02685
188946,2.00359
188947,2.1834
188948,3.47492
188949,3.15433
188950,2.68308
188951,1.22524
188952,3.95225
188953,3.1733
188954,1.41456
188955,1.27623
188956,1.88591
188957,2.7607
188958,3.0466
188959,3.17244
188960,2.74681
188961,3.74805
188962,1.44853
188963,2.73543
188964,1.1268
188965,1.28262
188966,1.42777
188967,2.17667
188968,1.1478
188969,2.76744
188970,2.66833
188971,3.77246
188972,1.0
188973,1.66235
188974,2.16402
188975,2.81391
188976,2.8749
188977,3.9941
188978,1.90211
188979,2.46448
188980,1.0
188981,4.51339
188982,3.33758
188983,3.55227
188984,3.08279
188985,3.66558
188986,3.7066
188987,3.92774
188988,2.66393
188989,3.993
188990,3.34958
188991,4.03568
188992,3.6499
188993,2.81016
188994,2.61243
188995,4.30304
188996,2.88506
188997,4.95904
188998,4.30391
188999,3.66187
189000,4.07216
189001,3.48832
189002,4.1382
189003,4.34496
189004,4.13432
189005,4.50764
189006,3.57025
189007,4.11717
189008,2.11687
189009,3.26605
189010,2.91316
189011,3.90334
189012,3.80509
189013,4.0179
189014,3.97867
189015,1.74608
189016,2.96466
189017,1.79668
189018,3.65532
189019,4.04547
189020,4.52703
189021,4.08227
189022,4.02194
189023,4.1581
189024,4.22986
189025,4.19777
189026,4.43811
189027,4.02898
189028,3.45357
189029,4.52248
189030,4.4393
189031,4.66902
189032,3.84208
189033,4.34769
189034,4.15846
189035,4.20603
189036,4.2933
189037,3.76926
189038,4.19855
189039,3.85225
189040,3.95043
189041,4.12127
189042,4.04445
189043,3.95839
189044,3.21106
189045,4.96674
189046,3.59277
189047,3.5221
189048,3.29903
189049,4.03339
189050,3.19918
189051,4.84891
189052,5.0
189053,4.1834
189054,2.31105
189055,5.0
189056,4.36
189057,3.88074
189058,3.74603
189059,3.87601
189060,3.60556
189061,2.439
189062,2.93257
189063,4.03068
189064,4.32743
189065,3.89401
189066,2.49985
189067,4.37286
189068,3.4704
189069,3.72796
189070,3.63909
189071,4.14176
189072,3.85693
189073,3.07041
189074,4.39642
189075,3.99731
189076,4.81607
189077,4.25999
189078,4.35198
189079,3.47443
189080,3.93085
189081,3.38932
189082,3.98175
189083,3.29336
189084,3.70398
189085,3.30721
189086,4.52554
189087,3.21075
189088,3.92151
189089,3.82617
189090,3.94352
189091,3.68242
189092,3.78694
189093,3.57181
189094,3.20216
189095,4.2028
189096,3.11532
189097,3.86515
189098,3.75139
189099,4.02433
189100,4.6627
189101,3.84062
189102,1.71804
189103,3.79737
189104,4.1782
189105,3.53484
189106,1.48285
189107,3.49391
189108,3.52073
189109,2.67206
189110,3.55944
189111,4.19371
189112,4.13654
189113,3.08402
189114,3.58297
189115,4.40818
189116,3.98678
189117,2.97862
189118,4.3592
189119,4.08145
189120,4.28863
189121,2.88534
189122,5.0
189123,4.19894
189124,4.54574
189125,2.54715
189126,3.76121
189127,3.82973
189128,5.0
189129,4.66562
189130,4.40902
189131,4.74793
189132,3.43385
189133,4.60549
189134,5.0
189135,3.35941
189136,3.6951
189137,4.5729
189138,4.25981
189139,3.412
189140,3.55902
189141,3.87635
189142,3.88113
189143,3.45471
189144,4.1375
189145,4.18296
189146,3.65184
189147,3.59812
189148,3.56915
189149,3.30801
189150,3.88582
189151,2.47216
189152,3.01563
189153,3.59541
189154,3.79003
189155,4.00249
189156,4.33935
189157,3.58406
189158,3.75025
189159,2.97178
189160,3.20601
189161,3.58967
189162,3.57453
189163,3.88343
189164,4.10703
189165,4.03049
189166,4.12479
189167,2.75571
189168,2.36039
189169,3.59537
189170,1.92483
189171,2.99288
189172,3.21883
189173,3.24763
189174,3.25866
189175,3.48491
189176,4.02758
189177,2.66829
189178,3.29322
189179,3.79011
189180,3.28423
189181,3.13167
189182,4.07847
189183,3.43704
189184,3.28037
189185,4.54632
189186,2.27181
189187,3.48282
189188,4.0734
189189,3.57208
189190,3.9512
189191,4.22546
189192,4.32159
189193,3.9967
189194,3.09089
189195,3.2836
189196,4.00146
189197,2.96405
189198,3.43548
189199,4.3857
189200,4.10376
189201,3.50654
189202,3.46738
189203,3.57901
189204,3.61399
189205,4.13015
189206,3.88734
189207,3.36004
189208,4.23764
189209,2.72397
189210,3.62947
189211,4.26129
189212,2.21603
189213,3.54108
189214,4.21332
189215,3.03837
189216,3.65727
189217,3.77454
189218,3.42835
189219,2.99133
189220,2.82472
189221,3.34669
189222,3.26392
189223,4.27263
189224,2.36022
189225,3.09014
189226,4.27579
189227,3.6547
189228,4.3836
189229,4.48785
189230,4.46803
189231,3.95999
189232,3.48011
189233,2.68057
189234,3.34441
189235,4.1512
189236,3.76758
189237,3.35701
189238,3.35343
189239,3.41359
189240,3.1147
189241,2.9442
189242,3.77302
189243,2.63011
189244,2.14557
189245,3.3493
189246,3.06006
189247,3.89089
189248,4.16833
189249,3.7781
189250,4.03431
189251,3.84193
189252,3.32946
189253,3.64044
189254,3.17022
189255,4.01621
189256,3.82867
189257,3.6238
189258,4.57689
189259,4.98367
189260,3.51811
189261,3.08531
189262,4.18106
189263,4.09015
189264,3.76084
189265,4.29016
189266,2.92377
189267,4.55404
189268,4.09637
189269,1.89186
189270,2.95509
189271,3.55283
189272,1.76385
189273,2.24318
189274,3.48951
189275,4.01682
189276,2.96978
189277,3.35716
189278,2.20154
189279,1.97744
189280,3.68539
189281,2.40642
189282,2.78672
189283,3.95665
189284,2.39772
189285,4.44743
189286,3.58025
189287,2.86803
189288,2.72568
189289,1.74391
189290,3.60023
189291,1.11364
189292,3.3681
189293,3.85454
189294,3.09612
189295,3.9269
189296,3.46289
189297,3.63013
189298,3.10303
189299,4.04343
189300,4.41335
189301,2.88446
189302,2.36298
189303,3.25786
189304,3.85837
189305,3.44043
189306,3.0472
189307,3.82056
189308,4.33219
189309,3.09067
189310,3.58856
189311,4.39515
189312,3.39061
189313,4.40547
189314,4.57551
189315,2.34221
189316,3.15675
189317,3.18454
189318,1.83764
189319,3.10978
189320,3.08259
189321,3.65014
189322,3.76561
189323,3.42236
189324,4.29519
189325,3.75511
189326,2.61474
189327,3.80597
189328,3.59234
189329,3.73126
189330,3.39341
189331,3.30648
189332,4.06266
189333,2.81964
189334,3.63731
189335,2.62435
189336,4.00611
189337,1.72639
189338,4.04401
189339,4.00036
189340,3.58766
189341,3.95527
189342,2.02344
189343,3.58439
189344,2.52104
189345,2.52558
189346,3.09378
189347,3.28647
189348,3.05007
189349,3.75976
189350,2.46079
189351,3.47774
189352,2.50363
189353,3.42446
189354,3.88046
189355,3.95218
189356,2.73982
189357,3.34738
189358,4.3321
189359,3.86702
189360,3.02956
189361,2.57508
189362,3.58975
189363,2.29595
189364,3.58514
189365,2.41738
189366,3.67694
189367,3.02498
189368,3.67137
189369,2.3366
189370,2.86589
189371,2.86939
189372,2.79155
189373,3.54487
189374,4.02462
189375,3.0178
189376,4.02525
189377,3.20571
189378,2.895
189379,4.34771
189380,1.96115
189381,4.2008
189382,3.29692
189383,4.37131
189384,4.4982
189385,4.61585
189386,3.52068
189387,4.07979
189388,3.25518
189389,3.64845
189390,4.72434
189391,4.35713
189392,3.51236
189393,3.939
189394,4.87138
189395,4.56929
189396,3.1279
189397,5.0
189398,3.97372
189399,2.28168
189400,3.72602
189401,3.96189
189402,3.68214
189403,2.38334
189404,3.8829
189405,3.32298
189406,3.63603
189407,4.73295
189408,3.78492
189409,4.9548
189410,3.66893
189411,1.4866
189412,4.204
189413,4.11185
189414,4.39568
189415,3.51282
189416,1.93998
189417,4.50645
189418,4.55679
189419,3.81457
189420,4.16217
189421,1.63093
189422,3.92723
189423,2.73905
189424,2.87593
189425,1.86238
189426,2.07926
189427,3.2948
189428,2.66061
189429,1.0
189430,1.20363
189431,2.43045
189432,2.729
189433,3.47797
189434,2.59083
189435,2.50825
189436,3.61574
189437,2.83938
189438,4.0245
189439,4.8148
189440,2.94721
189441,4.1628
189442,4.03998
189443,4.1372
189444,4.33972
189445,3.5953
189446,4.75485
189447,2.54467
189448,1.83344
189449,3.13485
189450,4.05516
189451,4.65389
189452,3.4093
189453,4.69201
189454,4.24977
189455,3.51683
189456,5.0
189457,4.10504
189458,3.70673
189459,5.0
189460,4.66227
189461,4.35349
189462,4.21088
189463,4.26209
189464,4.11668
189465,4.53845
189466,3.75056
189467,3.4237
189468,3.19355
189469,3.68474
189470,3.41429
189471,4.34849
189472,3.39638
189473,1.39657
189474,2.28796
189475,4.39654
189476,3.53272
189477,4.33996
189478,3.58842
189479,4.49152
189480,3.87499
189481,3.63541
189482,3.15063
189483,4.77063
189484,3.8603
189485,3.24351
189486,3.07296
189487,2.04127
189488,3.94981
189489,3.0709
189490,2.12247
189491,4.91492
189492,3.51577
189493,3.86058
189494,4.4525
189495,2.3842
189496,3.89028
189497,4.12602
189498,4.53737
189499,3.29926
189500,4.24946
189501,3.08792
189502,3.84091
189503,4.59203
189504,3.98975
189505,3.93592
189506,4.02509
189507,4.19548
189508,3.16284
189509,3.80901
189510,4.34386
189511,3.07346
189512,4.46376
189513,4.06739
189514,4.01548
189515,3.02914
189516,4.28247
189517,3.98676
189518,3.62383
189519,3.90273
189520,4.01729
189521,3.18608
189522,3.66866
189523,3.4163
189524,3.82631
189525,4.26625
189526,2.93224
189527,2.73825
189528,3.4738
189529,3.94643
189530,4.23525
189531,4.01026
189532,2.15785
189533,2.56206
189534,3.78174
189535,3.33191
189536,3.66231
189537,2.76101
189538,4.458
189539,4.242
189540,3.72802
189541,3.97655
189542,4.13364
189543,3.81921
189544,4.5005
189545,4.82784
189546,4.22245
189547,3.04832
189548,3.34167
189549,3.90392
189550,3.66385
189551,2.9899
189552,3.22442
189553,2.95214
189554,2.4889
189555,3.63641
189556,4.46499
189557,5.0
189558,3.99973
189559,2.06007
189560,4.758
189561,4.58629
189562,3.6966
189563,3.51588
189564,3.82501
189565,3.31809
189566,3.95216
189567,4.37266
189568,1.42507
189569,4.76368
189570,4.81913
189571,3.52174
189572,4.05514
189573,3.62245
189574,3.30826
189575,2.82039
189576,4.79733
189577,3.39449
189578,3.46079
189579,4.71171
189580,3.09838
189581,3.83557
189582,4.94826
189583,4.47361
189584,4.82332
189585,4.47966
189586,4.09053
189587,3.77554
189588,3.1546
189589,4.91451
189590,4.42686
189591,4.30772
189592,4.30445
189593,4.392
189594,5.0
189595,4.15905
189596,4.57376
189597,4.28203
189598,4.90914
189599,4.29009
189600,4.02561
189601,4.10659
189602,4.31103
189603,4.2327
189604,4.1317
189605,3.76061
189606,2.92148
189607,4.12284
189608,2.73761
189609,4.69263
189610,4.2575
189611,3.58004
189612,4.76423
189613,3.15443
189614,4.29328
189615,4.10922
189616,3.46642
189617,4.14339
189618,3.26591
189619,5.0
189620,5.0
189621,3.74926
189622,2.23218
189623,4.1387
189624,3.14262
189625,3.52604
189626,2.42432
189627,3.42902
189628,4.03194
189629,4.45501
189630,4.08595
189631,4.27764
189632,2.8925
189633,3.98147
189634,2.23352
189635,3.36513
189636,3.87924
189637,2.48985
189638,3.14608
189639,3.92725
189640,3.27178
189641,3.67155
189642,2.30265
189643,3.85691
189644,3.8688
189645,4.00237
189646,3.35288
189647,2.8999
189648,3.62168
189649,3.07103
189650,3.90175
189651,3.79375
189652,3.90554
189653,2.70132
189654,4.03787
189655,3.77291
189656,3.6671
189657,3.83027
189658,3.76607
189659,3.05297
189660,2.28207
189661,4.17685
189662,2.20894
189663,3.31485
189664,3.22234
189665,4.07102
189666,2.20593
189667,3.07829
189668,2.16853
189669,1.97446
189670,2.13864
189671,2.5913
189672,2.70664
189673,3.52118
189674,2.08533
189675,4.18204
189676,1.77801
189677,4.04478
189678,3.15069
189679,2.0309
189680,3.55755
189681,4.74893
189682,4.2866
189683,3.4838
189684,4.13905
189685,4.17527
189686,4.20307
189687,4.5128
189688,2.99356
189689,4.20243
189690,3.84298
189691,3.94974
189692,3.18552
189693,4.19519
189694,4.24062
189695,3.40928
189696,4.42447
189697,3.44169
189698,3.95428
189699,3.16062
189700,3.92342
189701,2.55532
189702,4.09653
189703,4.24729
189704,2.96928
189705,3.88116
189706,1.70441
189707,2.29166
189708,5.0
189709,4.84803
189710,4.62279
189711,4.72473
189712,4.10248
189713,4.91017
189714,4.46342
189715,3.2213
189716,3.92217
189717,4.10407
189718,3.79289
189719,4.03058
189720,3.38473
189721,4.04699
189722,4.29696
189723,4.31726
189724,2.26304
189725,3.80756
189726,3.72018
189727,3.90981
189728,3.04336
189729,4.36675
189730,4.07648
189731,3.49807
189732,3.14097
189733,2.20897
189734,4.29683
189735,3.32875
189736,3.42108
189737,3.27629
189738,2.02267
189739,3.25795
189740,3.77028
189741,2.34408
189742,1.67077
189743,2.75259
189744,3.98526
189745,4.40831
189746,2.99238
189747,3.62804
189748,3.66469
189749,2.60877
189750,3.11966
189751,3.52329
189752,3.92437
189753,3.29465
189754,4.83713
189755,3.23324
189756,3.16783
189757,2.77926
189758,4.48418
189759,2.01947
189760,3.41605
189761,3.928
189762,3.37485
189763,3.82734
189764,5.0
189765,4.50024
189766,4.59161
189767,4.88353
189768,4.81314
189769,3.4213
189770,4.4238
189771,4.15589
189772,4.05909
189773,4.35542
189774,3.82008
189775,3.47009
189776,4.22044
189777,4.16551
189778,4.42785
189779,2.43798
189780,3.51047
189781,3.35622
189782,4.22289
189783,3.06642
189784,3.66763
189785,3.98155
189786,3.13256
189787,3.02259
189788,4.70233
189789,3.59447
189790,4.18931
189791,4.48414
189792,2.88024
189793,3.91231
189794,2.85077
189795,4.42936
189796,3.78679
189797,3.77794
189798,4.26473
189799,4.50771
189800,3.85247
189801,3.35011
189802,4.00631
189803,4.00704
189804,3.70691
189805,4.43382
189806,3.87664
189807,4.33745
189808,4.18296
189809,3.91577
189810,3.36317
189811,4.23297
189812,4.24269
189813,4.32431
189814,5.0
189815,4.08102
189816,3.82699
189817,4.25977
189818,4.10554
189819,3.59302
189820,4.05865
189821,3.95198
189822,3.93517
189823,3.76979
189824,4.92035
189825,4.47087
189826,3.22045
189827,4.23952
189828,5.0
189829,4.80153
189830,4.81259
189831,3.31619
189832,2.31508
189833,2.5467
189834,1.5688
189835,3.39738
189836,4.27454
189837,3.95868
189838,4.30429
189839,4.67353
189840,4.5434
189841,4.63279
189842,4.35946
189843,4.72827
189844,3.85947
189845,4.11844
189846,4.68702
189847,3.96836
189848,3.40916
189849,4.28245
189850,3.58893
189851,3.62314
189852,4.22635
189853,4.21827
189854,4.18321
189855,4.18639
189856,3.93046
189857,4.1101
189858,4.04004
189859,3.79653
189860,4.2531
189861,4.04475
189862,4.43046
189863,4.11027
189864,3.52181
189865,3.68657
189866,2.9082
189867,3.04066
189868,2.84863
189869,2.67657
189870,1.07185
189871,2.7503
189872,2.39788
189873,3.67431
189874,3.69895
189875,3.58884
189876,2.25802
189877,3.20966
189878,2.68786
189879,3.14876
189880,3.22314
189881,3.40517
189882,3.69051
189883,3.74279
189884,3.17798
189885,2.1024
189886,2.8398
189887,3.59434
189888,4.31081
189889,2.82642
189890,3.62382
189891,3.42637
189892,1.57011
189893,2.55379
189894,4.40923
189895,2.51457
189896,3.47429
189897,2.66992
189898,3.3172
189899,2.60796
189900,3.83362
189901,2.95044
189902,3.86043
189903,1.66037
189904,3.29594
189905,2.89099
189906,3.02057
189907,3.33552
189908,3.13809
189909,3.3989
189910,3.51548
189911,2.00723
189912,1.0
189913,3.34837
189914,2.90296
189915,3.6146
189916,1.76022
189917,4.17731
189918,2.08914
189919,2.50647
189920,3.34621
189921,2.53757
189922,2.16329
189923,3.10155
189924,3.71227
189925,2.50544
189926,3.14171
189927,3.37867
189928,1.41375
189929,2.56083
189930,2.86969
189931,2.34103
189932,2.52784
189933,2.45563
189934,2.59094
189935,3.75967
189936,3.82939
189937,5.0
189938,4.51352
189939,3.65968
189940,4.12296
189941,3.94698
189942,4.22292
189943,3.74237
189944,3.9538
189945,3.39181
189946,4.34802
189947,3.98507
189948,4.05923
189949,4.35079
189950,4.39138
189951,2.98876
189952,3.47272
189953,4.14622
189954,3.39171
189955,3.91796
189956,3.24845
189957,3.45828
189958,4.14883
189959,2.80837
189960,4.03785
189961,4.46069
189962,4.77354
189963,5.0
189964,3.61817
189965,4.19355
189966,4.2042
189967,2.75594
189968,2.41444
189969,3.67464
189970,3.95306
189971,4.10582
189972,4.25569
189973,3.20452
189974,3.69265
189975,3.95336
189976,3.85686
189977,3.90017
189978,3.7791
189979,3.84416
189980,3.92536
189981,3.67017
189982,3.3919
189983,4.1457
189984,3.1695
189985,3.05101
189986,2.16073
189987,2.74
189988,1.32201
189989,4.476
189990,4.02714
189991,3.68844
189992,3.61049
189993,5.0
189994,3.45373
189995,4.55973
189996,4.4067
189997,4.76551
189998,4.21838
189999,4.10898
190000,3.9625
190001,3.70099
190002,4.46567
190003,4.55751
190004,4.10553
190005,3.81206
190006,4.15016
190007,2.76625
190008,4.4412
190009,4.1061
190010,4.60545
190011,4.18018
190012,3.82089
190013,4.2386
190014,3.16942
190015,3.27466
190016,2.99384
190017,3.35447
190018,3.94174
190019,3.76748
190020,4.69834
190021,4.85974
190022,4.5707
190023,3.71036
190024,3.73852
190025,3.7945
190026,4.2328
190027,5.0
190028,4.41933
190029,4.7771
190030,3.90469
190031,4.4599
190032,5.0
190033,4.05402
190034,4.59063
190035,4.00609
190036,4.16321
190037,4.35848
190038,4.92907
190039,4.51355
190040,4.28803
190041,4.75287
190042,4.44782
190043,4.11677
190044,3.2319
190045,4.82588
190046,3.52256
190047,2.92198
190048,3.9006
190049,3.91463
190050,4.12548
190051,4.7981
190052,4.26877
190053,5.0
190054,4.3627
190055,3.88815
190056,3.11245
190057,3.96699
190058,4.75588
190059,3.31094
190060,4.70156
190061,4.42602
190062,3.78672
190063,3.41439
190064,4.82312
190065,3.14247
190066,2.02885
190067,3.32733
190068,3.94858
190069,3.89568
190070,3.81477
190071,2.76429
190072,2.5783
190073,4.13273
190074,3.27512
190075,3.37664
190076,4.42092
190077,4.24356
190078,4.19869
190079,3.80605
190080,3.80482
190081,4.73522
190082,3.58771
190083,3.48006
190084,4.84967
190085,4.41074
190086,4.48009
190087,4.26967
190088,4.11434
190089,3.91054
190090,4.5033
190091,5.0
190092,4.27411
190093,4.94052
190094,3.19961
190095,4.53311
190096,4.84685
190097,5.0
190098,5.0
190099,4.73572
190100,4.25228
190101,4.66503
190102,4.65298
190103,4.02297
190104,4.40384
190105,5.0
190106,2.93323
190107,3.46095
190108,4.51377
190109,2.59964
190110,3.52677
190111,3.78709
190112,4.00014
190113,4.26177
190114,3.24146
190115,4.09657
190116,2.90228
190117,3.537
190118,3.28833
190119,3.79036
190120,3.11346
190121,3.27949
190122,3.03159
190123,3.18837
190124,3.6148
190125,2.94319
190126,3.10026
190127,3.25401
190128,4.43929
190129,3.03797
190130,4.26981
190131,3.89368
190132,4.21304
190133,3.54993
190134,3.24919
190135,2.35129
190136,3.85657
190137,1.52365
190138,3.85985
190139,3.42461
190140,3.16736
190141,3.88414
190142,3.68507
190143,3.84417
190144,4.82717
190145,3.10296
190146,4.4183
190147,4.35499
190148,4.1274
190149,4.60062
190150,2.80609
190151,3.52879
190152,4.17525
190153,4.31238
190154,2.55666
190155,3.18444
190156,3.65251
190157,3.42246
190158,3.34337
190159,1.92597
190160,2.77906
190161,3.69141
190162,2.67492
190163,3.89719
190164,3.327
190165,4.30601
190166,3.7858
190167,3.13604
190168,2.32972
190169,2.07198
190170,2.43471
190171,4.11205
190172,4.09177
190173,2.46636
190174,4.19866
190175,3.88217
190176,3.63433
190177,3.88743
190178,4.62039
190179,4.1097
190180,3.21482
190181,3.41358
190182,3.67517
190183,3.03748
190184,3.73159
190185,3.03036
190186,3.51346
190187,3.4347
190188,4.7178
190189,4.32825
190190,4.78201
190191,3.99065
190192,3.68829
190193,4.13063
190194,3.43989
190195,4.39909
190196,3.67875
190197,2.91604
190198,4.01498
190199,3.6357
190200,2.75453
190201,1.97666
190202,3.95841
190203,4.47377
190204,3.1279
190205,1.95685
190206,2.94781
190207,3.07351
190208,2.81954
190209,4.00834
190210,4.1677
190211,3.16388
190212,3.49899
190213,4.16705
190214,2.87144
190215,3.29617
190216,1.0
190217,3.0661
190218,3.20552
190219,2.34721
190220,2.46898
190221,3.3683
190222,3.07558
190223,3.01081
190224,4.0686
190225,3.4152
190226,3.07393
190227,3.74495
190228,4.35019
190229,4.34054
190230,3.37266
190231,4.31853
190232,4.16126
190233,3.62032
190234,1.82734
190235,4.35765
190236,4.4164
190237,4.36688
190238,2.99593
190239,3.84444
190240,2.5352
190241,2.99215
190242,3.89335
190243,2.92645
190244,3.85291
190245,2.99709
190246,2.76195
190247,3.30108
190248,4.49893
190249,4.68103
190250,4.44195
190251,3.85005
190252,3.05623
190253,4.84496
190254,4.54668
190255,4.47605
190256,3.864
190257,2.8938
190258,3.07141
190259,3.52436
190260,1.87044
190261,3.80071
190262,2.49132
190263,4.1024
190264,3.32165
190265,3.56466
190266,2.89352
190267,3.19268
190268,3.17053
190269,3.34276
190270,1.65792
190271,4.10357
190272,4.12685
190273,3.52779
190274,3.57336
190275,4.4268
190276,4.75324
190277,2.97904
190278,4.3112
190279,3.2371
190280,3.01465
190281,4.61409
190282,4.106
190283,4.33607
190284,4.33051
190285,3.48095
190286,2.73192
190287,2.72254
190288,4.74522
190289,3.55284
190290,2.89176
190291,3.25884
190292,3.31436
190293,3.9795
190294,3.81764
190295,3.48206
190296,3.64653
190297,4.09412
190298,3.50626
190299,2.13616
190300,4.30731
190301,4.71953
190302,3.36448
190303,3.31403
190304,4.19793
190305,2.8719
190306,4.39497
190307,4.13491
190308,3.52355
190309,4.12914
190310,3.48527
190311,4.55074
190312,4.43894
190313,4.25511
190314,4.42277
190315,4.8093
190316,2.67289
190317,4.2342
190318,1.91062
190319,3.70366
190320,3.93924
190321,3.32193
190322,3.59074
190323,4.40317
190324,4.0391
190325,4.0444
190326,3.2245
190327,3.49531
190328,4.28619
190329,4.34239
190330,3.68361
190331,4.43173
190332,5.0
190333,2.99362
190334,3.95352
190335,4.4404
190336,3.27437
190337,4.47809
190338,4.4363
190339,3.12727
190340,3.93608
190341,4.2461
190342,3.27661
190343,3.23068
190344,3.98137
190345,3.81551
190346,4.64374
190347,3.56513
190348,4.66708
190349,4.55234
190350,4.80998
190351,4.21569
190352,3.45969
190353,4.8342
190354,2.32681
190355,2.33908
190356,4.68326
190357,4.33714
190358,3.43535
190359,4.64301
190360,3.91144
190361,4.45316
190362,2.93505
190363,4.86709
190364,3.07682
190365,4.20205
190366,4.21928
190367,3.78627
190368,4.04716
190369,3.5897
190370,3.69065
190371,4.87816
190372,3.11746
190373,3.29536
190374,3.47777
190375,3.65267
190376,3.44446
190377,3.70736
190378,3.86111
190379,4.03375
190380,4.38497
190381,3.98445
190382,3.91772
190383,4.24029
190384,4.58126
190385,3.87567
190386,4.1243
190387,4.09517
190388,3.2568
190389,4.15242
190390,3.80643
190391,4.19674
190392,4.77739
190393,3.63805
190394,4.05515
190395,4.2149
190396,4.56771
190397,3.93472
190398,3.65192
190399,4.42667
190400,4.2183
190401,4.17542
190402,4.2802
190403,4.304
190404,4.13263
190405,3.2115
190406,4.08828
190407,4.5988
190408,4.5989
190409,4.12479
190410,2.99075
190411,3.86902
190412,4.45351
190413,4.27806
190414,4.49294
190415,3.78416
190416,4.06333
190417,4.36389
190418,4.13412
190419,4.02628
190420,4.61912
190421,3.8549
190422,3.07093
190423,4.27305
190424,4.49543
190425,4.4033
190426,4.32343
190427,4.28706
190428,2.88498
190429,4.17743
190430,1.08954
190431,3.52033
190432,3.09875
190433,3.08244
190434,3.59737
190435,4.09156
190436,3.43471
190437,2.95879
190438,4.16221
190439,4.52992
190440,3.40303
190441,4.22526
190442,4.24841
190443,3.17313
190444,3.51989
190445,2.01091
190446,4.56382
190447,4.34365
190448,3.44597
190449,2.89295
190450,4.79006
190451,4.77901
190452,3.84957
190453,4.23382
190454,3.27017
190455,4.01672
190456,3.90793
190457,2.76455
190458,3.49614
190459,2.50626
190460,2.31638
190461,3.50443
190462,3.34726
190463,2.77628
190464,2.81481
190465,1.9436
190466,2.74626
190467,3.05355
190468,3.67588
190469,4.78249
190470,2.94142
190471,4.79857
190472,4.95402
190473,2.54813
190474,4.18017
190475,4.23968
190476,5.0
190477,4.01687
190478,4.54165
190479,3.85915
190480,4.18145
190481,4.58681
190482,3.19028
190483,3.71257
190484,3.87666
190485,4.61994
190486,3.80554
190487,4.4909
190488,4.16834
190489,3.39095
190490,4.25517
190491,4.62031
190492,4.3746
190493,2.55924
190494,3.46471
190495,3.22779
190496,3.6772
190497,2.74852
190498,3.17213
190499,4.09634
190500,3.31234
190501,2.55346
190502,3.15697
190503,2.69169
190504,3.15845
190505,2.46226
190506,3.74964
190507,2.45958
190508,2.24546
190509,2.8081
190510,3.42926
190511,3.54182
190512,3.17291
190513,3.25031
190514,2.93345
190515,1.13554
190516,3.29135
190517,2.50841
190518,1.88454
190519,2.97371
190520,2.9745
190521,2.21334
190522,2.26995
190523,1.92959
190524,3.32857
190525,2.08414
190526,2.0368
190527,3.63184
190528,3.94077
190529,3.70795
190530,3.81915
190531,4.3153
190532,4.25022
190533,3.93757
190534,4.53134
190535,3.97158
190536,4.71692
190537,4.51654
190538,4.99174
190539,2.89384
190540,4.02859
190541,3.29814
190542,2.5994
190543,4.59713
190544,4.38767
190545,4.34586
190546,3.73886
190547,4.1859
190548,4.49299
190549,4.43678
190550,4.05996
190551,4.60784
190552,4.50735
190553,3.91364
190554,4.05631
190555,4.03463
190556,4.14965
190557,4.08359
190558,4.32212
190559,4.4104
190560,3.72136
190561,3.04827
190562,4.39408
190563,4.60216
190564,3.73898
190565,4.6941
190566,3.0528
190567,4.08339
190568,3.53073
190569,4.20861
190570,3.92552
190571,3.52773
190572,5.0
190573,3.80297
190574,4.36187
190575,3.69343
190576,4.27272
190577,3.96559
190578,4.47019
190579,2.37954
190580,4.15572
190581,4.24131
190582,3.44751
190583,4.71988
190584,4.29222
190585,3.54034
190586,3.80971
190587,4.11246
190588,2.50338
190589,2.73961
190590,3.18543
190591,3.19703
190592,3.35288
190593,3.57413
190594,3.58129
190595,3.92878
190596,3.70678
190597,4.14178
190598,3.50665
190599,3.9176
190600,3.12371
190601,4.5877
190602,3.54749
190603,3.9057
190604,1.85017
190605,3.34337
190606,3.37629
190607,2.80537
190608,3.58125
190609,3.66786
190610,3.44103
190611,3.36186
190612,2.61696
190613,2.33283
190614,4.31847
190615,4.45847
190616,3.4628
190617,4.00881
190618,3.77072
190619,4.18715
190620,3.45891
190621,3.82135
190622,4.43116
190623,4.21391
190624,3.63306
190625,3.76658
190626,3.23742
190627,2.72182
190628,3.40331
190629,4.31091
190630,3.80612
190631,4.16284
190632,4.40173
190633,3.34483
190634,4.5717
190635,4.40119
190636,3.99453
190637,3.43224
190638,4.18845
190639,4.37466
190640,3.56897
190641,3.23301
190642,4.27775
190643,4.22244
190644,3.92067
190645,3.21557
190646,3.63264
190647,3.62741
190648,3.63505
190649,4.33576
190650,4.15277
190651,4.15569
190652,2.98037
190653,3.94515
190654,3.40474
190655,3.69026
190656,3.39849
190657,3.71619
190658,4.57547
190659,3.9017
190660,4.86283
190661,3.42806
190662,3.96966
190663,4.35101
190664,3.42008
190665,4.1452
190666,4.98122
190667,4.63495
190668,4.1862
190669,1.76981
190670,2.84645
190671,5.0
190672,2.88585
190673,3.36239
190674,3.50109
190675,4.82996
190676,4.27572
190677,4.27322
190678,2.95641
190679,4.15397
190680,4.7649
190681,4.40587
190682,4.08045
190683,4.43276
190684,4.77349
190685,4.83722
190686,3.87235
190687,4.29862
190688,5.0
190689,4.16049
190690,3.11394
190691,3.50344
190692,3.99043
190693,3.86393
190694,3.63982
190695,4.21722
190696,2.80894
190697,2.52698
190698,3.75879
190699,3.02804
190700,4.43385
190701,4.0835
190702,4.77477
190703,5.0
190704,4.32662
190705,4.5433
190706,4.51014
190707,4.244
190708,4.01255
190709,3.24909
190710,3.81564
190711,3.70264
190712,1.0
190713,1.42138
190714,3.81685
190715,2.74094
190716,3.02663
190717,3.75111
190718,3.13512
190719,4.16545
190720,3.92947
190721,4.50808
190722,4.77978
190723,3.74847
190724,3.10664
190725,3.98374
190726,3.57746
190727,3.96263
190728,2.73703
190729,4.21632
190730,3.78762
190731,4.2973
190732,3.85505
190733,4.50977
190734,2.70367
190735,4.77979
190736,3.53504
190737,3.95184
190738,3.78502
190739,4.07051
190740,2.9447
190741,4.61281
190742,3.79489
190743,2.84038
190744,2.99156
190745,3.44061
190746,3.10009
190747,3.01455
190748,3.72687
190749,3.0058
190750,3.38658
190751,3.54696
190752,3.43295
190753,4.03943
190754,3.8095
190755,3.16655
190756,2.11046
190757,1.73921
190758,4.38755
190759,4.49504
190760,2.92296
190761,4.84605
190762,4.88682
190763,4.66129
190764,4.74265
190765,3.90385
190766,4.27037
190767,3.21677
190768,3.62647
190769,3.66391
190770,4.74079
190771,3.00362
190772,3.18457
190773,3.08553
190774,3.94051
190775,3.44955
190776,2.1931
190777,2.49751
190778,3.73215
190779,2.1239
190780,3.09961
190781,2.84326
190782,3.2877
190783,3.47002
190784,3.5593
190785,2.99626
190786,3.23673
190787,3.3495
190788,2.95512
190789,2.74706
190790,2.87683
190791,3.73858
190792,2.67256
190793,4.49017
190794,1.80964
190795,2.37937
190796,2.48337
190797,2.7808
190798,3.17419
190799,3.03416
190800,2.26978
190801,2.3951
190802,4.28983
190803,3.06272
190804,2.20484
190805,3.81154
190806,2.10052
190807,3.3683
190808,2.87919
190809,4.54134
190810,2.45691
190811,2.54911
190812,2.3687
190813,2.48784
190814,3.83806
190815,2.4356
190816,2.00096
190817,3.26412
190818,4.35946
190819,3.97329
190820,2.5772
190821,4.35962
190822,3.46267
190823,3.06074
190824,3.49501
190825,2.99013
190826,2.68705
190827,3.89453
190828,3.72882
190829,1.95382
190830,2.52517
190831,3.13501
190832,3.71284
190833,3.60376
190834,2.17348
190835,2.54267
190836,4.24669
190837,3.66802
190838,3.9756
190839,4.48992
190840,3.63331
190841,4.56814
190842,3.22731
190843,4.39764
190844,2.69011
190845,4.42413
190846,2.31046
190847,3.14731
190848,3.79912
190849,3.59218
190850,3.3901
190851,2.54287
190852,3.72823
190853,2.90958
190854,3.9718
190855,1.0
190856,4.91048
190857,2.31244
190858,3.8854
190859,2.82797
190860,3.65593
190861,3.40659
190862,1.52199
190863,2.19849
190864,3.82515
190865,3.57156
190866,3.97018
190867,2.63295
190868,3.68757
190869,4.08625
190870,3.67113
190871,4.525
190872,4.01682
190873,4.52915
190874,4.02314
190875,3.18924
190876,3.63621
190877,4.97936
190878,2.31953
190879,2.7873
190880,4.59235
190881,3.71705
190882,3.68558
190883,3.69992
190884,4.26068
190885,3.73025
190886,4.26767
190887,2.64136
190888,4.61391
190889,3.55636
190890,3.57928
190891,4.14947
190892,4.57352
190893,4.13901
190894,4.4441
190895,4.13941
190896,4.6515
190897,4.16886
190898,4.10647
190899,2.86384
190900,3.48722
190901,2.25174
190902,4.7296
190903,4.38424
190904,4.30694
190905,4.20276
190906,2.82508
190907,4.07575
190908,4.18885
190909,3.74245
190910,4.99979
190911,3.46424
190912,5.0
190913,4.3229
190914,5.0
190915,5.0
190916,3.25961
190917,3.45781
190918,4.46032
190919,4.75394
190920,4.39558
190921,4.2664
190922,4.2369
190923,3.23945
190924,1.98711
190925,4.71708
190926,4.03736
190927,2.91946
190928,3.81049
190929,3.10085
190930,2.37145
190931,4.07095
190932,4.33725
190933,4.16466
190934,3.01934
190935,2.92553
190936,3.03048
190937,1.6786
190938,2.90219
190939,2.44377
190940,3.43885
190941,4.35449
190942,2.08836
190943,4.52137
190944,3.6215
190945,4.47507
190946,4.0029
190947,4.34221
190948,3.45298
190949,3.7632
190950,3.57233
190951,3.34905
190952,3.58558
190953,1.46581
190954,2.61349
190955,4.37269
190956,3.50431
190957,2.53958
190958,1.42567
190959,3.84039
190960,2.27794
190961,3.72899
190962,4.29485
190963,2.92804
190964,1.32538
190965,2.32657
190966,3.9038
190967,2.18402
190968,4.42026
190969,1.00309
190970,3.47079
190971,1.85553
190972,1.99495
190973,3.12233
190974,2.20841
190975,2.84987
190976,3.92136
190977,4.08946
190978,2.1538
190979,3.29437
190980,4.1715
190981,3.32265
190982,2.89167
190983,3.32017
190984,3.68626
190985,4.23641
190986,3.07787
190987,3.88805
190988,4.42222
190989,3.3728
190990,2.59887
190991,3.94039
190992,3.87762
190993,4.18163
190994,5.0
190995,3.91523
190996,5.0
190997,4.14095
190998,4.44355
190999,5.0
191000,4.53209
191001,2.65471
191002,5.0
191003,3.09649
191004,4.44028
191005,3.68076
191006,4.847
191007,4.03505
191008,3.21656
191009,4.19791
191010,3.97364
191011,3.38471
191012,4.76859
191013,2.76477
191014,3.0161
191015,4.47208
191016,4.75211
191017,4.03909
191018,4.19775
191019,3.90303
191020,4.78639
191021,4.07716
191022,4.1927
191023,4.14395
191024,4.72219
191025,4.85269
191026,4.70285
191027,3.42543
191028,5.0
191029,4.50944
191030,3.47689
191031,4.12205
191032,3.70161
191033,3.95206
191034,4.18862
191035,4.93413
191036,3.66224
191037,2.81421
191038,4.7928
191039,4.14119
191040,4.18627
191041,3.76873
191042,3.82794
191043,3.65015
191044,4.1844
191045,3.2273
191046,3.90333
191047,4.83612
191048,4.84011
191049,4.07567
191050,4.7993
191051,4.7654
191052,3.65472
191053,4.15002
191054,4.48532
191055,4.1471
191056,3.43994
191057,3.72522
191058,4.0205
191059,4.1522
191060,3.53005
191061,4.18963
191062,2.95972
191063,4.29696
191064,4.44441
191065,2.81988
191066,3.87858
191067,3.27712
191068,3.12988
191069,1.80642
191070,3.21383
191071,4.02921
191072,3.05895
191073,3.69094
191074,3.0013
191075,3.31482
191076,3.98809
191077,2.99143
191078,4.40962
191079,2.82752
191080,3.92931
191081,3.81617
191082,4.11658
191083,3.02611
191084,4.0876
191085,1.51324
191086,3.50843
191087,3.53137
191088,3.64476
191089,3.87066
191090,3.6099
191091,4.63862
191092,4.1195
191093,4.17219
191094,4.48545
191095,4.56193
191096,1.0
191097,4.27328
191098,4.34323
191099,3.70762
191100,4.85349
191101,4.12918
191102,4.46091
191103,4.51852
191104,4.46351
191105,3.51989
191106,4.62223
191107,3.68026
191108,3.58176
191109,3.68591
191110,4.94452
191111,4.05114
191112,3.59328
191113,4.22674
191114,4.17594
191115,4.09191
191116,3.97452
191117,4.24015
191118,4.1273
191119,4.2806
191120,4.01866
191121,3.06445
191122,4.65422
191123,3.55405
191124,3.71841
191125,4.08368
191126,4.24901
191127,4.44017
191128,4.31309
191129,4.82521
191130,3.95674
191131,4.81915
191132,4.45598
191133,3.87213
191134,4.31336
191135,4.34682
191136,4.08853
191137,4.70786
191138,4.42877
191139,4.8121
191140,3.96033
191141,3.90471
191142,3.45289
191143,3.09442
191144,4.5587
191145,4.2095
191146,2.41
191147,4.39757
191148,3.93564
191149,3.39387
191150,4.69171
191151,4.21292
191152,4.68636
191153,3.37822
191154,5.0
191155,4.00179
191156,4.82975
191157,4.19036
191158,4.26974
191159,4.58509
191160,3.38176
191161,4.05448
191162,3.22946
191163,3.98221
191164,4.26089
191165,4.65457
191166,3.1753
191167,4.40135
191168,4.3007
191169,3.80777
191170,4.28717
191171,3.88655
191172,4.14219
191173,4.16132
191174,4.22835
191175,4.31261
191176,3.92233
191177,4.08814
191178,3.38365
191179,3.9714
191180,4.55088
191181,3.88816
191182,3.51053
191183,3.8263
191184,3.85403
191185,2.9143
191186,4.31895
191187,2.75912
191188,3.55582
191189,4.0824
191190,4.00741
191191,4.12647
191192,4.3094
191193,4.45805
191194,4.80599
191195,2.47791
191196,4.43901
191197,4.71648
191198,3.12807
191199,3.68894
191200,3.59483
191201,3.27508
191202,3.73408
191203,3.57227
191204,1.71126
191205,4.21681
191206,3.72933
191207,3.1166
191208,4.70533
191209,5.0
191210,4.41071
191211,3.61041
191212,4.76284
191213,4.16825
191214,4.00493
191215,3.8395
191216,4.19953
191217,4.04826
191218,3.48201
191219,4.18438
191220,4.73546
191221,3.3643
191222,4.23696
191223,4.47184
191224,3.98575
191225,4.51587
191226,4.33053
191227,4.46845
191228,3.61183
191229,4.97827
191230,2.81479
191231,4.32237
191232,4.02682
191233,4.89844
191234,3.79542
191235,4.51035
191236,4.25718
191237,4.7455
191238,4.77256
191239,3.74858
191240,3.97141
191241,3.68749
191242,4.07217
191243,3.87187
191244,2.8155
191245,2.43772
191246,3.2618
191247,3.89953
191248,4.69827
191249,4.11117
191250,4.1408
191251,2.47635
191252,4.17072
191253,4.82527
191254,3.48704
191255,3.64009
191256,3.86026
191257,4.31011
191258,3.65
191259,4.48478
191260,3.98886
191261,3.69886
191262,4.31994
191263,3.71732
191264,3.87352
191265,3.80383
191266,2.6745
191267,4.18177
191268,2.38308
191269,1.92915
191270,3.74247
191271,3.91449
191272,3.01804
191273,2.73172
191274,3.69366
191275,3.33567
191276,2.69374
191277,2.82735
191278,3.46102
191279,3.38011
191280,3.63051
191281,2.62871
191282,3.12486
191283,4.09081
191284,3.20748
191285,4.14657
191286,3.49567
191287,3.74212
191288,3.74621
191289,3.54503
191290,3.18832
191291,3.21621
191292,2.71915
191293,4.32397
191294,3.90774
191295,2.73604
191296,2.38218
191297,3.29108
191298,2.19756
191299,4.36555
191300,3.31389
191301,3.07154
191302,4.03
191303,3.80119
191304,3.21174
191305,3.87757
191306,3.67856
191307,4.03677
191308,4.28979
191309,4.135
191310,4.42683
191311,3.30284
191312,3.55389
191313,3.82503
191314,3.51658
191315,4.28347
191316,4.49869
191317,4.86524
191318,4.09169
191319,3.5466
191320,4.05609
191321,3.24185
191322,3.69431
191323,4.0583
191324,2.88285
191325,4.26464
191326,3.46385
191327,3.70286
191328,4.18833
191329,3.47846
191330,4.30717
191331,3.39049
191332,4.37865
191333,4.66485
191334,4.25533
191335,4.13752
191336,4.37565
191337,4.17224
191338,3.22763
191339,4.34825
191340,4.06588
191341,3.86892
191342,4.04313
191343,4.05415
191344,2.08169
191345,2.23145
191346,4.40796
191347,4.42978
191348,3.38997
191349,4.73201
191350,4.0038
191351,4.10279
191352,3.56325
191353,3.27142
191354,3.2311
191355,3.93307
191356,3.3555
191357,3.66131
191358,2.59084
191359,3.66203
191360,3.05582
191361,4.19506
191362,3.50934
191363,4.905
191364,2.46493
191365,3.9147
191366,4.2713
191367,3.79242
191368,4.22991
191369,3.84756
191370,4.55761
191371,4.48982
191372,4.72541
191373,4.41611
191374,4.12305
191375,3.6723
191376,4.16683
191377,3.08759
191378,4.32977
191379,3.19282
191380,3.55055
191381,3.01318
191382,3.88934
191383,3.90259
191384,4.00227
191385,3.12468
191386,3.6601
191387,4.11924
191388,4.0656
191389,3.14344
191390,3.50435
191391,3.99415
191392,4.3904
191393,3.65194
191394,3.0726
191395,4.16835
191396,3.89345
191397,3.46506
191398,3.94652
191399,4.57404
191400,3.31806
191401,4.30509
191402,3.5456
191403,2.58731
191404,3.04561
191405,3.92408
191406,3.98871
191407,5.0
191408,3.57865
191409,3.32742
191410,3.45564
191411,3.73568
191412,3.84846
191413,3.88057
191414,4.66235
191415,3.95875
191416,2.9519
191417,3.74873
191418,4.23037
191419,3.3169
191420,2.04444
191421,2.62276
191422,3.38557
191423,3.65744
191424,3.35578
191425,3.37916
191426,2.82493
191427,3.96632
191428,3.52492
191429,3.9101
191430,4.23222
191431,3.55328
191432,4.51398
191433,3.94286
191434,4.34704
191435,3.77405
191436,3.25663
191437,3.56432
191438,3.6975
191439,2.81829
191440,4.11914
191441,4.1682
191442,3.98795
191443,4.72591
191444,4.12845
191445,3.49133
191446,4.03354
191447,3.21295
191448,2.37337
191449,3.07637
191450,3.12967
191451,3.567
191452,4.07726
191453,1.77553
191454,3.70618
191455,2.9236
191456,4.26118
191457,3.47506
191458,3.69789
191459,4.16498
191460,4.3162
191461,2.65268
191462,3.62198
191463,4.40458
191464,4.63912
191465,4.79283
191466,4.24233
191467,4.51465
191468,4.87306
191469,4.43172
191470,3.60447
191471,3.49832
191472,3.18918
191473,3.70954
191474,4.22857
191475,3.75845
191476,3.06019
191477,2.19635
191478,3.23719
191479,2.96884
191480,2.89948
191481,2.70266
191482,3.09837
191483,2.89787
191484,1.73941
191485,2.24848
191486,2.70601
191487,3.24521
191488,1.46129
191489,2.92258
191490,3.78726
191491,4.08087
191492,3.54145
191493,2.56165
191494,1.38344
191495,3.57711
191496,3.40056
191497,3.57119
191498,3.1504
191499,2.91284
191500,2.89307
191501,3.20349
191502,2.98487
191503,4.22776
191504,2.94038
191505,4.27482
191506,4.01614
191507,1.57765
191508,2.98912
191509,3.48429
191510,3.99573
191511,3.74977
191512,3.81233
191513,3.03546
191514,3.18941
191515,2.52129
191516,1.99308
191517,2.21815
191518,2.39365
191519,3.7135
191520,1.76152
191521,2.36489
191522,2.17527
191523,1.44141
191524,1.43388
191525,1.56585
191526,4.24151
191527,2.37237
191528,3.75078
191529,3.32406
191530,1.82483
191531,3.92555
191532,3.17459
191533,1.36249
191534,2.25119
191535,3.80448
191536,3.01178
191537,3.81506
191538,3.58108
191539,4.02269
191540,4.54162
191541,4.1578
191542,3.45494
191543,4.27831
191544,4.55793
191545,3.62182
191546,4.0771
191547,4.29114
191548,3.35154
191549,3.11558
191550,2.36757
191551,3.0194
191552,2.98723
191553,4.289
191554,3.80508
191555,3.89211
191556,2.54476
191557,4.33917
191558,3.8255
191559,1.90647
191560,3.32335
191561,4.4891
191562,4.00994
191563,4.54221
191564,3.35675
191565,4.85117
191566,5.0
191567,4.25996
191568,3.37349
191569,3.77679
191570,3.4695
191571,2.79971
191572,4.02569
191573,3.9262
191574,4.09295
191575,3.84648
191576,4.17072
191577,3.58763
191578,3.96468
191579,3.98688
191580,4.09428
191581,4.29749
191582,3.87357
191583,2.6954
191584,3.82523
191585,3.55418
191586,4.36127
191587,1.90172
191588,2.92275
191589,2.56755
191590,2.7372
191591,3.44339
191592,3.06175
191593,2.80056
191594,2.44831
191595,3.09714
191596,3.55851
191597,2.3157
191598,2.94253
191599,3.29366
191600,2.78769
191601,2.75396
191602,2.86219
191603,3.31615
191604,2.01389
191605,2.79542
191606,1.29025
191607,3.5414
191608,2.78411
191609,3.46539
191610,2.8651
191611,3.66606
191612,3.3849
191613,3.53749
191614,3.09679
191615,1.56399
191616,2.71248
191617,2.44021
191618,1.46089
191619,2.66024
191620,3.58095
191621,2.76128
191622,3.52336
191623,2.70668
191624,2.39948
191625,3.00731
191626,3.5941
191627,2.48947
191628,2.39764
191629,3.11913
191630,2.76228
191631,3.43149
191632,3.02424
191633,3.36884
191634,2.85202
191635,2.68211
191636,3.29459
191637,1.66805
191638,2.83648
191639,2.82978
191640,3.09568
191641,3.09607
191642,2.28927
191643,2.72701
191644,3.15915
191645,1.673
191646,2.44677
191647,1.58416
191648,3.49887
191649,3.36774
191650,2.68079
191651,3.67374
191652,4.74133
191653,4.87142
191654,4.77413
191655,4.77119
191656,4.08186
191657,3.87544
191658,3.95541
191659,3.99906
191660,4.1315
191661,3.7007
191662,3.64732
191663,3.91315
191664,3.79251
191665,3.69569
191666,3.34222
191667,3.99075
191668,4.1254
191669,3.75634
191670,4.20383
191671,3.80723
191672,3.89817
191673,3.8297
191674,3.53188
191675,3.52656
191676,3.58812
191677,4.29329
191678,4.13757
191679,3.81356
191680,3.56356
191681,4.05939
191682,3.94177
191683,3.76748
191684,4.36864
191685,3.96642
191686,3.48021
191687,3.86551
191688,3.25561
191689,4.36063
191690,3.42103
191691,3.54731
191692,3.08426
191693,2.92325
191694,3.997
191695,2.69004
191696,3.93857
191697,3.79323
191698,4.6738
191699,3.74321
191700,4.06947
191701,2.73746
191702,2.8472
191703,2.15776
191704,4.26767
191705,3.70721
191706,3.8249
191707,3.85968
191708,3.75226
191709,2.71456
191710,3.52356
191711,3.30102
191712,4.17963
191713,3.82773
191714,3.78231
191715,3.94883
191716,3.94979
191717,3.54496
191718,3.45914
191719,3.89119
191720,3.82343
191721,2.50196
191722,3.48995
191723,3.5147
191724,3.81204
191725,3.67762
191726,4.43948
191727,4.03139
191728,3.27658
191729,4.04796
191730,3.35697
191731,4.30256
191732,3.34558
191733,4.49358
191734,4.85536
191735,4.4008
191736,3.91747
191737,4.80136
191738,4.58532
191739,4.75346
191740,4.16924
191741,3.28164
191742,3.08929
191743,2.11922
191744,2.27677
191745,3.71933
191746,3.31561
191747,4.98592
191748,3.59432
191749,2.02088
191750,3.84562
191751,4.01104
191752,2.8677
191753,3.57904
191754,3.12553
191755,3.2382
191756,2.98533
191757,3.90851
191758,3.00557
191759,4.71215
191760,3.81895
191761,3.69295
191762,2.99066
191763,2.09699
191764,3.49445
191765,3.3989
191766,3.25029
191767,4.6471
191768,3.1238
191769,3.0227
191770,3.53636
191771,4.20981
191772,4.33033
191773,2.64617
191774,3.10229
191775,3.20211
191776,1.40149
191777,4.25389
191778,2.01421
191779,4.68972
191780,4.55681
191781,4.46638
191782,4.67218
191783,4.23846
191784,4.15418
191785,4.26971
191786,4.1322
191787,5.0
191788,3.90246
191789,4.74331
191790,4.11936
191791,4.53197
191792,4.39904
191793,3.63308
191794,3.07732
191795,3.11569
191796,1.22265
191797,3.04804
191798,3.74849
191799,2.70045
191800,2.9373
191801,3.84361
191802,2.95969
191803,2.64019
191804,4.41203
191805,1.3811
191806,4.17346
191807,2.70935
191808,3.1023
191809,3.38611
191810,3.4214
191811,3.82893
191812,3.0354
191813,3.45137
191814,3.98327
191815,4.12628
191816,3.10469
191817,2.98593
191818,3.89043
191819,2.74145
191820,4.17342
191821,3.83396
191822,3.83619
191823,3.73529
191824,2.34862
191825,4.50184
191826,3.57856
191827,3.52254
191828,2.89189
191829,2.60533
191830,4.21389
191831,3.20656
191832,3.80093
191833,3.23955
191834,4.91162
191835,3.66544
191836,4.31538
191837,4.60617
191838,3.67438
191839,4.04263
191840,3.92369
191841,4.03464
191842,2.40784
191843,3.89583
191844,3.54946
191845,4.42481
191846,3.12207
191847,3.08835
191848,3.3156
191849,3.57162
191850,1.61053
191851,2.32715
191852,2.69488
191853,4.53783
191854,1.82202
191855,4.23816
191856,4.10822
191857,3.17666
191858,4.42064
191859,4.10085
191860,2.69772
191861,4.45217
191862,4.31156
191863,2.79159
191864,4.30078
191865,2.7628
191866,4.29662
191867,4.55388
191868,4.5514
191869,3.71832
191870,3.23912
191871,3.86891
191872,3.21602
191873,3.07861
191874,3.40613
191875,3.29273
191876,2.38758
191877,2.30723
191878,3.82584
191879,4.02316
191880,3.66323
191881,4.13561
191882,4.04405
191883,3.06112
191884,2.2641
191885,5.0
191886,3.23249
191887,3.91944
191888,3.12532
191889,2.76578
191890,2.89401
191891,3.3138
191892,4.01476
191893,3.58018
191894,3.17902
191895,4.39998
191896,3.35088
191897,3.55211
191898,3.37688
191899,2.33911
191900,3.73862
191901,3.59182
191902,2.98459
191903,2.78782
191904,3.31453
191905,4.00616
191906,3.18389
191907,2.85851
191908,3.369
191909,4.34259
191910,3.5571
191911,3.50926
191912,3.02808
191913,3.83251
191914,4.06229
191915,3.29902
191916,2.83745
191917,3.25412
191918,2.57356
191919,4.01762
191920,3.00732
191921,3.39991
191922,3.85538
191923,3.54362
191924,4.31822
191925,4.38099
191926,3.85391
191927,3.21528
191928,3.21902
191929,3.25274
191930,3.24837
191931,3.952
191932,3.23518
191933,4.04466
191934,2.87343
191935,3.43107
191936,3.90907
191937,4.07268
191938,4.35256
191939,4.86072
191940,3.7515
191941,4.05225
191942,4.02699
191943,4.15606
191944,3.37798
191945,3.5357
191946,3.67483
191947,3.67694
191948,3.45904
191949,2.86113
191950,2.74775
191951,3.64425
191952,2.84841
191953,2.45756
191954,3.35245
191955,4.76134
191956,3.60674
191957,3.21976
191958,4.48268
191959,3.49496
191960,3.45284
191961,3.96555
191962,3.43506
191963,3.40417
191964,3.81385
191965,3.54778
191966,3.47659
191967,2.44554
191968,2.6427
191969,2.9283
191970,3.76826
191971,3.7888
191972,3.12528
191973,4.06787
191974,4.05613
191975,3.65097
191976,2.424
191977,4.24308
191978,3.41528
191979,3.36043
191980,3.83235
191981,3.4731
191982,3.20631
191983,1.82327
191984,2.79227
191985,2.55311
191986,1.72347
191987,2.6281
191988,2.83192
191989,3.55413
191990,4.01811
191991,2.22662
191992,4.30876
191993,1.0
191994,3.68874
191995,4.11969
191996,4.50359
191997,3.87152
191998,3.4785
191999,2.76106
192000,3.46843
192001,3.1201
192002,3.62028
192003,3.86938
192004,2.59857
192005,3.59988
192006,3.18397
192007,3.55821
192008,3.16046
192009,2.96718
192010,3.22677
192011,2.5042
192012,3.64272
192013,3.15301
192014,2.88629
192015,3.98194
192016,3.23315
192017,2.88245
192018,2.46778
192019,3.4093
192020,2.52688
192021,3.03551
192022,2.89922
192023,3.29806
192024,3.36168
192025,2.8438
192026,3.59884
192027,3.97611
192028,4.88166
192029,4.50293
192030,5.0
192031,5.0
192032,4.17005
192033,4.28768
192034,4.18638
192035,3.68818
192036,4.10192
192037,4.5617
192038,4.99467
192039,5.0
192040,4.02142
192041,4.15261
192042,4.17613
192043,4.51782
192044,4.58995
192045,5.0
192046,2.32445
192047,1.49784
192048,2.08692
192049,1.13406
192050,2.28193
192051,2.95495
192052,1.86269
192053,3.03691
192054,2.62269
192055,2.10911
192056,3.75386
192057,1.47821
192058,1.12296
192059,3.11876
192060,1.99755
192061,1.80148
192062,1.96991
192063,3.92875
192064,3.55968
192065,1.0
192066,1.58398
192067,1.54099
192068,1.47969
192069,1.46929
192070,2.03701
192071,3.99482
192072,4.20649
192073,4.17067
192074,4.64174
192075,4.41047
192076,3.49123
192077,4.6712
192078,3.89312
192079,5.0
192080,4.63591
192081,4.24269
192082,4.15036
192083,3.13411
192084,2.97654
192085,2.55988
192086,2.94617
192087,3.3113
192088,2.0428
192089,2.85033
192090,2.20063
192091,2.20086
192092,2.02907
192093,4.15379
192094,3.53038
192095,3.34273
192096,2.14587
192097,2.30176
192098,3.48474
192099,3.11254
192100,3.7079
192101,2.66317
192102,3.80385
192103,2.41211
192104,3.57334
192105,3.28393
192106,3.01866
192107,3.37723
192108,3.92276
192109,2.41188
192110,2.69347
192111,3.70198
192112,4.14978
192113,4.45652
192114,4.25813
192115,2.43896
192116,2.13523
192117,2.99258
192118,2.73924
192119,2.78592
192120,2.68457
192121,2.75267
192122,3.1732
192123,3.31785
192124,4.79476
192125,3.9136
192126,3.19849
192127,3.73342
192128,4.17084
192129,3.92244
192130,4.78985
192131,4.42303
192132,4.17669
192133,3.7704
192134,3.6003
192135,4.41986
192136,3.94367
192137,3.78027
192138,3.87791
192139,3.82766
192140,3.33405
192141,3.34045
192142,4.12092
192143,3.86833
192144,3.94112
192145,4.25063
192146,3.93984
192147,3.70345
192148,4.5602
192149,3.19019
192150,3.41659
192151,5.0
192152,3.43506
192153,3.4318
192154,4.19579
192155,3.70034
192156,4.04427
192157,2.6554
192158,4.17727
192159,3.45697
192160,3.5581
192161,3.51627
192162,4.10682
192163,2.94575
192164,3.0156
192165,3.22193
192166,3.7164
192167,3.15803
192168,3.38145
192169,3.40868
192170,2.38375
192171,3.14849
192172,3.35026
192173,3.46273
192174,3.85941
192175,3.4307
192176,3.66617
192177,4.22422
192178,3.32191
192179,3.1152
192180,3.37608
192181,3.46743
192182,3.5693
192183,4.05839
192184,2.7922
192185,3.95741
192186,3.33754
192187,3.91519
192188,3.72641
192189,2.59596
192190,2.97997
192191,3.96835
192192,3.99435
192193,3.81997
192194,3.56337
192195,4.19488
192196,3.35959
192197,2.67884
192198,3.75842
192199,4.24213
192200,3.9281
192201,4.58203
192202,3.73007
192203,4.81709
192204,3.61902
192205,2.34437
192206,3.80001
192207,4.33559
192208,4.56457
192209,4.56525
192210,4.06485
192211,4.12437
192212,3.93463
192213,3.99495
192214,3.59082
192215,4.09848
192216,3.7011
192217,4.2192
192218,3.59426
192219,4.43616
192220,3.66166
192221,4.07697
192222,4.02935
192223,4.28986
192224,4.23091
192225,3.58519
192226,2.4855
192227,4.38698
192228,3.85131
192229,2.636
192230,3.91471
192231,2.13758
192232,5.0
192233,3.52071
192234,3.13028
192235,2.87775
192236,3.73315
192237,3.77281
192238,2.58717
192239,3.77284
192240,4.77565
192241,2.36413
192242,2.57695
192243,2.63639
192244,2.87098
192245,1.0
192246,3.24702
192247,3.54546
192248,3.82994
192249,3.17454
192250,3.60561
192251,3.03188
192252,4.25108
192253,3.55681
192254,4.72934
192255,3.29431
192256,4.94835
192257,3.21034
192258,3.77327
192259,3.08269
192260,3.7711
192261,3.21012
192262,3.68315
192263,3.83266
192264,1.866
192265,3.22275
192266,4.21405
192267,3.73453
192268,3.30616
192269,3.9647
192270,3.31057
192271,3.29453
192272,3.27116
192273,4.23687
192274,3.96306
192275,3.59323
192276,4.38309
192277,4.07234
192278,4.07183
192279,4.23886
192280,4.19683
192281,3.67148
192282,3.5615
192283,3.72623
192284,3.53516
192285,2.37976
192286,3.57053
192287,3.74252
192288,3.27796
192289,3.74159
192290,3.55398
192291,3.71041
192292,3.86713
192293,4.79552
192294,3.41801
192295,4.14082
192296,2.81939
192297,2.24803
192298,3.23158
192299,4.06418
192300,4.43004
192301,4.53824
192302,3.52268
192303,4.57484
192304,4.41399
192305,4.51651
192306,4.57616
192307,3.73041
192308,3.36781
192309,3.60372
192310,4.29393
192311,3.96493
192312,3.85227
192313,3.6089
192314,3.22723
192315,4.21664
192316,3.58205
192317,3.99834
192318,4.89658
192319,4.54871
192320,3.73964
192321,4.32098
192322,3.28146
192323,2.92131
192324,2.40455
192325,2.39526
192326,3.93264
192327,4.4868
192328,3.15082
192329,4.00433
192330,2.64908
192331,4.31126
192332,4.53433
192333,3.43023
192334,4.6095
192335,2.32231
192336,3.05681
192337,2.67001
192338,2.98493
192339,2.83702
192340,5.0
192341,3.08386
192342,3.25452
192343,3.78846
192344,3.56707
192345,4.03844
192346,2.87915
192347,1.7359
192348,3.88537
192349,3.31167
192350,3.00103
192351,4.12348
192352,3.22021
192353,2.3601
192354,1.51072
192355,1.32555
192356,2.37731
192357,1.30817
192358,3.85653
192359,3.06754
192360,3.2963
192361,4.69921
192362,4.56083
192363,3.22525
192364,2.68352
192365,3.57555
192366,4.48906
192367,2.12848
192368,3.47553
192369,4.70746
192370,5.0
192371,2.01473
192372,3.63808
192373,4.96868
192374,2.49716
192375,3.50337
192376,4.88211
192377,4.69263
192378,4.37484
192379,3.94821
192380,3.2688
192381,4.85966
192382,5.0
192383,4.92596
192384,3.43634
192385,4.05757
192386,4.83353
192387,4.14457
192388,4.46688
192389,3.17701
192390,4.11225
192391,3.67145
192392,3.25682
192393,3.58137
192394,3.60596
192395,4.04501
192396,3.97957
192397,4.52208
192398,3.86645
192399,4.01541
192400,4.20537
192401,4.44812
192402,4.75763
192403,5.0
192404,3.55218
192405,4.89724
192406,3.92628
192407,3.98689
192408,4.63686
192409,3.11744
192410,3.67948
192411,5.0
192412,4.26169
192413,4.39458
192414,4.11473
192415,3.85447
192416,3.81708
192417,3.20365
192418,3.17256
192419,4.05941
192420,5.0
192421,4.00342
192422,3.56859
192423,2.52164
192424,4.59982
192425,4.53927
192426,3.50914
192427,3.75768
192428,3.37692
192429,3.15311
192430,3.84332
192431,4.03615
192432,3.48173
192433,3.74579
192434,2.9464
192435,3.33675
192436,5.0
192437,3.52895
192438,2.56283
192439,4.09893
192440,4.83073
192441,3.35264
192442,3.48676
192443,3.2676
192444,3.03442
192445,5.0
192446,5.0
192447,4.8298
192448,5.0
192449,4.98001
192450,5.0
192451,4.49874
192452,4.67435
192453,4.78802
192454,5.0
192455,3.98032
192456,5.0
192457,4.52833
192458,3.43412
192459,3.49639
192460,3.0837
192461,5.0
192462,4.67873
192463,3.74193
192464,3.34733
192465,3.06726
192466,4.05912
192467,4.38826
192468,4.00959
192469,3.84499
192470,4.16784
192471,3.75423
192472,2.02024
192473,5.0
192474,3.30209
192475,2.61153
192476,3.38805
192477,3.9897
192478,3.03526
192479,4.13274
192480,4.2882
192481,3.72808
192482,1.71451
192483,3.28813
192484,2.24717
192485,3.95758
192486,3.0423
192487,2.70529
192488,3.94306
192489,1.96042
192490,2.96375
192491,2.03035
192492,4.63254
192493,5.0
192494,4.60466
192495,3.07232
192496,4.38865
192497,2.92968
192498,3.48606
192499,3.7078
192500,2.57744
192501,4.07614
192502,4.09189
192503,3.29119
192504,3.69552
192505,3.2749
192506,4.58279
192507,3.41519
192508,3.91948
192509,3.99003
192510,2.73353
192511,3.99023
192512,4.05663
192513,3.94211
192514,4.11014
192515,3.58822
192516,3.34767
192517,1.0
192518,4.20612
192519,5.0
192520,4.43118
192521,4.58016
192522,3.29924
192523,3.11397
192524,4.5862
192525,4.57037
192526,5.0
192527,4.7051
192528,3.26064
192529,4.50311
192530,3.88338
192531,4.38293
192532,4.39997
192533,5.0
192534,2.97096
192535,4.09279
192536,4.40714
192537,4.79463
192538,3.24878
192539,3.74304
192540,4.83776
192541,3.49676
192542,4.191
192543,4.55179
192544,3.20056
192545,5.0
192546,5.0
192547,4.90318
192548,4.90856
192549,3.47685
192550,4.7885
192551,4.99493
192552,4.03903
192553,4.82651
192554,4.35594
192555,4.14614
192556,3.0352
192557,4.5475
192558,4.22714
192559,4.13197
192560,3.79012
192561,4.32279
192562,4.03894
192563,3.8272
192564,3.44409
192565,4.42839
192566,4.20569
192567,3.91895
192568,4.64657
192569,1.73428
192570,3.97032
192571,3.86388
192572,3.23667
192573,2.24415
192574,4.42443
192575,3.24077
192576,1.56356
192577,2.43305
192578,2.78839
192579,4.13781
192580,4.64925
192581,3.7286
192582,4.2007
192583,3.71461
192584,2.19733
192585,2.90209
192586,3.30412
192587,2.18168
192588,2.16628
192589,2.64009
192590,2.78823
192591,2.67323
192592,2.85409
192593,4.53914
192594,4.28633
192595,3.88663
192596,4.1683
192597,4.57467
192598,3.9407
192599,4.16179
192600,4.98367
192601,5.0
192602,3.72127
192603,3.92825
192604,4.53111
192605,3.60587
192606,3.48268
192607,4.10605
192608,4.01166
192609,4.13437
192610,3.62933
192611,3.65832
192612,2.32086
192613,4.79918
192614,5.0
192615,3.66363
192616,3.64884
192617,2.65772
192618,3.15449
192619,4.03198
192620,2.71159
192621,1.20782
192622,2.7591
192623,3.94264
192624,1.99278
192625,2.23206
192626,2.75332
192627,2.05075
192628,3.57209
192629,1.86065
192630,3.50616
192631,3.73515
192632,3.96066
192633,3.37294
192634,3.68805
192635,3.50987
192636,4.19428
192637,3.47827
192638,4.31085
192639,4.48235
192640,3.69597
192641,3.09283
192642,3.27976
192643,4.25686
192644,3.44315
192645,4.88117
192646,3.72486
192647,2.81152
192648,2.36845
192649,3.58863
192650,1.56204
192651,3.58659
192652,4.24485
192653,2.72112
192654,3.53698
192655,3.91983
192656,3.427
192657,3.08284
192658,2.70626
192659,2.43284
192660,3.92165
192661,3.25848
192662,4.37275
192663,1.86857
192664,3.50385
192665,3.84552
192666,2.95237
192667,3.08594
192668,4.09144
192669,3.08873
192670,4.29956
192671,4.25868
192672,4.25388
192673,3.01615
192674,4.80742
192675,3.08217
192676,3.11712
192677,3.4693
192678,4.50171
192679,4.20994
192680,3.70299
192681,3.72465
192682,4.44581
192683,4.12625
192684,4.15128
192685,3.78185
192686,4.4846
192687,2.89263
192688,4.67321
192689,3.89101
192690,3.19687
192691,4.50376
192692,4.4073
192693,4.10104
192694,4.24494
192695,4.19537
192696,3.62455
192697,2.89167
192698,3.78743
192699,3.17125
192700,3.09955
192701,3.56253
192702,2.20955
192703,3.47176
192704,3.83975
192705,4.06814
192706,3.0839
192707,3.10378
192708,4.18744
192709,4.07438
192710,3.20231
192711,4.41317
192712,3.24287
192713,1.6698
192714,3.68572
192715,2.29241
192716,1.44749
192717,2.30146
192718,1.64397
192719,1.02877
192720,1.49009
192721,1.0
192722,3.43085
192723,1.0
192724,4.40935
192725,2.31357
192726,1.12251
192727,3.25195
192728,2.30514
192729,3.18642
192730,3.87251
192731,2.82474
192732,4.23677
192733,4.1322
192734,3.56278
192735,2.94405
192736,3.43363
192737,2.97635
192738,3.33171
192739,4.30531
192740,3.21613
192741,3.44202
192742,3.73488
192743,4.54388
192744,4.121
192745,4.09801
192746,3.4103
192747,3.23463
192748,4.05621
192749,2.69579
192750,4.20446
192751,3.66058
192752,2.78027
192753,3.22187
192754,3.33473
192755,4.31585
192756,4.14097
192757,1.90497
192758,2.57646
192759,3.18397
192760,4.19223
192761,2.7189
192762,3.10102
192763,3.23644
192764,2.75838
192765,3.42169
192766,2.16598
192767,3.21851
192768,2.33884
192769,2.6539
192770,3.32566
192771,3.00497
192772,2.19748
192773,4.08684
192774,3.07002
192775,2.16807
192776,2.56613
192777,3.85935
192778,2.96861
192779,3.55439
192780,2.90661
192781,2.29244
192782,2.50457
192783,2.61247
192784,2.26631
192785,3.21799
192786,3.5362
192787,3.05694
192788,2.38841
192789,4.25971
192790,2.57409
192791,2.88291
192792,2.90638
192793,3.02357
192794,3.0626
192795,4.64712
192796,3.49577
192797,3.40985
192798,4.05855
192799,2.39356
192800,3.75109
192801,2.57788
192802,3.42133
192803,3.08132
192804,3.34759
192805,3.47961
192806,2.47138
192807,2.65142
192808,2.54564
192809,3.10605
192810,2.73407
192811,3.40342
192812,3.88241
192813,2.43246
192814,2.97428
192815,2.54052
192816,2.37915
192817,2.05967
192818,3.24659
192819,2.7603
192820,2.647
192821,3.69576
192822,2.28921
192823,2.82643
192824,3.25058
192825,2.44124
192826,2.73058
192827,2.88927
192828,3.76313
192829,4.19079
192830,2.92327
192831,3.31977
192832,4.73543
192833,2.94399
192834,2.72038
192835,3.50361
192836,3.28175
192837,3.74457
192838,2.75587
192839,3.37561
192840,3.80713
192841,2.67624
192842,3.78927
192843,3.10726
192844,3.57778
192845,3.79458
192846,3.91679
192847,4.00044
192848,4.16258
192849,4.1294
192850,5.0
192851,4.63007
192852,4.81897
192853,4.74994
192854,3.7222
192855,3.9414
192856,4.21118
192857,3.63364
192858,3.08054
192859,4.69931
192860,3.85061
192861,4.16509
192862,2.92009
192863,3.05393
192864,1.47439
192865,3.32797
192866,4.40067
192867,4.0174
192868,4.14303
192869,4.361
192870,4.0522
192871,3.81887
192872,3.60347
192873,3.80799
192874,3.78922
192875,4.44465
192876,3.77298
192877,3.75941
192878,3.29619
192879,3.98933
192880,3.70094
192881,3.72487
192882,2.86599
192883,4.13151
192884,3.65986
192885,3.43399
192886,4.05786
192887,3.98327
192888,3.76955
192889,4.50422
192890,3.95202
192891,4.52415
192892,3.67665
192893,3.419
192894,3.80409
192895,4.02061
192896,3.64554
192897,4.53225
192898,3.50492
192899,4.24013
192900,4.13415
192901,3.06396
192902,3.84919
192903,3.9652
192904,3.4325
192905,3.78901
192906,3.94663
192907,4.10975
192908,4.10664
192909,3.97851
192910,3.16473
192911,3.67129
192912,3.78728
192913,3.74134
192914,3.74298
192915,4.39607
192916,3.73497
192917,2.43704
192918,3.9427
192919,4.00978
192920,3.61109
192921,3.56456
192922,3.88451
192923,3.77811
192924,4.503
192925,3.78596
192926,3.54955
192927,4.11691
192928,3.81289
192929,3.57133
192930,3.98354
192931,3.48554
192932,3.71147
192933,4.01446
192934,3.94451
192935,2.95538
192936,3.88128
192937,4.3022
192938,4.06198
192939,3.91934
192940,2.80903
192941,3.46136
192942,4.00068
192943,3.37534
192944,3.1558
192945,3.22865
192946,3.8736
192947,4.27305
192948,3.434
192949,3.1513
192950,3.25292
192951,4.13561
192952,3.73522
192953,3.49925
192954,4.56534
192955,3.7279
192956,3.90046
192957,4.05312
192958,3.66105
192959,3.79992
192960,3.81083
192961,2.87254
192962,3.20998
192963,3.56535
192964,3.28629
192965,3.16726
192966,1.81776
192967,2.72242
192968,3.5884
192969,4.01909
192970,3.03837
192971,4.00532
192972,3.9836
192973,4.5832
192974,3.85706
192975,3.87369
192976,2.6357
192977,3.4296
192978,3.05777
192979,4.29922
192980,3.11019
192981,3.91835
192982,4.17462
192983,2.74936
192984,4.29863
192985,3.36156
192986,2.73504
192987,4.09512
192988,3.50938
192989,4.7588
192990,2.72955
192991,1.59965
192992,5.0
192993,4.84222
192994,4.10547
192995,4.75923
192996,4.05095
192997,4.63085
192998,4.49179
192999,3.86714
193000,4.54035
193001,4.09067
193002,4.10883
193003,3.63505
193004,3.68111
193005,4.2842
193006,4.59916
193007,3.19049
193008,4.51914
193009,3.04956
193010,4.9867
193011,4.14836
193012,4.31245
193013,4.22977
193014,3.72774
193015,3.79051
193016,4.0559
193017,3.94317
193018,3.6729
193019,3.55391
193020,2.83484
193021,3.31369
193022,3.98748
193023,4.93894
193024,3.65183
193025,3.71255
193026,3.51169
193027,3.42156
193028,2.79444
193029,3.7304
193030,5.0
193031,2.78172
193032,4.20832
193033,2.87417
193034,4.05753
193035,3.25758
193036,2.62287
193037,5.0
193038,3.58638
193039,4.20962
193040,4.67499
193041,4.87386
193042,3.60466
193043,4.12448
193044,3.4474
193045,1.70841
193046,2.61158
193047,2.37501
193048,3.04128
193049,2.84465
193050,5.0
193051,3.59314
193052,2.42469
193053,3.26092
193054,3.4931
193055,3.05486
193056,2.71112
193057,3.98385
193058,4.25976
193059,4.38426
193060,4.0668
193061,2.76072
193062,2.92068
193063,3.56909
193064,2.86353
193065,2.25869
193066,2.29514
193067,3.02439
193068,2.94683
193069,3.50657
193070,2.66383
193071,3.59002
193072,4.75632
193073,4.16503
193074,4.63498
193075,1.40091
193076,4.10845
193077,2.96112
193078,2.78642
193079,1.59888
193080,2.59092
193081,1.71271
193082,3.68201
193083,3.66636
193084,3.63563
193085,1.93485
193086,2.50633
193087,3.63071
193088,2.30934
193089,1.10036
193090,1.9154
193091,1.68484
193092,1.91373
193093,3.60407
193094,2.69961
193095,4.16613
193096,4.29797
193097,2.00577
193098,4.53488
193099,4.28397
193100,4.2988
193101,3.54837
193102,3.53945
193103,2.78305
193104,3.92368
193105,4.3175
193106,3.7061
193107,2.6624
193108,3.88065
193109,2.31068
193110,3.98673
193111,3.41233
193112,4.69368
193113,3.86267
193114,4.46555
193115,3.64909
193116,4.31488
193117,4.50308
193118,3.30547
193119,4.27744
193120,3.94026
193121,3.55503
193122,4.35044
193123,3.60273
193124,3.03012
193125,4.30158
193126,4.98707
193127,3.06927
193128,5.0
193129,4.13395
193130,4.91953
193131,3.23027
193132,2.63127
193133,4.58775
193134,2.29931
193135,4.67609
193136,4.99422
193137,1.87315
193138,2.23646
193139,4.37771
193140,2.88433
193141,1.90317
193142,2.80824
193143,3.75135
193144,3.61493
193145,4.74712
193146,4.54703
193147,3.33984
193148,3.67339
193149,3.64356
193150,2.88952
193151,3.75559
193152,4.06206
193153,3.5727
193154,3.09221
193155,3.86426
193156,3.8208
193157,3.87808
193158,4.6037
193159,4.67587
193160,4.87199
193161,4.12546
193162,4.22645
193163,3.0118
193164,5.0
193165,4.17125
193166,5.0
193167,4.2565
193168,4.9002
193169,4.78123
193170,2.68621
193171,4.25754
193172,4.45099
193173,4.22611
193174,4.01138
193175,4.55422
193176,4.11612
193177,3.18559
193178,3.04193
193179,2.85324
193180,3.71683
193181,2.44741
193182,3.73771
193183,2.36549
193184,2.42237
193185,3.314
193186,2.89825
193187,2.98798
193188,2.65326
193189,2.92021
193190,3.28435
193191,2.74767
193192,3.52674
193193,3.48495
193194,3.28041
193195,3.20891
193196,2.5425
193197,2.31608
193198,2.93269
193199,2.43282
193200,4.12406
193201,2.40796
193202,2.92975
193203,2.39961
193204,2.45303
193205,2.98001
193206,3.16475
193207,3.07944
193208,2.84396
193209,1.95998
193210,3.16673
193211,4.1362
193212,3.58156
193213,3.5349
193214,3.23886
193215,2.33809
193216,3.64172
193217,3.474
193218,4.27624
193219,3.43082
193220,3.29826
193221,3.66202
193222,3.35619
193223,2.60834
193224,2.47217
193225,3.54043
193226,3.20866
193227,2.29217
193228,2.07781
193229,2.89863
193230,2.66063
193231,3.35954
193232,2.13017
193233,2.37837
193234,3.62596
193235,2.78555
193236,2.44574
193237,3.1986
193238,3.07884
193239,1.74259
193240,3.67345
193241,2.20115
193242,3.3224
193243,3.69149
193244,3.34353
193245,3.34138
193246,3.42716
193247,2.2079
193248,2.05666
193249,2.82982
193250,3.5806
193251,3.74472
193252,2.48982
193253,4.10413
193254,2.81946
193255,3.47677
193256,3.48869
193257,3.80452
193258,3.99788
193259,2.81598
193260,5.0
193261,1.13161
193262,4.90984
193263,3.97198
193264,3.42246
193265,4.86398
193266,4.98974
193267,4.26369
193268,4.32854
193269,4.30927
193270,4.59362
193271,5.0
193272,3.61964
193273,4.47113
193274,3.66088
193275,3.10393
193276,4.29141
193277,4.9114
193278,4.47049
193279,3.03093
193280,4.26134
193281,3.87516
193282,5.0
193283,4.61538
193284,3.94256
193285,3.83654
193286,3.91717
193287,4.61134
193288,4.00787
193289,4.51977
193290,4.75668
193291,3.9417
193292,4.11434
193293,4.59955
193294,4.29891
193295,4.22129
193296,4.71135
193297,4.25611
193298,3.44489
193299,3.12781
193300,3.64515
193301,4.35064
193302,4.62348
193303,4.52263
193304,3.95366
193305,3.62578
193306,3.9434
193307,3.17153
193308,4.11843
193309,4.84419
193310,3.13295
193311,2.52219
193312,3.56558
193313,3.70125
193314,3.73429
193315,4.03795
193316,4.64993
193317,2.89053
193318,1.6989
193319,3.1763
193320,3.90865
193321,3.81248
193322,5.0
193323,2.38187
193324,4.66325
193325,2.16879
193326,4.86201
193327,3.6909
193328,5.0
193329,2.41828
193330,4.56889
193331,2.7912
193332,2.71849
193333,2.90623
193334,3.61089
193335,3.72477
193336,4.65606
193337,4.4006
193338,3.1628
193339,2.61151
193340,2.96962
193341,3.53171
193342,4.61098
193343,3.51764
193344,3.66872
193345,3.02413
193346,3.10836
193347,4.20067
193348,3.29878
193349,3.30456
193350,4.80023
193351,3.79348
193352,3.71018
193353,3.29905
193354,3.96325
193355,2.61104
193356,2.6853
193357,3.10739
193358,3.29663
193359,3.94234
193360,3.81487
193361,4.14848
193362,2.86249
193363,3.8064
193364,3.44591
193365,3.84651
193366,3.07578
193367,1.77145
193368,4.43797
193369,1.398
193370,2.86348
193371,2.57091
193372,3.31172
193373,3.34603
193374,3.05274
193375,3.46343
193376,3.41959
193377,3.28833
193378,4.62693
193379,3.48194
193380,3.36988
193381,3.39557
193382,3.1138
193383,2.46073
193384,3.03842
193385,3.55052
193386,4.32494
193387,3.89615
193388,2.83658
193389,4.20307
193390,4.68518
193391,4.08993
193392,2.86076
193393,2.6539
193394,4.48539
193395,3.31467
193396,3.67807
193397,2.18386
193398,3.75937
193399,3.46082
193400,3.05346
193401,3.85899
193402,3.75647
193403,3.98531
193404,2.10125
193405,3.80011
193406,3.86139
193407,3.10863
193408,2.77575
193409,1.83174
193410,4.24133
193411,2.6085
193412,4.01686
193413,2.05145
193414,4.20469
193415,1.49956
193416,1.0
193417,2.61644
193418,3.93905
193419,1.4294
193420,4.37503
193421,3.27152
193422,2.767
193423,3.9651
193424,3.41504
193425,2.26387
193426,3.09913
193427,3.36639
193428,4.60439
193429,3.82713
193430,3.08939
193431,3.79822
193432,3.83796
193433,3.99546
193434,2.71447
193435,4.47622
193436,3.29651
193437,4.25082
193438,2.74844
193439,2.49987
193440,2.73455
193441,3.70074
193442,3.49448
193443,3.79125
193444,3.27808
193445,3.81286
193446,3.24838
193447,5.0
193448,3.27567
193449,4.35613
193450,2.66494
193451,2.80181
193452,1.6479
193453,2.11692
193454,3.03872
193455,3.27086
193456,3.1139
193457,3.12345
193458,3.4967
193459,4.16119
193460,4.12229
193461,2.63044
193462,2.26587
193463,3.27141
193464,2.30871
193465,3.76381
193466,3.87089
193467,3.35983
193468,2.53716
193469,3.66059
193470,3.72577
193471,2.82192
193472,2.44058
193473,3.16634
193474,4.01463
193475,3.46497
193476,3.85491
193477,3.72158
193478,4.08092
193479,4.06311
193480,3.54012
193481,3.52432
193482,2.73455
193483,3.5125
193484,3.01627
193485,3.93216
193486,2.00407
193487,3.12226
193488,2.83387
193489,3.02911
193490,3.49193
193491,4.39558
193492,3.42216
193493,4.17468
193494,3.63846
193495,3.232
193496,3.45067
193497,2.54257
193498,2.87337
193499,1.89221
193500,1.53497
193501,3.40617
193502,2.91566
193503,2.66001
193504,3.48506
193505,4.61045
193506,3.12229
193507,2.63145
193508,3.71454
193509,4.21702
193510,3.93511
193511,3.51684
193512,3.8023
193513,2.78298
193514,3.92077
193515,3.45723
193516,3.85962
193517,3.35409
193518,3.89113
193519,3.44894
193520,3.78634
193521,4.3183
193522,3.72332
193523,3.2257
193524,3.3445
193525,4.45773
193526,3.33562
193527,2.46237
193528,2.70771
193529,2.48147
193530,3.55712
193531,3.89655
193532,2.34594
193533,3.82865
193534,2.96731
193535,3.41434
193536,4.08384
193537,3.88157
193538,2.16789
193539,3.19989
193540,2.70071
193541,3.91335
193542,3.11123
193543,2.84677
193544,3.36802
193545,2.78844
193546,1.75472
193547,3.16597
193548,1.80033
193549,3.3064
193550,3.97732
193551,4.06655
193552,4.23031
193553,3.83837
193554,3.78166
193555,2.99275
193556,4.38416
193557,3.16231
193558,4.23785
193559,2.39074
193560,2.2828
193561,3.70426
193562,3.75349
193563,2.45043
193564,2.50048
193565,3.103
193566,2.19969
193567,2.50131
193568,3.53854
193569,3.28957
193570,3.60888
193571,2.51153
193572,2.36886
193573,3.50919
193574,4.23043
193575,3.67931
193576,2.7264
193577,4.44807
193578,4.58137
193579,4.62196
193580,2.63346
193581,4.52412
193582,4.45509
193583,3.34357
193584,4.122
193585,3.86591
193586,3.3783
193587,2.99295
193588,4.70523
193589,4.53299
193590,4.62754
193591,3.97306
193592,5.0
193593,5.0
193594,4.3296
193595,5.0
193596,4.05392
193597,4.20077
193598,3.24983
193599,4.96124
193600,3.83123
193601,3.54671
193602,5.0
193603,4.93254
193604,4.33562
193605,3.89364
193606,3.70679
193607,4.27783
193608,3.87305
193609,4.20587
193610,4.16392
193611,1.38381
193612,3.88065
193613,3.96074
193614,3.57939
193615,4.26412
193616,3.9784
193617,3.34
193618,2.92116
193619,4.19777
193620,3.50633
193621,3.57962
193622,2.72402
193623,4.70506
193624,3.55528
193625,3.65399
193626,5.0
193627,2.88126
193628,4.27539
193629,4.20512
193630,4.03428
193631,4.04136
193632,3.77558
193633,4.59579
193634,2.74822
193635,2.82031
193636,4.79433
193637,2.73077
193638,4.64318
193639,4.10433
193640,4.28921
193641,4.02331
193642,4.39431
193643,3.00409
193644,3.59954
193645,3.99524
193646,3.29113
193647,3.52211
193648,4.30805
193649,3.83268
193650,3.26346
193651,4.1652
193652,3.18226
193653,3.98013
193654,3.93116
193655,2.41523
193656,3.34153
193657,3.86129
193658,4.36501
193659,2.97142
193660,3.19045
193661,3.94903
193662,3.33306
193663,2.43656
193664,3.50176
193665,2.36963
193666,3.65401
193667,3.702
193668,3.83867
193669,3.33011
193670,3.78811
193671,3.49341
193672,2.18042
193673,2.22162
193674,2.17441
193675,3.49641
193676,2.69226
193677,3.43623
193678,3.40809
193679,2.21366
193680,2.92412
193681,1.00128
193682,3.35469
193683,1.90301
193684,3.41739
193685,3.46207
193686,1.77958
193687,2.91267
193688,3.19728
193689,2.44504
193690,1.38512
193691,3.10442
193692,2.76107
193693,1.0
193694,1.75629
193695,2.75467
193696,3.20858
193697,2.80625
193698,2.81682
193699,4.20569
193700,2.94039
193701,3.9308
193702,4.52603
193703,5.0
193704,2.84795
193705,3.11571
193706,2.97288
193707,4.88975
193708,3.86432
193709,3.52038
193710,3.36936
193711,2.87399
193712,2.94398
193713,4.79872
193714,3.17348
193715,4.42936
193716,4.56149
193717,4.05963
193718,3.93427
193719,4.32753
193720,4.12156
193721,4.33295
193722,3.84951
193723,3.76038
193724,3.34662
193725,3.06808
193726,4.39094
193727,4.22956
193728,3.78473
193729,2.96968
193730,3.0509
193731,4.00351
193732,3.60653
193733,3.92133
193734,4.63631
193735,4.08445
193736,4.25106
193737,4.54683
193738,3.24281
193739,3.68457
193740,3.96936
193741,4.289
193742,2.94921
193743,3.54692
193744,4.22004
193745,3.93302
193746,3.65953
193747,3.22349
193748,3.89992
193749,4.32002
193750,4.57066
193751,2.91259
193752,3.65607
193753,3.74468
193754,3.86866
193755,4.33459
193756,4.36413
193757,3.4339
193758,3.83183
193759,4.03186
193760,3.78247
193761,4.10606
193762,3.62571
193763,3.87836
193764,4.2921
193765,3.95587
193766,2.93255
193767,4.14261
193768,3.82869
193769,3.55075
193770,3.59169
193771,3.72799
193772,4.12644
193773,3.88688
193774,3.89705
193775,3.90181
193776,3.67737
193777,3.98248
193778,2.19503
193779,2.80842
193780,2.71434
193781,4.63201
193782,3.72532
193783,4.26421
193784,4.57865
193785,3.54677
193786,4.66234
193787,4.00577
193788,4.05512
193789,4.5336
193790,4.22931
193791,3.91792
193792,4.08645
193793,3.56817
193794,4.54283
193795,4.42098
193796,4.19892
193797,4.56688
193798,4.30048
193799,4.2714
193800,4.11976
193801,3.54023
193802,4.57443
193803,4.1679
193804,3.82744
193805,4.52582
193806,4.74002
193807,4.85603
193808,5.0
193809,4.01364
193810,5.0
193811,4.88235
193812,3.21749
193813,3.71511
193814,3.5132
193815,3.5654
193816,2.60581
193817,2.45691
193818,3.91506
193819,3.18138
193820,2.74894
193821,3.25791
193822,3.46027
193823,2.80908
193824,3.48969
193825,4.10424
193826,3.73224
193827,3.3264
193828,2.84844
193829,3.1378
193830,3.99704
193831,3.39159
193832,3.44081
193833,3.08342
193834,3.31639
193835,4.54943
193836,4.03739
193837,4.11023
193838,4.07556
193839,2.39609
193840,3.28924
193841,2.95054
193842,4.32225
193843,4.42979
193844,4.3276
193845,4.13383
193846,4.22375
193847,3.45342
193848,4.15135
193849,3.90834
193850,3.37273
193851,3.85918
193852,3.65397
193853,4.06534
193854,4.32862
193855,3.7657
193856,3.4935
193857,2.56709
193858,3.46149
193859,3.24724
193860,2.9087
193861,3.20625
193862,3.67895
193863,3.72656
193864,3.0798
193865,3.0141
193866,2.83138
193867,3.94604
193868,4.71221
193869,1.89115
193870,3.77119
193871,3.36553
193872,3.49974
193873,3.54338
193874,4.06898
193875,3.12075
193876,3.28097
193877,3.54644
193878,3.21934
193879,2.96446
193880,3.46062
193881,3.46921
193882,3.76496
193883,3.32522
193884,3.96792
193885,2.81077
193886,4.59265
193887,3.52675
193888,1.72532
193889,2.04892
193890,3.9254
193891,4.91284
193892,2.62976
193893,3.59174
193894,4.90723
193895,3.87125
193896,4.36539
193897,4.72432
193898,4.52045
193899,4.6496
193900,2.52853
193901,3.84052
193902,2.47753
193903,3.22341
193904,3.17538
193905,3.82689
193906,3.58891
193907,4.69798
193908,3.69242
193909,4.39877
193910,4.12265
193911,4.67991
193912,4.75877
193913,4.85791
193914,2.61374
193915,4.73694
193916,4.67016
193917,3.8398
193918,3.29899
193919,4.34186
193920,2.54728
193921,3.7098
193922,3.52381
193923,3.80819
193924,4.09655
193925,3.65641
193926,4.18694
193927,3.594
193928,4.10845
193929,3.379
193930,4.15376
193931,4.18971
193932,4.14521
193933,4.02224
193934,3.7926
193935,4.15562
193936,4.25179
193937,4.22689
193938,4.40762
193939,2.13771
193940,4.60235
193941,4.15466
193942,4.14838
193943,4.42889
193944,4.39061
193945,3.72915
193946,2.88202
193947,3.55946
193948,3.41013
193949,3.87684
193950,3.46781
193951,3.61473
193952,3.88351
193953,3.8137
193954,4.54623
193955,4.94353
193956,4.51652
193957,4.29403
193958,4.14116
193959,4.33682
193960,3.72157
193961,4.85184
193962,3.45633
193963,2.32565
193964,3.37396
193965,2.87268
193966,2.79906
193967,4.59714
193968,5.0
193969,5.0
193970,3.85975
193971,2.68208
193972,3.34104
193973,4.77202
193974,2.95443
193975,4.47406
193976,4.95288
193977,4.68052
193978,4.46571
193979,5.0
193980,3.16202
193981,4.78478
193982,3.70594
193983,4.31007
193984,5.0
193985,4.28972
193986,3.16365
193987,4.02643
193988,4.10106
193989,3.87766
193990,3.43335
193991,4.15173
193992,4.44529
193993,3.22995
193994,3.30623
193995,4.36414
193996,4.62763
193997,4.32088
193998,4.3873
193999,3.75235
194000,4.81756
194001,4.16394
194002,4.24195
194003,4.56114
194004,3.63085
194005,3.39232
194006,3.34562
194007,3.46257
194008,2.01645
194009,3.68483
194010,4.42647
194011,4.31464
194012,4.24695
194013,4.283
194014,3.93627
194015,2.81275
194016,3.8401
194017,2.62474
194018,3.69718
194019,3.05812
194020,3.41841
194021,3.52548
194022,3.98221
194023,2.41245
194024,3.68295
194025,2.86314
194026,3.81567
194027,4.9427
194028,4.22919
194029,4.98765
194030,4.38569
194031,4.88648
194032,4.74836
194033,3.11204
194034,4.6586
194035,3.76552
194036,3.66862
194037,3.31342
194038,3.73134
194039,4.18112
194040,4.06206
194041,3.63576
194042,3.88789
194043,2.63517
194044,4.08821
194045,3.16673
194046,4.20811
194047,3.57353
194048,3.0377
194049,3.9688
194050,3.31797
194051,4.22691
194052,4.19026
194053,3.56074
194054,3.99981
194055,3.74922
194056,3.78398
194057,3.9162
194058,2.81001
194059,3.6722
194060,4.39025
194061,3.40367
194062,1.50855
194063,2.77343
194064,4.00446
194065,3.07599
194066,3.53676
194067,1.38996
194068,3.57177
194069,3.46306
194070,1.6682
194071,3.41703
194072,3.60008
194073,4.27361
194074,4.05795
194075,4.51542
194076,3.69105
194077,2.62687
194078,2.91693
194079,3.31747
194080,3.48134
194081,3.06319
194082,4.32248
194083,3.44661
194084,4.31957
194085,4.02479
194086,3.59518
194087,3.97286
194088,3.16033
194089,3.94853
194090,3.41041
194091,3.37629
194092,3.39874
194093,3.61833
194094,2.81484
194095,3.44165
194096,4.11366
194097,3.21079
194098,3.21388
194099,4.27689
194100,3.39629
194101,3.34606
194102,4.59156
194103,4.25708
194104,4.06291
194105,4.06045
194106,3.1581
194107,3.88658
194108,3.4417
194109,3.96648
194110,2.85472
194111,4.24244
194112,4.03214
194113,3.62615
194114,4.74828
194115,4.13013
194116,4.21475
194117,4.23331
194118,4.87937
194119,5.0
194120,4.53413
194121,4.65296
194122,4.70767
194123,4.94347
194124,4.57283
194125,4.15855
194126,4.28551
194127,4.24847
194128,4.98789
194129,4.21485
194130,4.56493
194131,4.25968
194132,3.04612
194133,3.97396
194134,4.61236
194135,4.60559
194136,3.55303
194137,2.50248
194138,4.59905
194139,2.91202
194140,4.64206
194141,4.17641
194142,4.41241
194143,3.34179
194144,3.94873
194145,3.8999
194146,3.73345
194147,3.2215
194148,4.35471
194149,4.3198
194150,4.74278
194151,3.28365
194152,3.22648
194153,3.81717
194154,3.34348
194155,3.80074
194156,4.79544
194157,3.44058
194158,3.01593
194159,4.56986
194160,3.10451
194161,4.53351
194162,3.26385
194163,2.39089
194164,2.75332
194165,2.9036
194166,3.75442
194167,2.80788
194168,2.74973
194169,4.53737
194170,3.27565
194171,3.58405
194172,3.49523
194173,5.0
194174,2.94386
194175,5.0
194176,4.11298
194177,2.74007
194178,3.75366
194179,3.12006
194180,4.64155
194181,3.02348
194182,3.46071
194183,3.41003
194184,4.65901
194185,3.87539
194186,3.99907
194187,3.45106
194188,4.08195
194189,3.60334
194190,4.16823
194191,3.93188
194192,2.54569
194193,3.03775
194194,4.3234
194195,3.8077
194196,2.49961
194197,2.09594
194198,4.15461
194199,4.54643
194200,4.3262
194201,2.89502
194202,3.08407
194203,3.19146
194204,3.52903
194205,4.52709
194206,3.62902
194207,4.21229
194208,4.6041
194209,3.72155
194210,3.65263
194211,3.8777
194212,3.8189
194213,3.21184
194214,4.27399
194215,4.04723
194216,4.72737
194217,3.60441
194218,2.28679
194219,3.51024
194220,3.44335
194221,4.05664
194222,4.52434
194223,3.42182
194224,3.73633
194225,3.50002
194226,2.63213
194227,3.38383
194228,4.22444
194229,3.98614
194230,5.0
194231,3.55807
194232,2.82898
194233,3.7305
194234,2.48648
194235,4.0308
194236,3.87848
194237,4.25494
194238,3.12732
194239,4.64567
194240,3.13554
194241,4.31099
194242,3.76486
194243,1.25992
194244,4.71404
194245,3.5363
194246,4.88203
194247,4.41854
194248,2.26055
194249,3.85143
194250,3.50656
194251,3.22858
194252,2.68346
194253,3.77151
194254,3.08164
194255,3.08714
194256,4.46513
194257,3.6779
194258,1.59449
194259,2.41474
194260,4.22054
194261,4.4236
194262,3.12401
194263,1.0
194264,3.60011
194265,3.48332
194266,3.94698
194267,3.75053
194268,3.43057
194269,4.23616
194270,2.28428
194271,2.79069
194272,3.35059
194273,2.14762
194274,2.32342
194275,1.52911
194276,2.15535
194277,2.60818
194278,1.58924
194279,2.34916
194280,1.41953
194281,2.05914
194282,1.94048
194283,1.74217
194284,2.8962
194285,2.03327
194286,1.74182
194287,2.34261
194288,1.91846
194289,1.94701
194290,2.42062
194291,1.60345
194292,3.45975
194293,2.6028
194294,2.37867
194295,2.41831
194296,1.83927
194297,2.05837
194298,1.90999
194299,2.03951
194300,1.78234
194301,2.78314
194302,2.07665
194303,2.94648
194304,2.45344
194305,2.68237
194306,2.27564
194307,2.87192
194308,1.08049
194309,2.64329
194310,1.62925
194311,1.11258
194312,2.01851
194313,1.4843
194314,1.97639
194315,2.05373
194316,1.95232
194317,2.6419
194318,1.39425
194319,2.86675
194320,2.35976
194321,1.81479
194322,1.13455
194323,1.41012
194324,2.07289
194325,3.29632
194326,2.77407
194327,3.88302
194328,4.74832
194329,4.58378
194330,2.82784
194331,3.18288
194332,4.50339
194333,3.26923
194334,3.58303
194335,1.73062
194336,2.97104
194337,3.59645
194338,4.6259
194339,3.67776
194340,2.76182
194341,3.40499
194342,4.21436
194343,4.07443
194344,3.39579
194345,3.23558
194346,4.02979
194347,4.67049
194348,4.07181
194349,3.51913
194350,4.36477
194351,3.57046
194352,3.5613
194353,4.70169
194354,3.40073
194355,4.35164
194356,3.4214
194357,3.74104
194358,4.13295
194359,3.23891
194360,3.43442
194361,3.39062
194362,3.3048
194363,4.13819
194364,3.57584
194365,3.76306
194366,3.49016
194367,4.20114
194368,2.86078
194369,3.84982
194370,4.0923
194371,3.73506
194372,3.81119
194373,3.20455
194374,4.10703
194375,3.08252
194376,3.21928
194377,3.68544
194378,3.71718
194379,3.47768
194380,3.82794
194381,3.38835
194382,3.83375
194383,3.27352
194384,3.1776
194385,3.46885
194386,3.41471
194387,3.98665
194388,2.82828
194389,3.22993
194390,4.51641
194391,4.05843
194392,3.47472
194393,4.66956
194394,4.20103
194395,4.79573
194396,4.3828
194397,4.50678
194398,3.67595
194399,4.39873
194400,4.51698
194401,4.15689
194402,4.09871
194403,4.38152
194404,4.41247
194405,3.69214
194406,3.48069
194407,3.73625
194408,3.9156
194409,3.60176
194410,2.84808
194411,3.74729
194412,4.76535
194413,3.44717
194414,4.83414
194415,5.0
194416,1.86492
194417,3.59151
194418,3.83705
194419,2.91391
194420,3.99901
194421,4.63004
194422,4.27371
194423,3.00894
194424,3.40459
194425,3.27124
194426,3.20025
194427,3.86394
194428,2.11835
194429,1.79376
194430,2.8338
194431,3.48672
194432,3.66045
194433,3.88884
194434,3.65524
194435,3.71896
194436,4.27359
194437,3.84774
194438,3.59273
194439,3.54716
194440,2.9847
194441,2.78149
194442,3.38025
194443,3.3162
194444,3.59764
194445,4.25867
194446,2.21287
194447,2.9225
194448,3.14627
194449,3.68267
194450,3.6219
194451,3.74813
194452,3.38694
194453,3.11985
194454,4.35961
194455,3.96404
194456,3.65007
194457,3.72291
194458,3.34602
194459,3.04276
194460,4.01392
194461,3.57774
194462,2.57997
194463,2.41544
194464,4.12171
194465,3.61324
194466,4.01153
194467,1.32502
194468,3.21926
194469,3.23274
194470,2.83979
194471,3.42475
194472,2.66404
194473,4.11071
194474,3.29223
194475,3.40413
194476,4.21955
194477,3.53799
194478,3.79626
194479,3.97502
194480,3.09359
194481,2.69505
194482,1.0
194483,1.60808
194484,3.19905
194485,1.22067
194486,3.00602
194487,3.50078
194488,2.7852
194489,3.75828
194490,4.14161
194491,2.20594
194492,4.48238
194493,4.23328
194494,4.00926
194495,3.93943
194496,2.729
194497,2.80384
194498,5.0
194499,5.0
194500,4.69666
194501,3.17412
194502,4.15795
194503,2.66888
194504,3.92054
194505,3.47734
194506,4.36674
194507,4.26505
194508,3.98072
194509,4.4898
194510,4.17841
194511,3.86173
194512,4.75726
194513,2.22198
194514,4.09545
194515,4.24233
194516,3.4938
194517,3.30086
194518,3.83911
194519,4.66025
194520,4.71511
194521,3.89956
194522,3.73075
194523,4.96929
194524,4.61065
194525,4.55187
194526,3.99969
194527,4.28322
194528,4.72587
194529,4.75772
194530,2.41495
194531,4.38542
194532,3.791
194533,5.0
194534,4.11837
194535,4.07576
194536,2.92755
194537,3.67516
194538,3.77181
194539,3.73081
194540,4.22676
194541,3.93151
194542,3.37373
194543,3.66658
194544,3.11508
194545,3.91005
194546,4.10789
194547,2.88251
194548,5.0
194549,4.1067
194550,5.0
194551,3.04344
194552,4.67997
194553,4.10278
194554,3.73803
194555,2.90731
194556,2.81544
194557,3.84558
194558,4.73009
194559,2.21313
194560,2.41403
194561,4.65198
194562,4.57113
194563,3.02425
194564,2.72801
194565,3.57062
194566,3.59924
194567,4.06386
194568,3.92223
194569,4.24451
194570,4.57016
194571,4.05393
194572,5.0
194573,4.76089
194574,4.43887
194575,4.33962
194576,4.59229
194577,4.61993
194578,4.25193
194579,3.2821
194580,2.03022
194581,3.81925
194582,2.85855
194583,1.94446
194584,3.84523
194585,3.40918
194586,1.92368
194587,3.37394
194588,3.55943
194589,4.04533
194590,4.27978
194591,3.87979
194592,1.89165
194593,4.42626
194594,3.08966
194595,3.29378
194596,4.23696
194597,4.3567
194598,2.1345
194599,2.9612
194600,4.06256
194601,2.74738
194602,3.43669
194603,3.23422
194604,2.75821
194605,4.5783
194606,4.2368
194607,3.0487
194608,2.12559
194609,4.27862
194610,2.42926
194611,3.39195
194612,4.51528
194613,3.7861
194614,3.59146
194615,3.25038
194616,4.04935
194617,3.4218
194618,1.61015
194619,3.87637
194620,3.17476
194621,2.87356
194622,4.02991
194623,2.62704
194624,4.29529
194625,3.5759
194626,3.63355
194627,4.2219
194628,4.38139
194629,3.18218
194630,4.1245
194631,3.62298
194632,1.85894
194633,2.76693
194634,3.62672
194635,2.61768
194636,3.305
194637,4.82024
194638,4.09108
194639,1.78097
194640,3.62678
194641,4.40477
194642,3.57501
194643,4.33883
194644,3.25339
194645,2.83121
194646,3.25038
194647,3.72631
194648,4.89246
194649,4.11051
194650,4.68826
194651,3.72651
194652,3.63491
194653,2.83736
194654,4.80097
194655,4.91093
194656,4.59273
194657,4.9634
194658,3.44802
194659,3.44187
194660,3.19838
194661,3.21874
194662,3.82433
194663,3.55244
194664,3.70862
194665,2.3199
194666,4.52242
194667,4.07036
194668,3.54875
194669,3.75541
194670,3.71827
194671,3.59957
194672,3.90572
194673,3.72976
194674,3.6282
194675,3.73609
194676,4.49437
194677,3.9946
194678,3.48393
194679,3.16259
194680,3.94297
194681,3.77908
194682,3.62397
194683,3.47969
194684,4.01958
194685,3.78367
194686,4.04422
194687,4.09939
194688,4.30641
194689,3.99664
194690,2.48176
194691,3.99208
194692,3.76363
194693,3.73992
194694,4.24986
194695,4.18687
194696,4.10458
194697,3.5807
194698,4.02414
194699,3.62346
194700,4.07745
194701,3.675
194702,3.57375
194703,4.20524
194704,4.0571
194705,4.01742
194706,1.0
194707,4.24457
194708,3.90683
194709,4.81889
194710,4.4657
194711,4.12633
194712,3.51335
194713,3.91436
194714,3.40283
194715,4.47297
194716,4.80272
194717,4.32955
194718,4.63021
194719,4.58016
194720,4.06304
194721,3.83319
194722,2.60221
194723,4.72175
194724,3.97333
194725,3.76382
194726,2.92574
194727,2.66001
194728,2.8807
194729,3.47958
194730,2.81469
194731,1.71699
194732,2.85354
194733,2.07797
194734,3.64096
194735,2.51733
194736,4.61928
194737,2.75079
194738,2.82839
194739,3.0081
194740,1.87417
194741,2.3548
194742,3.28775
194743,2.88016
194744,2.53966
194745,3.63184
194746,3.61107
194747,3.23087
194748,3.94527
194749,2.33854
194750,2.25502
194751,2.22388
194752,2.02808
194753,3.19005
194754,2.82821
194755,2.44369
194756,2.67428
194757,4.42912
194758,1.82588
194759,2.04671
194760,3.5282
194761,3.08476
194762,4.10814
194763,4.20094
194764,4.17542
194765,2.801
194766,3.67595
194767,3.4556
194768,4.48718
194769,2.48963
194770,5.0
194771,4.856
194772,3.28663
194773,4.15187
194774,3.5626
194775,4.60331
194776,2.92001
194777,4.36141
194778,2.30046
194779,2.75283
194780,4.63509
194781,2.688
194782,3.5693
194783,5.0
194784,4.60984
194785,1.3415
194786,2.35477
194787,5.0
194788,5.0
194789,5.0
194790,3.54413
194791,3.39267
194792,2.48122
194793,5.0
194794,2.81158
194795,4.75949
194796,4.11656
194797,1.05607
194798,4.23551
194799,5.0
194800,3.47585
194801,3.91098
194802,2.30505
194803,3.04624
194804,4.21835
194805,3.61319
194806,3.45143
194807,4.9307
194808,4.62697
194809,2.26876
194810,3.00914
194811,3.86264
194812,4.46067
194813,3.10088
194814,3.87699
194815,4.36841
194816,4.05124
194817,2.49123
194818,2.20771
194819,3.80246
194820,3.39883
194821,2.84502
194822,3.30993
194823,4.25894
194824,2.4956
194825,2.81418
194826,4.9711
194827,1.52125
194828,4.4639
194829,4.17989
194830,4.01681
194831,4.03597
194832,3.2622
194833,3.88796
194834,2.73453
194835,2.7588
194836,4.11049
194837,2.5479
194838,3.83614
194839,1.77361
194840,3.52291
194841,3.11822
194842,2.95294
194843,3.82926
194844,4.31456
194845,4.22311
194846,4.55636
194847,3.41184
194848,3.05566
194849,3.65661
194850,3.14352
194851,3.76687
194852,2.81354
194853,1.6717
194854,2.43329
194855,2.6608
194856,3.07531
194857,3.15641
194858,2.75682
194859,1.61403
194860,3.12133
194861,4.23646
194862,3.94825
194863,5.0
194864,4.08416
194865,3.41347
194866,3.5511
194867,3.43283
194868,3.35496
194869,3.58893
194870,3.04612
194871,3.04031
194872,2.87321
194873,4.5214
194874,3.72145
194875,3.61569
194876,3.9824
194877,2.79249
194878,4.33595
194879,3.31431
194880,2.31541
194881,3.30162
194882,3.42074
194883,3.24346
194884,3.11193
194885,3.86114
194886,3.07026
194887,3.2242
194888,3.42593
194889,3.79113
194890,3.79753
194891,4.88289
194892,4.656
194893,5.0
194894,4.27649
194895,2.68803
194896,1.95439
194897,2.80998
194898,4.62441
194899,2.11253
194900,2.85054
194901,4.15861
194902,2.88828
194903,3.84535
194904,3.30322
194905,4.57383
194906,4.19669
194907,4.56284
194908,4.4661
194909,4.46144
194910,2.94071
194911,3.57687
194912,3.60576
194913,3.89753
194914,4.58919
194915,4.62761
194916,5.0
194917,4.3641
194918,4.96276
194919,4.51329
194920,3.94092
194921,2.67984
194922,3.28397
194923,4.14603
194924,4.04006
194925,4.42795
194926,4.84572
194927,2.51725
194928,2.38108
194929,3.25265
194930,3.59885
194931,3.59318
194932,4.66471
194933,4.43323
194934,3.62169
194935,4.13176
194936,4.30015
194937,4.37239
194938,2.64698
194939,3.16167
194940,2.05562
194941,5.0
194942,3.02168
194943,3.67538
194944,3.20558
194945,2.7777
194946,4.11249
194947,4.21415
194948,4.03748
194949,3.94043
194950,3.89058
194951,4.54629
194952,3.69441
194953,3.6645
194954,3.32981
194955,2.33739
194956,1.32441
194957,3.75604
194958,4.17327
194959,4.61382
194960,3.92726
194961,4.42634
194962,4.34341
194963,4.11399
194964,2.79276
194965,4.14399
194966,3.24249
194967,4.24364
194968,3.57374
194969,4.27844
194970,3.83573
194971,3.70662
194972,3.59678
194973,4.48479
194974,3.6816
194975,3.66611
194976,3.87612
194977,3.61677
194978,3.56204
194979,3.18847
194980,2.90576
194981,2.46772
194982,4.27608
194983,2.19186
194984,1.94161
194985,3.50897
194986,3.0638
194987,3.20023
194988,2.96601
194989,2.33227
194990,3.12324
194991,3.5246
194992,2.68333
194993,2.46981
194994,2.20261
194995,3.08574
194996,3.55644
194997,3.33141
194998,3.50314
194999,2.15934
195000,2.08957
195001,4.23924
195002,4.21869
195003,3.54805
195004,4.50026
195005,4.06327
195006,3.66639
195007,4.33223
195008,4.15072
195009,3.27614
195010,3.27944
195011,2.39834
195012,2.219
195013,4.09531
195014,4.20783
195015,3.44018
195016,2.56946
195017,3.03435
195018,2.90355
195019,4.33936
195020,3.36371
195021,3.44981
195022,3.61187
195023,3.99641
195024,3.71207
195025,1.64102
195026,3.23508
195027,2.61635
195028,4.16696
195029,5.0
195030,3.34397
195031,4.96438
195032,4.10976
195033,3.49606
195034,1.80436
195035,4.46395
195036,2.86533
195037,1.88404
195038,3.42565
195039,2.9071
195040,3.01196
195041,3.18663
195042,2.682
195043,2.28919
195044,3.41579
195045,3.43623
195046,3.4991
195047,4.08615
195048,2.44948
195049,3.54877
195050,4.39484
195051,4.76301
195052,4.79593
195053,5.0
195054,3.72021
195055,4.23078
195056,2.99081
195057,4.01611
195058,4.51392
195059,4.25163
195060,3.92255
195061,3.76784
195062,3.99553
195063,3.99611
195064,4.12983
195065,2.9926
195066,4.36362
195067,3.94308
195068,3.83539
195069,4.15004
195070,4.33903
195071,4.22212
195072,3.80087
195073,4.56788
195074,3.83425
195075,3.68672
195076,4.19657
195077,4.38352
195078,3.93057
195079,3.31013
195080,4.15498
195081,3.5367
195082,3.87457
195083,4.31929
195084,3.50099
195085,3.72062
195086,3.86747
195087,4.44436
195088,4.52712
195089,3.15641
195090,3.71862
195091,4.38736
195092,3.87605
195093,3.8561
195094,3.51701
195095,3.56644
195096,3.89711
195097,4.29812
195098,4.11187
195099,2.87241
195100,3.94105
195101,3.18139
195102,3.64483
195103,3.95821
195104,3.45584
195105,3.66423
195106,3.80073
195107,4.255
195108,4.28533
195109,3.28445
195110,3.46707
195111,3.50802
195112,2.72949
195113,2.43353
195114,2.08923
195115,3.78888
195116,4.89606
195117,3.86522
195118,4.12038
195119,1.0
195120,3.70774
195121,3.83677
195122,2.52027
195123,2.97879
195124,1.33139
195125,2.50039
195126,4.96836
195127,4.48219
195128,4.98344
195129,2.89638
195130,2.29189
195131,3.634
195132,4.27598
195133,4.2699
195134,3.98818
195135,4.26412
195136,1.91885
195137,1.82512
195138,1.03832
195139,5.0
195140,1.50998
195141,1.63744
195142,4.27417
195143,2.61195
195144,3.96475
195145,4.43953
195146,4.15822
195147,4.21566
195148,2.79716
195149,1.66203
195150,2.99406
195151,1.96091
195152,4.20512
195153,4.40672
195154,3.96073
195155,2.55663
195156,3.6721
195157,4.25289
195158,4.65292
195159,4.33282
195160,3.017
195161,1.74922
195162,2.38049
195163,1.75703
195164,1.45441
195165,3.72505
195166,3.4849
195167,4.05901
195168,3.81107
195169,4.10889
195170,3.82493
195171,5.0
195172,3.74566
195173,4.12493
195174,1.37226
195175,2.81164
195176,4.08934
195177,3.0679
195178,3.73411
195179,3.61178
195180,4.17604
195181,2.45009
195182,4.71932
195183,2.84645
195184,1.33305
195185,3.00982
195186,3.93396
195187,3.90224
195188,2.79049
195189,5.0
195190,3.84868
195191,4.56956
195192,2.18423
195193,4.08468
195194,3.18505
195195,4.33797
195196,5.0
195197,3.87372
195198,4.98205
195199,4.67382
195200,1.59368
195201,4.55509
195202,3.80479
195203,2.7177
195204,3.51334
195205,4.54549
195206,3.72011
195207,5.0
195208,3.80764
195209,4.41487
195210,3.76273
195211,3.35648
195212,3.01365
195213,4.56103
195214,2.62199
195215,2.59262
195216,4.267
195217,2.48619
195218,3.41564
195219,3.56199
195220,3.66584
195221,4.53126
195222,4.28758
195223,4.34985
195224,3.57262
195225,3.26446
195226,3.57725
195227,3.85607
195228,3.29198
195229,2.89148
195230,3.38491
195231,3.90088
195232,3.49905
195233,3.1801
195234,3.65019
195235,3.47303
195236,2.49456
195237,4.32298
195238,3.65844
195239,4.41118
195240,4.3757
195241,4.45354
195242,4.23603
195243,3.44281
195244,3.49608
195245,4.06289
195246,3.32207
195247,3.18879
195248,2.86073
195249,3.36738
195250,3.6298
195251,4.02833
195252,3.50274
195253,4.54925
195254,5.0
195255,4.81233
195256,5.0
195257,5.0
195258,3.65923
195259,4.54283
195260,3.24166
195261,1.96468
195262,2.94553
195263,3.65995
195264,3.56314
195265,3.2977
195266,1.28985
195267,3.96694
195268,1.93266
195269,4.10723
195270,3.20238
195271,2.72788
195272,3.8868
195273,2.51841
195274,2.94527
195275,2.70061
195276,3.05806
195277,3.04278
195278,4.0368
195279,4.00685
195280,3.1599
195281,3.92993
195282,2.22255
195283,2.75984
195284,2.941
195285,3.26772
195286,3.6515
195287,2.24296
195288,1.1775
195289,3.68429
195290,2.04024
195291,1.76899
195292,2.55824
195293,2.39032
195294,4.3085
195295,3.68788
195296,3.56626
195297,2.71111
195298,4.28032
195299,3.93426
195300,3.80274
195301,2.99895
195302,4.14548
195303,4.33908
195304,3.72191
195305,3.79994
195306,2.58126
195307,3.94076
195308,3.98806
195309,2.63198
195310,4.30488
195311,4.09152
195312,3.91966
195313,3.94936
195314,3.47548
195315,3.06024
195316,3.64621
195317,2.72268
195318,3.50152
195319,2.72105
195320,3.01804
195321,3.70474
195322,3.76926
195323,4.33988
195324,3.69502
195325,3.96663
195326,3.73943
195327,2.21208
195328,2.94238
195329,3.08509
195330,3.732
195331,3.67942
195332,2.96167
195333,3.40317
195334,4.1021
195335,2.79987
195336,5.0
195337,3.7712
195338,2.65827
195339,4.00785
195340,2.9506
195341,3.50367
195342,2.74685
195343,3.54222
195344,3.39401
195345,3.93635
195346,4.20917
195347,4.71051
195348,3.72444
195349,4.82407
195350,4.02777
195351,4.52423
195352,3.93269
195353,5.0
195354,3.4403
195355,4.61144
195356,4.92183
195357,4.48831
195358,3.78686
195359,3.6941
195360,5.0
195361,2.97434
195362,4.63386
195363,4.72265
195364,4.67658
195365,3.99457
195366,3.97193
195367,4.23745
195368,3.32964
195369,4.35374
195370,5.0
195371,4.32976
195372,1.68573
195373,3.32823
195374,4.66404
195375,3.8935
195376,2.63603
195377,2.52257
195378,3.93023
195379,4.39202
195380,4.07226
195381,3.57022
195382,3.7832
195383,2.99168
195384,3.45629
195385,3.31046
195386,3.60384
195387,2.17693
195388,2.3485
195389,2.83073
195390,2.76266
195391,4.11692
195392,4.34137
195393,2.49267
195394,3.10288
195395,3.22466
195396,3.68223
195397,3.39878
195398,3.09885
195399,3.82286
195400,3.14426
195401,3.66663
195402,3.66677
195403,4.01861
195404,3.93768
195405,2.21571
195406,4.60329
195407,4.22172
195408,4.02514
195409,4.20083
195410,3.97592
195411,3.14091
195412,2.52666
195413,3.84674
195414,2.86244
195415,4.60789
195416,3.55354
195417,4.05298
195418,2.50094
195419,3.82772
195420,3.90865
195421,3.56355
195422,2.8447
195423,4.08549
195424,3.52138
195425,4.33849
195426,4.037
195427,3.55284
195428,2.01658
195429,3.35072
195430,3.38738
195431,4.49109
195432,4.00862
195433,4.00103
195434,2.82072
195435,3.47465
195436,2.52557
195437,3.52356
195438,4.57608
195439,3.40936
195440,3.03629
195441,4.3031
195442,3.37433
195443,4.46554
195444,3.30747
195445,4.30144
195446,2.85741
195447,3.75043
195448,2.19785
195449,3.44505
195450,3.46844
195451,3.07981
195452,3.42603
195453,3.21801
195454,2.16427
195455,1.26974
195456,4.5568
195457,3.37602
195458,3.98059
195459,2.84761
195460,3.70797
195461,4.20694
195462,3.37897
195463,3.5608
195464,5.0
195465,3.43593
195466,2.82953
195467,4.19403
195468,4.81945
195469,4.27356
195470,2.70983
195471,4.15415
195472,4.68406
195473,3.92892
195474,4.75913
195475,4.3162
195476,4.40606
195477,2.73693
195478,4.48849
195479,2.64847
195480,4.15327
195481,3.53511
195482,4.50692
195483,3.92245
195484,2.70389
195485,4.03875
195486,4.10402
195487,4.67349
195488,3.26639
195489,4.21031
195490,3.67174
195491,4.06472
195492,3.51299
195493,3.52717
195494,4.25696
195495,4.4393
195496,4.43387
195497,4.10113
195498,2.23853
195499,3.58246
195500,3.91422
195501,3.35773
195502,2.20738
195503,1.18753
195504,2.17793
195505,4.37203
195506,3.34714
195507,2.24468
195508,2.86788
195509,3.72239
195510,3.24931
195511,2.4151
195512,3.63823
195513,4.55429
195514,2.9481
195515,3.97811
195516,4.17292
195517,4.02081
195518,3.22163
195519,3.92562
195520,3.07217
195521,2.97133
195522,1.84982
195523,4.68849
195524,3.49905
195525,3.63208
195526,4.92305
195527,3.96283
195528,3.59686
195529,2.01735
195530,4.11933
195531,3.23828
195532,4.20984
195533,2.49364
195534,2.42025
195535,2.78158
195536,4.05401
195537,3.3458
195538,4.30913
195539,3.18976
195540,3.26982
195541,2.08323
195542,3.13343
195543,2.83807
195544,3.11656
195545,1.81982
195546,4.67315
195547,4.46634
195548,3.7878
195549,2.58159
195550,3.62377
195551,3.64981
195552,4.31433
195553,3.88139
195554,3.8742
195555,4.01027
195556,4.04793
195557,4.67273
195558,4.38628
195559,4.6438
195560,4.07445
195561,3.04471
195562,2.536
195563,2.97378
195564,2.82176
195565,2.84587
195566,3.52331
195567,4.10231
195568,4.24523
195569,3.36988
195570,3.75641
195571,3.79188
195572,3.08558
195573,2.90443
195574,3.46749
195575,3.58944
195576,3.41266
195577,3.98596
195578,3.50275
195579,2.82999
195580,2.8232
195581,2.99067
195582,2.7328
195583,2.4906
195584,4.6206
195585,3.6605
195586,3.07698
195587,4.19788
195588,2.6589
195589,4.24458
195590,4.96175
195591,2.94615
195592,3.31015
195593,3.0173
195594,3.68304
195595,4.75678
195596,3.34139
195597,3.57321
195598,3.65041
195599,3.93147
195600,3.55272
195601,3.91926
195602,2.88074
195603,4.67216
195604,3.82222
195605,3.70749
195606,3.08001
195607,3.74764
195608,2.96396
195609,2.93326
195610,4.39682
195611,2.67235
195612,3.20774
195613,4.59744
195614,2.6742
195615,2.94555
195616,4.32565
195617,4.25917
195618,3.80074
195619,3.4662
195620,3.51606
195621,3.50413
195622,3.98538
195623,3.67507
195624,3.78091
195625,2.50509
195626,3.90003
195627,3.56165
195628,3.79853
195629,3.69824
195630,4.93494
195631,4.95999
195632,5.0
195633,4.61567
195634,4.98569
195635,4.72075
195636,5.0
195637,4.81366
195638,3.82012
195639,4.39575
195640,3.70055
195641,4.02339
195642,4.42962
195643,4.6707
195644,4.58208
195645,5.0
195646,5.0
195647,4.1437
195648,3.37991
195649,3.73947
195650,2.76586
195651,5.0
195652,4.40358
195653,4.29415
195654,4.18361
195655,4.2437
195656,3.74381
195657,3.71654
195658,3.74264
195659,4.20516
195660,4.90891
195661,4.9622
195662,4.06043
195663,3.28457
195664,4.51563
195665,4.8262
195666,2.99045
195667,2.35052
195668,2.79958
195669,4.34942
195670,2.83269
195671,3.37179
195672,4.78146
195673,3.08307
195674,3.2121
195675,1.87546
195676,2.9847
195677,3.07031
195678,3.64419
195679,3.8045
195680,3.94916
195681,3.51914
195682,4.34812
195683,3.75822
195684,4.33735
195685,2.87407
195686,3.61727
195687,3.017
195688,2.24747
195689,4.55564
195690,3.22512
195691,3.91846
195692,4.07986
195693,1.8984
195694,3.13409
195695,3.02249
195696,2.3168
195697,4.48932
195698,4.13283
195699,4.00862
195700,4.16381
195701,3.43849
195702,3.953
195703,4.62739
195704,4.20236
195705,3.46698
195706,2.72892
195707,2.25776
195708,4.02103
195709,4.37779
195710,4.25655
195711,3.99624
195712,3.29714
195713,4.67083
195714,4.63928
195715,4.61918
195716,3.63832
195717,3.20121
195718,4.14125
195719,3.36477
195720,3.93365
195721,2.89149
195722,2.06551
195723,3.84565
195724,3.60634
195725,3.26809
195726,3.94865
195727,3.80824
195728,3.60034
195729,3.96131
195730,3.73985
195731,3.74046
195732,4.17963
195733,4.02712
195734,3.78898
195735,4.16605
195736,3.68974
195737,3.30679
195738,3.30265
195739,2.8291
195740,3.65254
195741,2.61029
195742,4.88345
195743,4.71107
195744,5.0
195745,3.88119
195746,3.85572
195747,4.32086
195748,4.18842
195749,4.59613
195750,3.68628
195751,1.8858
195752,4.3486
195753,3.95865
195754,3.56437
195755,4.89782
195756,3.7908
195757,4.69496
195758,4.03821
195759,4.9074
195760,3.8698
195761,3.51885
195762,3.57285
195763,3.1612
195764,3.58044
195765,3.309
195766,4.24319
195767,3.04068
195768,3.46504
195769,4.02512
195770,3.33859
195771,3.35353
195772,3.63958
195773,3.37544
195774,4.36969
195775,4.41197
195776,3.87452
195777,4.16798
195778,4.08996
195779,3.83348
195780,3.64943
195781,3.99821
195782,3.21356
195783,3.72629
195784,3.35934
195785,3.3097
195786,3.87406
195787,4.13231
195788,3.28481
195789,3.8463
195790,3.75605
195791,4.39937
195792,3.87023
195793,3.42408
195794,3.68861
195795,3.89578
195796,4.15524
195797,3.52359
195798,3.3945
195799,4.2191
195800,3.09739
195801,3.51946
195802,3.31521
195803,4.29999
195804,4.20961
195805,4.06075
195806,4.36039
195807,4.07701
195808,4.41165
195809,3.82165
195810,3.41817
195811,2.85232
195812,3.73808
195813,3.85843
195814,3.83244
195815,2.22744
195816,3.93352
195817,4.13971
195818,3.89428
195819,3.43344
195820,3.25574
195821,2.90977
195822,3.10983
195823,4.29808
195824,3.43572
195825,4.12616
195826,3.6656
195827,3.42718
195828,4.31927
195829,3.58695
195830,4.35938
195831,4.15638
195832,3.76113
195833,4.18764
195834,4.26829
195835,1.79101
195836,3.91426
195837,4.61404
195838,4.07406
195839,3.1783
195840,4.34422
195841,3.75805
195842,4.55102
195843,4.65972
195844,2.37803
195845,4.08157
195846,3.80612
195847,4.77233
195848,5.0
195849,3.30147
195850,3.63769
195851,4.40908
195852,4.0594
195853,4.05867
195854,4.00629
195855,4.39581
195856,4.32161
195857,4.13878
195858,4.7836
195859,4.27386
195860,2.93239
195861,4.46336
195862,2.95123
195863,4.13972
195864,2.00806
195865,2.19564
195866,5.0
195867,4.85104
195868,4.06634
195869,4.57728
195870,3.23673
195871,4.57679
195872,3.37977
195873,4.25004
195874,2.87653
195875,3.77604
195876,4.57416
195877,4.56365
195878,4.12362
195879,3.52582
195880,3.84398
195881,3.00536
195882,2.4477
195883,3.39557
195884,3.09677
195885,3.40279
195886,2.60967
195887,2.86462
195888,2.80971
195889,3.31804
195890,2.64828
195891,2.41663
195892,2.46453
195893,3.47435
195894,3.50937
195895,3.86063
195896,4.12375
195897,3.68567
195898,4.2739
195899,3.0469
195900,4.14777
195901,3.43335
195902,4.59409
195903,3.36136
195904,2.68952
195905,3.42243
195906,4.73388
195907,3.75491
195908,3.68262
195909,3.06626
195910,3.84814
195911,3.96786
195912,2.621
195913,4.1718
195914,4.39834
195915,4.00888
195916,3.71338
195917,4.67213
195918,2.61805
195919,4.86398
195920,4.5168
195921,4.36326
195922,2.88165
195923,4.1959
195924,2.62507
195925,3.3753
195926,3.49223
195927,1.75835
195928,2.53877
195929,3.30854
195930,4.01419
195931,2.78134
195932,2.77093
195933,3.48265
195934,2.83369
195935,3.71571
195936,4.03483
195937,3.0788
195938,3.5017
195939,3.69148
195940,1.30376
195941,1.83242
195942,2.39979
195943,3.10107
195944,2.75085
195945,1.16457
195946,2.34864
195947,1.6748
195948,2.86936
195949,4.60548
195950,4.0073
195951,1.57358
195952,2.58604
195953,2.50203
195954,2.54474
195955,3.41787
195956,2.02316
195957,1.80537
195958,2.51449
195959,3.38111
195960,1.63261
195961,4.10549
195962,4.02713
195963,1.45475
195964,1.0
195965,3.87694
195966,2.00735
195967,2.89266
195968,4.26728
195969,1.77271
195970,3.31964
195971,1.59817
195972,3.3801
195973,2.86442
195974,2.59015
195975,1.67128
195976,3.01871
195977,2.11329
195978,1.0
195979,2.59288
195980,4.59732
195981,1.729
195982,2.18406
195983,4.5191
195984,2.71546
195985,1.88048
195986,2.0738
195987,4.47285
195988,3.70046
195989,2.97809
195990,2.7479
195991,3.46981
195992,1.2959
195993,3.3989
195994,3.41275
195995,1.86722
195996,1.11523
195997,2.17333
195998,2.28682
195999,3.47017
196000,2.10411
196001,4.6932
196002,1.74599
196003,2.36768
196004,2.40753
196005,3.11028
196006,3.29675
196007,4.72288
196008,4.56031
196009,2.04341
196010,1.53319
196011,4.04194
196012,4.95733
196013,2.05893
196014,4.52866
196015,3.57441
196016,3.38858
196017,1.42194
196018,2.80651
196019,3.76826
196020,3.63128
196021,3.87462
196022,4.16175
196023,3.85586
196024,3.38308
196025,4.07731
196026,4.16291
196027,2.88384
196028,3.7376
196029,4.00624
196030,3.93656
196031,4.18772
196032,4.12627
196033,4.09997
196034,4.56243
196035,4.11707
196036,4.09284
196037,4.45018
196038,4.38652
196039,3.70981
196040,4.1838
196041,4.32755
196042,4.27279
196043,3.22811
196044,3.82389
196045,4.04461
196046,2.92735
196047,1.49015
196048,3.7342
196049,4.39098
196050,3.37453
196051,3.53318
196052,3.33048
196053,3.91165
196054,2.2395
196055,3.09133
196056,2.70669
196057,4.13836
196058,4.06115
196059,4.10438
196060,2.52299
196061,2.56809
196062,3.68375
196063,3.19365
196064,3.25405
196065,2.77486
196066,4.33517
196067,2.80944
196068,4.49702
196069,4.28824
196070,3.02573
196071,4.21981
196072,4.32053
196073,3.18841
196074,3.23446
196075,3.34143
196076,3.79295
196077,3.61401
196078,2.75528
196079,4.05876
196080,4.95449
196081,4.19405
196082,2.66893
196083,3.17996
196084,3.6582
196085,4.93797
196086,4.4032
196087,3.84056
196088,4.01795
196089,5.0
196090,3.91544
196091,3.89878
196092,2.88957
196093,2.36564
196094,4.48216
196095,4.2774
196096,1.79917
196097,4.90655
196098,4.11534
196099,4.587
196100,2.00807
196101,5.0
196102,3.27788
196103,3.11961
196104,4.22325
196105,1.0
196106,1.71066
196107,4.42533
196108,3.1973
196109,5.0
196110,4.81096
196111,1.0
196112,3.99747
196113,1.0
196114,4.70369
196115,4.29328
196116,2.16489
196117,3.11708
196118,4.922
196119,4.34954
196120,4.70555
196121,1.121
196122,3.25759
196123,1.0
196124,3.71841
196125,2.81802
196126,1.55611
196127,1.0
196128,4.47117
196129,1.80346
196130,1.0
196131,4.28174
196132,1.9045
196133,3.40599
196134,2.41889
196135,5.0
196136,3.87188
196137,2.30105
196138,3.93364
196139,3.25746
196140,4.15858
196141,3.9955
196142,2.65667
196143,4.10447
196144,4.35245
196145,1.0
196146,3.79393
196147,2.20851
196148,2.283
196149,3.55772
196150,4.25411
196151,3.45251
196152,5.0
196153,4.64481
196154,1.76555
196155,4.85782
196156,3.03546
196157,2.8763
196158,3.71899
196159,4.30452
196160,1.40166
196161,3.42347
196162,4.65784
196163,3.77505
196164,1.0
196165,1.0
196166,3.14686
196167,2.02153
196168,5.0
196169,4.96872
196170,4.65914
196171,4.95708
196172,5.0
196173,4.85589
196174,4.67168
196175,5.0
196176,4.81819
196177,3.40558
196178,1.43517
196179,1.61962
196180,3.94417
196181,2.88338
196182,4.10696
196183,2.01151
196184,3.18399
196185,2.52401
196186,2.07459
196187,3.98046
196188,2.35485
196189,3.23637
196190,3.88014
196191,1.55426
196192,1.3224
196193,4.12265
196194,4.42844
196195,3.32073
196196,4.59401
196197,4.73086
196198,1.73047
196199,2.08732
196200,3.55977
196201,1.66763
196202,2.41799
196203,2.58256
196204,3.35773
196205,1.93226
196206,2.4404
196207,1.0
196208,1.0
196209,3.75319
196210,3.5361
196211,3.80511
196212,1.01389
196213,1.0
196214,4.30283
196215,1.76944
196216,1.70007
196217,3.04681
196218,2.59225
196219,5.0
196220,3.47415
196221,3.74999
196222,1.82742
196223,4.40176
196224,3.61158
196225,4.11813
196226,1.67788
196227,4.34818
196228,4.28314
196229,4.49024
196230,3.61469
196231,4.0542
196232,1.45473
196233,3.62324
196234,3.41646
196235,4.14162
196236,4.88781
196237,5.0
196238,3.67488
196239,3.4962
196240,2.1693
196241,2.98749
196242,1.0914
196243,4.41404
196244,4.09716
196245,4.21958
196246,2.29026
196247,3.62606
196248,4.41269
196249,4.62173
196250,3.76988
196251,4.66291
196252,3.62987
196253,2.39424
196254,3.98615
196255,4.561
196256,3.69322
196257,3.10773
196258,3.53781
196259,2.78736
196260,3.07515
196261,3.12019
196262,3.34049
196263,3.74538
196264,4.10944
196265,4.27409
196266,3.68659
196267,4.0747
196268,3.98304
196269,4.7787
196270,4.13423
196271,3.72715
196272,4.0618
196273,3.8669
196274,3.82887
196275,4.02561
196276,3.65894
196277,2.11528
196278,5.0
196279,4.58863
196280,4.7395
196281,4.06378
196282,4.3455
196283,4.39839
196284,3.97669
196285,2.76699
196286,1.45085
196287,3.02574
196288,2.31348
196289,4.42248
196290,3.1666
196291,2.9892
196292,3.55115
196293,3.61107
196294,2.06019
196295,3.86398
196296,4.71031
196297,4.17765
196298,4.69208
196299,4.41945
196300,4.10742
196301,3.93985
196302,3.68827
196303,4.52644
196304,4.9657
196305,3.83349
196306,3.63612
196307,4.11314
196308,3.61001
196309,4.56472
196310,5.0
196311,3.16289
196312,3.25589
196313,4.03022
196314,4.98187
196315,3.61458
196316,4.11024
196317,3.66961
196318,4.33114
196319,4.20044
196320,4.47185
196321,3.30895
196322,4.58282
196323,3.06473
196324,3.83873
196325,4.78892
196326,3.84853
196327,5.0
196328,4.25422
196329,3.59114
196330,4.03862
196331,4.47979
196332,4.12372
196333,3.69633
196334,4.62265
196335,3.9158
196336,4.59061
196337,5.0
196338,4.49475
196339,4.67568
196340,3.54992
196341,4.01146
196342,4.54834
196343,4.37631
196344,4.11098
196345,2.66793
196346,3.73111
196347,4.58146
196348,3.93224
196349,4.0887
196350,3.23878
196351,4.46519
196352,3.78875
196353,3.6885
196354,4.14749
196355,4.88543
196356,4.1373
196357,4.48878
196358,4.06131
196359,3.63101
196360,2.2449
196361,2.89351
196362,4.49441
196363,1.24829
196364,4.47408
196365,4.17961
196366,4.28498
196367,3.98716
196368,4.23502
196369,4.36131
196370,3.83633
196371,3.6414
196372,3.41004
196373,3.05311
196374,4.25048
196375,4.06174
196376,4.07158
196377,4.33973
196378,2.97149
196379,4.79108
196380,3.04909
196381,2.96543
196382,2.41212
196383,3.53125
196384,3.33189
196385,3.6632
196386,3.56667
196387,3.51335
196388,3.85667
196389,4.45449
196390,3.43146
196391,4.03658
196392,3.91002
196393,2.64075
196394,3.46942
196395,3.27841
196396,3.76952
196397,4.15187
196398,3.14815
196399,4.33189
196400,3.40456
196401,4.40759
196402,2.62971
196403,2.361
196404,3.92402
196405,4.13266
196406,4.57007
196407,3.98905
196408,2.03636
196409,4.11949
196410,2.92448
196411,2.86376
196412,3.02535
196413,3.26536
196414,3.16264
196415,4.23566
196416,3.39956
196417,2.28268
196418,3.45736
196419,2.59807
196420,1.97404
196421,4.15627
196422,3.50618
196423,4.86312
196424,3.60625
196425,3.76254
196426,3.63751
196427,2.58871
196428,2.30058
196429,3.77702
196430,4.05576
196431,4.45816
196432,4.77505
196433,3.56834
196434,4.15248
196435,3.01721
196436,3.31439
196437,3.89078
196438,3.26751
196439,4.46668
196440,4.64241
196441,2.80557
196442,4.62008
196443,3.22432
196444,1.06632
196445,2.95252
196446,3.98426
196447,3.52663
196448,2.96608
196449,4.68122
196450,3.92668
196451,3.86701
196452,4.31126
196453,3.85047
196454,3.62992
196455,2.23758
196456,2.9246
196457,3.56226
196458,3.64663
196459,3.54935
196460,4.00181
196461,3.06884
196462,3.576
196463,3.70072
196464,3.953
196465,1.81623
196466,2.75341
196467,1.52722
196468,2.95241
196469,3.83094
196470,4.35746
196471,3.14297
196472,3.70039
196473,2.41483
196474,3.21444
196475,2.70624
196476,3.37642
196477,3.86795
196478,4.74365
196479,2.41635
196480,2.52019
196481,4.12488
196482,4.37216
196483,3.12622
196484,2.76331
196485,4.05027
196486,3.57351
196487,3.90675
196488,4.29608
196489,3.22389
196490,4.58038
196491,3.11964
196492,4.07247
196493,2.22905
196494,4.09615
196495,3.22668
196496,2.00505
196497,3.68521
196498,4.34977
196499,4.07795
196500,3.70093
196501,4.59031
196502,1.0
196503,4.41496
196504,5.0
196505,4.91856
196506,3.40817
196507,4.10001
196508,4.26118
196509,2.30451
196510,3.90857
196511,4.45047
196512,3.17274
196513,3.24586
196514,4.81946
196515,2.22299
196516,4.46123
196517,4.31992
196518,3.37265
196519,4.77516
196520,3.02244
196521,3.16157
196522,3.65277
196523,1.7367
196524,3.19982
196525,3.75173
196526,4.62187
196527,4.10597
196528,3.77787
196529,3.84861
196530,3.8682
196531,3.21181
196532,3.32915
196533,3.00617
196534,3.65806
196535,3.4655
196536,3.90532
196537,3.37582
196538,3.43992
196539,3.60887
196540,2.91514
196541,4.437
196542,4.07846
196543,4.11692
196544,4.42687
196545,4.05675
196546,2.87592
196547,3.65289
196548,2.24003
196549,3.22925
196550,4.07755
196551,2.9335
196552,2.72723
196553,3.69888
196554,3.23632
196555,4.16493
196556,2.49
196557,3.47218
196558,2.24764
196559,2.91929
196560,2.61795
196561,3.63373
196562,3.37621
196563,3.18657
196564,3.40798
196565,3.4063
196566,3.31564
196567,3.38105
196568,3.27565
196569,4.68375
196570,3.51885
196571,3.75848
196572,3.45051
196573,3.2019
196574,3.26157
196575,4.52242
196576,2.11596
196577,3.29988
196578,3.42032
196579,3.20638
196580,3.25045
196581,2.61373
196582,3.53133
196583,3.57302
196584,3.84505
196585,1.91833
196586,3.35275
196587,2.81328
196588,3.60824
196589,3.03306
196590,3.63784
196591,4.12825
196592,2.28181
196593,1.83397
196594,2.7621
196595,4.17126
196596,2.56273
196597,2.92068
196598,2.19675
196599,3.74385
196600,2.56289
196601,3.3217
196602,3.81141
196603,3.48937
196604,3.65563
196605,3.64074
196606,4.44382
196607,4.21567
196608,3.84204
196609,3.71114
196610,4.60155
196611,4.70599
196612,4.53957
196613,3.35362
196614,4.6743
196615,3.11943
196616,4.11701
196617,3.93528
196618,3.39056
196619,3.93367
196620,4.26966
196621,3.68817
196622,4.88581
196623,3.73094
196624,4.03833
196625,3.86637
196626,3.00293
196627,3.74304
196628,4.1537
196629,4.16707
196630,3.59622
196631,3.25062
196632,4.72907
196633,4.47378
196634,3.64976
196635,3.79232
196636,3.4138
196637,3.52989
196638,3.39983
196639,4.18453
196640,3.74446
196641,3.46133
196642,3.76657
196643,4.52599
196644,4.08115
196645,3.42941
196646,2.69553
196647,3.72712
196648,2.60335
196649,3.38576
196650,3.49869
196651,1.0
196652,3.67994
196653,3.79243
196654,3.9551
196655,3.83798
196656,3.68755
196657,3.14045
196658,3.76422
196659,4.20566
196660,4.85412
196661,3.39821
196662,2.17132
196663,5.0
196664,3.43007
196665,3.94046
196666,4.05621
196667,4.1697
196668,3.6965
196669,3.70814
196670,3.62778
196671,4.53413
196672,2.11434
196673,4.4884
196674,4.50863
196675,3.69337
196676,4.45067
196677,4.38853
196678,4.05485
196679,4.09955
196680,4.53967
196681,3.27221
196682,3.18624
196683,3.89287
196684,3.79818
196685,3.31522
196686,3.84739
196687,3.64386
196688,4.55828
196689,2.80667
196690,3.34755
196691,3.55533
196692,3.09934
196693,4.33494
196694,4.40541
196695,4.33679
196696,4.05864
196697,3.86563
196698,3.80152
196699,3.86659
196700,4.24815
196701,3.83087
196702,2.37554
196703,3.60718
196704,4.3382
196705,4.30249
196706,2.95281
196707,3.1541
196708,3.86098
196709,3.90212
196710,4.55059
196711,4.36187
196712,4.00337
196713,3.89237
196714,3.39989
196715,4.1029
196716,4.19024
196717,4.28462
196718,3.16299
196719,4.0303
196720,2.14142
196721,4.46906
196722,3.83722
196723,2.37062
196724,2.01687
196725,4.63133
196726,2.75841
196727,3.8207
196728,3.66762
196729,4.36102
196730,2.34544
196731,3.52666
196732,4.40896
196733,3.31051
196734,4.68982
196735,4.10838
196736,4.00432
196737,3.65997
196738,4.07883
196739,3.14096
196740,3.60632
196741,3.83401
196742,3.77585
196743,3.97472
196744,4.29197
196745,2.62212
196746,3.56233
196747,3.52488
196748,3.96862
196749,3.67217
196750,2.85246
196751,3.59698
196752,2.77657
196753,3.34615
196754,2.95589
196755,3.91614
196756,3.7405
196757,3.23464
196758,3.09097
196759,4.20176
196760,3.8672
196761,2.99792
196762,3.00835
196763,2.66428
196764,2.76183
196765,3.77477
196766,3.62482
196767,3.06543
196768,4.31867
196769,3.58818
196770,3.82151
196771,2.72335
196772,3.29477
196773,3.63867
196774,3.21291
196775,3.15398
196776,3.91795
196777,2.55732
196778,3.81272
196779,4.12333
196780,1.75901
196781,3.84156
196782,3.53489
196783,4.18059
196784,3.58336
196785,3.40818
196786,3.8636
196787,5.0
196788,3.95412
196789,4.16741
196790,4.2878
196791,4.48174
196792,3.42221
196793,5.0
196794,5.0
196795,4.19727
196796,3.25002
196797,4.68831
196798,4.45996
196799,2.86969
196800,2.21804
196801,3.84989
196802,2.24171
196803,5.0
196804,3.0382
196805,4.34473
196806,2.99697
196807,3.80397
196808,4.09198
196809,4.25348
196810,3.60874
196811,4.54436
196812,3.43072
196813,4.17754
196814,3.00339
196815,3.39874
196816,3.53321
196817,3.09092
196818,4.33603
196819,4.38912
196820,4.64768
196821,4.23053
196822,3.52095
196823,2.71689
196824,3.76677
196825,3.5126
196826,4.80996
196827,4.12743
196828,4.4362
196829,3.83515
196830,3.68378
196831,4.14609
196832,4.52062
196833,3.82517
196834,3.68249
196835,3.81124
196836,4.21008
196837,3.98358
196838,3.97568
196839,2.86235
196840,3.86456
196841,4.20829
196842,3.43673
196843,4.13122
196844,3.60777
196845,4.42652
196846,4.17244
196847,3.64667
196848,4.5002
196849,3.88266
196850,2.53629
196851,2.55554
196852,3.97634
196853,3.49183
196854,3.69199
196855,3.52143
196856,4.54764
196857,4.38111
196858,3.2414
196859,4.20279
196860,4.09789
196861,3.52948
196862,4.45952
196863,3.65595
196864,4.9657
196865,4.76695
196866,3.39274
196867,3.49993
196868,4.16192
196869,4.64956
196870,3.49947
196871,3.84331
196872,2.94602
196873,3.77094
196874,4.27174
196875,4.13405
196876,4.14088
196877,4.17496
196878,4.74043
196879,3.8177
196880,4.70706
196881,4.58819
196882,4.18193
196883,3.02824
196884,4.62592
196885,3.60594
196886,4.08631
196887,2.98268
196888,3.87642
196889,4.4823
196890,3.59127
196891,4.91602
196892,4.31116
196893,5.0
196894,4.19608
196895,4.67155
196896,3.69451
196897,3.78815
196898,1.3764
196899,3.28335
196900,2.781
196901,2.93538
196902,3.08577
196903,3.60521
196904,4.06049
196905,2.92598
196906,2.80172
196907,4.01416
196908,3.29059
196909,3.28095
196910,2.92944
196911,3.8014
196912,4.18478
196913,2.79745
196914,4.28539
196915,4.22702
196916,2.76923
196917,3.7896
196918,5.0
196919,4.38754
196920,5.0
196921,4.69446
196922,4.79142
196923,4.28105
196924,3.03944
196925,4.89276
196926,3.90813
196927,3.32545
196928,2.2906
196929,3.51442
196930,3.97695
196931,4.81334
196932,4.05162
196933,3.70119
196934,3.64491
196935,4.56044
196936,5.0
196937,4.07002
196938,4.21096
196939,4.24074
196940,3.21989
196941,3.08262
196942,1.34908
196943,3.63652
196944,4.62913
196945,2.74706
196946,4.2868
196947,5.0
196948,4.86232
196949,4.36898
196950,4.98578
196951,4.91746
196952,3.78726
196953,3.74484
196954,3.3289
196955,3.16339
196956,2.23053
196957,2.84583
196958,2.78258
196959,1.98828
196960,2.93864
196961,3.57603
196962,3.64748
196963,3.34735
196964,1.32361
196965,1.71167
196966,2.82823
196967,3.89237
196968,2.54437
196969,4.26922
196970,3.58561
196971,1.3105
196972,1.57498
196973,1.3166
196974,2.17071
196975,2.8212
196976,3.15852
196977,2.898
196978,4.0818
196979,4.16659
196980,3.17371
196981,4.38436
196982,3.72739
196983,2.5454
196984,2.87468
196985,2.78827
196986,2.19255
196987,4.27538
196988,3.74188
196989,4.67863
196990,3.96651
196991,4.39776
196992,3.41451
196993,4.25858
196994,4.91671
196995,4.2388
196996,4.19084
196997,4.43515
196998,4.90055
196999,3.88552
197000,4.30099
197001,4.23648
197002,3.54907
197003,3.68617
197004,4.30765
197005,2.82217
197006,3.92671
197007,4.66346
197008,4.22986
197009,4.91817
197010,4.47536
197011,4.53836
197012,4.2267
197013,3.67451
197014,4.00909
197015,4.01703
197016,3.6125
197017,4.14453
197018,4.4666
197019,4.31468
197020,2.92024
197021,4.05043
197022,4.03856
197023,3.17336
197024,4.45614
197025,4.20923
197026,3.98587
197027,3.67681
197028,4.04769
197029,3.95166
197030,3.23061
197031,4.10682
197032,4.17419
197033,3.80722
197034,4.32398
197035,3.92769
197036,4.52708
197037,3.87481
197038,4.36339
197039,4.21967
197040,4.01917
197041,3.72401
197042,3.61925
197043,3.68239
197044,4.05397
197045,4.09242
197046,4.01057
197047,4.21171
197048,3.88575
197049,3.75127
197050,4.25062
197051,3.6358
197052,4.07407
197053,4.1906
197054,3.86946
197055,4.55433
197056,2.58736
197057,3.50858
197058,3.72467
197059,3.71255
197060,3.35315
197061,3.93857
197062,4.30328
197063,3.64733
197064,4.17095
197065,3.60269
197066,1.96926
197067,4.09134
197068,3.51867
197069,4.23432
197070,4.26072
197071,3.59613
197072,3.31201
197073,3.10173
197074,3.41562
197075,4.44928
197076,3.09466
197077,4.37269
197078,3.02443
197079,3.44887
197080,1.9358
197081,3.68343
197082,4.24583
197083,4.24644
197084,3.56484
197085,3.80824
197086,3.6711
197087,3.36529
197088,2.85696
197089,3.42252
197090,3.85691
197091,2.26734
197092,4.89921
197093,2.71859
197094,3.84056
197095,2.51508
197096,1.91235
197097,2.075
197098,1.50752
197099,1.11176
197100,1.0
197101,1.90405
197102,4.38232
197103,4.39265
197104,3.62142
197105,4.04235
197106,3.69554
197107,3.86837
197108,4.79278
197109,3.645
197110,3.97617
197111,3.80052
197112,3.32763
197113,3.74324
197114,4.88991
197115,3.65203
197116,3.67164
197117,3.34818
197118,2.57448
197119,3.5294
197120,4.16407
197121,3.87254
197122,2.94791
197123,4.11227
197124,3.36915
197125,4.47294
197126,2.95708
197127,3.54436
197128,3.97649
197129,3.88658
197130,2.93579
197131,2.84855
197132,3.90852
197133,3.07444
197134,3.52767
197135,4.42882
197136,3.9233
197137,4.41171
197138,3.79906
197139,2.9271
197140,3.60389
197141,3.99391
197142,2.90747
197143,4.15722
197144,3.79173
197145,4.1362
197146,3.47257
197147,3.64953
197148,2.29156
197149,3.76468
197150,3.83175
197151,1.67647
197152,3.1402
197153,2.11649
197154,2.60682
197155,3.00312
197156,2.63006
197157,3.35369
197158,4.22279
197159,4.34986
197160,1.91673
197161,3.45446
197162,2.71973
197163,2.93645
197164,3.88648
197165,4.30215
197166,1.24535
197167,4.16622
197168,1.0
197169,2.98823
197170,3.37779
197171,3.67034
197172,2.76914
197173,4.22371
197174,4.08755
197175,3.4794
197176,3.24031
197177,2.90083
197178,4.02714
197179,2.28135
197180,3.29431
197181,4.09905
197182,3.68969
197183,3.75814
197184,3.34252
197185,3.30506
197186,3.7957
197187,4.64888
197188,3.85795
197189,2.64672
197190,4.20188
197191,3.83549
197192,4.21238
197193,3.05606
197194,2.87497
197195,4.08367
197196,3.501
197197,3.45123
197198,3.54465
197199,3.43324
197200,3.66624
197201,2.55452
197202,3.73693
197203,3.78177
197204,2.56668
197205,3.6273
197206,3.06294
197207,4.0374
197208,4.2048
197209,4.45479
197210,3.97045
197211,2.8543
197212,4.09092
197213,3.08592
197214,1.47458
197215,2.99255
197216,3.46827
197217,1.23027
197218,2.43709
197219,4.66023
197220,3.42376
197221,3.83133
197222,3.1661
197223,3.48031
197224,3.72475
197225,3.34361
197226,2.55246
197227,4.32419
197228,3.21246
197229,2.84963
197230,2.37926
197231,3.50354
197232,2.16875
197233,3.86469
197234,2.8868
197235,3.07063
197236,3.9394
197237,3.26227
197238,2.48762
197239,4.08579
197240,4.20122
197241,3.43014
197242,3.71963
197243,5.0
197244,3.76285
197245,4.93884
197246,4.4475
197247,3.77012
197248,3.52475
197249,3.90243
197250,4.08516
197251,4.91221
197252,4.65011
197253,3.88197
197254,3.29082
197255,4.93104
197256,4.04447
197257,3.51934
197258,4.12873
197259,4.1933
197260,3.71632
197261,4.59229
197262,4.06052
197263,3.92758
197264,3.35649
197265,2.98428
197266,2.59199
197267,3.59407
197268,3.44451
197269,4.20044
197270,3.33602
197271,3.51425
197272,4.95279
197273,3.00365
197274,4.08615
197275,2.41323
197276,3.44134
197277,2.85891
197278,4.42176
197279,4.78468
197280,2.25249
197281,4.51191
197282,4.54255
197283,2.79487
197284,3.98295
197285,3.25586
197286,2.56484
197287,1.0
197288,3.06517
197289,5.0
197290,4.78505
197291,4.35788
197292,4.61473
197293,4.23728
197294,4.19488
197295,4.13658
197296,2.60158
197297,4.24034
197298,4.80565
197299,3.07376
197300,5.0
197301,5.0
197302,4.30565
197303,4.66428
197304,4.70076
197305,4.45394
197306,4.28683
197307,4.30288
197308,5.0
197309,5.0
197310,2.64432
197311,3.82395
197312,5.0
197313,4.79012
197314,4.64408
197315,4.04234
197316,1.52163
197317,3.3845
197318,1.95102
197319,3.0162
197320,4.68473
197321,3.69439
197322,3.75663
197323,3.59868
197324,2.75632
197325,4.93774
197326,4.32133
197327,4.56771
197328,4.18858
197329,2.81104
197330,2.82664
197331,3.46002
197332,4.6969
197333,4.77479
197334,4.38333
197335,4.97554
197336,5.0
197337,4.52232
197338,4.43193
197339,4.17097
197340,2.98714
197341,3.01568
197342,3.40643
197343,3.84335
197344,4.43015
197345,3.31658
197346,2.19633
197347,4.30343
197348,4.72514
197349,1.06208
197350,4.28347
197351,4.30619
197352,5.0
197353,4.77772
197354,5.0
197355,4.82647
197356,4.0293
197357,4.6254
197358,3.44595
197359,4.35793
197360,4.03798
197361,3.91295
197362,3.75104
197363,2.48712
197364,5.0
197365,4.15353
197366,2.57341
197367,2.4944
197368,2.1123
197369,3.67196
197370,4.00863
197371,3.37517
197372,2.99397
197373,3.98148
197374,3.90418
197375,3.54829
197376,3.00045
197377,3.041
197378,2.9596
197379,2.88111
197380,3.6928
197381,3.61651
197382,4.22502
197383,3.23443
197384,3.08193
197385,3.61376
197386,4.15487
197387,4.12078
197388,4.53603
197389,4.82444
197390,4.49643
197391,4.81538
197392,4.14563
197393,4.23651
197394,3.46121
197395,3.0729
197396,3.70485
197397,3.1773
197398,3.94062
197399,3.95576
197400,3.29346
197401,4.37882
197402,3.92877
197403,2.95244
197404,4.98605
197405,2.83189
197406,3.13765
197407,3.78838
197408,3.52313
197409,3.77494
197410,2.83037
197411,4.01193
197412,3.00593
197413,2.8079
197414,1.0
197415,3.88361
197416,4.41786
197417,4.67158
197418,2.9215
197419,4.31811
197420,3.30934
197421,3.03957
197422,3.97438
197423,2.75172
197424,2.92086
197425,3.87392
197426,4.93932
197427,4.43948
197428,3.49202
197429,2.96296
197430,5.0
197431,2.60448
197432,4.04213
197433,3.0183
197434,3.99181
197435,3.72937
197436,2.18714
197437,3.22969
197438,2.69052
197439,3.40225
197440,4.25623
197441,4.54639
197442,4.04116
197443,2.84811
197444,4.28148
197445,2.38012
197446,3.88623
197447,3.87017
197448,4.36663
197449,2.7451
197450,2.71974
197451,2.62185
197452,4.23402
197453,3.28717
197454,2.53025
197455,2.67429
197456,4.45235
197457,2.70009
197458,3.52493
197459,3.59068
197460,3.58539
197461,3.40182
197462,4.3278
197463,3.62926
197464,3.93045
197465,3.58648
197466,3.30181
197467,2.99706
197468,3.68417
197469,3.83445
197470,3.47845
197471,3.03603
197472,4.20636
197473,2.82845
197474,4.09475
197475,2.83159
197476,3.99617
197477,2.45729
197478,5.0
197479,4.05574
197480,2.85033
197481,3.69934
197482,3.62781
197483,4.25782
197484,3.96646
197485,3.88385
197486,4.25535
197487,4.31515
197488,2.7542
197489,4.28445
197490,3.92853
197491,3.90938
197492,3.71296
197493,3.85605
197494,4.12792
197495,3.7636
197496,3.81734
197497,3.73667
197498,2.73328
197499,3.36224
197500,4.29628
197501,3.04015
197502,3.31023
197503,3.86082
197504,4.29948
197505,2.97979
197506,3.15339
197507,3.0683
197508,3.8512
197509,3.45094
197510,2.31986
197511,2.1285
197512,2.78701
197513,2.94772
197514,4.10166
197515,3.56127
197516,2.23834
197517,2.92197
197518,2.66388
197519,3.61371
197520,3.35058
197521,2.36587
197522,2.84696
197523,2.96048
197524,3.59355
197525,2.30958
197526,3.56413
197527,2.08126
197528,2.66939
197529,2.92664
197530,2.54997
197531,3.17803
197532,3.97848
197533,2.90022
197534,3.34028
197535,2.73239
197536,3.40972
197537,3.16206
197538,3.10642
197539,3.5855
197540,3.56941
197541,4.37793
197542,3.67945
197543,3.98322
197544,3.49272
197545,3.2214
197546,3.40533
197547,3.2736
197548,2.63623
197549,2.19937
197550,3.83812
197551,1.91365
197552,3.47535
197553,2.38994
197554,3.01745
197555,2.62397
197556,3.79089
197557,2.92471
197558,3.04039
197559,3.05897
197560,3.05127
197561,3.56056
197562,4.03224
197563,3.84466
197564,3.55175
197565,3.02351
197566,3.08856
197567,3.27556
197568,3.4598
197569,1.85618
197570,4.17889
197571,2.23336
197572,3.15358
197573,3.60995
197574,2.84881
197575,2.05402
197576,3.08097
197577,4.2361
197578,3.76059
197579,3.9172
197580,3.85537
197581,3.48685
197582,3.59244
197583,4.01442
197584,3.73052
197585,4.30602
197586,3.61085
197587,3.76983
197588,3.51501
197589,4.00805
197590,3.67951
197591,4.64589
197592,3.70321
197593,3.55055
197594,3.28833
197595,3.50748
197596,3.10911
197597,3.71407
197598,3.63706
197599,3.35408
197600,4.28724
197601,4.04079
197602,2.777
197603,2.63946
197604,3.6476
197605,3.67156
197606,2.44909
197607,4.14729
197608,3.38044
197609,3.5284
197610,2.76039
197611,3.35407
197612,3.3386
197613,3.92593
197614,5.0
197615,4.16332
197616,3.65268
197617,3.571
197618,3.08302
197619,2.94234
197620,5.0
197621,4.79617
197622,4.11426
197623,4.78576
197624,4.76855
197625,4.56752
197626,4.19342
197627,4.58778
197628,2.05313
197629,3.78305
197630,4.91007
197631,2.31259
197632,4.72911
197633,3.43871
197634,3.55207
197635,2.94351
197636,3.28951
197637,1.0
197638,4.05549
197639,4.15978
197640,3.38982
197641,3.56429
197642,4.2
197643,3.55142
197644,4.81089
197645,2.77846
197646,3.63401
197647,3.94758
197648,3.32746
197649,2.903
197650,1.35784
197651,2.64719
197652,2.90049
197653,2.66562
197654,3.68208
197655,3.07028
197656,3.11117
197657,3.38392
197658,3.71815
197659,4.61363
197660,4.07265
197661,2.88028
197662,4.20907
197663,3.93672
197664,2.32972
197665,4.55719
197666,3.25585
197667,2.96406
197668,3.35958
197669,4.01234
197670,4.02336
197671,3.34371
197672,1.4206
197673,4.16633
197674,3.53306
197675,2.2304
197676,3.49276
197677,2.44269
197678,1.00965
197679,2.48161
197680,4.14444
197681,4.01603
197682,4.42355
197683,3.68623
197684,3.39908
197685,3.63071
197686,1.39617
197687,3.34784
197688,3.18272
197689,2.89234
197690,2.68892
197691,3.19211
197692,3.3497
197693,4.48944
197694,4.86661
197695,5.0
197696,2.33042
197697,4.43133
197698,2.10431
197699,5.0
197700,2.20038
197701,1.66122
197702,2.82767
197703,2.67678
197704,2.81299
197705,2.79526
197706,2.81134
197707,5.0
197708,4.65371
197709,3.55546
197710,1.0516
197711,3.22963
197712,2.87505
197713,3.30415
197714,4.5272
197715,4.6603
197716,4.50957
197717,3.51768
197718,3.32261
197719,4.81621
197720,4.2953
197721,1.0
197722,4.5825
197723,4.886
197724,4.44113
197725,3.68384
197726,1.77959
197727,1.45174
197728,2.03012
197729,1.62627
197730,1.3519
197731,2.1149
197732,2.76547
197733,1.60245
197734,3.60211
197735,3.84996
197736,1.03673
197737,2.03905
197738,1.54819
197739,3.16227
197740,1.0
197741,1.0
197742,3.36885
197743,4.5639
197744,4.42034
197745,3.12171
197746,3.17338
197747,1.77615
197748,3.57105
197749,2.72528
197750,1.6846
197751,1.43561
197752,3.7266
197753,3.82701
197754,4.16796
197755,4.24919
197756,4.03141
197757,3.28301
197758,3.9204
197759,3.57488
197760,4.40607
197761,3.38629
197762,3.86773
197763,3.26365
197764,4.33146
197765,3.81742
197766,4.59406
197767,4.15334
197768,3.64383
197769,4.04009
197770,3.6999
197771,3.73749
197772,4.57636
197773,3.0832
197774,4.19676
197775,3.46977
197776,3.0715
197777,3.78432
197778,4.74889
197779,3.54963
197780,4.65339
197781,3.93337
197782,4.09502
197783,4.3372
197784,4.3894
197785,4.40091
197786,4.56391
197787,3.52105
197788,3.26235
197789,4.01577
197790,3.61299
197791,4.21747
197792,3.56446
197793,3.82195
197794,4.01037
197795,3.54162
197796,3.81902
197797,3.94679
197798,4.37836
197799,3.70869
197800,3.55725
197801,3.37349
197802,4.44073
197803,4.59481
197804,3.97
197805,3.23937
197806,4.56418
197807,4.14382
197808,4.05793
197809,4.16597
197810,3.93859
197811,4.5686
197812,4.10684
197813,4.47471
197814,3.72995
197815,3.91666
197816,3.14349
197817,4.55403
197818,3.52625
197819,4.43718
197820,4.64004
197821,2.90849
197822,2.22811
197823,3.88078
197824,4.4081
197825,2.99283
197826,3.26585
197827,2.21448
197828,3.2026
197829,2.6001
197830,3.01316
197831,4.04384
197832,3.9238
197833,2.61475
197834,4.00581
197835,4.19808
197836,4.33203
197837,4.28544
197838,3.34901
197839,3.15551
197840,4.58534
197841,3.88478
197842,2.70302
197843,2.59424
197844,2.03923
197845,2.55378
197846,2.89632
197847,3.63502
197848,3.38032
197849,2.57369
197850,2.92642
197851,3.25103
197852,3.15171
197853,2.28786
197854,2.68229
197855,1.92197
197856,2.15816
197857,3.234
197858,1.85952
197859,2.51158
197860,3.46835
197861,2.42775
197862,1.93461
197863,3.36292
197864,3.93188
197865,3.56485
197866,2.00847
197867,3.43804
197868,2.63997
197869,1.46664
197870,2.74143
197871,3.66029
197872,4.67918
197873,4.0922
197874,3.99029
197875,3.13424
197876,3.90872
197877,3.02652
197878,2.60711
197879,3.25736
197880,3.10559
197881,3.09954
197882,3.44238
197883,2.54688
197884,4.54527
197885,2.75178
197886,4.23449
197887,3.52023
197888,2.61183
197889,1.24551
197890,3.15124
197891,3.90808
197892,4.33398
197893,3.4847
197894,3.07331
197895,2.71363
197896,3.56057
197897,3.90136
197898,3.21832
197899,3.46527
197900,4.6923
197901,3.55234
197902,3.4775
197903,2.27147
197904,2.86474
197905,2.34006
197906,3.38825
197907,3.38645
197908,3.7939
197909,2.68173
197910,3.34009
197911,4.66578
197912,3.39606
197913,3.89077
197914,3.13359
197915,3.94595
197916,3.01041
197917,2.61856
197918,2.40274
197919,3.9124
197920,4.51165
197921,3.13642
197922,3.44461
197923,4.38975
197924,3.87036
197925,3.84001
197926,3.36752
197927,3.93611
197928,4.11984
197929,4.09297
197930,4.31311
197931,3.91784
197932,4.32
197933,4.704
197934,2.85681
197935,4.9627
197936,3.67606
197937,3.70658
197938,2.77421
197939,2.8572
197940,3.33598
197941,3.36851
197942,3.34506
197943,4.08964
197944,3.38908
197945,2.31074
197946,3.99699
197947,3.9789
197948,4.27595
197949,4.47306
197950,3.95822
197951,4.28185
197952,4.14777
197953,4.06255
197954,4.31428
197955,3.83721
197956,4.33745
197957,3.6156
197958,4.39326
197959,3.91293
197960,3.92333
197961,4.18104
197962,4.26574
197963,4.32782
197964,4.19579
197965,4.36773
197966,4.1516
197967,1.60328
197968,4.38537
197969,1.62953
197970,4.29159
197971,4.01059
197972,4.18176
197973,4.03743
197974,4.05873
197975,3.69442
197976,3.81391
197977,3.37882
197978,3.59411
197979,4.30415
197980,3.78227
197981,3.7891
197982,4.74539
197983,4.18903
197984,2.1825
197985,4.35676
197986,3.80573
197987,4.76429
197988,3.66021
197989,3.85192
197990,4.03777
197991,4.96084
197992,5.0
197993,4.84797
197994,3.48897
197995,3.63177
197996,2.12673
197997,4.42284
197998,2.73485
197999,4.66674
198000,2.79271
198001,3.80396
198002,2.60415
198003,3.25002
198004,3.68172
198005,3.25777
198006,3.849
198007,4.19488
198008,3.31779
198009,3.19537
198010,3.67144
198011,3.15136
198012,4.10946
198013,3.01412
198014,3.88052
198015,3.17789
198016,3.64509
198017,3.29571
198018,4.45602
198019,2.65018
198020,4.00233
198021,3.99658
198022,2.13562
198023,4.58412
198024,3.60353
198025,3.98153
198026,3.17518
198027,2.99716
198028,4.25652
198029,2.8601
198030,3.78505
198031,3.69383
198032,3.4717
198033,4.40208
198034,3.55995
198035,5.0
198036,3.61583
198037,3.58803
198038,4.15114
198039,3.58059
198040,3.97802
198041,2.47668
198042,4.27337
198043,3.2579
198044,2.89231
198045,3.39075
198046,1.38913
198047,3.95606
198048,2.18097
198049,1.66506
198050,4.08033
198051,1.44477
198052,3.28958
198053,3.26373
198054,2.29731
198055,2.42432
198056,3.75243
198057,3.24727
198058,3.59735
198059,3.36306
198060,3.78826
198061,3.7541
198062,3.33403
198063,1.97694
198064,3.03656
198065,3.46753
198066,2.54586
198067,2.63507
198068,3.42032
198069,3.03565
198070,2.51271
198071,3.20983
198072,3.61048
198073,2.80289
198074,3.28659
198075,3.36104
198076,3.13814
198077,3.27732
198078,2.94804
198079,3.01038
198080,2.07258
198081,2.3229
198082,2.59192
198083,3.1219
198084,3.30516
198085,3.18979
198086,2.63287
198087,3.36625
198088,3.18309
198089,3.479
198090,3.50066
198091,3.46155
198092,3.76716
198093,3.47507
198094,2.77312
198095,3.03624
198096,3.58898
198097,3.41622
198098,3.30414
198099,3.06123
198100,3.41458
198101,2.92059
198102,3.16656
198103,2.93172
198104,2.63611
198105,3.55521
198106,2.73049
198107,3.05339
198108,3.55445
198109,3.0767
198110,3.54862
198111,3.8202
198112,3.33559
198113,3.10696
198114,2.79867
198115,2.24027
198116,3.52226
198117,3.67837
198118,3.11769
198119,3.59936
198120,3.41952
198121,3.47462
198122,3.11615
198123,4.15865
198124,4.28409
198125,3.41446
198126,3.48528
198127,3.94738
198128,4.14895
198129,4.10395
198130,4.3232
198131,3.5784
198132,3.74368
198133,3.27037
198134,1.79307
198135,3.97277
198136,4.27388
198137,4.55393
198138,4.37968
198139,3.90128
198140,4.73077
198141,3.05058
198142,4.7835
198143,3.17729
198144,4.00226
198145,2.73032
198146,4.6546
198147,4.70611
198148,1.49991
198149,3.06197
198150,3.8128
198151,4.48788
198152,4.37701
198153,4.37738
198154,4.07485
198155,4.22695
198156,3.68099
198157,4.31993
198158,4.06766
198159,3.66689
198160,3.70141
198161,4.1624
198162,3.0143
198163,3.25209
198164,4.70675
198165,3.91614
198166,3.96962
198167,3.52912
198168,3.62845
198169,1.0
198170,2.73162
198171,3.927
198172,3.48592
198173,3.99296
198174,2.79946
198175,3.8713
198176,4.3218
198177,3.51559
198178,4.23211
198179,3.47979
198180,3.17684
198181,3.92198
198182,4.02448
198183,2.71702
198184,3.31779
198185,4.23702
198186,3.0854
198187,2.7555
198188,3.90069
198189,4.18845
198190,3.75773
198191,3.45988
198192,3.51991
198193,4.7589
198194,3.85694
198195,3.78497
198196,4.38358
198197,2.76864
198198,3.25989
198199,2.67982
198200,4.18467
198201,2.82223
198202,3.62774
198203,3.56252
198204,4.19567
198205,3.76525
198206,2.74009
198207,3.51258
198208,2.8574
198209,2.64451
198210,4.04393
198211,2.7933
198212,3.90614
198213,4.09622
198214,4.61272
198215,3.0693
198216,4.08021
198217,4.131
198218,4.1954
198219,3.23118
198220,4.27265
198221,3.43743
198222,3.88421
198223,4.35052
198224,3.69239
198225,4.37299
198226,3.7871
198227,3.36337
198228,3.43418
198229,3.65196
198230,3.86703
198231,4.17361
198232,3.89794
198233,3.36911
198234,3.20526
198235,4.07244
198236,4.07358
198237,4.5162
198238,4.14641
198239,2.17891
198240,2.35934
198241,3.21894
198242,3.51757
198243,3.88386
198244,3.44185
198245,3.69592
198246,3.96391
198247,4.33007
198248,4.16784
198249,3.67496
198250,3.02383
198251,2.52693
198252,3.40417
198253,3.25387
198254,3.88226
198255,3.71428
198256,3.43345
198257,4.04756
198258,3.16591
198259,4.50706
198260,4.03273
198261,3.78139
198262,3.09668
198263,4.51776
198264,3.6605
198265,4.40759
198266,4.11427
198267,3.45522
198268,3.14728
198269,4.1335
198270,3.72416
198271,3.51413
198272,3.01628
198273,2.55435
198274,3.65961
198275,3.83909
198276,5.0
198277,4.81937
198278,4.80475
198279,4.41666
198280,3.92701
198281,5.0
198282,4.22175
198283,4.27793
198284,4.52906
198285,3.83349
198286,3.75303
198287,3.89106
198288,3.65914
198289,3.90882
198290,3.43572
198291,3.96313
198292,3.75878
198293,3.77586
198294,2.9668
198295,4.54369
198296,4.25067
198297,3.47922
198298,4.2469
198299,4.36566
198300,4.54185
198301,4.88092
198302,4.01597
198303,4.4034
198304,3.73994
198305,3.61882
198306,5.0
198307,4.67381
198308,5.0
198309,2.4037
198310,4.74141
198311,4.34708
198312,3.38613
198313,3.57349
198314,2.62955
198315,3.46429
198316,4.33188
198317,4.08749
198318,3.2865
198319,4.3838
198320,4.36628
198321,4.10758
198322,4.26001
198323,3.55217
198324,4.40281
198325,3.94009
198326,3.27117
198327,3.15665
198328,3.17469
198329,4.79676
198330,4.43263
198331,2.96501
198332,3.1061
198333,3.80114
198334,4.58099
198335,3.93982
198336,2.19225
198337,4.20044
198338,3.55085
198339,4.03217
198340,3.82037
198341,4.6097
198342,3.19422
198343,4.13465
198344,4.62826
198345,4.39391
198346,2.7864
198347,3.15874
198348,3.32909
198349,4.06882
198350,2.91338
198351,4.09653
198352,2.96831
198353,3.22712
198354,4.14843
198355,3.48704
198356,3.75176
198357,3.26148
198358,4.43039
198359,4.70543
198360,4.48872
198361,4.18993
198362,4.46914
198363,4.65622
198364,3.2835
198365,4.58187
198366,3.99639
198367,4.29602
198368,4.80741
198369,2.44304
198370,2.94768
198371,4.09381
198372,4.62129
198373,4.35611
198374,4.59463
198375,4.78993
198376,4.40286
198377,4.66063
198378,4.21215
198379,4.29043
198380,5.0
198381,3.23873
198382,1.62753
198383,1.12532
198384,3.69549
198385,5.0
198386,4.95893
198387,3.81687
198388,1.57474
198389,4.1929
198390,4.08912
198391,3.21359
198392,4.3454
198393,4.05143
198394,4.2745
198395,4.76752
198396,3.80841
198397,4.31634
198398,1.8728
198399,2.42528
198400,3.09156
198401,4.25868
198402,1.55891
198403,3.58956
198404,2.71728
198405,3.10345
198406,3.89125
198407,3.76536
198408,3.48132
198409,2.83886
198410,2.603
198411,4.81356
198412,3.47639
198413,4.93759
198414,4.30479
198415,4.61318
198416,4.97192
198417,4.43654
198418,4.48025
198419,4.32773
198420,3.12055
198421,4.42315
198422,4.31742
198423,4.80217
198424,2.81063
198425,4.19738
198426,2.88948
198427,2.33236
198428,5.0
198429,4.92578
198430,4.92961
198431,4.05117
198432,5.0
198433,4.78683
198434,4.99448
198435,4.45807
198436,4.55343
198437,4.56539
198438,4.64783
198439,4.2919
198440,4.08609
198441,2.28852
198442,4.44856
198443,5.0
198444,4.4777
198445,4.40423
198446,4.73189
198447,3.81227
198448,4.94505
198449,5.0
198450,2.7131
198451,4.70494
198452,5.0
198453,4.80353
198454,3.68958
198455,3.47296
198456,1.38738
198457,4.29081
198458,4.75048
198459,3.67074
198460,4.38508
198461,4.18696
198462,3.43038
198463,4.33972
198464,4.65517
198465,3.53135
198466,4.37492
198467,4.06226
198468,3.81247
198469,2.92975
198470,2.73298
198471,3.49575
198472,2.74038
198473,1.78292
198474,2.69199
198475,2.87149
198476,3.01698
198477,3.79211
198478,3.91026
198479,2.72588
198480,2.80168
198481,3.26375
198482,3.09671
198483,1.82993
198484,2.02777
198485,3.02209
198486,1.63934
198487,3.47831
198488,2.22138
198489,3.43885
198490,4.09205
198491,4.10436
198492,4.34728
198493,3.6497
198494,1.98385
198495,3.75708
198496,2.66803
198497,2.98019
198498,3.29152
198499,2.98552
198500,2.92378
198501,1.83729
198502,3.56724
198503,2.68949
198504,1.63882
198505,3.33232
198506,4.09875
198507,3.62263
198508,3.28489
198509,3.34263
198510,2.63949
198511,2.53276
198512,3.64939
198513,3.95139
198514,4.64487
198515,4.50056
198516,3.86746
198517,4.70659
198518,3.98304
198519,4.93003
198520,5.0
198521,4.03792
198522,4.71915
198523,3.92227
198524,4.28804
198525,3.44394
198526,4.83168
198527,4.01176
198528,4.94381
198529,3.78687
198530,4.17615
198531,4.66005
198532,3.08039
198533,3.85586
198534,5.0
198535,4.78429
198536,3.07004
198537,3.7589
198538,4.44266
198539,4.77245
198540,3.00849
198541,2.87541
198542,2.98549
198543,1.83307
198544,2.22043
198545,3.94256
198546,3.61523
198547,4.87812
198548,1.44676
198549,3.48907
198550,4.89515
198551,3.66104
198552,3.7829
198553,1.92165
198554,4.10604
198555,3.94388
198556,2.98651
198557,1.34744
198558,3.32606
198559,1.53096
198560,3.11011
198561,3.18797
198562,2.33896
198563,4.20696
198564,2.90164
198565,2.96832
198566,3.39651
198567,2.93761
198568,1.04769
198569,3.64867
198570,3.47626
198571,3.14761
198572,2.76694
198573,1.99436
198574,2.49598
198575,3.63317
198576,3.02371
198577,4.02838
198578,3.78362
198579,3.47674
198580,4.21566
198581,3.93139
198582,4.44427
198583,4.32696
198584,5.0
198585,3.14673
198586,1.48764
198587,2.50429
198588,1.93885
198589,1.25412
198590,2.49841
198591,3.77167
198592,3.68801
198593,4.09127
198594,3.50319
198595,3.12037
198596,4.55572
198597,4.7364
198598,2.64903
198599,5.0
198600,2.8864
198601,2.81456
198602,2.28714
198603,2.78262
198604,3.13559
198605,2.26226
198606,4.38348
198607,3.87607
198608,1.38871
198609,1.49442
198610,3.10594
198611,2.47369
198612,3.15605
198613,3.7294
198614,3.85342
198615,4.88563
198616,3.58317
198617,3.84258
198618,2.33822
198619,3.56409
198620,2.91017
198621,1.91811
198622,1.40873
198623,4.47547
198624,4.92414
198625,2.79561
198626,2.83795
198627,3.00448
198628,3.20261
198629,3.08936
198630,3.9771
198631,4.64701
198632,4.13648
198633,2.26882
198634,3.43441
198635,4.64647
198636,4.93127
198637,3.43357
198638,4.38868
198639,3.48749
198640,3.22784
198641,4.10077
198642,4.60104
198643,2.71516
198644,3.67396
198645,3.47434
198646,3.60577
198647,4.0288
198648,3.12368
198649,3.33774
198650,3.20773
198651,4.43594
198652,3.93155
198653,3.72317
198654,3.71099
198655,3.64459
198656,3.58521
198657,4.42758
198658,3.8354
198659,3.76863
198660,3.37283
198661,4.23363
198662,4.11044
198663,3.74358
198664,3.72751
198665,3.92618
198666,3.32833
198667,3.15202
198668,2.79504
198669,1.82622
198670,3.07241
198671,3.99536
198672,3.4317
198673,4.09877
198674,3.64027
198675,3.62687
198676,3.98839
198677,3.71961
198678,2.83584
198679,3.02318
198680,2.96786
198681,3.86065
198682,3.55907
198683,2.87638
198684,2.69292
198685,2.98234
198686,2.55982
198687,3.59133
198688,3.88682
198689,2.98471
198690,2.75145
198691,3.41152
198692,2.98166
198693,3.10148
198694,3.37003
198695,3.09116
198696,2.94856
198697,3.40064
198698,3.62633
198699,3.52147
198700,3.75534
198701,3.65873
198702,3.57945
198703,3.15116
198704,3.21183
198705,3.64519
198706,3.53548
198707,4.49753
198708,3.19051
198709,2.89913
198710,3.23282
198711,3.73196
198712,3.54752
198713,3.40963
198714,2.81092
198715,2.49921
198716,3.41471
198717,3.91424
198718,4.28278
198719,4.57203
198720,4.48188
198721,3.97703
198722,3.4785
198723,3.81346
198724,3.24512
198725,2.887
198726,2.85576
198727,2.0872
198728,3.44961
198729,3.45207
198730,4.46007
198731,2.90138
198732,3.50166
198733,3.15893
198734,4.761
198735,4.09874
198736,4.27338
198737,4.10744
198738,4.99742
198739,3.49989
198740,4.38325
198741,4.27173
198742,3.17084
198743,3.16119
198744,3.41667
198745,2.66391
198746,2.86426
198747,3.43693
198748,2.55248
198749,4.20854
198750,4.33734
198751,4.03395
198752,3.16587
198753,4.30027
198754,3.8322
198755,3.69851
198756,3.59974
198757,3.93411
198758,4.1359
198759,4.19327
198760,4.0745
198761,3.75314
198762,2.86463
198763,4.02437
198764,3.51062
198765,1.91741
198766,3.8993
198767,4.03484
198768,1.84499
198769,2.22176
198770,3.19424
198771,3.298
198772,2.14191
198773,3.50209
198774,2.92106
198775,3.19156
198776,2.55002
198777,2.99893
198778,2.8363
198779,3.15486
198780,3.83205
198781,4.3143
198782,3.21387
198783,3.58625
198784,3.35722
198785,4.30666
198786,2.95703
198787,3.65128
198788,2.22615
198789,2.74642
198790,3.75341
198791,3.11162
198792,3.07716
198793,1.9701
198794,3.93073
198795,3.98976
198796,3.73975
198797,3.13307
198798,3.60311
198799,4.90293
198800,4.17885
198801,2.6754
198802,4.03192
198803,4.28623
198804,3.53069
198805,4.30367
198806,3.30169
198807,4.23728
198808,3.58426
198809,1.46954
198810,4.3899
198811,4.66862
198812,3.08776
198813,4.15829
198814,3.20318
198815,3.04908
198816,4.13375
198817,2.51741
198818,3.67153
198819,3.90892
198820,3.72849
198821,3.17241
198822,3.69706
198823,4.93338
198824,5.0
198825,3.5437
198826,4.97981
198827,3.12007
198828,4.88058
198829,3.33031
198830,2.57103
198831,3.64016
198832,4.69159
198833,3.73091
198834,2.91948
198835,4.85273
198836,4.3051
198837,3.7859
198838,4.65155
198839,3.54226
198840,4.04495
198841,3.94546
198842,4.57332
198843,4.07452
198844,3.45987
198845,3.25364
198846,2.76936
198847,4.40398
198848,4.77506
198849,2.66156
198850,4.55034
198851,4.6912
198852,2.30161
198853,3.45873
198854,2.90461
198855,4.16282
198856,3.75821
198857,3.71831
198858,2.6779
198859,3.79334
198860,4.40354
198861,2.3781
198862,4.74265
198863,3.61014
198864,4.54688
198865,4.34264
198866,3.01566
198867,3.36345
198868,1.99754
198869,4.4067
198870,4.11872
198871,5.0
198872,3.75881
198873,2.89111
198874,2.63524
198875,3.30446
198876,2.3875
198877,2.91006
198878,1.75263
198879,2.97351
198880,3.11719
198881,3.62741
198882,3.62272
198883,3.05182
198884,2.77484
198885,1.81543
198886,4.98172
198887,4.33029
198888,3.39892
198889,4.86675
198890,4.35523
198891,4.47821
198892,2.26605
198893,3.77533
198894,3.06881
198895,4.68948
198896,3.6654
198897,1.87311
198898,4.01155
198899,3.07339
198900,4.94985
198901,3.25699
198902,4.1512
198903,4.65073
198904,4.30057
198905,3.80882
198906,3.14939
198907,3.31896
198908,3.33274
198909,3.03722
198910,4.22914
198911,3.00534
198912,3.80052
198913,4.15487
198914,3.26028
198915,3.43207
198916,1.6627
198917,2.94286
198918,3.39632
198919,3.59713
198920,2.64907
198921,3.92783
198922,3.64785
198923,3.61976
198924,3.86412
198925,3.93909
198926,3.50598
198927,3.89055
198928,4.72668
198929,4.40625
198930,4.21446
198931,3.25273
198932,4.76962
198933,3.94355
198934,3.91401
198935,3.93864
198936,4.44079
198937,3.32536
198938,4.53379
198939,3.3846
198940,3.83921
198941,3.73251
198942,3.54686
198943,4.60548
198944,4.11312
198945,3.7946
198946,3.84818
198947,3.59772
198948,3.38516
198949,3.12775
198950,3.54927
198951,4.03276
198952,3.84872
198953,3.49017
198954,3.56447
198955,2.25112
198956,4.18589
198957,3.76358
198958,2.62879
198959,3.64575
198960,3.96283
198961,4.18259
198962,3.71054
198963,4.13774
198964,4.68613
198965,4.15134
198966,5.0
198967,4.06051
198968,3.30606
198969,5.0
198970,1.28328
198971,2.09081
198972,3.10259
198973,3.65875
198974,2.5921
198975,3.20922
198976,4.27009
198977,3.38264
198978,4.06748
198979,2.49592
198980,4.11778
198981,3.24003
198982,2.7344
198983,1.75876
198984,3.98353
198985,3.7207
198986,4.38172
198987,4.24204
198988,4.3202
198989,3.61574
198990,3.99583
198991,1.23519
198992,4.3339
198993,4.71349
198994,4.6564
198995,3.67885
198996,2.29949
198997,3.32766
198998,3.36506
198999,3.36607
199000,3.98599
199001,3.85506
199002,2.81663
199003,1.93928
199004,3.64251
199005,3.89255
199006,2.92863
199007,3.57374
199008,3.77625
199009,3.80022
199010,3.76378
199011,3.9735
199012,5.0
199013,4.19118
199014,1.9018
199015,4.39623
199016,3.17218
199017,3.72078
199018,4.55153
199019,3.24953
199020,5.0
199021,2.62326
199022,1.06838
199023,3.10488
199024,4.22149
199025,2.32668
199026,4.2823
199027,4.16717
199028,1.61576
199029,3.23148
199030,2.88422
199031,3.99729
199032,2.8584
199033,3.27435
199034,4.08805
199035,4.17144
199036,2.78671
199037,2.88378
199038,4.04992
199039,3.3837
199040,3.48489
199041,3.70384
199042,3.84312
199043,2.23095
199044,3.84721
199045,2.99272
199046,3.56132
199047,2.24173
199048,2.27169
199049,2.31337
199050,3.36455
199051,2.23958
199052,3.45225
199053,3.85398
199054,1.19996
199055,4.08518
199056,2.83825
199057,3.54708
199058,3.80855
199059,4.11979
199060,3.54696
199061,3.62118
199062,4.063
199063,2.84306
199064,2.54838
199065,3.8468
199066,3.92872
199067,2.9339
199068,4.01702
199069,3.88265
199070,3.9022
199071,4.19263
199072,3.93026
199073,3.79129
199074,2.63854
199075,3.14572
199076,3.68002
199077,3.85588
199078,3.31672
199079,3.5083
199080,3.49774
199081,4.89596
199082,3.35143
199083,4.34295
199084,3.9521
199085,3.80475
199086,3.58982
199087,1.76582
199088,4.4845
199089,3.35336
199090,3.80879
199091,2.93837
199092,3.69515
199093,3.33878
199094,1.82755
199095,3.86113
199096,3.78237
199097,4.80345
199098,4.11203
199099,3.44342
199100,3.81564
199101,1.65169
199102,4.43447
199103,4.01776
199104,3.75492
199105,2.29711
199106,3.54244
199107,3.92889
199108,4.17773
199109,3.80719
199110,3.15545
199111,3.50923
199112,3.76269
199113,3.96025
199114,4.31517
199115,3.58232
199116,3.66567
199117,3.83837
199118,4.58092
199119,4.07318
199120,2.15249
199121,4.68478
199122,5.0
199123,4.44986
199124,4.33083
199125,4.0625
199126,2.54659
199127,2.86712
199128,4.82214
199129,2.74874
199130,3.26777
199131,3.13916
199132,2.87816
199133,3.29429
199134,4.39036
199135,4.16416
199136,4.77874
199137,4.52462
199138,4.46835
199139,5.0
199140,4.47075
199141,4.65132
199142,4.63375
199143,3.54154
199144,3.59806
199145,3.73678
199146,4.78377
199147,2.43188
199148,4.92369
199149,4.03984
199150,3.85055
199151,4.33466
199152,1.7618
199153,3.69879
199154,3.00682
199155,2.45512
199156,2.70756
199157,3.25718
199158,2.19065
199159,2.20929
199160,3.3907
199161,3.5744
199162,4.1168
199163,4.00969
199164,3.97418
199165,3.52376
199166,3.70202
199167,2.95209
199168,3.70256
199169,3.4565
199170,4.31252
199171,3.05278
199172,3.60739
199173,4.27371
199174,3.71677
199175,2.69774
199176,3.81006
199177,3.34875
199178,2.67085
199179,4.23924
199180,3.76469
199181,4.15611
199182,2.75536
199183,3.61971
199184,3.98423
199185,2.88064
199186,4.24411
199187,4.10819
199188,2.12178
199189,4.18902
199190,3.51231
199191,3.57097
199192,3.58261
199193,1.80284
199194,3.73343
199195,3.33828
199196,3.52487
199197,3.16063
199198,3.92517
199199,2.90563
199200,4.21699
199201,3.32645
199202,2.99063
199203,2.69898
199204,2.69794
199205,3.73054
199206,3.7305
199207,3.87904
199208,2.72176
199209,2.6199
199210,2.60932
199211,4.09023
199212,3.94895
199213,3.28982
199214,3.50725
199215,4.92876
199216,4.69757
199217,3.99163
199218,4.55435
199219,4.38819
199220,4.94612
199221,4.6776
199222,4.3759
199223,4.55061
199224,3.67587
199225,3.76543
199226,4.15724
199227,4.17666
199228,4.59233
199229,3.80834
199230,4.8719
199231,4.10287
199232,3.77887
199233,3.8101
199234,4.3909
199235,4.04519
199236,4.72922
199237,4.13026
199238,3.46561
199239,3.75689
199240,3.84814
199241,4.29192
199242,4.2098
199243,3.64234
199244,2.90944
199245,4.39214
199246,4.77224
199247,4.75842
199248,4.17101
199249,2.57152
199250,4.81563
199251,4.45203
199252,3.02138
199253,3.46062
199254,4.36252
199255,3.33965
199256,3.68427
199257,3.90856
199258,2.48865
199259,3.5776
199260,3.98295
199261,3.97096
199262,3.78153
199263,4.2998
199264,4.65348
199265,4.49417
199266,3.83683
199267,4.1205
199268,3.30035
199269,3.65439
199270,3.06652
199271,4.79213
199272,4.79567
199273,4.65134
199274,4.50286
199275,4.6443
199276,4.02951
199277,3.01945
199278,4.19521
199279,3.40668
199280,4.15265
199281,2.86291
199282,3.39425
199283,3.03913
199284,4.79168
199285,3.10259
199286,3.51668
199287,4.45988
199288,3.98974
199289,3.73607
199290,2.49984
199291,4.15498
199292,4.18984
199293,4.17478
199294,4.71808
199295,3.54127
199296,2.85227
199297,2.72926
199298,4.05807
199299,3.7509
199300,4.17537
199301,4.31383
199302,4.89297
199303,3.98648
199304,4.89463
199305,4.35813
199306,4.12657
199307,3.30792
199308,2.53933
199309,2.99694
199310,3.2421
199311,3.67265
199312,2.90876
199313,2.5411
199314,3.56419
199315,2.49626
199316,3.55494
199317,3.49808
199318,1.02033
199319,1.7774
199320,3.33313
199321,3.11846
199322,4.51731
199323,2.22235
199324,4.16316
199325,2.59908
199326,3.85439
199327,3.41013
199328,2.9008
199329,3.75858
199330,3.8491
199331,3.42685
199332,2.99302
199333,3.50592
199334,3.31757
199335,4.99159
199336,3.97524
199337,3.45667
199338,2.84127
199339,4.7612
199340,2.78878
199341,3.34583
199342,3.16639
199343,3.35821
199344,3.12649
199345,2.11464
199346,3.63375
199347,2.43036
199348,4.08431
199349,3.90001
199350,2.43335
199351,4.11748
199352,3.596
199353,4.55344
199354,4.07687
199355,3.24724
199356,4.14212
199357,4.04484
199358,3.68046
199359,2.9191
199360,2.92426
199361,4.34362
199362,3.82303
199363,2.37016
199364,4.6063
199365,2.78308
199366,3.07063
199367,2.89888
199368,3.99996
199369,3.24679
199370,2.11567
199371,2.47192
199372,4.05008
199373,3.63239
199374,3.03296
199375,2.89556
199376,4.3021
199377,3.88358
199378,2.87023
199379,3.98913
199380,4.54212
199381,3.7307
199382,3.02657
199383,3.74472
199384,4.44
199385,3.95239
199386,3.98847
199387,3.16538
199388,4.3041
199389,4.28144
199390,4.01514
199391,2.83858
199392,3.53664
199393,3.17115
199394,3.77835
199395,1.0
199396,2.91972
199397,3.15287
199398,4.41422
199399,3.60315
199400,4.6081
199401,4.81325
199402,4.47136
199403,2.32745
199404,2.89542
199405,3.81592
199406,3.43883
199407,4.24139
199408,4.48409
199409,4.07018
199410,4.18344
199411,2.32558
199412,4.25205
199413,4.623
199414,4.56316
199415,4.8757
199416,2.21637
199417,4.14621
199418,3.96316
199419,4.35734
199420,4.18721
199421,3.62484
199422,5.0
199423,4.62818
199424,3.59023
199425,2.47231
199426,5.0
199427,2.41329
199428,3.97492
199429,4.74591
199430,5.0
199431,4.23569
199432,2.60035
199433,4.76189
199434,4.12053
199435,3.78308
199436,4.37834
199437,4.42285
199438,3.87527
199439,4.27655
199440,3.78379
199441,4.5702
199442,3.99162
199443,3.88032
199444,4.08916
199445,4.86035
199446,4.68898
199447,4.631
199448,3.84888
199449,4.29494
199450,4.05322
199451,4.11227
199452,2.91658
199453,4.29705
199454,4.40773
199455,2.23183
199456,5.0
199457,4.99347
199458,3.23354
199459,3.71921
199460,3.97434
199461,2.84554
199462,5.0
199463,3.39832
199464,3.98757
199465,4.19955
199466,3.94262
199467,2.61313
199468,4.16191
199469,3.89329
199470,4.22054
199471,2.98662
199472,4.05486
199473,3.41486
199474,3.99466
199475,3.37368
199476,3.07616
199477,3.47869
199478,3.58972
199479,2.70822
199480,3.169
199481,3.07834
199482,3.13557
199483,3.07933
199484,3.25689
199485,3.0579
199486,3.32815
199487,3.54134
199488,2.76067
199489,2.11892
199490,3.76735
199491,3.23488
199492,2.8075
199493,3.2342
199494,2.8782
199495,3.13841
199496,3.02984
199497,4.05822
199498,3.55412
199499,2.04816
199500,2.98073
199501,2.89822
199502,3.44797
199503,3.85025
199504,2.74649
199505,3.33665
199506,3.01448
199507,3.22134
199508,3.76383
199509,3.45531
199510,3.55184
199511,3.64233
199512,3.21261
199513,2.52916
199514,3.10368
199515,3.53268
199516,3.63284
199517,2.86182
199518,4.10794
199519,3.83847
199520,4.01784
199521,2.56193
199522,3.95631
199523,4.16387
199524,3.51181
199525,3.67138
199526,2.87406
199527,4.91144
199528,4.44911
199529,4.19633
199530,3.99652
199531,3.80473
199532,3.71537
199533,4.03932
199534,3.89577
199535,4.28043
199536,5.0
199537,3.97951
199538,4.3264
199539,4.83986
199540,3.81358
199541,4.39029
199542,4.70366
199543,4.56715
199544,4.44463
199545,3.08063
199546,4.61279
199547,4.30395
199548,4.27234
199549,4.23805
199550,4.71247
199551,4.26109
199552,4.36376
199553,4.37114
199554,3.48728
199555,3.76696
199556,4.01129
199557,4.16099
199558,3.80204
199559,4.27623
199560,4.24226
199561,2.51244
199562,5.0
199563,4.32469
199564,4.0056
199565,2.45261
199566,4.3322
199567,3.53346
199568,3.51558
199569,4.33903
199570,3.06377
199571,4.34427
199572,4.08412
199573,3.80404
199574,4.403
199575,4.68541
199576,3.00508
199577,2.98621
199578,3.69842
199579,2.38689
199580,1.75148
199581,4.90551
199582,4.20632
199583,5.0
199584,5.0
199585,4.21971
199586,4.61192
199587,4.83353
199588,4.14505
199589,2.69943
199590,1.44983
199591,4.494
199592,3.76254
199593,4.34532
199594,4.06893
199595,1.68152
199596,3.05379
199597,4.44539
199598,4.85011
199599,4.03403
199600,4.15452
199601,3.12403
199602,3.23043
199603,3.78794
199604,3.5545
199605,3.60131
199606,3.78987
199607,3.78723
199608,3.15644
199609,3.36017
199610,2.38562
199611,3.208
199612,3.19405
199613,3.02064
199614,3.67511
199615,3.65185
199616,3.54066
199617,3.79154
199618,3.72547
199619,3.44632
199620,3.76346
199621,2.68566
199622,2.87333
199623,3.43344
199624,2.54246
199625,3.41947
199626,3.01056
199627,2.34916
199628,3.24827
199629,2.74711
199630,2.67853
199631,3.63317
199632,3.75637
199633,3.27026
199634,3.74494
199635,3.58425
199636,3.64583
199637,3.39675
199638,2.84914
199639,3.33443
199640,1.49142
199641,3.74181
199642,2.53837
199643,2.86673
199644,3.80476
199645,2.41589
199646,4.147
199647,3.6345
199648,3.92083
199649,3.76261
199650,3.56182
199651,3.79653
199652,2.94078
199653,2.93068
199654,3.99481
199655,4.26243
199656,3.19929
199657,2.71633
199658,4.19387
199659,3.2829
199660,3.19938
199661,3.79543
199662,2.89302
199663,3.63377
199664,3.77984
199665,2.92217
199666,3.01276
199667,3.35712
199668,3.72017
199669,2.60485
199670,3.66104
199671,3.52725
199672,3.28459
199673,1.84964
199674,2.82419
199675,2.95438
199676,3.77941
199677,3.80955
199678,3.59399
199679,2.88574
199680,3.27489
199681,3.02689
199682,2.94005
199683,3.94139
199684,2.9844
199685,3.04689
199686,2.25973
199687,3.45424
199688,2.89667
199689,3.66255
199690,1.64488
199691,3.29885
199692,3.79821
199693,3.36381
199694,2.84307
199695,3.16981
199696,3.31985
199697,2.59385
199698,3.58724
199699,3.83054
199700,2.99066
199701,3.48816
199702,3.76491
199703,3.43828
199704,3.7106
199705,3.65729
199706,2.0754
199707,1.68693
199708,4.3471
199709,1.99418
199710,3.58048
199711,4.57432
199712,4.53583
199713,4.8473
199714,4.18381
199715,3.19625
199716,3.37163
199717,3.9368
199718,4.25088
199719,3.85675
199720,3.80004
199721,3.62092
199722,2.57221
199723,3.74678
199724,4.84188
199725,3.51773
199726,4.30156
199727,2.7761
199728,3.07142
199729,4.22884
199730,3.44194
199731,4.66935
199732,4.7112
199733,3.94049
199734,3.51046
199735,3.84224
199736,3.20174
199737,3.47262
199738,3.46817
199739,1.13551
199740,4.20624
199741,2.54389
199742,3.73861
199743,4.04234
199744,2.96603
199745,3.69788
199746,3.26474
199747,3.67426
199748,4.01085
199749,3.87387
199750,3.61501
199751,3.91586
199752,3.93754
199753,3.20267
199754,3.90333
199755,4.50549
199756,2.98584
199757,2.97614
199758,3.96797
199759,4.03542
199760,3.89546
199761,4.71676
199762,3.36154
199763,2.94259
199764,3.91408
199765,4.97737
199766,3.84981
199767,4.60631
199768,4.55437
199769,3.9858
199770,4.16095
199771,4.09306
199772,4.61069
199773,3.66886
199774,4.47308
199775,3.90338
199776,3.74366
199777,2.59177
199778,2.93261
199779,4.09852
199780,3.12831
199781,3.91564
199782,3.38207
199783,3.66266
199784,3.31215
199785,2.44869
199786,2.788
199787,3.71316
199788,3.1768
199789,3.58666
199790,4.27833
199791,3.60257
199792,4.06363
199793,3.27503
199794,3.47528
199795,2.7624
199796,4.1247
199797,2.19722
199798,3.8643
199799,4.09355
199800,3.34964
199801,2.62742
199802,2.2824
199803,3.59434
199804,4.72365
199805,3.82486
199806,4.19462
199807,3.39254
199808,2.43275
199809,2.95308
199810,3.52557
199811,3.90402
199812,4.69407
199813,5.0
199814,2.66168
199815,2.91306
199816,3.65155
199817,3.91758
199818,3.32297
199819,3.36899
199820,4.18404
199821,3.86012
199822,3.89751
199823,2.90113
199824,4.4146
199825,3.12507
199826,3.75787
199827,4.59554
199828,4.72111
199829,3.06013
199830,3.91641
199831,4.6815
199832,4.40879
199833,2.64166
199834,3.33226
199835,4.44657
199836,2.25847
199837,4.22106
199838,4.27709
199839,5.0
199840,4.56931
199841,5.0
199842,4.81652
199843,4.8031
199844,4.98466
199845,5.0
199846,4.88307
199847,4.2637
199848,5.0
199849,3.71404
199850,2.14153
199851,3.92152
199852,4.60802
199853,4.24388
199854,3.90049
199855,4.59718
199856,4.53331
199857,2.87272
199858,4.26523
199859,1.18069
199860,1.47574
199861,1.0
199862,2.9957
199863,4.13091
199864,3.55136
199865,3.31656
199866,3.67502
199867,1.10533
199868,3.77993
199869,2.50216
199870,1.29794
199871,3.78083
199872,2.12861
199873,1.26528
199874,3.22761
199875,1.0
199876,1.57465
199877,4.40264
199878,4.06088
199879,2.17376
199880,3.95783
199881,2.51892
199882,2.8402
199883,2.84434
199884,4.62308
199885,2.72592
199886,4.07641
199887,3.70444
199888,3.48009
199889,1.66251
199890,3.14353
199891,3.8507
199892,4.72165
199893,3.13285
199894,4.34712
199895,4.5668
199896,4.08573
199897,3.05696
199898,3.19777
199899,4.17325
199900,3.6789
199901,4.07419
199902,2.85878
199903,1.91424
199904,2.85374
199905,2.31301
199906,3.59288
199907,1.82826
199908,3.03371
199909,3.79585
199910,3.60319
199911,4.27878
199912,3.12745
199913,2.54819
199914,3.67067
199915,4.1957
199916,3.56287
199917,3.78934
199918,2.47248
199919,3.367
199920,1.91834
199921,1.59779
199922,3.77704
199923,4.10609
199924,4.28602
199925,4.37866
199926,3.55283
199927,1.45283
199928,4.25723
199929,3.31464
199930,3.58699
199931,4.45649
199932,3.14921
199933,3.91072
199934,3.97432
199935,4.382
199936,4.01267
199937,4.14168
199938,2.56977
199939,2.91073
199940,2.11675
199941,1.3443
199942,3.25074
199943,3.39176
199944,3.09652
199945,3.24484
199946,2.85222
199947,2.55426
199948,3.45318
199949,2.98587
199950,3.19398
199951,3.59575
199952,4.53596
199953,4.10889
199954,2.79265
199955,4.18493
199956,2.96382
199957,2.79384
199958,4.47194
199959,4.43456
199960,4.13686
199961,3.49625
199962,1.95517
199963,1.44311
199964,3.16885
199965,3.55317
199966,3.68873
199967,3.27914
199968,2.00784
199969,2.31089
199970,3.14214
199971,4.11698
199972,3.89894
199973,3.95166
199974,3.15118
199975,4.80899
199976,3.69659
199977,3.58686
199978,1.98316
199979,3.94079
199980,3.14695
199981,4.34114
199982,4.29316
199983,3.98775
199984,4.01346
199985,4.16803
199986,3.50157
199987,4.12306
199988,3.35556
199989,2.75207
199990,3.84006
199991,2.84558
199992,4.03834
199993,4.055
199994,4.28502
199995,3.3777
199996,3.63584
199997,4.23182
199998,4.00362
199999,3.06468
200000,3.57967
200001,3.78651
200002,3.91939
200003,4.32994
200004,3.13666
200005,3.68468
200006,3.02495
200007,3.12579
200008,3.35624
200009,2.41126
200010,3.33961
200011,1.0
200012,4.02677
200013,3.87821
200014,4.09005
200015,4.29734
200016,1.8675
200017,3.85887
200018,4.22112
200019,4.7725
200020,3.02524
200021,3.70106
200022,3.5453
200023,3.78899
200024,3.90174
200025,4.64542
200026,3.70964
200027,3.61907
200028,3.62906
200029,4.62845
200030,4.36575
200031,4.40862
200032,4.32534
200033,3.08128
200034,4.18545
200035,3.73923
200036,4.37838
200037,3.54581
200038,4.15204
200039,3.59517
200040,4.98098
200041,3.74354
